case_id,activity,resource,timestamp,activity_duration,prefix_index,timesincelastevent,elapsed_time,remaining_time,open_cases,case_start_time,case_complete_time,scenario,method,l,simulation_run,process
7075,MOULDING_2,MOULDING_MACHINE_2,24982.456977440543,24.585835219262663,1,0.0,0.0,104.56191372899411,19,24982.456977440543,25087.018891169537,experiment,FIFO,0.28,0,variant_2
7075,ASSEMBLY_1_2,LINE_2_ASSEMBLY1,24994.87422445594,12.417247015397152,2,12.417247015397152,12.417247015397152,92.14466671359696,21,24982.456977440543,25087.018891169537,experiment,FIFO,0.28,0,variant_2
7075,ASSEMBLY_2_2,ASSEMBLY2_LINE_2,25053.892399986755,4.560804244934843,3,59.018175530814915,71.43542254621207,33.12649118278205,17,24982.456977440543,25087.018891169537,experiment,FIFO,0.28,0,variant_2
7075,SORTING,SORTING_ROBOT_1,25062.769169551982,2.9699565338160028,4,8.876769565227733,80.3121921114398,24.249721617554314,18,24982.456977440543,25087.018891169537,experiment,FIFO,0.28,0,variant_2
7075,PACKAGING_1,PACKAGING_LINE_1,25073.907856302576,3.774829465786752,5,11.138686750593479,91.45087886203328,13.111034866960836,19,24982.456977440543,25087.018891169537,experiment,FIFO,0.28,0,variant_2
7075,INSPECTION_2_1,INSPECTION_2_1_LINE,25075.75760480498,0.08718549148761667,6,1.8497485024054185,93.3006273644387,11.261286364555417,18,24982.456977440543,25087.018891169537,experiment,FIFO,0.28,0,variant_2
7075,INSPECTION_2_2,INSPECTION_2_2_LINE,25077.846830451417,1.467960605310509,7,2.089225646435807,95.3898530108745,9.17206071811961,19,24982.456977440543,25087.018891169537,experiment,FIFO,0.28,0,variant_2
7075,INSPECTION_2_3,INSPECTION_2_3_LINE,25080.042997737983,0.4621833170422178,8,2.196167286565469,97.58602029743997,6.975893431554141,17,24982.456977440543,25087.018891169537,experiment,FIFO,0.28,0,variant_2
7075,INSPECTION_2_4,INSPECTION_2_4_LINE,25080.41315963539,0.3701618974082521,9,0.3701618974082521,97.95618219484822,6.605731534145889,18,24982.456977440543,25087.018891169537,experiment,FIFO,0.28,0,variant_2
7075,INSPECTION_2_5,INSPECTION_2_5_LINE,25082.4376366162,2.0244769808086858,10,2.0244769808086858,99.98065917565691,4.581254553337203,18,24982.456977440543,25087.018891169537,experiment,FIFO,0.28,0,variant_2
7075,INSPECTION_2_6,INSPECTION_2_6_LINE,25085.64440886059,3.2067722443898674,11,3.2067722443898674,103.18743142004678,1.3744823089473357,19,24982.456977440543,25087.018891169537,experiment,FIFO,0.28,0,variant_2
7075,INSPECTION_2_7,INSPECTION_2_7_LINE,25087.018891169537,1.3744823089473357,12,1.3744823089473357,104.56191372899411,0.0,18,24982.456977440543,25087.018891169537,experiment,FIFO,0.28,0,variant_2
7077,MOULDING_2,MOULDING_MACHINE_2,24993.48125722201,11.024279781468067,1,0.0,0.0,109.6645974851017,20,24993.48125722201,25103.145854707112,experiment,FIFO,0.28,0,variant_4
7077,ASSEMBLY_1_4,LINE_4_ASSEMBLY1,25010.16488320404,16.683625982030208,2,16.683625982030208,16.683625982030208,92.98097150307149,21,24993.48125722201,25103.145854707112,experiment,FIFO,0.28,0,variant_4
7077,ASSEMBLY_2_2,ASSEMBLY2_LINE_2,25054.190855894474,0.15496614046787727,3,44.025972690433264,60.70959867246347,48.95499881263822,17,24993.48125722201,25103.145854707112,experiment,FIFO,0.28,0,variant_4
7077,SORTING,SORTING_ROBOT_1,25065.00399939824,1.223827091838757,4,10.813143503764877,71.52274217622835,38.141855308873346,19,24993.48125722201,25103.145854707112,experiment,FIFO,0.28,0,variant_4
7077,PACKAGING_1,PACKAGING_LINE_1,25093.379184736008,6.814117222689674,5,28.375185337768926,99.89792751399727,9.76666997110442,18,24993.48125722201,25103.145854707112,experiment,FIFO,0.28,0,variant_4
7077,INSPECTION_2_1,INSPECTION_2_1_LINE,25093.66650969845,0.2873249624426535,6,0.2873249624426535,100.18525247643993,9.479345008661767,17,24993.48125722201,25103.145854707112,experiment,FIFO,0.28,0,variant_4
7077,INSPECTION_2_2,INSPECTION_2_2_LINE,25094.52754015952,0.861030461070186,7,0.861030461070186,101.04628293751011,8.61831454759158,18,24993.48125722201,25103.145854707112,experiment,FIFO,0.28,0,variant_4
7077,INSPECTION_2_3,INSPECTION_2_3_LINE,25099.285072360803,4.75753220128172,8,4.75753220128172,105.80381513879183,3.860782346309861,15,24993.48125722201,25103.145854707112,experiment,FIFO,0.28,0,variant_4
7077,INSPECTION_2_4,INSPECTION_2_4_LINE,25099.62136768813,0.3362953273281164,9,0.3362953273281164,106.14011046611995,3.5244870189817448,15,24993.48125722201,25103.145854707112,experiment,FIFO,0.28,0,variant_4
7077,INSPECTION_2_5,INSPECTION_2_5_LINE,25102.60833974182,2.9869720536880777,10,2.9869720536880777,109.12708251980803,0.537514965293667,15,24993.48125722201,25103.145854707112,experiment,FIFO,0.28,0,variant_4
7077,INSPECTION_2_6,INSPECTION_2_6_LINE,25102.7847250796,0.17638533778153942,11,0.17638533778153942,109.30346785758957,0.3611296275121276,15,24993.48125722201,25103.145854707112,experiment,FIFO,0.28,0,variant_4
7077,INSPECTION_2_7,INSPECTION_2_7_LINE,25103.145854707112,0.3611296275121276,12,0.3611296275121276,109.6645974851017,0.0,14,24993.48125722201,25103.145854707112,experiment,FIFO,0.28,0,variant_4
7082,MOULDING_2,MOULDING_MACHINE_2,24993.599684913283,0.11842769127179054,1,0.0,0.0,70.21375871062264,21,24993.599684913283,25063.813443623905,experiment,FIFO,0.28,0,variant_5
7082,ASSEMBLY_1_1,LINE_1_ASSEMBLY1,24997.207962119563,3.608277206280036,2,3.608277206280036,3.608277206280036,66.6054815043426,21,24993.599684913283,25063.813443623905,experiment,FIFO,0.28,0,variant_5
7082,ASSEMBLY_2_1,ASSEMBLY2_LINE_1,25037.04163559186,16.165730686199822,3,39.83367347229796,43.441950678577996,26.771808032044646,22,24993.599684913283,25063.813443623905,experiment,FIFO,0.28,0,variant_5
7082,SORTING,SORTING_ROBOT_1,25037.439535787496,0.3979001956358843,4,0.3979001956358843,43.83985087421388,26.373907836408762,22,24993.599684913283,25063.813443623905,experiment,FIFO,0.28,0,variant_5
7082,PACKAGING_1,PACKAGING_LINE_1,25058.196745584908,20.757209797411633,5,20.757209797411633,64.59706067162551,5.616698038997129,17,24993.599684913283,25063.813443623905,experiment,FIFO,0.28,0,variant_5
7082,INSPECTION_1_1,INSPECTION_1_1_LINE,25058.2809568232,0.08421123829248245,6,0.08421123829248245,64.681271909918,5.532486800704646,17,24993.599684913283,25063.813443623905,experiment,FIFO,0.28,0,variant_5
7082,INSPECTION_1_2,INSPECTION_1_2_LINE,25059.872460107043,1.5915032838420302,7,1.5915032838420302,66.27277519376003,3.940983516862616,19,24993.599684913283,25063.813443623905,experiment,FIFO,0.28,0,variant_5
7082,INSPECTION_1_3,INSPECTION_1_3_LINE,25060.723527193182,0.8510670861396648,8,0.8510670861396648,67.12384227989969,3.089916430722951,18,24993.599684913283,25063.813443623905,experiment,FIFO,0.28,0,variant_5
7082,INSPECTION_1_4,INSPECTION_1_4_LINE,25061.63077634329,0.9072491501065088,9,0.9072491501065088,68.0310914300062,2.1826672806164424,18,24993.599684913283,25063.813443623905,experiment,FIFO,0.28,0,variant_5
7082,INSPECTION_1_5,INSPECTION_1_5_LINE,25062.36555424064,0.7347778973526147,10,0.7347778973526147,68.76586932735881,1.4478893832638278,18,24993.599684913283,25063.813443623905,experiment,FIFO,0.28,0,variant_5
7082,INSPECTION_1_6,INSPECTION_1_6_LINE,25063.357961244965,0.9924070043234678,11,0.9924070043234678,69.75827633168228,0.4554823789403599,18,24993.599684913283,25063.813443623905,experiment,FIFO,0.28,0,variant_5
7082,INSPECTION_1_7,INSPECTION_1_7_LINE,25063.813443623905,0.4554823789403599,12,0.4554823789403599,70.21375871062264,0.0,17,24993.599684913283,25063.813443623905,experiment,FIFO,0.28,0,variant_5
7083,MOULDING_3,MOULDING_MACHINE_3,24976.765487338183,5.901128446927032,1,0.0,0.0,83.9356509590616,20,24976.765487338183,25060.701138297245,experiment,FIFO,0.28,0,variant_4
7083,ASSEMBLY_1_4,LINE_4_ASSEMBLY1,24984.70333750944,7.937850171256287,2,7.937850171256287,7.937850171256287,75.99780078780532,21,24976.765487338183,25060.701138297245,experiment,FIFO,0.28,0,variant_4
7083,ASSEMBLY_2_2,ASSEMBLY2_LINE_2,25047.67209486682,7.183972486673156,3,62.96875735737922,70.9066075286355,13.0290434304261,17,24976.765487338183,25060.701138297245,experiment,FIFO,0.28,0,variant_4
7083,SORTING,SORTING_ROBOT_1,25049.558022224595,1.8157751827020547,4,1.8859273577763815,72.79253488641189,11.143116072649718,17,24976.765487338183,25060.701138297245,experiment,FIFO,0.28,0,variant_4
7083,PACKAGING_3,PACKAGING_LINE_3,25051.34207698917,1.7840547645755578,5,1.7840547645755578,74.57658965098744,9.35906130807416,17,24976.765487338183,25060.701138297245,experiment,FIFO,0.28,0,variant_4
7083,INSPECTION_1_1,INSPECTION_1_1_LINE,25053.82775742387,2.4856804347000434,6,2.4856804347000434,77.06227008568749,6.873380873374117,17,24976.765487338183,25060.701138297245,experiment,FIFO,0.28,0,variant_4
7083,INSPECTION_1_2,INSPECTION_1_2_LINE,25057.241256746875,3.4134993230036343,7,3.4134993230036343,80.47576940869112,3.4598815503704827,17,24976.765487338183,25060.701138297245,experiment,FIFO,0.28,0,variant_4
7083,INSPECTION_1_3,INSPECTION_1_3_LINE,25058.70739846185,1.466141714976402,8,1.466141714976402,81.94191112366752,1.9937398353940807,17,24976.765487338183,25060.701138297245,experiment,FIFO,0.28,0,variant_4
7083,INSPECTION_1_4,INSPECTION_1_4_LINE,25058.801877193506,0.09447873165481724,9,0.09447873165481724,82.03638985532234,1.8992611037392635,18,24976.765487338183,25060.701138297245,experiment,FIFO,0.28,0,variant_4
7083,INSPECTION_1_5,INSPECTION_1_5_LINE,25058.98889604035,0.18701884684560355,10,0.18701884684560355,82.22340870216794,1.71224225689366,18,24976.765487338183,25060.701138297245,experiment,FIFO,0.28,0,variant_4
7083,INSPECTION_1_6,INSPECTION_1_6_LINE,25060.607148991243,1.618252950891474,11,1.618252950891474,83.84166165305942,0.09398930600218591,19,24976.765487338183,25060.701138297245,experiment,FIFO,0.28,0,variant_4
7083,INSPECTION_1_7,INSPECTION_1_7_LINE,25060.701138297245,0.09398930600218591,12,0.09398930600218591,83.9356509590616,0.0,18,24976.765487338183,25060.701138297245,experiment,FIFO,0.28,0,variant_4
7084,MOULDING_2,MOULDING_MACHINE_2,24994.10726678276,0.5075818694785994,1,0.0,0.0,104.82815841049887,22,24994.10726678276,25098.93542519326,experiment,FIFO,0.28,0,variant_2
7084,ASSEMBLY_1_3,LINE_3_ASSEMBLY1,24998.61093198799,4.503665205229481,2,4.503665205229481,4.503665205229481,100.32449320526939,21,24994.10726678276,25098.93542519326,experiment,FIFO,0.28,0,variant_2
7084,ASSEMBLY_2_2,ASSEMBLY2_LINE_2,25054.035889754006,0.14348976725159446,3,55.42495776601572,59.928622971245204,44.89953543925367,17,24994.10726678276,25098.93542519326,experiment,FIFO,0.28,0,variant_2
7084,SORTING,SORTING_ROBOT_1,25063.7801723064,1.0110027544178593,4,9.744282552393997,69.6729055236392,35.15525288685967,18,24994.10726678276,25098.93542519326,experiment,FIFO,0.28,0,variant_2
7084,PACKAGING_1,PACKAGING_LINE_1,25086.56506751332,12.657211210742389,5,22.78489520691801,92.45780073055721,12.370357679941662,19,24994.10726678276,25098.93542519326,experiment,FIFO,0.28,0,variant_2
7084,INSPECTION_1_1,INSPECTION_1_1_LINE,25088.45285096484,0.224423645362549,6,1.8877834515224095,94.34558418207962,10.482574228419253,19,24994.10726678276,25098.93542519326,experiment,FIFO,0.28,0,variant_2
7084,INSPECTION_1_2,INSPECTION_1_2_LINE,25089.418586005253,0.43998624244341045,7,0.9657350404122553,95.31131922249187,9.516839188006998,19,24994.10726678276,25098.93542519326,experiment,FIFO,0.28,0,variant_2
7084,INSPECTION_1_3,INSPECTION_1_3_LINE,25091.00370978713,1.5851237818787922,8,1.5851237818787922,96.89644300437067,7.931715406128205,19,24994.10726678276,25098.93542519326,experiment,FIFO,0.28,0,variant_2
7084,INSPECTION_1_4,INSPECTION_1_4_LINE,25093.583616758107,2.5799069709755713,9,2.5799069709755713,99.47634997534624,5.351808435152634,18,24994.10726678276,25098.93542519326,experiment,FIFO,0.28,0,variant_2
7084,INSPECTION_1_5,INSPECTION_1_5_LINE,25093.638823610683,0.055206852575793164,10,0.055206852575793164,99.53155682792203,5.296601582576841,17,24994.10726678276,25098.93542519326,experiment,FIFO,0.28,0,variant_2
7084,INSPECTION_1_6,INSPECTION_1_6_LINE,25094.27209781546,0.04373666904939455,11,0.6332742047779902,100.16483103270002,4.663327377798851,18,24994.10726678276,25098.93542519326,experiment,FIFO,0.28,0,variant_2
7084,INSPECTION_1_7,INSPECTION_1_7_LINE,25098.93542519326,2.966630544677173,12,4.663327377798851,104.82815841049887,0.0,15,24994.10726678276,25098.93542519326,experiment,FIFO,0.28,0,variant_2
7085,MOULDING_5,MOULDING_MACHINE_5,24982.558180103875,0.931544245693658,1,0.0,0.0,76.58553494327134,20,24982.558180103875,25059.143715047147,experiment,FIFO,0.28,0,variant_1
7085,ASSEMBLY_1_5,LINE_5_ASSEMBLY1,24988.76658334903,6.208403245153022,2,6.208403245153022,6.208403245153022,70.37713169811832,21,24982.558180103875,25059.143715047147,experiment,FIFO,0.28,0,variant_1
7085,ASSEMBLY_2_2,ASSEMBLY2_LINE_2,25049.33159574182,1.6595008750009583,3,60.56501239279169,66.77341563794471,9.812119305326632,17,24982.558180103875,25059.143715047147,experiment,FIFO,0.28,0,variant_1
7085,SORTING,SORTING_ROBOT_1,25050.737194591224,1.179172366628336,4,1.4055988494037592,68.17901448734847,8.406520455922873,17,24982.558180103875,25059.143715047147,experiment,FIFO,0.28,0,variant_1
7085,PACKAGING_2,PACKAGING_LINE_2,25050.833984916902,0.09679032567873946,5,0.09679032567873946,68.27580481302721,8.309730130244134,17,24982.558180103875,25059.143715047147,experiment,FIFO,0.28,0,variant_1
7085,INSPECTION_1_1,INSPECTION_1_1_LINE,25050.847456452884,0.013471535981807392,6,0.013471535981807392,68.28927634900901,8.296258594262326,17,24982.558180103875,25059.143715047147,experiment,FIFO,0.28,0,variant_1
7085,INSPECTION_1_2,INSPECTION_1_2_LINE,25051.43476327877,0.5873068258842977,7,0.5873068258842977,68.87658317489331,7.708951768378029,17,24982.558180103875,25059.143715047147,experiment,FIFO,0.28,0,variant_1
7085,INSPECTION_1_3,INSPECTION_1_3_LINE,25052.57437621543,1.1396129366621608,8,1.1396129366621608,70.01619611155547,6.569338831715868,17,24982.558180103875,25059.143715047147,experiment,FIFO,0.28,0,variant_1
7085,INSPECTION_1_4,INSPECTION_1_4_LINE,25054.15384360639,1.5794673909585981,9,1.5794673909585981,71.59566350251407,4.98987144075727,17,24982.558180103875,25059.143715047147,experiment,FIFO,0.28,0,variant_1
7085,INSPECTION_1_5,INSPECTION_1_5_LINE,25057.046365342623,2.8925217362339026,10,2.8925217362339026,74.48818523874797,2.097349704523367,17,24982.558180103875,25059.143715047147,experiment,FIFO,0.28,0,variant_1
7085,INSPECTION_1_6,INSPECTION_1_6_LINE,25058.70087060904,1.6545052664150717,11,1.6545052664150717,76.14269050516305,0.44284443810829544,17,24982.558180103875,25059.143715047147,experiment,FIFO,0.28,0,variant_1
7085,INSPECTION_1_7,INSPECTION_1_7_LINE,25059.143715047147,0.44284443810829544,12,0.44284443810829544,76.58553494327134,0.0,17,24982.558180103875,25059.143715047147,experiment,FIFO,0.28,0,variant_1
7086,MOULDING_5,MOULDING_MACHINE_5,24983.922926539755,1.364746435880079,1,0.0,0.0,63.118554873897665,21,24983.922926539755,25047.041481413653,experiment,FIFO,0.28,0,variant_2
7086,ASSEMBLY_1_4,LINE_4_ASSEMBLY1,24985.09928145835,0.3959439489117358,2,1.1763549185961892,1.1763549185961892,61.942199955301476,21,24983.922926539755,25047.041481413653,experiment,FIFO,0.28,0,variant_2
7086,ASSEMBLY_2_1,ASSEMBLY2_LINE_1,25020.87590490566,0.7717119617300341,3,35.77662344730925,36.95297836590544,26.165576507992228,20,24983.922926539755,25047.041481413653,experiment,FIFO,0.28,0,variant_2
7086,SORTING,SORTING_ROBOT_1,25031.84120457301,1.1326848879434692,4,10.965299667350337,47.918278033255774,15.20027684064189,21,24983.922926539755,25047.041481413653,experiment,FIFO,0.28,0,variant_2
7086,PACKAGING_3,PACKAGING_LINE_3,25037.5274027429,3.2282804034512083,5,5.686198169889394,53.60447620314517,9.514078670752497,22,24983.922926539755,25047.041481413653,experiment,FIFO,0.28,0,variant_2
7086,INSPECTION_2_1,INSPECTION_2_1_LINE,25038.3177817487,0.7903790058007871,6,0.7903790058007871,54.394855208945955,8.72369966495171,22,24983.922926539755,25047.041481413653,experiment,FIFO,0.28,0,variant_2
7086,INSPECTION_2_2,INSPECTION_2_2_LINE,25042.734104800744,4.416323052042571,7,4.416323052042571,58.81117826098853,4.307376612909138,19,24983.922926539755,25047.041481413653,experiment,FIFO,0.28,0,variant_2
7086,INSPECTION_2_3,INSPECTION_2_3_LINE,25042.806562522404,0.07245772166061215,8,0.07245772166061215,58.88363598264914,4.234918891248526,19,24983.922926539755,25047.041481413653,experiment,FIFO,0.28,0,variant_2
7086,INSPECTION_2_4,INSPECTION_2_4_LINE,25044.176521745376,1.3699592229713744,9,1.3699592229713744,60.25359520562051,2.8649596682771516,19,24983.922926539755,25047.041481413653,experiment,FIFO,0.28,0,variant_2
7086,INSPECTION_2_5,INSPECTION_2_5_LINE,25044.929811560723,0.7532898153476708,10,0.7532898153476708,61.006885020968184,2.111669852929481,19,24983.922926539755,25047.041481413653,experiment,FIFO,0.28,0,variant_2
7086,INSPECTION_2_6,INSPECTION_2_6_LINE,25045.280426055466,0.35061449474233086,11,0.35061449474233086,61.357499515710515,1.76105535818715,19,24983.922926539755,25047.041481413653,experiment,FIFO,0.28,0,variant_2
7086,INSPECTION_2_7,INSPECTION_2_7_LINE,25047.041481413653,1.76105535818715,12,1.76105535818715,63.118554873897665,0.0,17,24983.922926539755,25047.041481413653,experiment,FIFO,0.28,0,variant_2
7087,MOULDING_4,MOULDING_MACHINE_4,25002.48412312004,15.502623218781082,1,0.0,0.0,77.31195849260985,22,25002.48412312004,25079.79608161265,experiment,FIFO,0.28,0,variant_2
7087,ASSEMBLY_1_4,LINE_4_ASSEMBLY1,25023.84421409659,13.679330892548023,2,21.360090976548236,21.360090976548236,55.95186751606161,21,25002.48412312004,25079.79608161265,experiment,FIFO,0.28,0,variant_2
7087,ASSEMBLY_2_1,ASSEMBLY2_LINE_1,25050.159300384585,12.296657049100759,3,26.315086287995655,47.67517726454389,29.636781228065956,17,25002.48412312004,25079.79608161265,experiment,FIFO,0.28,0,variant_2
7087,SORTING,SORTING_ROBOT_1,25051.739096147845,1.0019015566213056,4,1.5797957632603357,49.254973027804226,28.05698546480562,17,25002.48412312004,25079.79608161265,experiment,FIFO,0.28,0,variant_2
7087,PACKAGING_3,PACKAGING_LINE_3,25061.54251055966,9.80341441181372,5,9.80341441181372,59.058387439617945,18.2535710529919,18,25002.48412312004,25079.79608161265,experiment,FIFO,0.28,0,variant_2
7087,INSPECTION_1_1,INSPECTION_1_1_LINE,25064.545294719326,2.097687303681596,6,3.002784159667499,62.061171599285444,15.250786893324403,18,25002.48412312004,25079.79608161265,experiment,FIFO,0.28,0,variant_2
7087,INSPECTION_1_2,INSPECTION_1_2_LINE,25066.62549730589,0.5164114675280871,7,2.080202586563246,64.14137418584869,13.170584306761157,19,25002.48412312004,25079.79608161265,experiment,FIFO,0.28,0,variant_2
7087,INSPECTION_1_3,INSPECTION_1_3_LINE,25067.05926357764,0.43376627175166504,8,0.43376627175166504,64.57514045760036,12.736818035009492,19,25002.48412312004,25079.79608161265,experiment,FIFO,0.28,0,variant_2
7087,INSPECTION_1_4,INSPECTION_1_4_LINE,25068.742181583104,0.33215489762369543,9,1.6829180054628523,66.25805846306321,11.05390002954664,19,25002.48412312004,25079.79608161265,experiment,FIFO,0.28,0,variant_2
7087,INSPECTION_1_5,INSPECTION_1_5_LINE,25073.45894146317,0.5697205776887131,10,4.716759880066093,70.9748183431293,6.337140149480547,19,25002.48412312004,25079.79608161265,experiment,FIFO,0.28,0,variant_2
7087,INSPECTION_1_6,INSPECTION_1_6_LINE,25075.131915696944,1.4263946549399407,11,1.6729742337738571,72.64779257690316,4.66416591570669,19,25002.48412312004,25079.79608161265,experiment,FIFO,0.28,0,variant_2
7087,INSPECTION_1_7,INSPECTION_1_7_LINE,25079.79608161265,0.9885116924160684,12,4.66416591570669,77.31195849260985,0.0,17,25002.48412312004,25079.79608161265,experiment,FIFO,0.28,0,variant_2
7088,MOULDING_4,MOULDING_MACHINE_4,25004.974505568123,2.490382448082528,1,0.0,0.0,104.15829512282653,22,25004.974505568123,25109.13280069095,experiment,FIFO,0.28,0,variant_3
7088,ASSEMBLY_1_3,LINE_3_ASSEMBLY1,25015.03219277013,10.057687202006491,2,10.057687202006491,10.057687202006491,94.10060792082004,20,25004.974505568123,25109.13280069095,experiment,FIFO,0.28,0,variant_3
7088,ASSEMBLY_2_2,ASSEMBLY2_LINE_2,25054.31981210824,0.12895621376446798,3,39.287619338108925,49.345306540115416,54.812988582711114,17,25004.974505568123,25109.13280069095,experiment,FIFO,0.28,0,variant_3
7088,SORTING,SORTING_ROBOT_1,25065.55557191784,0.5515725196019048,4,11.235759809602314,60.58106634971773,43.5772287731088,19,25004.974505568123,25109.13280069095,experiment,FIFO,0.28,0,variant_3
7088,PACKAGING_1,PACKAGING_LINE_1,25094.019128118343,0.639943382335332,5,28.463556200502353,89.04462255022008,15.113672572606447,17,25004.974505568123,25109.13280069095,experiment,FIFO,0.28,0,variant_3
7088,INSPECTION_2_1,INSPECTION_2_1_LINE,25095.41704476844,1.3979166500976135,6,1.3979166500976135,90.4425392003177,13.715755922508833,17,25004.974505568123,25109.13280069095,experiment,FIFO,0.28,0,variant_3
7088,INSPECTION_2_2,INSPECTION_2_2_LINE,25097.127529423786,1.7104846553447715,7,1.7104846553447715,92.15302385566247,12.005271267164062,16,25004.974505568123,25109.13280069095,experiment,FIFO,0.28,0,variant_3
7088,INSPECTION_2_3,INSPECTION_2_3_LINE,25101.793349861848,2.508277501045086,8,4.665820438061928,96.8188442937244,7.339450829102134,15,25004.974505568123,25109.13280069095,experiment,FIFO,0.28,0,variant_3
7088,INSPECTION_2_4,INSPECTION_2_4_LINE,25103.059593660964,1.266243799116637,9,1.266243799116637,98.08508809284103,6.073207029985497,15,25004.974505568123,25109.13280069095,experiment,FIFO,0.28,0,variant_3
7088,INSPECTION_2_5,INSPECTION_2_5_LINE,25103.83841261713,0.7788189561651961,10,0.7788189561651961,98.86390704900623,5.294388073820301,14,25004.974505568123,25109.13280069095,experiment,FIFO,0.28,0,variant_3
7088,INSPECTION_2_6,INSPECTION_2_6_LINE,25106.334115489088,2.4957028719582013,11,2.4957028719582013,101.35960992096443,2.7986852018620993,15,25004.974505568123,25109.13280069095,experiment,FIFO,0.28,0,variant_3
7088,INSPECTION_2_7,INSPECTION_2_7_LINE,25109.13280069095,2.7986852018620993,12,2.7986852018620993,104.15829512282653,0.0,15,25004.974505568123,25109.13280069095,experiment,FIFO,0.28,0,variant_3
7089,MOULDING_5,MOULDING_MACHINE_5,25002.272856169307,0.12276412718711072,1,0.0,0.0,93.69593847927536,21,25002.272856169307,25095.968794648583,experiment,FIFO,0.28,0,variant_5
7089,ASSEMBLY_1_1,LINE_1_ASSEMBLY1,25024.14387203472,21.871015865413938,2,21.871015865413938,21.871015865413938,71.82492261386142,21,25002.272856169307,25095.968794648583,experiment,FIFO,0.28,0,variant_5
7089,ASSEMBLY_2_2,ASSEMBLY2_LINE_2,25077.606906228822,15.558965928441467,3,53.463034194101056,75.334050059515,18.361888419760362,19,25002.272856169307,25095.968794648583,experiment,FIFO,0.28,0,variant_5
7089,SORTING,SORTING_ROBOT_1,25079.871597830097,2.264691601274535,4,2.264691601274535,77.59874166078953,16.097196818485827,17,25002.272856169307,25095.968794648583,experiment,FIFO,0.28,0,variant_5
7089,PACKAGING_2,PACKAGING_LINE_2,25083.71695097987,3.8453531497725635,5,3.8453531497725635,81.44409481056209,12.251843668713263,18,25002.272856169307,25095.968794648583,experiment,FIFO,0.28,0,variant_5
7089,INSPECTION_1_1,INSPECTION_1_1_LINE,25088.22842731948,4.511476339608635,6,4.511476339608635,85.95557115017073,7.740367329104629,19,25002.272856169307,25095.968794648583,experiment,FIFO,0.28,0,variant_5
7089,INSPECTION_1_2,INSPECTION_1_2_LINE,25088.97859976281,0.7501724433313939,7,0.7501724433313939,86.70574359350212,6.990194885773235,19,25002.272856169307,25095.968794648583,experiment,FIFO,0.28,0,variant_5
7089,INSPECTION_1_3,INSPECTION_1_3_LINE,25089.07949898827,0.1008992254610348,8,0.1008992254610348,86.80664281896316,6.8892956603122,19,25002.272856169307,25095.968794648583,experiment,FIFO,0.28,0,variant_5
7089,INSPECTION_1_4,INSPECTION_1_4_LINE,25089.23436039403,0.15486140576103935,9,0.15486140576103935,86.9615042247242,6.734434254551161,19,25002.272856169307,25095.968794648583,experiment,FIFO,0.28,0,variant_5
7089,INSPECTION_1_5,INSPECTION_1_5_LINE,25089.461489060643,0.22712866661095177,10,0.22712866661095177,87.18863289133515,6.507305587940209,19,25002.272856169307,25095.968794648583,experiment,FIFO,0.28,0,variant_5
7089,INSPECTION_1_6,INSPECTION_1_6_LINE,25094.22836114641,0.2431189008821093,11,4.766872085769137,91.95550497710428,1.7404335021710722,18,25002.272856169307,25095.968794648583,experiment,FIFO,0.28,0,variant_5
7089,INSPECTION_1_7,INSPECTION_1_7_LINE,25095.968794648583,0.9333198574931885,12,1.7404335021710722,93.69593847927536,0.0,16,25002.272856169307,25095.968794648583,experiment,FIFO,0.28,0,variant_5
7090,MOULDING_2,MOULDING_MACHINE_2,25006.691276508183,1.7364781640244473,1,0.0,0.0,68.96337379855322,22,25006.691276508183,25075.654650306737,experiment,FIFO,0.28,0,variant_2
7090,ASSEMBLY_1_2,LINE_2_ASSEMBLY1,25015.050296646048,8.359020137864718,2,8.359020137864718,8.359020137864718,60.6043536606885,20,25006.691276508183,25075.654650306737,experiment,FIFO,0.28,0,variant_2
7090,ASSEMBLY_2_2,ASSEMBLY2_LINE_2,25062.04794030038,7.7281281921423215,3,46.99764365433293,55.35666379219765,13.60671000635557,18,25006.691276508183,25075.654650306737,experiment,FIFO,0.28,0,variant_2
7090,SORTING,SORTING_ROBOT_1,25066.28544871016,0.7298767923202831,4,4.2375084097802755,59.594172201977926,9.369201596575294,19,25006.691276508183,25075.654650306737,experiment,FIFO,0.28,0,variant_2
7090,PACKAGING_3,PACKAGING_LINE_3,25069.50973518188,3.224286471719097,5,3.224286471719097,62.81845867369702,6.1449151248561975,19,25006.691276508183,25075.654650306737,experiment,FIFO,0.28,0,variant_2
7090,INSPECTION_2_1,INSPECTION_2_1_LINE,25070.80066038121,1.2909251993296493,6,1.2909251993296493,64.10938387302667,4.853989925526548,19,25006.691276508183,25075.654650306737,experiment,FIFO,0.28,0,variant_2
7090,INSPECTION_2_2,INSPECTION_2_2_LINE,25071.282775978405,0.4821155971949338,7,0.4821155971949338,64.5914994702216,4.371874328331614,19,25006.691276508183,25075.654650306737,experiment,FIFO,0.28,0,variant_2
7090,INSPECTION_2_3,INSPECTION_2_3_LINE,25073.24395229641,1.9611763180037087,8,1.9611763180037087,66.55267578822532,2.4106980103279056,19,25006.691276508183,25075.654650306737,experiment,FIFO,0.28,0,variant_2
7090,INSPECTION_2_4,INSPECTION_2_4_LINE,25074.078950675623,0.8349983792140847,9,0.8349983792140847,67.3876741674394,1.575699631113821,19,25006.691276508183,25075.654650306737,experiment,FIFO,0.28,0,variant_2
7090,INSPECTION_2_5,INSPECTION_2_5_LINE,25074.235400009373,0.15644933375006076,10,0.15644933375006076,67.54412350118946,1.4192502973637602,19,25006.691276508183,25075.654650306737,experiment,FIFO,0.28,0,variant_2
7090,INSPECTION_2_6,INSPECTION_2_6_LINE,25074.675926704906,0.44052669553275337,11,0.44052669553275337,67.98465019672221,0.9787236018310068,19,25006.691276508183,25075.654650306737,experiment,FIFO,0.28,0,variant_2
7090,INSPECTION_2_7,INSPECTION_2_7_LINE,25075.654650306737,0.9787236018310068,12,0.9787236018310068,68.96337379855322,0.0,18,25006.691276508183,25075.654650306737,experiment,FIFO,0.28,0,variant_2
7091,MOULDING_2,MOULDING_MACHINE_2,25011.77475898778,4.104472488659667,1,0.0,0.0,34.095025517148315,21,25011.77475898778,25045.86978450493,experiment,FIFO,0.28,0,variant_2
7091,ASSEMBLY_1_2,LINE_2_ASSEMBLY1,25018.402137187804,3.3518405417562462,2,6.6273782000243955,6.6273782000243955,27.46764731712392,20,25011.77475898778,25045.86978450493,experiment,FIFO,0.28,0,variant_2
7091,ASSEMBLY_2_1,ASSEMBLY2_LINE_1,25037.862643335484,0.8210077436233405,3,19.460506147679553,26.087884347703948,8.007141169444367,22,25011.77475898778,25045.86978450493,experiment,FIFO,0.28,0,variant_2
7091,SORTING,SORTING_ROBOT_1,25037.86694069832,0.004297362836950924,4,0.004297362836950924,26.0921817105409,8.002843806607416,22,25011.77475898778,25045.86978450493,experiment,FIFO,0.28,0,variant_2
7091,PACKAGING_3,PACKAGING_LINE_3,25040.146139957924,2.279199259603047,5,2.279199259603047,28.371380970143946,5.723644547004369,20,25011.77475898778,25045.86978450493,experiment,FIFO,0.28,0,variant_2
7091,INSPECTION_1_1,INSPECTION_1_1_LINE,25040.73891916993,0.5927792120055528,6,0.5927792120055528,28.9641601821495,5.130865334998816,20,25011.77475898778,25045.86978450493,experiment,FIFO,0.28,0,variant_2
7091,INSPECTION_1_2,INSPECTION_1_2_LINE,25041.12098512248,0.382065952551784,7,0.382065952551784,29.346226134701283,4.748799382447032,19,25011.77475898778,25045.86978450493,experiment,FIFO,0.28,0,variant_2
7091,INSPECTION_1_3,INSPECTION_1_3_LINE,25041.217592470726,0.0966073482450156,8,0.0966073482450156,29.4428334829463,4.652192034202017,19,25011.77475898778,25045.86978450493,experiment,FIFO,0.28,0,variant_2
7091,INSPECTION_1_4,INSPECTION_1_4_LINE,25041.558675178363,0.34108270763681503,9,0.34108270763681503,29.783916190583113,4.311109326565202,19,25011.77475898778,25045.86978450493,experiment,FIFO,0.28,0,variant_2
7091,INSPECTION_1_5,INSPECTION_1_5_LINE,25042.431785863053,0.8731106846898911,10,0.8731106846898911,30.657026875273004,3.4379986418753106,19,25011.77475898778,25045.86978450493,experiment,FIFO,0.28,0,variant_2
7091,INSPECTION_1_6,INSPECTION_1_6_LINE,25045.15346545684,2.721679593785666,11,2.721679593785666,33.37870646905867,0.7163190480896446,19,25011.77475898778,25045.86978450493,experiment,FIFO,0.28,0,variant_2
7091,INSPECTION_1_7,INSPECTION_1_7_LINE,25045.86978450493,0.7163190480896446,12,0.7163190480896446,34.095025517148315,0.0,18,25011.77475898778,25045.86978450493,experiment,FIFO,0.28,0,variant_2
7092,MOULDING_3,MOULDING_MACHINE_3,25016.120182578507,4.030716099423444,1,0.0,0.0,78.91529221258315,21,25016.120182578507,25095.03547479109,experiment,FIFO,0.28,0,variant_2
7092,ASSEMBLY_1_2,LINE_2_ASSEMBLY1,25027.751017158746,9.348879970941198,2,11.630834580239025,11.630834580239025,67.28445763234413,20,25016.120182578507,25095.03547479109,experiment,FIFO,0.28,0,variant_2
7092,ASSEMBLY_2_1,ASSEMBLY2_LINE_1,25051.28455135774,0.6689243952387187,3,23.533534198995767,35.16436877923479,43.75092343334836,17,25016.120182578507,25095.03547479109,experiment,FIFO,0.28,0,variant_2
7092,SORTING,SORTING_ROBOT_1,25055.407451776733,3.1371515544014983,4,4.122900418991776,39.28726919822657,39.628023014356586,17,25016.120182578507,25095.03547479109,experiment,FIFO,0.28,0,variant_2
7092,PACKAGING_1,PACKAGING_LINE_1,25070.13302683679,6.551343607610761,5,14.725575060056144,54.01284425828271,24.902447954300442,19,25016.120182578507,25095.03547479109,experiment,FIFO,0.28,0,variant_2
7092,INSPECTION_1_1,INSPECTION_1_1_LINE,25071.88411587189,1.751089035100449,6,1.751089035100449,55.76393329338316,23.151358919199993,19,25016.120182578507,25095.03547479109,experiment,FIFO,0.28,0,variant_2
7092,INSPECTION_1_2,INSPECTION_1_2_LINE,25073.232819290013,1.3487034181234776,7,1.3487034181234776,57.11263671150664,21.802655501076515,19,25016.120182578507,25095.03547479109,experiment,FIFO,0.28,0,variant_2
7092,INSPECTION_1_3,INSPECTION_1_3_LINE,25075.34802795686,2.115208666848048,8,2.115208666848048,59.22784537835469,19.687446834228467,19,25016.120182578507,25095.03547479109,experiment,FIFO,0.28,0,variant_2
7092,INSPECTION_1_4,INSPECTION_1_4_LINE,25075.66450431796,0.31647636109846644,9,0.31647636109846644,59.54432173945315,19.37097047313,18,25016.120182578507,25095.03547479109,experiment,FIFO,0.28,0,variant_2
7092,INSPECTION_1_5,INSPECTION_1_5_LINE,25078.90583172543,0.4208014011273917,10,3.2413274074715446,62.7856491469247,16.129643065658456,18,25016.120182578507,25095.03547479109,experiment,FIFO,0.28,0,variant_2
7092,INSPECTION_1_6,INSPECTION_1_6_LINE,25093.98524224553,6.235318786119024,11,15.079410520098463,77.86505966702316,1.050232545559993,17,25016.120182578507,25095.03547479109,experiment,FIFO,0.28,0,variant_2
7092,INSPECTION_1_7,INSPECTION_1_7_LINE,25095.03547479109,1.050232545559993,12,1.050232545559993,78.91529221258315,0.0,17,25016.120182578507,25095.03547479109,experiment,FIFO,0.28,0,variant_2
7093,MOULDING_5,MOULDING_MACHINE_5,25022.246140882515,3.9516396860490204,1,0.0,0.0,69.89959835291666,21,25022.246140882515,25092.14573923543,experiment,FIFO,0.28,0,variant_1
7093,ASSEMBLY_1_1,LINE_1_ASSEMBLY1,25026.712276832663,2.5684047979411844,2,4.466135950147873,4.466135950147873,65.43346240276878,20,25022.246140882515,25092.14573923543,experiment,FIFO,0.28,0,variant_1
7093,ASSEMBLY_2_1,ASSEMBLY2_LINE_1,25050.615626962503,0.45632657791793463,3,23.903350129839964,28.369486079987837,41.53011227292882,17,25022.246140882515,25092.14573923543,experiment,FIFO,0.28,0,variant_1
7093,SORTING,SORTING_ROBOT_1,25052.27030022233,0.5312040744865953,4,1.6546732598289964,30.024159339816833,39.87543901309982,17,25022.246140882515,25092.14573923543,experiment,FIFO,0.28,0,variant_1
7093,PACKAGING_1,PACKAGING_LINE_1,25063.58168322918,2.7844916562971775,5,11.311383006846881,41.335542346663715,28.56405600625294,18,25022.246140882515,25092.14573923543,experiment,FIFO,0.28,0,variant_1
7093,INSPECTION_1_1,INSPECTION_1_1_LINE,25067.08524648794,0.6689695797176682,6,3.5035632587605505,44.839105605424265,25.06049274749239,19,25022.246140882515,25092.14573923543,experiment,FIFO,0.28,0,variant_1
7093,INSPECTION_1_2,INSPECTION_1_2_LINE,25067.621781547663,0.5069165478198556,7,0.536535059723974,45.37564066514824,24.523957687768416,19,25022.246140882515,25092.14573923543,experiment,FIFO,0.28,0,variant_1
7093,INSPECTION_1_3,INSPECTION_1_3_LINE,25068.15130800619,0.5295264585256518,8,0.5295264585256518,45.90516712367389,23.994431229242764,19,25022.246140882515,25092.14573923543,experiment,FIFO,0.28,0,variant_1
7093,INSPECTION_1_4,INSPECTION_1_4_LINE,25070.46972056784,1.4843347995411023,9,2.318412561649893,48.223579685323784,21.67601866759287,19,25022.246140882515,25092.14573923543,experiment,FIFO,0.28,0,variant_1
7093,INSPECTION_1_5,INSPECTION_1_5_LINE,25078.485030324304,0.1397316196525935,10,8.015309756465285,56.23888944178907,13.660708911127585,19,25022.246140882515,25092.14573923543,experiment,FIFO,0.28,0,variant_1
7093,INSPECTION_1_6,INSPECTION_1_6_LINE,25087.74992345941,8.645125247730903,11,9.264893135106831,65.5037825768959,4.395815776020754,18,25022.246140882515,25092.14573923543,experiment,FIFO,0.28,0,variant_1
7093,INSPECTION_1_7,INSPECTION_1_7_LINE,25092.14573923543,4.395815776020754,12,4.395815776020754,69.89959835291666,0.0,18,25022.246140882515,25092.14573923543,experiment,FIFO,0.28,0,variant_1
7094,MOULDING_5,MOULDING_MACHINE_5,25028.087650439586,5.841509557070822,1,0.0,0.0,54.997147187041264,21,25028.087650439586,25083.084797626627,experiment,FIFO,0.28,0,variant_4
7094,ASSEMBLY_1_3,LINE_3_ASSEMBLY1,25032.801453734388,4.7138032948023465,2,4.7138032948023465,4.7138032948023465,50.28334389223892,21,25028.087650439586,25083.084797626627,experiment,FIFO,0.28,0,variant_4
7094,ASSEMBLY_2_1,ASSEMBLY2_LINE_1,25052.01350864748,0.7289572897389007,3,19.212054913092288,23.925858207894635,31.07128897914663,17,25028.087650439586,25083.084797626627,experiment,FIFO,0.28,0,variant_4
7094,SORTING,SORTING_ROBOT_1,25059.161100039484,3.753648262751085,4,7.14759139200396,31.073449599898595,23.92369758714267,17,25028.087650439586,25083.084797626627,experiment,FIFO,0.28,0,variant_4
7094,PACKAGING_3,PACKAGING_LINE_3,25062.519650884988,0.9771403253289463,5,3.358550845503487,34.43200044540208,20.565146741639182,18,25028.087650439586,25083.084797626627,experiment,FIFO,0.28,0,variant_4
7094,INSPECTION_1_1,INSPECTION_1_1_LINE,25066.41627690822,1.870982188895141,6,3.8966260232336936,38.328626468635775,16.66852071840549,19,25028.087650439586,25083.084797626627,experiment,FIFO,0.28,0,variant_4
7094,INSPECTION_1_2,INSPECTION_1_2_LINE,25067.114864999843,0.48936769395368174,7,0.6985880916217866,39.02721456025756,15.969932626783702,19,25028.087650439586,25083.084797626627,experiment,FIFO,0.28,0,variant_4
7094,INSPECTION_1_3,INSPECTION_1_3_LINE,25067.49264856616,0.37778356631679344,8,0.37778356631679344,39.404998126574355,15.592149060466909,19,25028.087650439586,25083.084797626627,experiment,FIFO,0.28,0,variant_4
7094,INSPECTION_1_4,INSPECTION_1_4_LINE,25068.985385768297,0.24320418519346276,9,1.492737202137505,40.89773532871186,14.099411858329404,19,25028.087650439586,25083.084797626627,experiment,FIFO,0.28,0,variant_4
7094,INSPECTION_1_5,INSPECTION_1_5_LINE,25078.34529870465,4.886357241481164,10,9.359912936353794,50.257648265065654,4.73949892197561,19,25028.087650439586,25083.084797626627,experiment,FIFO,0.28,0,variant_4
7094,INSPECTION_1_6,INSPECTION_1_6_LINE,25079.10479821168,0.7594995070285222,11,0.7594995070285222,51.01714777209418,3.9799994149470876,18,25028.087650439586,25083.084797626627,experiment,FIFO,0.28,0,variant_4
7094,INSPECTION_1_7,INSPECTION_1_7_LINE,25083.084797626627,3.2887160139762273,12,3.9799994149470876,54.997147187041264,0.0,17,25028.087650439586,25083.084797626627,experiment,FIFO,0.28,0,variant_4
7095,MOULDING_5,MOULDING_MACHINE_5,25029.527122252708,1.439471813122509,1,0.0,0.0,80.17894661785249,23,25029.527122252708,25109.70606887056,experiment,FIFO,0.28,0,variant_2
7095,ASSEMBLY_1_3,LINE_3_ASSEMBLY1,25037.32928284604,4.527829111651954,2,7.8021605933317915,7.8021605933317915,72.3767860245207,22,25029.527122252708,25109.70606887056,experiment,FIFO,0.28,0,variant_2
7095,ASSEMBLY_2_2,ASSEMBLY2_LINE_2,25078.464667937034,0.8577617082119104,3,41.13538509099453,48.937545684326324,31.241400933526165,19,25029.527122252708,25109.70606887056,experiment,FIFO,0.28,0,variant_2
7095,SORTING,SORTING_ROBOT_1,25090.65353003233,10.781932202233293,4,12.188862095295917,61.12640777962224,19.052538838230248,19,25029.527122252708,25109.70606887056,experiment,FIFO,0.28,0,variant_2
7095,PACKAGING_2,PACKAGING_LINE_2,25095.43931090428,4.7857808719491,5,4.7857808719491,65.91218865157134,14.266757966281148,17,25029.527122252708,25109.70606887056,experiment,FIFO,0.28,0,variant_2
7095,INSPECTION_2_1,INSPECTION_2_1_LINE,25095.641589988387,0.20227908410743112,6,0.20227908410743112,66.11446773567877,14.064478882173717,17,25029.527122252708,25109.70606887056,experiment,FIFO,0.28,0,variant_2
7095,INSPECTION_2_2,INSPECTION_2_2_LINE,25097.29649312368,0.16896369989262894,7,1.6549031352915335,67.7693708709703,12.409575746882183,16,25029.527122252708,25109.70606887056,experiment,FIFO,0.28,0,variant_2
7095,INSPECTION_2_3,INSPECTION_2_3_LINE,25105.01927109282,3.2259212309727445,8,7.722777969142044,75.49214884011235,4.686797777740139,14,25029.527122252708,25109.70606887056,experiment,FIFO,0.28,0,variant_2
7095,INSPECTION_2_4,INSPECTION_2_4_LINE,25105.57135496341,0.5520838705888309,9,0.5520838705888309,76.04423271070118,4.134713907151308,14,25029.527122252708,25109.70606887056,experiment,FIFO,0.28,0,variant_2
7095,INSPECTION_2_5,INSPECTION_2_5_LINE,25106.45857677474,0.8872218113319832,10,0.8872218113319832,76.93145452203316,3.247492095819325,15,25029.527122252708,25109.70606887056,experiment,FIFO,0.28,0,variant_2
7095,INSPECTION_2_6,INSPECTION_2_6_LINE,25107.38972924037,0.931152465629566,11,0.931152465629566,77.86260698766273,2.316339630189759,15,25029.527122252708,25109.70606887056,experiment,FIFO,0.28,0,variant_2
7095,INSPECTION_2_7,INSPECTION_2_7_LINE,25109.70606887056,0.5732681796107499,12,2.316339630189759,80.17894661785249,0.0,14,25029.527122252708,25109.70606887056,experiment,FIFO,0.28,0,variant_2
7096,MOULDING_2,MOULDING_MACHINE_2,25029.488847465986,2.036534738363116,1,0.0,0.0,52.519660046356876,22,25029.488847465986,25082.008507512342,experiment,FIFO,0.28,0,variant_6
7096,ASSEMBLY_1_4,LINE_4_ASSEMBLY1,25033.33816929158,3.849321825593506,2,3.849321825593506,3.849321825593506,48.67033822076337,21,25029.488847465986,25082.008507512342,experiment,FIFO,0.28,0,variant_6
7096,ASSEMBLY_2_1,ASSEMBLY2_LINE_1,25052.017495271222,0.003986623742093798,3,18.67932597964318,22.528647805236687,29.99101224112019,17,25029.488847465986,25082.008507512342,experiment,FIFO,0.28,0,variant_6
7096,SORTING,SORTING_ROBOT_1,25059.799213018166,0.6381129786823294,4,7.781717746944196,30.310365552180883,22.209294494175992,19,25029.488847465986,25082.008507512342,experiment,FIFO,0.28,0,variant_6
7096,PACKAGING_2,PACKAGING_LINE_2,25073.761939150994,13.962726132827811,5,13.962726132827811,44.273091685008694,8.246568361348181,19,25029.488847465986,25082.008507512342,experiment,FIFO,0.28,0,variant_6
7096,INSPECTION_2_1,INSPECTION_2_1_LINE,25075.670419313494,1.9084801624994725,6,1.9084801624994725,46.18157184750817,6.338088198848709,18,25029.488847465986,25082.008507512342,experiment,FIFO,0.28,0,variant_6
7096,INSPECTION_2_2,INSPECTION_2_2_LINE,25076.378869846107,0.7084505326129147,7,0.7084505326129147,46.89002238012108,5.629637666235794,19,25029.488847465986,25082.008507512342,experiment,FIFO,0.28,0,variant_6
7096,INSPECTION_2_3,INSPECTION_2_3_LINE,25079.58081442094,3.2019445748337603,8,3.2019445748337603,50.09196695495484,2.427693091402034,18,25029.488847465986,25082.008507512342,experiment,FIFO,0.28,0,variant_6
7096,INSPECTION_2_4,INSPECTION_2_4_LINE,25079.58949202678,0.00867760583787458,9,0.00867760583787458,50.100644560792716,2.4190154855641595,18,25029.488847465986,25082.008507512342,experiment,FIFO,0.28,0,variant_6
7096,INSPECTION_2_5,INSPECTION_2_5_LINE,25079.64472811738,0.055236090600374155,10,0.055236090600374155,50.15588065139309,2.3637793949637853,18,25029.488847465986,25082.008507512342,experiment,FIFO,0.28,0,variant_6
7096,INSPECTION_2_6,INSPECTION_2_6_LINE,25079.747803680835,0.10307556345651392,11,0.10307556345651392,50.258956214849604,2.2607038315072714,18,25029.488847465986,25082.008507512342,experiment,FIFO,0.28,0,variant_6
7096,INSPECTION_2_7,INSPECTION_2_7_LINE,25082.008507512342,2.2607038315072714,12,2.2607038315072714,52.519660046356876,0.0,18,25029.488847465986,25082.008507512342,experiment,FIFO,0.28,0,variant_6
7097,MOULDING_5,MOULDING_MACHINE_5,25033.66656501871,0.026491571585211204,1,0.0,0.0,59.93244794995553,22,25033.66656501871,25093.599012968665,experiment,FIFO,0.28,0,variant_6
7097,ASSEMBLY_1_1,LINE_1_ASSEMBLY1,25050.90772178843,17.241156769719964,2,17.241156769719964,17.241156769719964,42.69129118023557,17,25033.66656501871,25093.599012968665,experiment,FIFO,0.28,0,variant_6
7097,ASSEMBLY_2_1,ASSEMBLY2_LINE_1,25065.08613093256,13.068635661336884,3,14.178409144129546,31.41956591384951,28.51288203610602,19,25033.66656501871,25093.599012968665,experiment,FIFO,0.28,0,variant_6
7097,SORTING,SORTING_ROBOT_1,25072.263255580845,5.9778068706837075,4,7.177124648285826,38.596690562135336,21.335757387820195,19,25033.66656501871,25093.599012968665,experiment,FIFO,0.28,0,variant_6
7097,PACKAGING_3,PACKAGING_LINE_3,25077.68846419835,5.425208617503813,5,5.425208617503813,44.02189917963915,15.910548770316382,19,25033.66656501871,25093.599012968665,experiment,FIFO,0.28,0,variant_6
7097,INSPECTION_2_1,INSPECTION_2_1_LINE,25084.000772088893,6.312307890544616,6,6.312307890544616,50.334207070183766,9.598240879771765,18,25033.66656501871,25093.599012968665,experiment,FIFO,0.28,0,variant_6
7097,INSPECTION_2_2,INSPECTION_2_2_LINE,25086.936371627937,2.9355995390433236,7,2.9355995390433236,53.26980660922709,6.662641340728442,19,25033.66656501871,25093.599012968665,experiment,FIFO,0.28,0,variant_6
7097,INSPECTION_2_3,INSPECTION_2_3_LINE,25089.84617094292,2.9097993149844115,8,2.9097993149844115,56.1796059242115,3.7528420257440303,19,25033.66656501871,25093.599012968665,experiment,FIFO,0.28,0,variant_6
7097,INSPECTION_2_4,INSPECTION_2_4_LINE,25089.925218231725,0.07904728880384937,9,0.07904728880384937,56.25865321301535,3.673794736940181,19,25033.66656501871,25093.599012968665,experiment,FIFO,0.28,0,variant_6
7097,INSPECTION_2_5,INSPECTION_2_5_LINE,25090.50663282876,0.5814145970362006,10,0.5814145970362006,56.84006781005155,3.0923801399039803,19,25033.66656501871,25093.599012968665,experiment,FIFO,0.28,0,variant_6
7097,INSPECTION_2_6,INSPECTION_2_6_LINE,25092.3447378944,1.8381050656389561,11,1.8381050656389561,58.67817287569051,1.2542750742650242,18,25033.66656501871,25093.599012968665,experiment,FIFO,0.28,0,variant_6
7097,INSPECTION_2_7,INSPECTION_2_7_LINE,25093.599012968665,1.2542750742650242,12,1.2542750742650242,59.93244794995553,0.0,17,25033.66656501871,25093.599012968665,experiment,FIFO,0.28,0,variant_6
7098,MOULDING_3,MOULDING_MACHINE_3,25059.50144790192,18.680403899477824,1,0.0,0.0,61.00497020003604,18,25059.50144790192,25120.506418101955,experiment,FIFO,0.28,0,variant_5
7098,ASSEMBLY_1_4,LINE_4_ASSEMBLY1,25067.235554910003,7.395791674804059,2,7.734107008083811,7.734107008083811,53.27086319195223,19,25059.50144790192,25120.506418101955,experiment,FIFO,0.28,0,variant_5
7098,ASSEMBLY_2_1,ASSEMBLY2_LINE_1,25084.37885115265,4.262410874431225,3,17.14329624264792,24.87740325073173,36.12756694930431,18,25059.50144790192,25120.506418101955,experiment,FIFO,0.28,0,variant_5
7098,SORTING,SORTING_ROBOT_1,25103.13008842477,5.965542135443684,4,18.751237272117578,43.62864052284931,17.37632967718673,15,25059.50144790192,25120.506418101955,experiment,FIFO,0.28,0,variant_5
7098,PACKAGING_2,PACKAGING_LINE_2,25103.980177039804,0.8500886150359293,5,0.8500886150359293,44.47872913788524,16.526241062150802,14,25059.50144790192,25120.506418101955,experiment,FIFO,0.28,0,variant_5
7098,INSPECTION_2_1,INSPECTION_2_1_LINE,25105.89820037809,1.3879856407511397,6,1.91802333828673,46.39675247617197,14.608217723864072,14,25059.50144790192,25120.506418101955,experiment,FIFO,0.28,0,variant_5
7098,INSPECTION_2_2,INSPECTION_2_2_LINE,25106.724568265025,0.8263678869334399,7,0.8263678869334399,47.22312036310541,13.781849836930633,15,25059.50144790192,25120.506418101955,experiment,FIFO,0.28,0,variant_5
7098,INSPECTION_2_3,INSPECTION_2_3_LINE,25111.175739282207,0.1138821323729644,8,4.451171017182787,51.674291380288196,9.330678819747845,13,25059.50144790192,25120.506418101955,experiment,FIFO,0.28,0,variant_5
7098,INSPECTION_2_4,INSPECTION_2_4_LINE,25116.491753931787,3.486377825618547,9,5.3160146495793015,56.9903060298675,4.014664170168544,14,25059.50144790192,25120.506418101955,experiment,FIFO,0.28,0,variant_5
7098,INSPECTION_2_5,INSPECTION_2_5_LINE,25117.11659932181,0.6248453900225286,10,0.6248453900225286,57.615151419890026,3.3898187801460153,14,25059.50144790192,25120.506418101955,experiment,FIFO,0.28,0,variant_5
7098,INSPECTION_2_6,INSPECTION_2_6_LINE,25118.109285874416,0.06276118812456843,11,0.9926865526067559,58.60783797249678,2.3971322275392595,13,25059.50144790192,25120.506418101955,experiment,FIFO,0.28,0,variant_5
7098,INSPECTION_2_7,INSPECTION_2_7_LINE,25120.506418101955,0.06383581833142671,12,2.3971322275392595,61.00497020003604,0.0,12,25059.50144790192,25120.506418101955,experiment,FIFO,0.28,0,variant_5
7099,MOULDING_4,MOULDING_MACHINE_4,25058.721946246933,16.15522356373185,1,0.0,0.0,61.72063603669085,18,25058.721946246933,25120.442582283624,experiment,FIFO,0.28,0,variant_2
7099,ASSEMBLY_1_4,LINE_4_ASSEMBLY1,25059.8397632352,1.1178169882659859,2,1.1178169882659859,1.1178169882659859,60.60281904842486,19,25058.721946246933,25120.442582283624,experiment,FIFO,0.28,0,variant_2
7099,ASSEMBLY_2_1,ASSEMBLY2_LINE_1,25080.11644027822,15.030309345660498,3,20.276677043020754,21.39449403128674,40.32614200540411,17,25058.721946246933,25120.442582283624,experiment,FIFO,0.28,0,variant_2
7099,SORTING,SORTING_ROBOT_1,25092.57443406359,0.9027238404923992,4,12.45799378537049,33.85248781665723,27.868148220033618,18,25058.721946246933,25120.442582283624,experiment,FIFO,0.28,0,variant_2
7099,PACKAGING_1,PACKAGING_LINE_1,25101.765770399063,7.746642280719243,5,9.191336335472442,43.04382415212967,18.676811884561175,15,25058.721946246933,25120.442582283624,experiment,FIFO,0.28,0,variant_2
7099,INSPECTION_2_1,INSPECTION_2_1_LINE,25104.51021473734,2.7444443382773898,6,2.7444443382773898,45.78826849040706,15.932367546283785,14,25058.721946246933,25120.442582283624,experiment,FIFO,0.28,0,variant_2
7099,INSPECTION_2_2,INSPECTION_2_2_LINE,25105.20037269884,0.6901579615005176,7,0.6901579615005176,46.47842645190758,15.242209584783268,14,25058.721946246933,25120.442582283624,experiment,FIFO,0.28,0,variant_2
7099,INSPECTION_2_3,INSPECTION_2_3_LINE,25111.061857149834,0.36078070270377793,8,5.861484450993885,52.339910902901465,9.380725133789383,13,25058.721946246933,25120.442582283624,experiment,FIFO,0.28,0,variant_2
7099,INSPECTION_2_4,INSPECTION_2_4_LINE,25113.005376106168,0.7547045762476046,9,1.943518956333719,54.283429859235184,7.437206177455664,14,25058.721946246933,25120.442582283624,experiment,FIFO,0.28,0,variant_2
7099,INSPECTION_2_5,INSPECTION_2_5_LINE,25114.97154441913,0.8633349122028449,10,1.9661683129634184,56.2495981721986,5.471037864492246,14,25058.721946246933,25120.442582283624,experiment,FIFO,0.28,0,variant_2
7099,INSPECTION_2_6,INSPECTION_2_6_LINE,25118.04652468629,1.0879461974909646,11,3.0749802671598445,59.32457843935845,2.396057597332401,13,25058.721946246933,25120.442582283624,experiment,FIFO,0.28,0,variant_2
7099,INSPECTION_2_7,INSPECTION_2_7_LINE,25120.442582283624,2.1008439412726148,12,2.396057597332401,61.72063603669085,0.0,13,25058.721946246933,25120.442582283624,experiment,FIFO,0.28,0,variant_2
7100,MOULDING_4,MOULDING_MACHINE_4,25064.167782939177,5.445836692244484,1,0.0,0.0,54.17395540317375,18,25064.167782939177,25118.34173834235,experiment,FIFO,0.28,0,variant_4
7100,ASSEMBLY_1_5,LINE_5_ASSEMBLY1,25065.573123560745,1.4053406215680297,2,1.4053406215680297,1.4053406215680297,52.76861478160572,19,25064.167782939177,25118.34173834235,experiment,FIFO,0.28,0,variant_4
7100,ASSEMBLY_2_2,ASSEMBLY2_LINE_2,25079.97313965948,1.5084717224453925,3,14.40001609873434,15.80535672030237,38.36859868287138,17,25064.167782939177,25118.34173834235,experiment,FIFO,0.28,0,variant_4
7100,SORTING,SORTING_ROBOT_1,25091.671710223098,1.0181801907674526,4,11.698570563617977,27.503927283920348,26.670028119253402,19,25064.167782939177,25118.34173834235,experiment,FIFO,0.28,0,variant_4
7100,PACKAGING_2,PACKAGING_LINE_2,25097.85655072205,2.417239817768859,5,6.184840498950507,33.688767782870855,20.485187620302895,16,25064.167782939177,25118.34173834235,experiment,FIFO,0.28,0,variant_4
7100,INSPECTION_2_1,INSPECTION_2_1_LINE,25099.642784383657,1.7862336616090033,6,1.7862336616090033,35.47500144447986,18.69895395869389,15,25064.167782939177,25118.34173834235,experiment,FIFO,0.28,0,variant_4
7100,INSPECTION_2_2,INSPECTION_2_2_LINE,25100.308806229583,0.6660218459255702,7,0.6660218459255702,36.14102329040543,18.03293211276832,15,25064.167782939177,25118.34173834235,experiment,FIFO,0.28,0,variant_4
7100,INSPECTION_2_3,INSPECTION_2_3_LINE,25110.70107644713,4.413983644255495,8,10.392270217547775,46.5332935079532,7.640661895220546,13,25064.167782939177,25118.34173834235,experiment,FIFO,0.28,0,variant_4
7100,INSPECTION_2_4,INSPECTION_2_4_LINE,25112.25067152992,1.5495950827898923,9,1.5495950827898923,48.082888590743096,6.091066812430654,14,25064.167782939177,25118.34173834235,experiment,FIFO,0.28,0,variant_4
7100,INSPECTION_2_5,INSPECTION_2_5_LINE,25114.10820950693,1.8575379770081781,10,1.8575379770081781,49.940426567751274,4.233528835422476,13,25064.167782939177,25118.34173834235,experiment,FIFO,0.28,0,variant_4
7100,INSPECTION_2_6,INSPECTION_2_6_LINE,25116.9585784888,2.850368981871725,11,2.850368981871725,52.790795549623,1.383159853550751,14,25064.167782939177,25118.34173834235,experiment,FIFO,0.28,0,variant_4
7100,INSPECTION_2_7,INSPECTION_2_7_LINE,25118.34173834235,1.383159853550751,12,1.383159853550751,54.17395540317375,0.0,12,25064.167782939177,25118.34173834235,experiment,FIFO,0.28,0,variant_4
7101,MOULDING_3,MOULDING_MACHINE_3,25059.611746076072,0.1102981741532858,1,0.0,0.0,50.804246205167146,19,25059.611746076072,25110.41599228124,experiment,FIFO,0.28,0,variant_5
7101,ASSEMBLY_1_4,LINE_4_ASSEMBLY1,25068.28580364201,1.0502487320081855,2,8.67405756593871,8.67405756593871,42.130188639228436,19,25059.611746076072,25110.41599228124,experiment,FIFO,0.28,0,variant_5
7101,ASSEMBLY_2_2,ASSEMBLY2_LINE_2,25082.64615695796,2.6730172984789533,3,14.360353315947577,23.034410881886288,27.76983532328086,18,25059.611746076072,25110.41599228124,experiment,FIFO,0.28,0,variant_5
7101,SORTING,SORTING_ROBOT_1,25093.21614622974,0.6417121661506826,4,10.569989271782106,33.604400153668394,17.199846051498753,18,25059.611746076072,25110.41599228124,experiment,FIFO,0.28,0,variant_5
7101,PACKAGING_3,PACKAGING_LINE_3,25096.42397285821,3.2078266284697747,5,3.2078266284697747,36.81222678213817,13.992019423028978,16,25059.611746076072,25110.41599228124,experiment,FIFO,0.28,0,variant_5
7101,INSPECTION_1_1,INSPECTION_1_1_LINE,25098.958123636337,2.5341507781267865,6,2.5341507781267865,39.346377560264955,11.457868644902192,15,25059.611746076072,25110.41599228124,experiment,FIFO,0.28,0,variant_5
7101,INSPECTION_1_2,INSPECTION_1_2_LINE,25101.2672089404,2.3090853040630464,7,2.3090853040630464,41.655462864328,9.148783340839145,15,25059.611746076072,25110.41599228124,experiment,FIFO,0.28,0,variant_5
7101,INSPECTION_1_3,INSPECTION_1_3_LINE,25104.37873282864,3.1115238882412086,8,3.1115238882412086,44.76698675256921,6.037259452597937,14,25059.611746076072,25110.41599228124,experiment,FIFO,0.28,0,variant_5
7101,INSPECTION_1_4,INSPECTION_1_4_LINE,25105.31332329841,0.9345904697693186,9,0.9345904697693186,45.70157722233853,5.102668982828618,14,25059.611746076072,25110.41599228124,experiment,FIFO,0.28,0,variant_5
7101,INSPECTION_1_5,INSPECTION_1_5_LINE,25105.65404939457,0.34072609615759575,10,0.34072609615759575,46.042303318496124,4.761942886671022,14,25059.611746076072,25110.41599228124,experiment,FIFO,0.28,0,variant_5
7101,INSPECTION_1_6,INSPECTION_1_6_LINE,25107.744214819533,2.0901654249646526,11,2.0901654249646526,48.13246874346078,2.6717774617063696,15,25059.611746076072,25110.41599228124,experiment,FIFO,0.28,0,variant_5
7101,INSPECTION_1_7,INSPECTION_1_7_LINE,25110.41599228124,2.6717774617063696,12,2.6717774617063696,50.804246205167146,0.0,13,25059.611746076072,25110.41599228124,experiment,FIFO,0.28,0,variant_5
7102,MOULDING_5,MOULDING_MACHINE_5,25064.80430843707,9.334643698002765,1,0.0,0.0,48.44619698190945,19,25064.80430843707,25113.25050541898,experiment,FIFO,0.28,0,variant_1
7102,ASSEMBLY_1_1,LINE_1_ASSEMBLY1,25074.663432620124,9.859124183054519,2,9.859124183054519,9.859124183054519,38.58707279885493,19,25064.80430843707,25113.25050541898,experiment,FIFO,0.28,0,variant_1
7102,ASSEMBLY_2_2,ASSEMBLY2_LINE_2,25083.74289362164,1.0967366636796214,3,9.079461001514574,18.938585184569092,29.50761179734036,18,25064.80430843707,25113.25050541898,experiment,FIFO,0.28,0,variant_1
7102,SORTING,SORTING_ROBOT_1,25097.164546289325,3.948400059583946,4,13.42165266768643,32.36023785225552,16.08595912965393,16,25064.80430843707,25113.25050541898,experiment,FIFO,0.28,0,variant_1
7102,PACKAGING_3,PACKAGING_LINE_3,25097.4991713392,0.3346250498761947,5,0.3346250498761947,32.69486290213172,15.751334079777735,16,25064.80430843707,25113.25050541898,experiment,FIFO,0.28,0,variant_1
7102,INSPECTION_2_1,INSPECTION_2_1_LINE,25097.55016785864,0.05099651943965,6,0.05099651943965,32.74585942157137,15.700337560338085,16,25064.80430843707,25113.25050541898,experiment,FIFO,0.28,0,variant_1
7102,INSPECTION_2_2,INSPECTION_2_2_LINE,25098.0456164794,0.49544862076072604,7,0.49544862076072604,33.24130804233209,15.204888939577359,16,25064.80430843707,25113.25050541898,experiment,FIFO,0.28,0,variant_1
7102,INSPECTION_2_3,INSPECTION_2_3_LINE,25106.287092802875,1.2678217100547045,8,8.241476323473762,41.482784365805855,6.9634126161035965,15,25064.80430843707,25113.25050541898,experiment,FIFO,0.28,0,variant_1
7102,INSPECTION_2_4,INSPECTION_2_4_LINE,25109.91160864745,3.624515844574489,9,3.624515844574489,45.107300210380345,3.3388967715291074,14,25064.80430843707,25113.25050541898,experiment,FIFO,0.28,0,variant_1
7102,INSPECTION_2_5,INSPECTION_2_5_LINE,25110.16297073452,0.25136208707044716,10,0.25136208707044716,45.35866229745079,3.08753468445866,14,25064.80430843707,25113.25050541898,experiment,FIFO,0.28,0,variant_1
7102,INSPECTION_2_6,INSPECTION_2_6_LINE,25110.93491890528,0.7719481707608793,11,0.7719481707608793,46.13061046821167,2.315586513697781,13,25064.80430843707,25113.25050541898,experiment,FIFO,0.28,0,variant_1
7102,INSPECTION_2_7,INSPECTION_2_7_LINE,25113.25050541898,2.315586513697781,12,2.315586513697781,48.44619698190945,0.0,13,25064.80430843707,25113.25050541898,experiment,FIFO,0.28,0,variant_1
7103,MOULDING_4,MOULDING_MACHINE_4,25085.098758828542,17.971806387940887,1,0.0,0.0,39.793301616842655,19,25085.098758828542,25124.892060445385,experiment,FIFO,0.28,0,variant_4
7103,ASSEMBLY_1_2,LINE_2_ASSEMBLY1,25089.16121861996,4.062459791417496,2,4.062459791417496,4.062459791417496,35.73084182542516,19,25085.098758828542,25124.892060445385,experiment,FIFO,0.28,0,variant_4
7103,ASSEMBLY_2_2,ASSEMBLY2_LINE_2,25098.210454315795,3.199078961250052,3,9.049235695834795,13.111695487252291,26.681606129590364,16,25085.098758828542,25124.892060445385,experiment,FIFO,0.28,0,variant_4
7103,SORTING,SORTING_ROBOT_1,25113.47994968446,2.179532607380679,4,15.269495368665957,28.38119085591825,11.412110760924406,13,25085.098758828542,25124.892060445385,experiment,FIFO,0.28,0,variant_4
7103,PACKAGING_2,PACKAGING_LINE_2,25116.02846365053,2.548513966070459,5,2.548513966070459,30.929704821988707,8.863596794853947,14,25085.098758828542,25124.892060445385,experiment,FIFO,0.28,0,variant_4
7103,INSPECTION_1_1,INSPECTION_1_1_LINE,25116.098229743824,0.06976609329285566,6,0.06976609329285566,30.999470915281563,8.793830701561092,14,25085.098758828542,25124.892060445385,experiment,FIFO,0.28,0,variant_4
7103,INSPECTION_1_2,INSPECTION_1_2_LINE,25117.252200104653,1.15397036082868,7,1.15397036082868,32.15344127611024,7.639860340732412,14,25085.098758828542,25124.892060445385,experiment,FIFO,0.28,0,variant_4
7103,INSPECTION_1_3,INSPECTION_1_3_LINE,25118.475207153795,1.2230070491423248,8,1.2230070491423248,33.37644832525257,6.416853291590087,12,25085.098758828542,25124.892060445385,experiment,FIFO,0.28,0,variant_4
7103,INSPECTION_1_4,INSPECTION_1_4_LINE,25121.662171168457,3.1869640146614984,9,3.1869640146614984,36.563412339914066,3.2298892769285885,10,25085.098758828542,25124.892060445385,experiment,FIFO,0.28,0,variant_4
7103,INSPECTION_1_5,INSPECTION_1_5_LINE,25123.153858123653,1.4916869551962009,10,1.4916869551962009,38.05509929511027,1.7382023217323876,10,25085.098758828542,25124.892060445385,experiment,FIFO,0.28,0,variant_4
7103,INSPECTION_1_6,INSPECTION_1_6_LINE,25123.841074627744,0.6872165040913387,11,0.6872165040913387,38.742315799201606,1.050985817641049,10,25085.098758828542,25124.892060445385,experiment,FIFO,0.28,0,variant_4
7103,INSPECTION_1_7,INSPECTION_1_7_LINE,25124.892060445385,1.050985817641049,12,1.050985817641049,39.793301616842655,0.0,8,25085.098758828542,25124.892060445385,experiment,FIFO,0.28,0,variant_4
7104,MOULDING_2,MOULDING_MACHINE_2,25080.33341775582,10.790532840735978,1,0.0,0.0,41.041746792448976,18,25080.33341775582,25121.37516454827,experiment,FIFO,0.28,0,variant_5
7104,ASSEMBLY_1_1,LINE_1_ASSEMBLY1,25082.55347267948,2.2200549236586085,2,2.2200549236586085,2.2200549236586085,38.82169186879037,18,25080.33341775582,25121.37516454827,experiment,FIFO,0.28,0,variant_5
7104,ASSEMBLY_2_2,ASSEMBLY2_LINE_2,25092.127621209584,8.384727587945235,3,9.57414853010414,11.794203453762748,29.247543338686228,19,25080.33341775582,25121.37516454827,experiment,FIFO,0.28,0,variant_5
7104,SORTING,SORTING_ROBOT_1,25106.98711668321,2.945758382193162,4,14.85949547362543,26.653698927388177,14.388047865060798,15,25080.33341775582,25121.37516454827,experiment,FIFO,0.28,0,variant_5
7104,PACKAGING_2,PACKAGING_LINE_2,25109.340177865568,2.3530611823589425,5,2.3530611823589425,29.00676010974712,12.034986682701856,15,25080.33341775582,25121.37516454827,experiment,FIFO,0.28,0,variant_5
7104,INSPECTION_2_1,INSPECTION_2_1_LINE,25112.60804096017,3.2678630946029443,6,3.2678630946029443,32.274623204350064,8.767123588098912,14,25080.33341775582,25121.37516454827,experiment,FIFO,0.28,0,variant_5
7104,INSPECTION_2_2,INSPECTION_2_2_LINE,25112.85935475601,0.2513137958376319,7,0.2513137958376319,32.525937000187696,8.51580979226128,14,25080.33341775582,25121.37516454827,experiment,FIFO,0.28,0,variant_5
7104,INSPECTION_2_3,INSPECTION_2_3_LINE,25113.766181437448,0.90682668143927,8,0.90682668143927,33.432763681626966,7.60898311082201,13,25080.33341775582,25121.37516454827,experiment,FIFO,0.28,0,variant_5
7104,INSPECTION_2_4,INSPECTION_2_4_LINE,25116.819428058752,0.32767412696557585,9,3.0532466213044245,36.48601030293139,4.555736489517585,14,25080.33341775582,25121.37516454827,experiment,FIFO,0.28,0,variant_5
7104,INSPECTION_2_5,INSPECTION_2_5_LINE,25117.151668162616,0.035068840807070956,10,0.3322401038640237,36.818250406795414,4.2234963856535614,14,25080.33341775582,25121.37516454827,experiment,FIFO,0.28,0,variant_5
7104,INSPECTION_2_6,INSPECTION_2_6_LINE,25120.32608992954,2.2168040551223385,11,3.1744217669220234,39.99267217371744,1.049074618731538,14,25080.33341775582,25121.37516454827,experiment,FIFO,0.28,0,variant_5
7104,INSPECTION_2_7,INSPECTION_2_7_LINE,25120.711918770907,0.20550066895157215,12,0.38582884136849316,40.37850101508593,0.6632457773630449,12,25080.33341775582,25121.37516454827,experiment,FIFO,0.28,0,variant_5
7104,INSPECTION_2_7,INSPECTION_2_7_LINE,25121.37516454827,0.6632457773630449,13,0.6632457773630449,41.041746792448976,0.0,11,25080.33341775582,25121.37516454827,experiment,FIFO,0.28,0,variant_5
7105,MOULDING_5,MOULDING_MACHINE_5,25088.144419113465,13.838985659018363,1,0.0,0.0,42.92656911828453,19,25088.144419113465,25131.07098823175,experiment,FIFO,0.28,0,variant_3
7105,ASSEMBLY_1_4,LINE_4_ASSEMBLY1,25095.28227777669,7.1378586632235965,2,7.1378586632235965,7.1378586632235965,35.78871045506094,17,25088.144419113465,25131.07098823175,experiment,FIFO,0.28,0,variant_3
7105,ASSEMBLY_2_2,ASSEMBLY2_LINE_2,25098.70327471015,0.4928203943563858,3,3.4209969334624475,10.558855596686044,32.36771352159849,16,25088.144419113465,25131.07098823175,experiment,FIFO,0.28,0,variant_3
7105,SORTING,SORTING_ROBOT_1,25114.738068969364,1.2581192849029321,4,16.034794259212504,26.593649855898548,16.332919262385985,14,25088.144419113465,25131.07098823175,experiment,FIFO,0.28,0,variant_3
7105,PACKAGING_3,PACKAGING_LINE_3,25121.08769038516,6.349621415796719,5,6.349621415796719,32.94327127169527,9.983297846589267,12,25088.144419113465,25131.07098823175,experiment,FIFO,0.28,0,variant_3
7105,INSPECTION_1_1,INSPECTION_1_1_LINE,25123.47011335132,2.3824229661586287,6,2.3824229661586287,35.325694237853895,7.600874880430638,10,25088.144419113465,25131.07098823175,experiment,FIFO,0.28,0,variant_3
7105,INSPECTION_1_2,INSPECTION_1_2_LINE,25124.97157340017,1.5014600488502765,7,1.5014600488502765,36.82715428670417,6.099414831580361,8,25088.144419113465,25131.07098823175,experiment,FIFO,0.28,0,variant_3
7105,INSPECTION_1_3,INSPECTION_1_3_LINE,25125.705774594448,0.7342011942782847,8,0.7342011942782847,37.561355480982456,5.365213637302077,8,25088.144419113465,25131.07098823175,experiment,FIFO,0.28,0,variant_3
7105,INSPECTION_1_4,INSPECTION_1_4_LINE,25127.563423337127,1.857648742679885,9,1.857648742679885,39.41900422366234,3.507564894622192,8,25088.144419113465,25131.07098823175,experiment,FIFO,0.28,0,variant_3
7105,INSPECTION_1_5,INSPECTION_1_5_LINE,25128.14587234674,0.5824490096129011,10,0.5824490096129011,40.00145323327524,2.9251158850092907,8,25088.144419113465,25131.07098823175,experiment,FIFO,0.28,0,variant_3
7105,INSPECTION_1_6,INSPECTION_1_6_LINE,25130.338068825346,2.192196478605183,11,2.192196478605183,42.193649711880425,0.7329194064041076,8,25088.144419113465,25131.07098823175,experiment,FIFO,0.28,0,variant_3
7105,INSPECTION_1_7,INSPECTION_1_7_LINE,25131.07098823175,0.7329194064041076,12,0.7329194064041076,42.92656911828453,0.0,7,25088.144419113465,25131.07098823175,experiment,FIFO,0.28,0,variant_3
7106,MOULDING_3,MOULDING_MACHINE_3,25075.865021255355,1.425779559995135,1,0.0,0.0,41.80165925902838,19,25075.865021255355,25117.666680514383,experiment,FIFO,0.28,0,variant_6
7106,ASSEMBLY_1_1,LINE_1_ASSEMBLY1,25078.9648899263,3.0998686709463072,2,3.0998686709463072,3.0998686709463072,38.701790588082076,18,25075.865021255355,25117.666680514383,experiment,FIFO,0.28,0,variant_6
7106,ASSEMBLY_2_1,ASSEMBLY2_LINE_1,25085.60714309237,1.2282919397184742,3,6.642253166068258,9.742121837014565,32.05953742201382,19,25075.865021255355,25117.666680514383,experiment,FIFO,0.28,0,variant_6
7106,SORTING,SORTING_ROBOT_1,25104.041358301016,0.9112698762473883,4,18.434215208646492,28.176337045661057,13.625322213367326,14,25075.865021255355,25117.666680514383,experiment,FIFO,0.28,0,variant_6
7106,PACKAGING_3,PACKAGING_LINE_3,25108.67713246569,4.63577416467524,5,4.63577416467524,32.8121112103363,8.989548048692086,16,25075.865021255355,25117.666680514383,experiment,FIFO,0.28,0,variant_6
7106,INSPECTION_1_1,INSPECTION_1_1_LINE,25109.49788555636,0.8207530906693137,6,0.8207530906693137,33.63286430100561,8.168794958022772,15,25075.865021255355,25117.666680514383,experiment,FIFO,0.28,0,variant_6
7106,INSPECTION_1_2,INSPECTION_1_2_LINE,25109.87840513508,0.3805195787208504,7,0.3805195787208504,34.01338387972646,7.788275379301922,14,25075.865021255355,25117.666680514383,experiment,FIFO,0.28,0,variant_6
7106,INSPECTION_1_3,INSPECTION_1_3_LINE,25110.14764955271,0.26924441762821516,8,0.26924441762821516,34.28262829735468,7.519030961673707,14,25075.865021255355,25117.666680514383,experiment,FIFO,0.28,0,variant_6
7106,INSPECTION_1_4,INSPECTION_1_4_LINE,25112.57585477504,2.4282052223315986,9,2.4282052223315986,36.710833519686275,5.090825739342108,14,25075.865021255355,25117.666680514383,experiment,FIFO,0.28,0,variant_6
7106,INSPECTION_1_5,INSPECTION_1_5_LINE,25113.868758730725,1.2929039556838688,10,1.2929039556838688,38.003737475370144,3.7979217836582393,13,25075.865021255355,25117.666680514383,experiment,FIFO,0.28,0,variant_6
7106,INSPECTION_1_6,INSPECTION_1_6_LINE,25117.07504608856,3.2062873578361177,11,3.2062873578361177,41.21002483320626,0.5916344258221216,14,25075.865021255355,25117.666680514383,experiment,FIFO,0.28,0,variant_6
7106,INSPECTION_1_7,INSPECTION_1_7_LINE,25117.666680514383,0.5916344258221216,12,0.5916344258221216,41.80165925902838,0.0,13,25075.865021255355,25117.666680514383,experiment,FIFO,0.28,0,variant_6
7107,MOULDING_2,MOULDING_MACHINE_2,25081.89203751416,1.5586197583397734,1,0.0,0.0,39.75541887417057,19,25081.89203751416,25121.64745638833,experiment,FIFO,0.28,0,variant_4
7107,ASSEMBLY_1_2,LINE_2_ASSEMBLY1,25083.65182317398,1.75978565981859,2,1.75978565981859,1.75978565981859,37.99563321435198,18,25081.89203751416,25121.64745638833,experiment,FIFO,0.28,0,variant_4
7107,ASSEMBLY_2_2,ASSEMBLY2_LINE_2,25095.011375354545,2.883754144961131,3,11.359552180565515,13.119337840384105,26.636081033786468,18,25081.89203751416,25121.64745638833,experiment,FIFO,0.28,0,variant_4
7107,SORTING,SORTING_ROBOT_1,25108.81270483033,1.8255881471195607,4,13.80132947578386,26.920667316167965,12.834751558002608,16,25081.89203751416,25121.64745638833,experiment,FIFO,0.28,0,variant_4
7107,PACKAGING_2,PACKAGING_LINE_2,25109.719997812805,0.3798199472366832,5,0.9072929824760649,27.82796029864403,11.927458575526543,14,25081.89203751416,25121.64745638833,experiment,FIFO,0.28,0,variant_4
7107,INSPECTION_2_1,INSPECTION_2_1_LINE,25112.98249191498,0.37445095480870805,6,3.262494102174969,31.090454400819,8.664964473351574,14,25081.89203751416,25121.64745638833,experiment,FIFO,0.28,0,variant_4
7107,INSPECTION_2_2,INSPECTION_2_2_LINE,25114.159471417817,1.1769795028376393,7,1.1769795028376393,32.26743390365664,7.487984970513935,13,25081.89203751416,25121.64745638833,experiment,FIFO,0.28,0,variant_4
7107,INSPECTION_2_3,INSPECTION_2_3_LINE,25115.23961236286,1.0801409450432402,8,1.0801409450432402,33.34757484869988,6.407844025470695,14,25081.89203751416,25121.64745638833,experiment,FIFO,0.28,0,variant_4
7107,INSPECTION_2_4,INSPECTION_2_4_LINE,25117.70609357872,0.8866655199672095,9,2.4664812158589484,35.81405606455883,3.9413628096117463,13,25081.89203751416,25121.64745638833,experiment,FIFO,0.28,0,variant_4
7107,INSPECTION_2_5,INSPECTION_2_5_LINE,25118.523522550782,0.8174289720627712,10,0.8174289720627712,36.6314850366216,3.123933837548975,12,25081.89203751416,25121.64745638833,experiment,FIFO,0.28,0,variant_4
7107,INSPECTION_2_6,INSPECTION_2_6_LINE,25121.163382385905,0.8372924563664128,11,2.639859835122479,39.27134487174408,0.484074002426496,12,25081.89203751416,25121.64745638833,experiment,FIFO,0.28,0,variant_4
7107,INSPECTION_2_7,INSPECTION_2_7_LINE,25121.64745638833,0.27229184006137075,12,0.484074002426496,39.75541887417057,0.0,10,25081.89203751416,25121.64745638833,experiment,FIFO,0.28,0,variant_4
7108,MOULDING_5,MOULDING_MACHINE_5,25094.072384653395,5.927965539929573,1,0.0,0.0,29.78840402953574,18,25094.072384653395,25123.86078868293,experiment,FIFO,0.28,0,variant_1
7108,ASSEMBLY_1_5,LINE_5_ASSEMBLY1,25095.73377743259,1.6613927791950118,2,1.6613927791950118,1.6613927791950118,28.12701125034073,17,25094.072384653395,25123.86078868293,experiment,FIFO,0.28,0,variant_1
7108,ASSEMBLY_2_1,ASSEMBLY2_LINE_1,25097.02389700573,1.2901195731392363,3,1.2901195731392363,2.951512352334248,26.836891677201493,16,25094.072384653395,25123.86078868293,experiment,FIFO,0.28,0,variant_1
7108,SORTING,SORTING_ROBOT_1,25111.30041707708,2.487712246751471,4,14.276520071351115,17.228032423685363,12.560371605850378,13,25094.072384653395,25123.86078868293,experiment,FIFO,0.28,0,variant_1
7108,PACKAGING_1,PACKAGING_LINE_1,25117.686091012063,6.3856739349830605,5,6.3856739349830605,23.613706358668423,6.174697670867317,13,25094.072384653395,25123.86078868293,experiment,FIFO,0.28,0,variant_1
7108,INSPECTION_2_1,INSPECTION_2_1_LINE,25119.265564899943,1.5794738878794305,6,1.5794738878794305,25.193180246547854,4.595223782987887,12,25094.072384653395,25123.86078868293,experiment,FIFO,0.28,0,variant_1
7108,INSPECTION_2_2,INSPECTION_2_2_LINE,25119.579809286595,0.31424438665271737,7,0.31424438665271737,25.50742463320057,4.280979396335169,13,25094.072384653395,25123.86078868293,experiment,FIFO,0.28,0,variant_1
7108,INSPECTION_2_3,INSPECTION_2_3_LINE,25121.44647820523,1.8666689186356962,8,1.8666689186356962,27.374093551836268,2.4143104776994733,11,25094.072384653395,25123.86078868293,experiment,FIFO,0.28,0,variant_1
7108,INSPECTION_2_4,INSPECTION_2_4_LINE,25121.787246373056,0.34076816782544483,9,0.34076816782544483,27.714861719661712,2.0735423098740284,10,25094.072384653395,25123.86078868293,experiment,FIFO,0.28,0,variant_1
7108,INSPECTION_2_5,INSPECTION_2_5_LINE,25122.273840116035,0.4865937429785845,10,0.4865937429785845,28.201455462640297,1.586948566895444,10,25094.072384653395,25123.86078868293,experiment,FIFO,0.28,0,variant_1
7108,INSPECTION_2_6,INSPECTION_2_6_LINE,25122.650651889355,0.3768117733197869,11,0.3768117733197869,28.578267235960084,1.210136793575657,10,25094.072384653395,25123.86078868293,experiment,FIFO,0.28,0,variant_1
7108,INSPECTION_2_7,INSPECTION_2_7_LINE,25123.86078868293,1.210136793575657,12,1.210136793575657,29.78840402953574,0.0,9,25094.072384653395,25123.86078868293,experiment,FIFO,0.28,0,variant_1
7109,MOULDING_3,MOULDING_MACHINE_3,25083.649752128887,0.03304120282700751,1,0.0,0.0,54.104759842499334,18,25083.649752128887,25137.754511971387,experiment,FIFO,0.28,0,variant_1
7109,ASSEMBLY_1_1,LINE_1_ASSEMBLY1,25096.607958744306,12.958206615418021,2,12.958206615418021,12.958206615418021,41.14655322708131,16,25083.649752128887,25137.754511971387,experiment,FIFO,0.28,0,variant_1
7109,ASSEMBLY_2_1,ASSEMBLY2_LINE_1,25103.984724048543,6.960827042814344,3,7.376765304237779,20.3349719196558,33.769787922843534,14,25083.649752128887,25137.754511971387,experiment,FIFO,0.28,0,variant_1
7109,ASSEMBLY_2_1,ASSEMBLY2_LINE_1,25110.11290803668,6.128183988137607,4,6.128183988137607,26.463155907793407,27.641603934705927,14,25083.649752128887,25137.754511971387,experiment,FIFO,0.28,0,variant_1
7109,SORTING,SORTING_ROBOT_1,25124.403900265846,2.1515529752541624,5,14.290992229165568,40.754148136958975,13.35061170554036,9,25083.649752128887,25137.754511971387,experiment,FIFO,0.28,0,variant_1
7109,PACKAGING_1,PACKAGING_LINE_1,25127.711848363902,3.307948098055931,6,3.307948098055931,44.062096235014906,10.042663607484428,8,25083.649752128887,25137.754511971387,experiment,FIFO,0.28,0,variant_1
7109,INSPECTION_1_1,INSPECTION_1_1_LINE,25127.87189580249,0.16004743858866277,7,0.16004743858866277,44.22214367360357,9.882616168895765,8,25083.649752128887,25137.754511971387,experiment,FIFO,0.28,0,variant_1
7109,INSPECTION_1_2,INSPECTION_1_2_LINE,25132.008553200925,4.136657398434181,8,4.136657398434181,48.35880107203775,5.745958770461584,7,25083.649752128887,25137.754511971387,experiment,FIFO,0.28,0,variant_1
7109,INSPECTION_1_3,INSPECTION_1_3_LINE,25132.947971900787,0.9394186998615623,9,0.9394186998615623,49.29821977189931,4.806540070600022,7,25083.649752128887,25137.754511971387,experiment,FIFO,0.28,0,variant_1
7109,INSPECTION_1_4,INSPECTION_1_4_LINE,25134.55412183515,1.6061499343632022,10,1.6061499343632022,50.904369706262514,3.2003901362368197,7,25083.649752128887,25137.754511971387,experiment,FIFO,0.28,0,variant_1
7109,INSPECTION_1_5,INSPECTION_1_5_LINE,25135.766365917425,1.2122440822749923,11,1.2122440822749923,52.11661378853751,1.9881460539618274,7,25083.649752128887,25137.754511971387,experiment,FIFO,0.28,0,variant_1
7109,INSPECTION_1_6,INSPECTION_1_6_LINE,25137.13790041667,1.371534499245172,12,1.371534499245172,53.48814828778268,0.6166115547166555,7,25083.649752128887,25137.754511971387,experiment,FIFO,0.28,0,variant_1
7109,INSPECTION_1_7,INSPECTION_1_7_LINE,25137.754511971387,0.6166115547166555,13,0.6166115547166555,54.104759842499334,0.0,6,25083.649752128887,25137.754511971387,experiment,FIFO,0.28,0,variant_1
7110,MOULDING_4,MOULDING_MACHINE_4,25106.20679860213,5.007520296683651,1,0.0,0.0,33.94632409212136,15,25106.20679860213,25140.15312269425,experiment,FIFO,0.28,0,variant_5
7110,ASSEMBLY_1_3,LINE_3_ASSEMBLY1,25111.14180605458,4.935007452451828,2,4.935007452451828,4.935007452451828,29.01131663966953,13,25106.20679860213,25140.15312269425,experiment,FIFO,0.28,0,variant_5
7110,ASSEMBLY_2_2,ASSEMBLY2_LINE_2,25111.93518608237,0.7933800277896808,3,0.7933800277896808,5.7283874802415085,28.21793661187985,14,25106.20679860213,25140.15312269425,experiment,FIFO,0.28,0,variant_5
7110,SORTING,SORTING_ROBOT_1,25127.76464667024,3.3607464043925575,4,15.829460587869107,21.557848068110616,12.388476024010743,8,25106.20679860213,25140.15312269425,experiment,FIFO,0.28,0,variant_5
7110,PACKAGING_3,PACKAGING_LINE_3,25132.00124151942,4.236594849182438,5,4.236594849182438,25.794442917293054,8.151881174828304,7,25106.20679860213,25140.15312269425,experiment,FIFO,0.28,0,variant_5
7110,INSPECTION_2_1,INSPECTION_2_1_LINE,25133.348251929903,1.3470104104817437,6,1.3470104104817437,27.141453327774798,6.8048707643465605,7,25106.20679860213,25140.15312269425,experiment,FIFO,0.28,0,variant_5
7110,INSPECTION_2_2,INSPECTION_2_2_LINE,25134.54620832261,1.1979563927052368,7,1.1979563927052368,28.339409720480035,5.606914371641324,7,25106.20679860213,25140.15312269425,experiment,FIFO,0.28,0,variant_5
7110,INSPECTION_2_3,INSPECTION_2_3_LINE,25135.69186117803,1.145652855422668,8,1.145652855422668,29.485062575902703,4.461261516218656,7,25106.20679860213,25140.15312269425,experiment,FIFO,0.28,0,variant_5
7110,INSPECTION_2_4,INSPECTION_2_4_LINE,25136.547534410875,0.8556732328434009,9,0.8556732328434009,30.340735808746103,3.605588283375255,7,25106.20679860213,25140.15312269425,experiment,FIFO,0.28,0,variant_5
7110,INSPECTION_2_5,INSPECTION_2_5_LINE,25138.34403946346,1.7965050525854167,10,1.7965050525854167,32.13724086133152,1.8090832307898381,6,25106.20679860213,25140.15312269425,experiment,FIFO,0.28,0,variant_5
7110,INSPECTION_2_6,INSPECTION_2_6_LINE,25139.446432997407,1.102393533947179,11,1.102393533947179,33.2396343952787,0.706689696842659,6,25106.20679860213,25140.15312269425,experiment,FIFO,0.28,0,variant_5
7110,INSPECTION_2_7,INSPECTION_2_7_LINE,25140.15312269425,0.706689696842659,12,0.706689696842659,33.94632409212136,0.0,5,25106.20679860213,25140.15312269425,experiment,FIFO,0.28,0,variant_5
7111,MOULDING_2,MOULDING_MACHINE_2,25108.60117854664,5.7118708881571365,1,0.0,0.0,21.40246769339501,16,25108.60117854664,25130.003646240035,experiment,FIFO,0.28,0,variant_6
7111,ASSEMBLY_1_4,LINE_4_ASSEMBLY1,25108.62342128368,0.022242737039050553,2,0.022242737039050553,0.022242737039050553,21.38022495635596,16,25108.60117854664,25130.003646240035,experiment,FIFO,0.28,0,variant_6
7111,ASSEMBLY_2_2,ASSEMBLY2_LINE_2,25109.93008025684,1.3066589731606655,3,1.3066589731606655,1.328901710199716,20.073565983195294,14,25108.60117854664,25130.003646240035,experiment,FIFO,0.28,0,variant_6
7111,SORTING,SORTING_ROBOT_1,25122.252347290592,7.51427832122863,4,12.322267033752723,13.65116874395244,7.751298949442571,10,25108.60117854664,25130.003646240035,experiment,FIFO,0.28,0,variant_6
7111,PACKAGING_1,PACKAGING_LINE_1,25124.36956093899,2.1172136483983195,5,2.1172136483983195,15.768382392350759,5.6340853010442515,9,25108.60117854664,25130.003646240035,experiment,FIFO,0.28,0,variant_6
7111,INSPECTION_2_1,INSPECTION_2_1_LINE,25125.231158186554,0.8615972475636227,6,0.8615972475636227,16.62997963991438,4.772488053480629,8,25108.60117854664,25130.003646240035,experiment,FIFO,0.28,0,variant_6
7111,INSPECTION_2_2,INSPECTION_2_2_LINE,25125.3541000885,0.12294190194734256,7,0.12294190194734256,16.752921541861724,4.649546151533286,8,25108.60117854664,25130.003646240035,experiment,FIFO,0.28,0,variant_6
7111,INSPECTION_2_3,INSPECTION_2_3_LINE,25126.334736558874,0.9806364703727013,8,0.9806364703727013,17.733558012234425,3.668909681160585,8,25108.60117854664,25130.003646240035,experiment,FIFO,0.28,0,variant_6
7111,INSPECTION_2_4,INSPECTION_2_4_LINE,25126.99777462113,0.6630380622555094,9,0.6630380622555094,18.396596074489935,3.0058716189050756,8,25108.60117854664,25130.003646240035,experiment,FIFO,0.28,0,variant_6
7111,INSPECTION_2_5,INSPECTION_2_5_LINE,25127.63779036346,0.6400157423304336,10,0.6400157423304336,19.03661181682037,2.365855876574642,8,25108.60117854664,25130.003646240035,experiment,FIFO,0.28,0,variant_6
7111,INSPECTION_2_6,INSPECTION_2_6_LINE,25129.41466693598,1.7768765725195408,11,1.7768765725195408,20.81348838933991,0.5889793040551012,8,25108.60117854664,25130.003646240035,experiment,FIFO,0.28,0,variant_6
7111,INSPECTION_2_7,INSPECTION_2_7_LINE,25130.003646240035,0.5889793040551012,12,0.5889793040551012,21.40246769339501,0.0,8,25108.60117854664,25130.003646240035,experiment,FIFO,0.28,0,variant_6
7112,MOULDING_5,MOULDING_MACHINE_5,25111.878379698675,1.7106269185605925,1,0.0,0.0,50.001015390975226,14,25111.878379698675,25161.87939508965,experiment,FIFO,0.28,0,variant_1
7112,MOULDING_5,MOULDING_MACHINE_5,25114.41974568305,2.5413659843761707,2,2.5413659843761707,2.5413659843761707,47.459649406599056,14,25111.878379698675,25161.87939508965,experiment,FIFO,0.28,0,variant_1
7112,ASSEMBLY_1_5,LINE_5_ASSEMBLY1,25123.062834802025,8.643089118973876,3,8.643089118973876,11.184455103350047,38.81656028762518,10,25111.878379698675,25161.87939508965,experiment,FIFO,0.28,0,variant_1
7112,ASSEMBLY_2_1,ASSEMBLY2_LINE_1,25127.631556797463,3.921432126127911,4,4.568721995437954,15.753177098788,34.247838292187225,8,25111.878379698675,25161.87939508965,experiment,FIFO,0.28,0,variant_1
7112,SORTING,SORTING_ROBOT_1,25132.850645922128,1.2169729522720445,5,5.219089124664606,20.972266223452607,29.02874916752262,7,25111.878379698675,25161.87939508965,experiment,FIFO,0.28,0,variant_1
7112,PACKAGING_3,PACKAGING_LINE_3,25141.172217112377,4.545367879491096,6,8.321571190248505,29.293837413701112,20.707177977274114,5,25111.878379698675,25161.87939508965,experiment,FIFO,0.28,0,variant_1
7112,INSPECTION_2_1,INSPECTION_2_1_LINE,25152.895610071537,11.723392959160265,7,11.723392959160265,41.01723037286138,8.98378501811385,6,25111.878379698675,25161.87939508965,experiment,FIFO,0.28,0,variant_1
7112,INSPECTION_2_2,INSPECTION_2_2_LINE,25154.57004118458,1.674431113042374,8,1.674431113042374,42.69166148590375,7.309353905071475,6,25111.878379698675,25161.87939508965,experiment,FIFO,0.28,0,variant_1
7112,INSPECTION_2_3,INSPECTION_2_3_LINE,25155.28042631429,0.7103851297106303,9,0.7103851297106303,43.40204661561438,6.598968775360845,7,25111.878379698675,25161.87939508965,experiment,FIFO,0.28,0,variant_1
7112,INSPECTION_2_4,INSPECTION_2_4_LINE,25155.74427386584,0.4638475515494065,10,0.4638475515494065,43.86589416716379,6.1351212238114385,7,25111.878379698675,25161.87939508965,experiment,FIFO,0.28,0,variant_1
7112,INSPECTION_2_5,INSPECTION_2_5_LINE,25158.240429135745,2.496155269906012,11,2.496155269906012,46.3620494370698,3.6389659539054264,8,25111.878379698675,25161.87939508965,experiment,FIFO,0.28,0,variant_1
7112,INSPECTION_2_6,INSPECTION_2_6_LINE,25161.105612471823,2.8651833360781893,12,2.8651833360781893,49.22723277314799,0.7737826178272371,12,25111.878379698675,25161.87939508965,experiment,FIFO,0.28,0,variant_1
7112,INSPECTION_2_7,INSPECTION_2_7_LINE,25161.87939508965,0.7737826178272371,13,0.7737826178272371,50.001015390975226,0.0,12,25111.878379698675,25161.87939508965,experiment,FIFO,0.28,0,variant_1
7113,MOULDING_3,MOULDING_MACHINE_3,25114.172875536395,3.1702490113602835,1,0.0,0.0,51.551367106938415,14,25114.172875536395,25165.724242643333,experiment,FIFO,0.28,0,variant_3
7113,ASSEMBLY_1_2,LINE_2_ASSEMBLY1,25117.643665777337,3.4707902409427334,2,3.4707902409427334,3.4707902409427334,48.08057686599568,14,25114.172875536395,25165.724242643333,experiment,FIFO,0.28,0,variant_3
7113,ASSEMBLY_2_1,ASSEMBLY2_LINE_1,25123.37559169779,5.7319259204523405,3,5.7319259204523405,9.202716161395074,42.34865094554334,10,25114.172875536395,25165.724242643333,experiment,FIFO,0.28,0,variant_3
7113,SORTING,SORTING_ROBOT_1,25131.05415538828,2.241513220258639,4,7.678563690489682,16.881279851884756,34.67008725505366,8,25114.172875536395,25165.724242643333,experiment,FIFO,0.28,0,variant_3
7113,PACKAGING_2,PACKAGING_LINE_2,25141.37924349989,10.325088111610967,5,10.325088111610967,27.206367963495723,24.344999143442692,5,25114.172875536395,25165.724242643333,experiment,FIFO,0.28,0,variant_3
7113,INSPECTION_2_1,INSPECTION_2_1_LINE,25153.551150713258,0.6555406417210179,6,12.171907213367376,39.3782751768631,12.173091930075316,6,25114.172875536395,25165.724242643333,experiment,FIFO,0.28,0,variant_3
7113,INSPECTION_2_2,INSPECTION_2_2_LINE,25154.893801710205,0.3237605256254028,7,1.3426509969467588,40.72092617380986,10.830440933128557,6,25114.172875536395,25165.724242643333,experiment,FIFO,0.28,0,variant_3
7113,INSPECTION_2_3,INSPECTION_2_3_LINE,25155.639772714803,0.35934640051345923,8,0.7459710045986867,41.466897178408544,10.08446992852987,7,25114.172875536395,25165.724242643333,experiment,FIFO,0.28,0,variant_3
7113,INSPECTION_2_4,INSPECTION_2_4_LINE,25155.745826579725,0.0015527138857578393,9,0.1060538649217051,41.57295104333025,9.978416063608165,7,25114.172875536395,25165.724242643333,experiment,FIFO,0.28,0,variant_3
7113,INSPECTION_2_5,INSPECTION_2_5_LINE,25158.8163803928,0.5759512570548395,10,3.070553813075094,44.64350485640534,6.907862250533071,8,25114.172875536395,25165.724242643333,experiment,FIFO,0.28,0,variant_3
7113,INSPECTION_2_6,INSPECTION_2_6_LINE,25161.29792496405,0.1923124922250281,11,2.481544571248378,47.12504942765372,4.426317679284693,13,25114.172875536395,25165.724242643333,experiment,FIFO,0.28,0,variant_3
7113,INSPECTION_2_7,INSPECTION_2_7_LINE,25165.724242643333,3.8448475536824844,12,4.426317679284693,51.551367106938415,0.0,11,25114.172875536395,25165.724242643333,experiment,FIFO,0.28,0,variant_3
7114,MOULDING_5,MOULDING_MACHINE_5,25119.556190220934,5.136444537882198,1,0.0,0.0,27.48671468600878,13,25119.556190220934,25147.042904906943,experiment,FIFO,0.28,0,variant_2
7114,ASSEMBLY_1_3,LINE_3_ASSEMBLY1,25122.66331419436,3.1071239734264964,2,3.1071239734264964,3.1071239734264964,24.379590712582285,10,25119.556190220934,25147.042904906943,experiment,FIFO,0.28,0,variant_2
7114,ASSEMBLY_2_2,ASSEMBLY2_LINE_2,25123.320304268444,0.6569900740832963,3,0.6569900740832963,3.7641140475097927,23.72260063849899,10,25119.556190220934,25147.042904906943,experiment,FIFO,0.28,0,variant_2
7114,SORTING,SORTING_ROBOT_1,25128.81264216802,1.0479954977818124,4,5.492337899577251,9.256451947087044,18.230262738921738,8,25119.556190220934,25147.042904906943,experiment,FIFO,0.28,0,variant_2
7114,PACKAGING_3,PACKAGING_LINE_3,25136.626849232885,4.625607713463978,5,7.814207064864604,17.070659011951648,10.416055674057134,7,25119.556190220934,25147.042904906943,experiment,FIFO,0.28,0,variant_2
7114,INSPECTION_1_1,INSPECTION_1_1_LINE,25139.383706291526,2.7568570586408896,6,2.7568570586408896,19.827516070592537,7.659198615416244,6,25119.556190220934,25147.042904906943,experiment,FIFO,0.28,0,variant_2
7114,INSPECTION_1_2,INSPECTION_1_2_LINE,25139.611229957125,0.22752366559871007,7,0.22752366559871007,20.055039736191247,7.431674949817534,6,25119.556190220934,25147.042904906943,experiment,FIFO,0.28,0,variant_2
7114,INSPECTION_1_3,INSPECTION_1_3_LINE,25139.68005288067,0.06882292354566744,8,0.06882292354566744,20.123862659736915,7.362852026271867,6,25119.556190220934,25147.042904906943,experiment,FIFO,0.28,0,variant_2
7114,INSPECTION_1_4,INSPECTION_1_4_LINE,25140.844996756256,1.1649438755848678,9,1.1649438755848678,21.288806535321783,6.197908150686999,5,25119.556190220934,25147.042904906943,experiment,FIFO,0.28,0,variant_2
7114,INSPECTION_1_5,INSPECTION_1_5_LINE,25141.784409174805,0.9394124185491819,10,0.9394124185491819,22.228218953870964,5.258495732137817,5,25119.556190220934,25147.042904906943,experiment,FIFO,0.28,0,variant_2
7114,INSPECTION_1_6,INSPECTION_1_6_LINE,25143.482758827027,1.6983496522225323,11,1.6983496522225323,23.926568606093497,3.5601460799152846,6,25119.556190220934,25147.042904906943,experiment,FIFO,0.28,0,variant_2
7114,INSPECTION_1_7,INSPECTION_1_7_LINE,25147.042904906943,3.5601460799152846,12,3.5601460799152846,27.48671468600878,0.0,5,25119.556190220934,25147.042904906943,experiment,FIFO,0.28,0,variant_2
7115,MOULDING_5,MOULDING_MACHINE_5,25129.71721204109,10.161021820156748,1,0.0,0.0,20.146338650753023,9,25129.71721204109,25149.863550691844,experiment,FIFO,0.28,0,variant_3
7115,ASSEMBLY_1_2,LINE_2_ASSEMBLY1,25134.16424164702,4.447029605929856,2,4.447029605929856,4.447029605929856,15.699309044823167,7,25129.71721204109,25149.863550691844,experiment,FIFO,0.28,0,variant_3
7115,ASSEMBLY_2_1,ASSEMBLY2_LINE_1,25136.76367124556,2.599429598540155,3,2.599429598540155,7.046459204470011,13.099879446283012,7,25129.71721204109,25149.863550691844,experiment,FIFO,0.28,0,variant_3
7115,SORTING,SORTING_ROBOT_1,25137.86998539538,1.1063141498198092,4,1.1063141498198092,8.15277335428982,11.993565296463203,6,25129.71721204109,25149.863550691844,experiment,FIFO,0.28,0,variant_3
7115,SORTING,SORTING_ROBOT_1,25138.266882716205,0.3968973208247917,5,0.3968973208247917,8.549670675114612,11.596667975638411,6,25129.71721204109,25149.863550691844,experiment,FIFO,0.28,0,variant_3
7115,PACKAGING_2,PACKAGING_LINE_2,25143.222825316883,1.770685850391601,6,4.9559426006780996,13.505613275792712,6.6407253749603115,6,25129.71721204109,25149.863550691844,experiment,FIFO,0.28,0,variant_3
7115,INSPECTION_1_1,INSPECTION_1_1_LINE,25143.96137448318,0.7385491662971617,7,0.7385491662971617,14.244162442089873,5.90217620866315,6,25129.71721204109,25149.863550691844,experiment,FIFO,0.28,0,variant_3
7115,INSPECTION_1_2,INSPECTION_1_2_LINE,25144.218211351377,0.25683686819684226,8,0.25683686819684226,14.500999310286716,5.6453393404663075,6,25129.71721204109,25149.863550691844,experiment,FIFO,0.28,0,variant_3
7115,INSPECTION_1_2,INSPECTION_1_2_LINE,25144.39745027095,0.17923891957252636,9,0.17923891957252636,14.680238229859242,5.466100420893781,6,25129.71721204109,25149.863550691844,experiment,FIFO,0.28,0,variant_3
7115,INSPECTION_1_3,INSPECTION_1_3_LINE,25144.851061049245,0.45361077829511487,10,0.45361077829511487,15.133849008154357,5.012489642598666,6,25129.71721204109,25149.863550691844,experiment,FIFO,0.28,0,variant_3
7115,INSPECTION_1_4,INSPECTION_1_4_LINE,25145.38411751908,0.5330564698342641,11,0.5330564698342641,15.666905477988621,4.479433172764402,6,25129.71721204109,25149.863550691844,experiment,FIFO,0.28,0,variant_3
7115,INSPECTION_1_5,INSPECTION_1_5_LINE,25146.42524910844,1.041131589361612,12,1.041131589361612,16.708037067350233,3.43830158340279,6,25129.71721204109,25149.863550691844,experiment,FIFO,0.28,0,variant_3
7115,INSPECTION_1_6,INSPECTION_1_6_LINE,25146.440015053457,0.0147659450158244,13,0.0147659450158244,16.722803012366057,3.4235356383869657,6,25129.71721204109,25149.863550691844,experiment,FIFO,0.28,0,variant_3
7115,INSPECTION_1_7,INSPECTION_1_7_LINE,25149.863550691844,2.8206457849009894,14,3.4235356383869657,20.146338650753023,0.0,6,25129.71721204109,25149.863550691844,experiment,FIFO,0.28,0,variant_3
7116,MOULDING_2,MOULDING_MACHINE_2,25119.991664819307,2.596064082623343,1,0.0,0.0,45.91080162036815,14,25119.991664819307,25165.902466439675,experiment,FIFO,0.28,0,variant_3
7116,ASSEMBLY_1_1,LINE_1_ASSEMBLY1,25121.603742053725,1.6120772344183933,2,1.6120772344183933,1.6120772344183933,44.298724385949754,11,25119.991664819307,25165.902466439675,experiment,FIFO,0.28,0,variant_3
7116,ASSEMBLY_2_1,ASSEMBLY2_LINE_1,25123.710124671336,0.33453297354571987,3,2.1063826176105067,3.7184598520289,42.19234176833925,10,25119.991664819307,25165.902466439675,experiment,FIFO,0.28,0,variant_3
7116,SORTING,SORTING_ROBOT_1,25131.633672969856,0.5795175815765106,4,7.923548298520473,11.642008150549373,34.268793469818775,7,25119.991664819307,25165.902466439675,experiment,FIFO,0.28,0,variant_3
7116,PACKAGING_2,PACKAGING_LINE_2,25141.45213946649,0.07289596660120878,5,9.818466496635665,21.460474647185038,24.45032697318311,5,25119.991664819307,25165.902466439675,experiment,FIFO,0.28,0,variant_3
7116,INSPECTION_2_1,INSPECTION_2_1_LINE,25156.580856675417,3.029705962158914,6,15.128717208925082,36.58919185611012,9.321609764258028,8,25119.991664819307,25165.902466439675,experiment,FIFO,0.28,0,variant_3
7116,INSPECTION_2_2,INSPECTION_2_2_LINE,25158.30346141029,1.7226047348740394,7,1.7226047348740394,38.31179659098416,7.599005029383989,8,25119.991664819307,25165.902466439675,experiment,FIFO,0.28,0,variant_3
7116,INSPECTION_2_3,INSPECTION_2_3_LINE,25158.669513251632,0.36605184134168667,8,0.36605184134168667,38.677848432325845,7.232953188042302,8,25119.991664819307,25165.902466439675,experiment,FIFO,0.28,0,variant_3
7116,INSPECTION_2_4,INSPECTION_2_4_LINE,25160.573723290992,1.9042100393598957,9,1.9042100393598957,40.58205847168574,5.328743148682406,11,25119.991664819307,25165.902466439675,experiment,FIFO,0.28,0,variant_3
7116,INSPECTION_2_5,INSPECTION_2_5_LINE,25160.735369431088,0.16164614009539946,10,0.16164614009539946,40.74370461178114,5.167097008587007,11,25119.991664819307,25165.902466439675,experiment,FIFO,0.28,0,variant_3
7116,INSPECTION_2_6,INSPECTION_2_6_LINE,25163.71905367605,2.4211287120015186,11,2.9836842449622054,43.727388856743346,2.1834127636248013,13,25119.991664819307,25165.902466439675,experiment,FIFO,0.28,0,variant_3
7116,INSPECTION_2_7,INSPECTION_2_7_LINE,25165.902466439675,0.17822379634162644,12,2.1834127636248013,45.91080162036815,0.0,10,25119.991664819307,25165.902466439675,experiment,FIFO,0.28,0,variant_3
7117,MOULDING_5,MOULDING_MACHINE_5,25149.69966677382,19.98245473272982,1,0.0,0.0,16.78852347045904,7,25149.69966677382,25166.48819024428,experiment,FIFO,0.28,0,variant_1
7117,ASSEMBLY_1_5,LINE_5_ASSEMBLY1,25152.35632728314,2.156004966062028,2,2.6566605093212274,2.6566605093212274,14.131862961137813,6,25149.69966677382,25166.48819024428,experiment,FIFO,0.28,0,variant_1
7117,ASSEMBLY_2_1,ASSEMBLY2_LINE_1,25152.853748634447,0.4974213513050927,3,0.4974213513050927,3.15408186062632,13.63444160983272,6,25149.69966677382,25166.48819024428,experiment,FIFO,0.28,0,variant_1
7117,SORTING,SORTING_ROBOT_1,25154.8947218288,0.5924215297345654,4,2.040973194354592,5.195055054980912,11.593468415478128,6,25149.69966677382,25166.48819024428,experiment,FIFO,0.28,0,variant_1
7117,PACKAGING_2,PACKAGING_LINE_2,25156.93386308921,2.039141260407632,5,2.039141260407632,7.2341963153885445,9.554327155070496,8,25149.69966677382,25166.48819024428,experiment,FIFO,0.28,0,variant_1
7117,INSPECTION_2_1,INSPECTION_2_1_LINE,25157.02578080368,0.09191771447149222,6,0.09191771447149222,7.326114029860037,9.462409440599004,8,25149.69966677382,25166.48819024428,experiment,FIFO,0.28,0,variant_1
7117,INSPECTION_2_2,INSPECTION_2_2_LINE,25158.955545535897,0.6520841256060521,7,1.9297647322164266,9.255878762076463,7.532644708382577,10,25149.69966677382,25166.48819024428,experiment,FIFO,0.28,0,variant_1
7117,INSPECTION_2_3,INSPECTION_2_3_LINE,25159.36957214333,0.4140266074318788,8,0.4140266074318788,9.669905369508342,7.118618100950698,12,25149.69966677382,25166.48819024428,experiment,FIFO,0.28,0,variant_1
7117,INSPECTION_2_4,INSPECTION_2_4_LINE,25160.70199364535,0.12827035435839207,9,1.3324215020220436,11.002326871530386,5.786196598928655,11,25149.69966677382,25166.48819024428,experiment,FIFO,0.28,0,variant_1
7117,INSPECTION_2_5,INSPECTION_2_5_LINE,25162.02204913947,1.2866797083806887,10,1.320055494117696,12.322382365648082,4.4661411048109585,12,25149.69966677382,25166.48819024428,experiment,FIFO,0.28,0,variant_1
7117,INSPECTION_2_6,INSPECTION_2_6_LINE,25164.23827822233,0.519224546278565,11,2.2162290828600817,14.538611448508163,2.249912021950877,13,25149.69966677382,25166.48819024428,experiment,FIFO,0.28,0,variant_1
7117,INSPECTION_2_7,INSPECTION_2_7_LINE,25166.48819024428,0.5857238046046405,12,2.249912021950877,16.78852347045904,0.0,9,25149.69966677382,25166.48819024428,experiment,FIFO,0.28,0,variant_1
7118,MOULDING_3,MOULDING_MACHINE_3,25147.307625368183,6.225409051101451,1,0.0,0.0,17.458606441399752,6,25147.307625368183,25164.766231809583,experiment,FIFO,0.28,0,variant_6
7118,ASSEMBLY_1_5,LINE_5_ASSEMBLY1,25150.20032231708,2.892696948896628,2,2.892696948896628,2.892696948896628,14.565909492503124,6,25147.307625368183,25164.766231809583,experiment,FIFO,0.28,0,variant_6
7118,ASSEMBLY_2_1,ASSEMBLY2_LINE_1,25151.816696345693,1.6163740286137909,3,1.6163740286137909,4.509070977510419,12.949535463889333,6,25147.307625368183,25164.766231809583,experiment,FIFO,0.28,0,variant_6
7118,SORTING,SORTING_ROBOT_1,25154.302300299067,2.4856039533733565,4,2.4856039533733565,6.994674930883775,10.463931510515977,6,25147.307625368183,25164.766231809583,experiment,FIFO,0.28,0,variant_6
7118,PACKAGING_1,PACKAGING_LINE_1,25155.310890168832,1.0085898697652738,5,1.0085898697652738,8.003264800649049,9.455341640750703,7,25147.307625368183,25164.766231809583,experiment,FIFO,0.28,0,variant_6
7118,INSPECTION_1_1,INSPECTION_1_1_LINE,25155.82621435748,0.5153241886473552,6,0.5153241886473552,8.518588989296404,8.940017452103348,7,25147.307625368183,25164.766231809583,experiment,FIFO,0.28,0,variant_6
7118,INSPECTION_1_2,INSPECTION_1_2_LINE,25156.633840648043,0.8076262905633484,7,0.8076262905633484,9.326215279859753,8.13239116154,8,25147.307625368183,25164.766231809583,experiment,FIFO,0.28,0,variant_6
7118,INSPECTION_1_3,INSPECTION_1_3_LINE,25162.1740498946,5.540209246555605,8,5.540209246555605,14.866424526415358,2.592181914984394,12,25147.307625368183,25164.766231809583,experiment,FIFO,0.28,0,variant_6
7118,INSPECTION_1_4,INSPECTION_1_4_LINE,25163.396352854787,1.2223029601882445,9,1.2223029601882445,16.088727486603602,1.3698789547961496,13,25147.307625368183,25164.766231809583,experiment,FIFO,0.28,0,variant_6
7118,INSPECTION_1_5,INSPECTION_1_5_LINE,25164.32575090373,0.9293980489419482,10,0.9293980489419482,17.01812553554555,0.4404809058542014,13,25147.307625368183,25164.766231809583,experiment,FIFO,0.28,0,variant_6
7118,INSPECTION_1_6,INSPECTION_1_6_LINE,25164.56285125413,0.23710035040130606,11,0.23710035040130606,17.255225885946857,0.20338055545289535,13,25147.307625368183,25164.766231809583,experiment,FIFO,0.28,0,variant_6
7118,INSPECTION_1_7,INSPECTION_1_7_LINE,25164.766231809583,0.20338055545289535,12,0.20338055545289535,17.458606441399752,0.0,12,25147.307625368183,25164.766231809583,experiment,FIFO,0.28,0,variant_6
7119,MOULDING_4,MOULDING_MACHINE_4,25142.65531287849,0.09485045976907713,1,0.0,0.0,16.759328664749773,6,25142.65531287849,25159.41464154324,experiment,FIFO,0.28,0,variant_2
7119,ASSEMBLY_1_4,LINE_4_ASSEMBLY1,25145.022404521085,2.3670916425944597,2,2.3670916425944597,2.3670916425944597,14.392237022155314,6,25142.65531287849,25159.41464154324,experiment,FIFO,0.28,0,variant_2
7119,ASSEMBLY_2_2,ASSEMBLY2_LINE_2,25145.47817362517,0.4557691040863574,3,0.4557691040863574,2.822860746680817,13.936467918068956,6,25142.65531287849,25159.41464154324,experiment,FIFO,0.28,0,variant_2
7119,SORTING,SORTING_ROBOT_1,25146.650600110104,1.1724264849326573,4,1.1724264849326573,3.9952872316134744,12.764041433136299,6,25142.65531287849,25159.41464154324,experiment,FIFO,0.28,0,variant_2
7119,PACKAGING_3,PACKAGING_LINE_3,25147.47475082741,0.8241507173042919,5,0.8241507173042919,4.819437948917766,11.939890715832007,6,25142.65531287849,25159.41464154324,experiment,FIFO,0.28,0,variant_2
7119,INSPECTION_1_1,INSPECTION_1_1_LINE,25149.20718992469,1.7324390972826222,6,1.7324390972826222,6.551877046200389,10.207451618549385,6,25142.65531287849,25159.41464154324,experiment,FIFO,0.28,0,variant_2
7119,INSPECTION_1_2,INSPECTION_1_2_LINE,25152.467186462105,3.2599965374138264,7,3.2599965374138264,9.811873583614215,6.947455081135558,6,25142.65531287849,25159.41464154324,experiment,FIFO,0.28,0,variant_2
7119,INSPECTION_1_3,INSPECTION_1_3_LINE,25154.26060223206,1.793415769956482,8,1.793415769956482,11.605289353570697,5.154039311179076,6,25142.65531287849,25159.41464154324,experiment,FIFO,0.28,0,variant_2
7119,INSPECTION_1_4,INSPECTION_1_4_LINE,25154.32287742177,0.06227518970990786,9,0.06227518970990786,11.667564543280605,5.0917641214691685,6,25142.65531287849,25159.41464154324,experiment,FIFO,0.28,0,variant_2
7119,INSPECTION_1_5,INSPECTION_1_5_LINE,25156.91176682057,2.588889398797619,10,2.588889398797619,14.256453942078224,2.5028747226715495,8,25142.65531287849,25159.41464154324,experiment,FIFO,0.28,0,variant_2
7119,INSPECTION_1_6,INSPECTION_1_6_LINE,25158.05786674021,1.1460999196424382,11,1.1460999196424382,15.402553861720662,1.3567748030291114,8,25142.65531287849,25159.41464154324,experiment,FIFO,0.28,0,variant_2
7119,INSPECTION_1_7,INSPECTION_1_7_LINE,25159.41464154324,1.3567748030291114,12,1.3567748030291114,16.759328664749773,0.0,11,25142.65531287849,25159.41464154324,experiment,FIFO,0.28,0,variant_2
7120,MOULDING_1,MOULDING_MACHINE_1,25155.16105667248,10.273874002319644,1,0.0,0.0,32.59804717836232,7,25155.16105667248,25187.759103850844,experiment,FIFO,0.28,0,variant_1
7120,ASSEMBLY_1_2,LINE_2_ASSEMBLY1,25161.065876486417,5.904819813935319,2,5.904819813935319,5.904819813935319,26.693227364427003,12,25155.16105667248,25187.759103850844,experiment,FIFO,0.28,0,variant_1
7120,ASSEMBLY_2_2,ASSEMBLY2_LINE_2,25165.060712853054,3.9948363666371733,3,3.9948363666371733,9.899656180572492,22.69839099778983,12,25155.16105667248,25187.759103850844,experiment,FIFO,0.28,0,variant_1
7120,SORTING,SORTING_ROBOT_1,25165.14600275577,0.08528990271588555,4,0.08528990271588555,9.984946083288378,22.613101095073944,12,25155.16105667248,25187.759103850844,experiment,FIFO,0.28,0,variant_1
7120,PACKAGING_3,PACKAGING_LINE_3,25177.84093076676,12.694928010991134,5,12.694928010991134,22.679874094279512,9.91817308408281,13,25155.16105667248,25187.759103850844,experiment,FIFO,0.28,0,variant_1
7120,INSPECTION_1_1,INSPECTION_1_1_LINE,25179.063030916488,1.2221001497273392,6,1.2221001497273392,23.90197424400685,8.69607293435547,13,25155.16105667248,25187.759103850844,experiment,FIFO,0.28,0,variant_1
7120,INSPECTION_1_2,INSPECTION_1_2_LINE,25179.80586053172,0.7428296152320399,7,0.7428296152320399,24.64480385923889,7.95324331912343,13,25155.16105667248,25187.759103850844,experiment,FIFO,0.28,0,variant_1
7120,INSPECTION_1_3,INSPECTION_1_3_LINE,25180.90928249968,1.1034219679604576,8,1.1034219679604576,25.74822582719935,6.849821351162973,13,25155.16105667248,25187.759103850844,experiment,FIFO,0.28,0,variant_1
7120,INSPECTION_1_4,INSPECTION_1_4_LINE,25181.64131457967,0.7320320799881301,9,0.7320320799881301,26.48025790718748,6.117789271174843,13,25155.16105667248,25187.759103850844,experiment,FIFO,0.28,0,variant_1
7120,INSPECTION_1_5,INSPECTION_1_5_LINE,25183.450391124163,1.809076544494019,10,1.809076544494019,28.289334451681498,4.308712726680824,14,25155.16105667248,25187.759103850844,experiment,FIFO,0.28,0,variant_1
7120,INSPECTION_1_6,INSPECTION_1_6_LINE,25186.588563156565,3.138172032402508,11,3.138172032402508,31.427506484084006,1.1705406942783156,17,25155.16105667248,25187.759103850844,experiment,FIFO,0.28,0,variant_1
7120,INSPECTION_1_7,INSPECTION_1_7_LINE,25187.759103850844,1.1705406942783156,12,1.1705406942783156,32.59804717836232,0.0,16,25155.16105667248,25187.759103850844,experiment,FIFO,0.28,0,variant_1
7121,MOULDING_1,MOULDING_MACHINE_1,25159.160391347697,3.9993346752162324,1,0.0,0.0,40.936309998262004,11,25159.160391347697,25200.09670134596,experiment,FIFO,0.28,0,variant_4
7121,ASSEMBLY_1_5,LINE_5_ASSEMBLY1,25167.514902318748,8.354510971050331,2,8.354510971050331,8.354510971050331,32.58179902721167,9,25159.160391347697,25200.09670134596,experiment,FIFO,0.28,0,variant_4
7121,ASSEMBLY_2_1,ASSEMBLY2_LINE_1,25180.28464472136,1.3105216843614471,3,12.769742402611882,21.124253373662214,19.81205662459979,13,25159.160391347697,25200.09670134596,experiment,FIFO,0.28,0,variant_4
7121,SORTING,SORTING_ROBOT_1,25180.912249647656,0.6276049262960441,4,0.6276049262960441,21.751858299958258,19.184451698303747,13,25159.160391347697,25200.09670134596,experiment,FIFO,0.28,0,variant_4
7121,PACKAGING_1,PACKAGING_LINE_1,25186.660159481395,4.124520074976317,5,5.747909833738959,27.499768133697216,13.436541864564788,17,25159.160391347697,25200.09670134596,experiment,FIFO,0.28,0,variant_4
7121,INSPECTION_1_1,INSPECTION_1_1_LINE,25190.33614999905,0.596922318891302,6,3.675990517655009,31.175758651352226,9.760551346909779,16,25159.160391347697,25200.09670134596,experiment,FIFO,0.28,0,variant_4
7121,INSPECTION_1_2,INSPECTION_1_2_LINE,25190.657877668345,0.14813099782622885,7,0.32172766929579666,31.497486320648022,9.438823677613982,15,25159.160391347697,25200.09670134596,experiment,FIFO,0.28,0,variant_4
7121,INSPECTION_1_3,INSPECTION_1_3_LINE,25194.61997258573,0.4724202377437905,8,3.9620949173840927,35.459581238032115,5.476728760229889,16,25159.160391347697,25200.09670134596,experiment,FIFO,0.28,0,variant_4
7121,INSPECTION_1_4,INSPECTION_1_4_LINE,25196.31026751465,1.690294928921503,9,1.690294928921503,37.14987616695362,3.7864338313083863,15,25159.160391347697,25200.09670134596,experiment,FIFO,0.28,0,variant_4
7121,INSPECTION_1_5,INSPECTION_1_5_LINE,25196.829198900818,0.5189313861665141,10,0.5189313861665141,37.66880755312013,3.267502445141872,14,25159.160391347697,25200.09670134596,experiment,FIFO,0.28,0,variant_4
7121,INSPECTION_1_6,INSPECTION_1_6_LINE,25197.139666527983,0.3104676271650533,11,0.3104676271650533,37.979275180285185,2.957034817976819,14,25159.160391347697,25200.09670134596,experiment,FIFO,0.28,0,variant_4
7121,INSPECTION_1_7,INSPECTION_1_7_LINE,25200.09670134596,2.957034817976819,12,2.957034817976819,40.936309998262004,0.0,14,25159.160391347697,25200.09670134596,experiment,FIFO,0.28,0,variant_4
7122,MOULDING_4,MOULDING_MACHINE_4,25158.84202760024,8.303250196346198,1,0.0,0.0,37.86562447810138,9,25158.84202760024,25196.70765207834,experiment,FIFO,0.28,0,variant_2
7122,ASSEMBLY_1_2,LINE_2_ASSEMBLY1,25166.149204961384,5.083328474967857,2,7.307177361144568,7.307177361144568,30.558447116956813,10,25158.84202760024,25196.70765207834,experiment,FIFO,0.28,0,variant_2
7122,ASSEMBLY_2_2,ASSEMBLY2_LINE_2,25169.51820162773,3.3689966663441737,3,3.3689966663441737,10.676174027488742,27.18945045061264,9,25158.84202760024,25196.70765207834,experiment,FIFO,0.28,0,variant_2
7122,SORTING,SORTING_ROBOT_1,25176.534524381022,7.0163227532939345,4,7.0163227532939345,17.692496780782676,20.173127697318705,13,25158.84202760024,25196.70765207834,experiment,FIFO,0.28,0,variant_2
7122,PACKAGING_3,PACKAGING_LINE_3,25183.73920996127,5.898279194509087,5,7.204685580247315,24.89718236102999,12.96844211707139,14,25158.84202760024,25196.70765207834,experiment,FIFO,0.28,0,variant_2
7122,INSPECTION_1_1,INSPECTION_1_1_LINE,25189.73922768016,6.000017718888557,6,6.000017718888557,30.897200079918548,6.968424398182833,16,25158.84202760024,25196.70765207834,experiment,FIFO,0.28,0,variant_2
7122,INSPECTION_1_2,INSPECTION_1_2_LINE,25190.50974667052,0.7705189903608698,7,0.7705189903608698,31.667719070279418,6.197905407821963,16,25158.84202760024,25196.70765207834,experiment,FIFO,0.28,0,variant_2
7122,INSPECTION_1_3,INSPECTION_1_3_LINE,25194.147552347986,3.637805677466531,8,3.637805677466531,35.30552474774595,2.5600997303554323,16,25158.84202760024,25196.70765207834,experiment,FIFO,0.28,0,variant_2
7122,INSPECTION_1_4,INSPECTION_1_4_LINE,25194.615757122127,0.4682047741407587,9,0.4682047741407587,35.77372952188671,2.0918949562146736,16,25158.84202760024,25196.70765207834,experiment,FIFO,0.28,0,variant_2
7122,INSPECTION_1_5,INSPECTION_1_5_LINE,25195.70243330364,1.0866761815123027,10,1.0866761815123027,36.86040570339901,1.0052187747023709,16,25158.84202760024,25196.70765207834,experiment,FIFO,0.28,0,variant_2
7122,INSPECTION_1_6,INSPECTION_1_6_LINE,25196.46467750074,0.7622441970997897,11,0.7622441970997897,37.6226499004988,0.24297457760258112,15,25158.84202760024,25196.70765207834,experiment,FIFO,0.28,0,variant_2
7122,INSPECTION_1_7,INSPECTION_1_7_LINE,25196.70765207834,0.24297457760258112,12,0.24297457760258112,37.86562447810138,0.0,14,25158.84202760024,25196.70765207834,experiment,FIFO,0.28,0,variant_2
7123,MOULDING_2,MOULDING_MACHINE_2,25156.05251080032,2.770053062860825,1,0.0,0.0,34.58834294967164,8,25156.05251080032,25190.640853749992,experiment,FIFO,0.28,0,variant_2
7123,ASSEMBLY_1_1,LINE_1_ASSEMBLY1,25156.82855630956,0.7760455092393386,2,0.7760455092393386,0.7760455092393386,33.8122974404323,8,25156.05251080032,25190.640853749992,experiment,FIFO,0.28,0,variant_2
7123,ASSEMBLY_2_1,ASSEMBLY2_LINE_1,25178.974123037,22.145566727438563,3,22.145566727438563,22.921612236677902,11.66673071299374,13,25156.05251080032,25190.640853749992,experiment,FIFO,0.28,0,variant_2
7123,SORTING,SORTING_ROBOT_1,25179.29128317636,0.31716013936238596,4,0.31716013936238596,23.238772376040288,11.349570573631354,13,25156.05251080032,25190.640853749992,experiment,FIFO,0.28,0,variant_2
7123,PACKAGING_1,PACKAGING_LINE_1,25182.53563940642,3.244356230057747,5,3.244356230057747,26.483128606098035,8.105214343573607,14,25156.05251080032,25190.640853749992,experiment,FIFO,0.28,0,variant_2
7123,INSPECTION_2_1,INSPECTION_2_1_LINE,25183.377930075687,0.8422906692685501,6,0.8422906692685501,27.325419275366585,7.262923674305057,14,25156.05251080032,25190.640853749992,experiment,FIFO,0.28,0,variant_2
7123,INSPECTION_2_2,INSPECTION_2_2_LINE,25185.30629785706,1.928367781372799,7,1.928367781372799,29.253787056739384,5.334555892932258,16,25156.05251080032,25190.640853749992,experiment,FIFO,0.28,0,variant_2
7123,INSPECTION_2_3,INSPECTION_2_3_LINE,25185.327118966583,0.02082110952324001,8,0.02082110952324001,29.274608166262624,5.313734783409018,16,25156.05251080032,25190.640853749992,experiment,FIFO,0.28,0,variant_2
7123,INSPECTION_2_4,INSPECTION_2_4_LINE,25185.6669327196,0.3398137530166423,9,0.3398137530166423,29.614421919279266,4.9739210303923755,16,25156.05251080032,25190.640853749992,experiment,FIFO,0.28,0,variant_2
7123,INSPECTION_2_5,INSPECTION_2_5_LINE,25186.24997056865,0.5830378490500152,10,0.5830378490500152,30.19745976832928,4.39088318134236,16,25156.05251080032,25190.640853749992,experiment,FIFO,0.28,0,variant_2
7123,INSPECTION_2_6,INSPECTION_2_6_LINE,25189.11971492729,2.8697443586388545,11,2.8697443586388545,33.067204126968136,1.5211388227035059,16,25156.05251080032,25190.640853749992,experiment,FIFO,0.28,0,variant_2
7123,INSPECTION_2_7,INSPECTION_2_7_LINE,25190.640853749992,1.5211388227035059,12,1.5211388227035059,34.58834294967164,0.0,15,25156.05251080032,25190.640853749992,experiment,FIFO,0.28,0,variant_2
7124,MOULDING_5,MOULDING_MACHINE_5,25158.890058633977,2.3219431267134496,1,0.0,0.0,88.81077813775482,10,25158.890058633977,25247.70083677173,experiment,FIFO,0.28,0,variant_4
7124,ASSEMBLY_1_4,LINE_4_ASSEMBLY1,25181.506660487063,22.61660185308574,2,22.61660185308574,22.61660185308574,66.19417628466908,13,25158.890058633977,25247.70083677173,experiment,FIFO,0.28,0,variant_4
7124,ASSEMBLY_2_2,ASSEMBLY2_LINE_2,25227.01655503581,1.4451735423353966,3,45.50989454874798,68.12649640183372,20.684281735921104,17,25158.890058633977,25247.70083677173,experiment,FIFO,0.28,0,variant_4
7124,SORTING,SORTING_ROBOT_1,25229.535236286607,2.5186812507963623,4,2.5186812507963623,70.64517765263008,18.16560048512474,16,25158.890058633977,25247.70083677173,experiment,FIFO,0.28,0,variant_4
7124,PACKAGING_3,PACKAGING_LINE_3,25238.05892885287,8.523692566264799,5,8.523692566264799,79.16887021889488,9.641907918859943,18,25158.890058633977,25247.70083677173,experiment,FIFO,0.28,0,variant_4
7124,INSPECTION_2_1,INSPECTION_2_1_LINE,25239.11586551049,1.0569366576164612,6,1.0569366576164612,80.22580687651134,8.584971261243481,20,25158.890058633977,25247.70083677173,experiment,FIFO,0.28,0,variant_4
7124,INSPECTION_2_2,INSPECTION_2_2_LINE,25241.04192009633,1.9260545858414844,7,1.9260545858414844,82.15186146235283,6.658916675401997,21,25158.890058633977,25247.70083677173,experiment,FIFO,0.28,0,variant_4
7124,INSPECTION_2_3,INSPECTION_2_3_LINE,25244.60757695957,3.5656568632402923,8,3.5656568632402923,85.71751832559312,3.0932598121617048,18,25158.890058633977,25247.70083677173,experiment,FIFO,0.28,0,variant_4
7124,INSPECTION_2_4,INSPECTION_2_4_LINE,25244.63644129016,0.02886433059029514,9,0.02886433059029514,85.74638265618341,3.0643954815714096,18,25158.890058633977,25247.70083677173,experiment,FIFO,0.28,0,variant_4
7124,INSPECTION_2_5,INSPECTION_2_5_LINE,25244.701730661192,0.06528937103212229,10,0.06528937103212229,85.81167202721554,2.9991061105392873,18,25158.890058633977,25247.70083677173,experiment,FIFO,0.28,0,variant_4
7124,INSPECTION_2_6,INSPECTION_2_6_LINE,25247.490195337952,2.7884646767597587,11,2.7884646767597587,88.6001367039753,0.2106414337795286,19,25158.890058633977,25247.70083677173,experiment,FIFO,0.28,0,variant_4
7124,INSPECTION_2_7,INSPECTION_2_7_LINE,25247.70083677173,0.2106414337795286,12,0.2106414337795286,88.81077813775482,0.0,18,25158.890058633977,25247.70083677173,experiment,FIFO,0.28,0,variant_4
7125,MOULDING_5,MOULDING_MACHINE_5,25160.89512902855,2.0050703945744317,1,0.0,0.0,35.36453443788923,12,25160.89512902855,25196.25966346644,experiment,FIFO,0.28,0,variant_1
7125,ASSEMBLY_1_1,LINE_1_ASSEMBLY1,25167.317378066648,6.422249038096197,2,6.422249038096197,6.422249038096197,28.942285399793036,9,25160.89512902855,25196.25966346644,experiment,FIFO,0.28,0,variant_1
7125,ASSEMBLY_2_2,ASSEMBLY2_LINE_2,25171.14158796995,1.6233863422203285,3,3.82420990330138,10.246458941397577,25.118075496491656,9,25160.89512902855,25196.25966346644,experiment,FIFO,0.28,0,variant_1
7125,SORTING,SORTING_ROBOT_1,25178.522670386075,1.9881460050528403,4,7.381082416126446,17.627541357524024,17.73699308036521,13,25160.89512902855,25196.25966346644,experiment,FIFO,0.28,0,variant_1
7125,PACKAGING_3,PACKAGING_LINE_3,25186.94137146856,3.2021615072917484,5,8.418701082486223,26.046242440010246,9.318291997878987,17,25160.89512902855,25196.25966346644,experiment,FIFO,0.28,0,variant_1
7125,INSPECTION_2_1,INSPECTION_2_1_LINE,25188.274812035845,1.3334405672831053,6,1.3334405672831053,27.37968300729335,7.9848514305958815,16,25160.89512902855,25196.25966346644,experiment,FIFO,0.28,0,variant_1
7125,INSPECTION_2_2,INSPECTION_2_2_LINE,25188.872024202865,0.5972121670201886,7,0.5972121670201886,27.97689517431354,7.387639263575693,16,25160.89512902855,25196.25966346644,experiment,FIFO,0.28,0,variant_1
7125,INSPECTION_2_3,INSPECTION_2_3_LINE,25189.92627570825,1.0542515053857642,8,1.0542515053857642,29.031146679699305,6.333387758189929,16,25160.89512902855,25196.25966346644,experiment,FIFO,0.28,0,variant_1
7125,INSPECTION_2_3,INSPECTION_2_3_LINE,25191.28836190441,1.362086196160817,9,1.362086196160817,30.39323287586012,4.971301562029112,15,25160.89512902855,25196.25966346644,experiment,FIFO,0.28,0,variant_1
7125,INSPECTION_2_4,INSPECTION_2_4_LINE,25191.575549143297,0.28718723888596287,10,0.28718723888596287,30.680420114746084,4.684114323143149,15,25160.89512902855,25196.25966346644,experiment,FIFO,0.28,0,variant_1
7125,INSPECTION_2_5,INSPECTION_2_5_LINE,25191.73063627161,0.15508712831433513,11,0.15508712831433513,30.83550724306042,4.529027194828814,15,25160.89512902855,25196.25966346644,experiment,FIFO,0.28,0,variant_1
7125,INSPECTION_2_6,INSPECTION_2_6_LINE,25192.265577041235,0.5349407696230628,12,0.5349407696230628,31.370448012683482,3.994086425205751,15,25160.89512902855,25196.25966346644,experiment,FIFO,0.28,0,variant_1
7125,INSPECTION_2_6,INSPECTION_2_6_LINE,25193.431721051675,1.1661440104398935,13,1.1661440104398935,32.536592023123376,2.8279424147658574,15,25160.89512902855,25196.25966346644,experiment,FIFO,0.28,0,variant_1
7125,INSPECTION_2_7,INSPECTION_2_7_LINE,25196.25966346644,2.8279424147658574,14,2.8279424147658574,35.36453443788923,0.0,15,25160.89512902855,25196.25966346644,experiment,FIFO,0.28,0,variant_1
7126,MOULDING_3,MOULDING_MACHINE_3,25159.348264402848,2.1247237948882685,1,0.0,0.0,45.38253790719682,12,25159.348264402848,25204.730802310045,experiment,FIFO,0.28,0,variant_3
7126,MOULDING_3,MOULDING_MACHINE_3,25169.68045504707,10.332190644221555,2,10.332190644221555,10.332190644221555,35.050347262975265,9,25159.348264402848,25204.730802310045,experiment,FIFO,0.28,0,variant_3
7126,ASSEMBLY_1_1,LINE_1_ASSEMBLY1,25187.726002130552,2.1890491562589887,3,18.045547083482234,28.37773772770379,17.00480017949303,17,25159.348264402848,25204.730802310045,experiment,FIFO,0.28,0,variant_3
7126,ASSEMBLY_2_1,ASSEMBLY2_LINE_1,25191.26078866401,2.0398329843519605,4,3.5347865334588278,31.912524261162616,13.470013646034204,15,25159.348264402848,25204.730802310045,experiment,FIFO,0.28,0,variant_3
7126,SORTING,SORTING_ROBOT_1,25192.727555642014,1.4667669780028518,5,1.4667669780028518,33.37929123916547,12.003246668031352,15,25159.348264402848,25204.730802310045,experiment,FIFO,0.28,0,variant_3
7126,PACKAGING_1,PACKAGING_LINE_1,25195.71627508892,2.9887194469047245,6,2.9887194469047245,36.36801068607019,9.014527221126627,16,25159.348264402848,25204.730802310045,experiment,FIFO,0.28,0,variant_3
7126,INSPECTION_2_1,INSPECTION_2_1_LINE,25195.91915102686,0.20287593794273562,7,0.20287593794273562,36.57088662401293,8.811651283183892,16,25159.348264402848,25204.730802310045,experiment,FIFO,0.28,0,variant_3
7126,INSPECTION_2_2,INSPECTION_2_2_LINE,25199.39024007076,3.471089043898246,8,3.471089043898246,40.041975667911174,5.340562239285646,15,25159.348264402848,25204.730802310045,experiment,FIFO,0.28,0,variant_3
7126,INSPECTION_2_3,INSPECTION_2_3_LINE,25199.8852252692,0.4949851984420093,9,0.4949851984420093,40.53696086635318,4.8455770408436365,15,25159.348264402848,25204.730802310045,experiment,FIFO,0.28,0,variant_3
7126,INSPECTION_2_4,INSPECTION_2_4_LINE,25200.771510833067,0.8862855638653855,10,0.8862855638653855,41.42324643021857,3.959291476978251,14,25159.348264402848,25204.730802310045,experiment,FIFO,0.28,0,variant_3
7126,INSPECTION_2_5,INSPECTION_2_5_LINE,25203.05870507077,2.2871942377023515,11,2.2871942377023515,43.71044066792092,1.6720972392758995,14,25159.348264402848,25204.730802310045,experiment,FIFO,0.28,0,variant_3
7126,INSPECTION_2_6,INSPECTION_2_6_LINE,25203.22653450104,0.16782943026919384,12,0.16782943026919384,43.878270098190114,1.5042678090067056,14,25159.348264402848,25204.730802310045,experiment,FIFO,0.28,0,variant_3
7126,INSPECTION_2_7,INSPECTION_2_7_LINE,25204.730802310045,1.5042678090067056,13,1.5042678090067056,45.38253790719682,0.0,12,25159.348264402848,25204.730802310045,experiment,FIFO,0.28,0,variant_3
7127,MOULDING_1,MOULDING_MACHINE_1,25161.168375650755,2.0079843030580378,1,0.0,0.0,70.8111231095063,13,25161.168375650755,25231.97949876026,experiment,FIFO,0.28,0,variant_5
7127,ASSEMBLY_1_1,LINE_1_ASSEMBLY1,25178.361317276136,11.043939209488599,2,17.192941625380627,17.192941625380627,53.61818148412567,13,25161.168375650755,25231.97949876026,experiment,FIFO,0.28,0,variant_5
7127,ASSEMBLY_2_2,ASSEMBLY2_LINE_2,25207.45545923732,5.364213206670684,3,29.094141961184505,46.28708358656513,24.524039522941166,12,25161.168375650755,25231.97949876026,experiment,FIFO,0.28,0,variant_5
7127,SORTING,SORTING_ROBOT_1,25217.9678744341,2.6940338412568963,4,10.51241519677933,56.79949878334446,14.011624326161837,13,25161.168375650755,25231.97949876026,experiment,FIFO,0.28,0,variant_5
7127,PACKAGING_1,PACKAGING_LINE_1,25218.16866939988,0.20079496578182443,5,0.20079496578182443,57.000293749126286,13.810829360380012,14,25161.168375650755,25231.97949876026,experiment,FIFO,0.28,0,variant_5
7127,INSPECTION_2_1,INSPECTION_2_1_LINE,25221.56838485255,3.399715452669625,6,3.399715452669625,60.40000920179591,10.411113907710387,14,25161.168375650755,25231.97949876026,experiment,FIFO,0.28,0,variant_5
7127,INSPECTION_2_2,INSPECTION_2_2_LINE,25224.20419021566,2.635805363108375,7,2.635805363108375,63.035814564904285,7.775308544602012,16,25161.168375650755,25231.97949876026,experiment,FIFO,0.28,0,variant_5
7127,INSPECTION_2_3,INSPECTION_2_3_LINE,25226.86565667988,1.4914017124719976,8,2.6614664642220305,65.69728102912632,5.113842080379982,17,25161.168375650755,25231.97949876026,experiment,FIFO,0.28,0,variant_5
7127,INSPECTION_2_4,INSPECTION_2_4_LINE,25227.228701514825,0.363044834943139,9,0.363044834943139,66.06032586406945,4.750797245436843,17,25161.168375650755,25231.97949876026,experiment,FIFO,0.28,0,variant_5
7127,INSPECTION_2_5,INSPECTION_2_5_LINE,25229.13531193069,0.07919984297041083,10,1.906610415866453,67.96693627993591,2.84418682957039,17,25161.168375650755,25231.97949876026,experiment,FIFO,0.28,0,variant_5
7127,INSPECTION_2_6,INSPECTION_2_6_LINE,25230.347754231097,0.5232923725670844,11,1.21244230040611,69.17937858034202,1.6317445291642798,16,25161.168375650755,25231.97949876026,experiment,FIFO,0.28,0,variant_5
7127,INSPECTION_2_7,INSPECTION_2_7_LINE,25231.97949876026,0.6406349591561593,12,1.6317445291642798,70.8111231095063,0.0,14,25161.168375650755,25231.97949876026,experiment,FIFO,0.28,0,variant_5
7128,MOULDING_2,MOULDING_MACHINE_2,25163.14950056732,2.230570012827229,1,0.0,0.0,83.35896039128056,13,25163.14950056732,25246.5084609586,experiment,FIFO,0.28,0,variant_2
7128,ASSEMBLY_1_1,LINE_1_ASSEMBLY1,25185.536952974293,7.175635698156839,2,22.387452406972443,22.387452406972443,60.97150798430812,16,25163.14950056732,25246.5084609586,experiment,FIFO,0.28,0,variant_2
7128,ASSEMBLY_2_2,ASSEMBLY2_LINE_2,25232.23300728246,5.2164522466482595,3,46.69605430816591,69.08350671513836,14.275453676142206,14,25163.14950056732,25246.5084609586,experiment,FIFO,0.28,0,variant_2
7128,SORTING,SORTING_ROBOT_1,25233.08206042332,0.849053140860633,4,0.849053140860633,69.93255985599899,13.426400535281573,14,25163.14950056732,25246.5084609586,experiment,FIFO,0.28,0,variant_2
7128,PACKAGING_3,PACKAGING_LINE_3,25238.625031808628,0.5661029557559232,5,5.542971385308192,75.47553124130718,7.883429149973381,19,25163.14950056732,25246.5084609586,experiment,FIFO,0.28,0,variant_2
7128,INSPECTION_1_1,INSPECTION_1_1_LINE,25239.32209656605,0.6970647574235045,6,0.6970647574235045,76.17259599873069,7.186364392549876,20,25163.14950056732,25246.5084609586,experiment,FIFO,0.28,0,variant_2
7128,INSPECTION_1_2,INSPECTION_1_2_LINE,25240.097539118466,0.7754425524144608,7,0.7754425524144608,76.94803855114515,6.4109218401354156,20,25163.14950056732,25246.5084609586,experiment,FIFO,0.28,0,variant_2
7128,INSPECTION_1_3,INSPECTION_1_3_LINE,25241.054530191395,0.956991072929668,8,0.956991072929668,77.90502962407481,5.4539307672057475,21,25163.14950056732,25246.5084609586,experiment,FIFO,0.28,0,variant_2
7128,INSPECTION_1_4,INSPECTION_1_4_LINE,25244.31197673688,3.257446545485436,9,3.257446545485436,81.16247616956025,2.1964842217203113,18,25163.14950056732,25246.5084609586,experiment,FIFO,0.28,0,variant_2
7128,INSPECTION_1_5,INSPECTION_1_5_LINE,25244.670568894708,0.35859215782693354,10,0.35859215782693354,81.52106832738718,1.8378920638933778,18,25163.14950056732,25246.5084609586,experiment,FIFO,0.28,0,variant_2
7128,INSPECTION_1_6,INSPECTION_1_6_LINE,25245.876498102087,1.2059292073790857,11,1.2059292073790857,82.72699753476627,0.6319628565142921,18,25163.14950056732,25246.5084609586,experiment,FIFO,0.28,0,variant_2
7128,INSPECTION_1_7,INSPECTION_1_7_LINE,25246.220671991126,0.3441738890396664,12,0.3441738890396664,83.07117142380594,0.2877889674746257,18,25163.14950056732,25246.5084609586,experiment,FIFO,0.28,0,variant_2
7128,INSPECTION_1_7,INSPECTION_1_7_LINE,25246.5084609586,0.2877889674746257,13,0.2877889674746257,83.35896039128056,0.0,17,25163.14950056732,25246.5084609586,experiment,FIFO,0.28,0,variant_2
7129,MOULDING_4,MOULDING_MACHINE_4,25172.53143554561,7.2991940495303425,1,0.0,0.0,58.807428255495324,11,25172.53143554561,25231.338863801106,experiment,FIFO,0.28,0,variant_2
7129,ASSEMBLY_1_5,LINE_5_ASSEMBLY1,25174.47920069309,1.9477651474808226,2,1.9477651474808226,1.9477651474808226,56.8596631080145,12,25172.53143554561,25231.338863801106,experiment,FIFO,0.28,0,variant_2
7129,ASSEMBLY_2_2,ASSEMBLY2_LINE_2,25202.09124603065,27.61204533755881,3,27.61204533755881,29.559810485039634,29.24761777045569,15,25172.53143554561,25231.338863801106,experiment,FIFO,0.28,0,variant_2
7129,SORTING,SORTING_ROBOT_1,25203.94163784244,0.02331215574668022,4,1.85039181178945,31.410202296829084,27.39722595866624,13,25172.53143554561,25231.338863801106,experiment,FIFO,0.28,0,variant_2
7129,PACKAGING_1,PACKAGING_LINE_1,25216.62853632552,7.524938152546383,5,12.686898483079858,44.09710077990894,14.710327475586382,14,25172.53143554561,25231.338863801106,experiment,FIFO,0.28,0,variant_2
7129,INSPECTION_2_1,INSPECTION_2_1_LINE,25217.586475321183,0.9579389956634259,6,0.9579389956634259,45.05503977557237,13.752388479922956,13,25172.53143554561,25231.338863801106,experiment,FIFO,0.28,0,variant_2
7129,INSPECTION_2_2,INSPECTION_2_2_LINE,25218.518441401386,0.931966080202983,7,0.931966080202983,45.98700585577535,12.820422399719973,14,25172.53143554561,25231.338863801106,experiment,FIFO,0.28,0,variant_2
7129,INSPECTION_2_3,INSPECTION_2_3_LINE,25225.37425496741,6.855813566024153,8,6.855813566024153,52.842819421799504,5.96460883369582,17,25172.53143554561,25231.338863801106,experiment,FIFO,0.28,0,variant_2
7129,INSPECTION_2_4,INSPECTION_2_4_LINE,25226.80401125972,1.429756292309321,9,1.429756292309321,54.272575714108825,4.534852541386499,17,25172.53143554561,25231.338863801106,experiment,FIFO,0.28,0,variant_2
7129,INSPECTION_2_5,INSPECTION_2_5_LINE,25229.05611208772,2.2521008280018577,10,2.2521008280018577,56.52467654211068,2.2827517133846413,17,25172.53143554561,25231.338863801106,experiment,FIFO,0.28,0,variant_2
7129,INSPECTION_2_6,INSPECTION_2_6_LINE,25229.82446185853,0.7683497708094364,11,0.7683497708094364,57.29302631292012,1.5144019425752049,16,25172.53143554561,25231.338863801106,experiment,FIFO,0.28,0,variant_2
7129,INSPECTION_2_7,INSPECTION_2_7_LINE,25231.338863801106,1.5144019425752049,12,1.5144019425752049,58.807428255495324,0.0,15,25172.53143554561,25231.338863801106,experiment,FIFO,0.28,0,variant_2
7130,MOULDING_1,MOULDING_MACHINE_1,25172.126433117734,1.564330101453379,1,0.0,0.0,69.08540256923516,10,25172.126433117734,25241.21183568697,experiment,FIFO,0.28,0,variant_6
7130,ASSEMBLY_1_2,LINE_2_ASSEMBLY1,25178.96546458116,6.839031463427091,2,6.839031463427091,6.839031463427091,62.246371105808066,13,25172.126433117734,25241.21183568697,experiment,FIFO,0.28,0,variant_6
7130,ASSEMBLY_2_2,ASSEMBLY2_LINE_2,25225.571381493475,18.11592225615459,3,46.60591691231457,53.44494837574166,15.640454193493497,17,25172.126433117734,25241.21183568697,experiment,FIFO,0.28,0,variant_6
7130,SORTING,SORTING_ROBOT_1,25225.763220875186,0.19183938171045156,4,0.19183938171045156,53.63678775745211,15.448614811783045,17,25172.126433117734,25241.21183568697,experiment,FIFO,0.28,0,variant_6
7130,PACKAGING_3,PACKAGING_LINE_3,25226.580581509483,0.8173606342970743,5,0.8173606342970743,54.454148391749186,14.631254177485971,17,25172.126433117734,25241.21183568697,experiment,FIFO,0.28,0,variant_6
7130,INSPECTION_2_1,INSPECTION_2_1_LINE,25226.612701019167,0.03211950968398014,6,0.03211950968398014,54.486267901433166,14.59913466780199,17,25172.126433117734,25241.21183568697,experiment,FIFO,0.28,0,variant_6
7130,INSPECTION_2_2,INSPECTION_2_2_LINE,25226.748522546703,0.13582152753588161,7,0.13582152753588161,54.62208942896905,14.46331314026611,17,25172.126433117734,25241.21183568697,experiment,FIFO,0.28,0,variant_6
7130,INSPECTION_2_3,INSPECTION_2_3_LINE,25234.731915848715,4.2753911999789125,8,7.983393302012701,62.60548273098175,6.479919838253409,18,25172.126433117734,25241.21183568697,experiment,FIFO,0.28,0,variant_6
7130,INSPECTION_2_4,INSPECTION_2_4_LINE,25237.708639259108,2.9767234103928786,9,2.9767234103928786,65.58220614137463,3.50319642786053,18,25172.126433117734,25241.21183568697,experiment,FIFO,0.28,0,variant_6
7130,INSPECTION_2_5,INSPECTION_2_5_LINE,25239.26525545308,1.556616193971422,10,1.556616193971422,67.13882233534605,1.946580233889108,20,25172.126433117734,25241.21183568697,experiment,FIFO,0.28,0,variant_6
7130,INSPECTION_2_6,INSPECTION_2_6_LINE,25240.326513165583,1.061257712502993,11,1.061257712502993,68.20008004784904,0.8853225213861151,20,25172.126433117734,25241.21183568697,experiment,FIFO,0.28,0,variant_6
7130,INSPECTION_2_7,INSPECTION_2_7_LINE,25241.21183568697,0.8853225213861151,12,0.8853225213861151,69.08540256923516,0.0,20,25172.126433117734,25241.21183568697,experiment,FIFO,0.28,0,variant_6
7131,MOULDING_1,MOULDING_MACHINE_1,25174.02882843552,1.9023953177857038,1,0.0,0.0,28.878572079840524,12,25174.02882843552,25202.90740051536,experiment,FIFO,0.28,0,variant_2
7131,ASSEMBLY_1_3,LINE_3_ASSEMBLY1,25179.60483904691,5.576010611392121,2,5.576010611392121,5.576010611392121,23.302561468448403,13,25174.02882843552,25202.90740051536,experiment,FIFO,0.28,0,variant_2
7131,ASSEMBLY_2_1,ASSEMBLY2_LINE_1,25182.881458767675,2.596814046315558,3,3.276619720763847,8.852630332155968,20.025941747684556,14,25174.02882843552,25202.90740051536,experiment,FIFO,0.28,0,variant_2
7131,SORTING,SORTING_ROBOT_1,25184.15597570957,1.274516941895854,4,1.274516941895854,10.127147274051822,18.7514248057887,14,25174.02882843552,25202.90740051536,experiment,FIFO,0.28,0,variant_2
7131,PACKAGING_3,PACKAGING_LINE_3,25190.12469109634,3.1833196277766547,5,5.968715386767144,16.095862660818966,12.782709419021558,16,25174.02882843552,25202.90740051536,experiment,FIFO,0.28,0,variant_2
7131,INSPECTION_1_1,INSPECTION_1_1_LINE,25191.79999284231,1.4638428432590445,6,1.6753017459705006,17.771164406789467,11.107407673051057,15,25174.02882843552,25202.90740051536,experiment,FIFO,0.28,0,variant_2
7131,INSPECTION_1_2,INSPECTION_1_2_LINE,25192.395797973888,0.5958051315792545,7,0.5958051315792545,18.36696953836872,10.511602541471802,15,25174.02882843552,25202.90740051536,experiment,FIFO,0.28,0,variant_2
7131,INSPECTION_1_3,INSPECTION_1_3_LINE,25195.7504922052,1.130519619469851,8,3.3546942313114414,21.721663769680163,7.156908310160361,16,25174.02882843552,25202.90740051536,experiment,FIFO,0.28,0,variant_2
7131,INSPECTION_1_4,INSPECTION_1_4_LINE,25197.69656367381,1.386296159158519,9,1.946071468610171,23.667735238290334,5.21083684155019,14,25174.02882843552,25202.90740051536,experiment,FIFO,0.28,0,variant_2
7131,INSPECTION_1_5,INSPECTION_1_5_LINE,25198.08395194314,0.3873882693296764,10,0.3873882693296764,24.05512350762001,4.823448572220514,14,25174.02882843552,25202.90740051536,experiment,FIFO,0.28,0,variant_2
7131,INSPECTION_1_6,INSPECTION_1_6_LINE,25199.04094305221,0.9569911090693495,11,0.9569911090693495,25.01211461668936,3.866457463151164,15,25174.02882843552,25202.90740051536,experiment,FIFO,0.28,0,variant_2
7131,INSPECTION_1_7,INSPECTION_1_7_LINE,25202.90740051536,2.8106991694003227,12,3.866457463151164,28.878572079840524,0.0,14,25174.02882843552,25202.90740051536,experiment,FIFO,0.28,0,variant_2
7132,MOULDING_3,MOULDING_MACHINE_3,25176.509125201923,0.8554126634335262,1,0.0,0.0,40.466381907659525,13,25176.509125201923,25216.975507109582,experiment,FIFO,0.28,0,variant_4
7132,ASSEMBLY_1_1,LINE_1_ASSEMBLY1,25188.29733725531,0.571335124757752,2,11.788212053386815,11.788212053386815,28.67816985427271,16,25176.509125201923,25216.975507109582,experiment,FIFO,0.28,0,variant_4
7132,ASSEMBLY_2_1,ASSEMBLY2_LINE_1,25199.98076385045,8.719975186439115,3,11.68342659514019,23.471638648527005,16.99474325913252,15,25176.509125201923,25216.975507109582,experiment,FIFO,0.28,0,variant_4
7132,SORTING,SORTING_ROBOT_1,25203.918325686693,3.9375618362428213,4,3.9375618362428213,27.409200484769826,13.057181422889698,13,25176.509125201923,25216.975507109582,experiment,FIFO,0.28,0,variant_4
7132,PACKAGING_1,PACKAGING_LINE_1,25209.103598172973,5.185272486280155,5,5.185272486280155,32.59447297104998,7.871908936609543,13,25176.509125201923,25216.975507109582,experiment,FIFO,0.28,0,variant_4
7132,INSPECTION_2_1,INSPECTION_2_1_LINE,25210.959350407426,1.855752234452666,6,1.855752234452666,34.45022520550265,6.016156702156877,13,25176.509125201923,25216.975507109582,experiment,FIFO,0.28,0,variant_4
7132,INSPECTION_2_2,INSPECTION_2_2_LINE,25211.500168561648,0.5408181542225066,7,0.5408181542225066,34.991043359725154,5.475338547934371,13,25176.509125201923,25216.975507109582,experiment,FIFO,0.28,0,variant_4
7132,INSPECTION_2_3,INSPECTION_2_3_LINE,25211.730286370464,0.23011780881643062,8,0.23011780881643062,35.221161168541585,5.24522073911794,13,25176.509125201923,25216.975507109582,experiment,FIFO,0.28,0,variant_4
7132,INSPECTION_2_4,INSPECTION_2_4_LINE,25211.7337981785,0.003511808034090791,9,0.003511808034090791,35.224672976575675,5.241708931083849,13,25176.509125201923,25216.975507109582,experiment,FIFO,0.28,0,variant_4
7132,INSPECTION_2_5,INSPECTION_2_5_LINE,25216.441119779265,4.707321600766591,10,4.707321600766591,39.931994577342266,0.5343873303172586,14,25176.509125201923,25216.975507109582,experiment,FIFO,0.28,0,variant_4
7132,INSPECTION_2_6,INSPECTION_2_6_LINE,25216.49887120792,0.05775142865604721,11,0.05775142865604721,39.98974600599831,0.4766359016612114,14,25176.509125201923,25216.975507109582,experiment,FIFO,0.28,0,variant_4
7132,INSPECTION_2_7,INSPECTION_2_7_LINE,25216.975507109582,0.4766359016612114,12,0.4766359016612114,40.466381907659525,0.0,13,25176.509125201923,25216.975507109582,experiment,FIFO,0.28,0,variant_4
7133,MOULDING_1,MOULDING_MACHINE_1,25184.578433962124,4.369330631059711,1,0.0,0.0,44.9242835909572,15,25184.578433962124,25229.50271755308,experiment,FIFO,0.28,0,variant_2
7133,ASSEMBLY_1_1,LINE_1_ASSEMBLY1,25192.43621807384,4.138880818529287,2,7.857784111714864,7.857784111714864,37.06649947924234,15,25184.578433962124,25229.50271755308,experiment,FIFO,0.28,0,variant_2
7133,ASSEMBLY_2_1,ASSEMBLY2_LINE_1,25202.41661493012,2.435851079670101,3,9.980396856281004,17.838180967995868,27.086102622961334,15,25184.578433962124,25229.50271755308,experiment,FIFO,0.28,0,variant_2
7133,SORTING,SORTING_ROBOT_1,25215.273840592843,11.332202750403667,4,12.857225662723067,30.695406630718935,14.228876960238267,14,25184.578433962124,25229.50271755308,experiment,FIFO,0.28,0,variant_2
7133,PACKAGING_1,PACKAGING_LINE_1,25217.721379522056,1.0928431965367054,5,2.4475389292128966,33.14294555993183,11.78133803102537,13,25184.578433962124,25229.50271755308,experiment,FIFO,0.28,0,variant_2
7133,INSPECTION_1_1,INSPECTION_1_1_LINE,25221.487268465284,3.7658889432277647,6,3.7658889432277647,36.908834503159596,8.015449087797606,14,25184.578433962124,25229.50271755308,experiment,FIFO,0.28,0,variant_2
7133,INSPECTION_1_2,INSPECTION_1_2_LINE,25223.16783051343,1.6805620481463848,7,1.6805620481463848,38.58939655130598,6.334887039651221,15,25184.578433962124,25229.50271755308,experiment,FIFO,0.28,0,variant_2
7133,INSPECTION_1_3,INSPECTION_1_3_LINE,25223.674026170425,0.5061956569952599,8,0.5061956569952599,39.09559220830124,5.828691382655961,16,25184.578433962124,25229.50271755308,experiment,FIFO,0.28,0,variant_2
7133,INSPECTION_1_4,INSPECTION_1_4_LINE,25225.37745316012,1.7034269896939804,9,1.7034269896939804,40.79901919799522,4.125264392961981,17,25184.578433962124,25229.50271755308,experiment,FIFO,0.28,0,variant_2
7133,INSPECTION_1_5,INSPECTION_1_5_LINE,25226.02273042803,0.6452772679112968,10,0.6452772679112968,41.44429646590652,3.479987125050684,17,25184.578433962124,25229.50271755308,experiment,FIFO,0.28,0,variant_2
7133,INSPECTION_1_6,INSPECTION_1_6_LINE,25229.26532604632,3.2425956182887603,11,3.2425956182887603,44.68689208419528,0.23739150676192367,17,25184.578433962124,25229.50271755308,experiment,FIFO,0.28,0,variant_2
7133,INSPECTION_1_7,INSPECTION_1_7_LINE,25229.50271755308,0.23739150676192367,12,0.23739150676192367,44.9242835909572,0.0,16,25184.578433962124,25229.50271755308,experiment,FIFO,0.28,0,variant_2
7134,MOULDING_4,MOULDING_MACHINE_4,25181.70210674908,0.8651443195012689,1,0.0,0.0,21.541905953195965,14,25181.70210674908,25203.244012702275,experiment,FIFO,0.28,0,variant_4
7134,ASSEMBLY_1_4,LINE_4_ASSEMBLY1,25184.926989769647,3.224883020568086,2,3.224883020568086,3.224883020568086,18.31702293262788,15,25181.70210674908,25203.244012702275,experiment,FIFO,0.28,0,variant_4
7134,ASSEMBLY_2_1,ASSEMBLY2_LINE_1,25189.22095567966,4.293965910012048,3,4.293965910012048,7.518848930580134,14.02305702261583,16,25181.70210674908,25203.244012702275,experiment,FIFO,0.28,0,variant_4
7134,SORTING,SORTING_ROBOT_1,25189.28484162408,0.06388594442250906,4,0.06388594442250906,7.582734875002643,13.959171078193322,16,25181.70210674908,25203.244012702275,experiment,FIFO,0.28,0,variant_4
7134,PACKAGING_3,PACKAGING_LINE_3,25191.964106501204,1.8394154048655764,5,2.6792648771224776,10.26199975212512,11.279906201070844,15,25181.70210674908,25203.244012702275,experiment,FIFO,0.28,0,variant_4
7134,INSPECTION_1_1,INSPECTION_1_1_LINE,25191.96654032364,0.002433822435705224,6,0.002433822435705224,10.264433574560826,11.277472378635139,15,25181.70210674908,25203.244012702275,experiment,FIFO,0.28,0,variant_4
7134,INSPECTION_1_2,INSPECTION_1_2_LINE,25193.179929009228,0.7841310353396693,7,1.2133886855881428,11.477822260148969,10.064083693046996,15,25181.70210674908,25203.244012702275,experiment,FIFO,0.28,0,variant_4
7134,INSPECTION_1_3,INSPECTION_1_3_LINE,25195.82206332436,0.07157111916239955,8,2.6421343151341716,14.11995657528314,7.421949377912824,16,25181.70210674908,25203.244012702275,experiment,FIFO,0.28,0,variant_4
7134,INSPECTION_1_4,INSPECTION_1_4_LINE,25198.14293589856,0.44637222474921145,9,2.320872574196983,16.440829149480123,5.101076803715841,14,25181.70210674908,25203.244012702275,experiment,FIFO,0.28,0,variant_4
7134,INSPECTION_1_5,INSPECTION_1_5_LINE,25198.977634403927,0.8346985053685785,10,0.8346985053685785,17.275527654848702,4.266378298347263,15,25181.70210674908,25203.244012702275,experiment,FIFO,0.28,0,variant_4
7134,INSPECTION_1_6,INSPECTION_1_6_LINE,25199.2374829666,0.19653991439190577,11,0.2598485626731417,17.535376217521844,4.006529735674121,15,25181.70210674908,25203.244012702275,experiment,FIFO,0.28,0,variant_4
7134,INSPECTION_1_7,INSPECTION_1_7_LINE,25203.244012702275,0.33661218691486283,12,4.006529735674121,21.541905953195965,0.0,13,25181.70210674908,25203.244012702275,experiment,FIFO,0.28,0,variant_4
7135,MOULDING_1,MOULDING_MACHINE_1,25185.15734274964,0.5789087875164114,1,0.0,0.0,80.91896157162046,16,25185.15734274964,25266.07630432126,experiment,FIFO,0.28,0,variant_2
7135,ASSEMBLY_1_2,LINE_2_ASSEMBLY1,25200.5250465107,15.367703761057783,2,15.367703761057783,15.367703761057783,65.55125781056267,14,25185.15734274964,25266.07630432126,experiment,FIFO,0.28,0,variant_2
7135,ASSEMBLY_2_2,ASSEMBLY2_LINE_2,25242.97284397078,10.739836688320793,3,42.44779746008135,57.81550122113913,23.103460350481328,19,25185.15734274964,25266.07630432126,experiment,FIFO,0.28,0,variant_2
7135,SORTING,SORTING_ROBOT_1,25249.66724842204,3.994374880927353,4,6.694404451260198,64.50990567239933,16.40905589922113,18,25185.15734274964,25266.07630432126,experiment,FIFO,0.28,0,variant_2
7135,PACKAGING_2,PACKAGING_LINE_2,25251.05333004388,1.386081621840276,5,1.386081621840276,65.8959872942396,15.022974277380854,19,25185.15734274964,25266.07630432126,experiment,FIFO,0.28,0,variant_2
7135,INSPECTION_1_1,INSPECTION_1_1_LINE,25252.251732176846,1.1984021329662937,6,1.1984021329662937,67.0943894272059,13.82457214441456,19,25185.15734274964,25266.07630432126,experiment,FIFO,0.28,0,variant_2
7135,INSPECTION_1_2,INSPECTION_1_2_LINE,25253.914462733395,1.6627305565489223,7,1.6627305565489223,68.75711998375482,12.161841587865638,19,25185.15734274964,25266.07630432126,experiment,FIFO,0.28,0,variant_2
7135,INSPECTION_1_3,INSPECTION_1_3_LINE,25254.89569922896,0.9339623144769575,8,0.9812364955650992,69.73835647931992,11.180605092300539,19,25185.15734274964,25266.07630432126,experiment,FIFO,0.28,0,variant_2
7135,INSPECTION_1_4,INSPECTION_1_4_LINE,25262.624977231862,2.8866821415249433,9,7.729278002901992,77.46763448222191,3.4513270893985464,18,25185.15734274964,25266.07630432126,experiment,FIFO,0.28,0,variant_2
7135,INSPECTION_1_4,INSPECTION_1_4_LINE,25263.301661814065,0.6766845822021423,10,0.6766845822021423,78.14431906442405,2.774642507196404,18,25185.15734274964,25266.07630432126,experiment,FIFO,0.28,0,variant_2
7135,INSPECTION_1_5,INSPECTION_1_5_LINE,25264.32124786952,1.0195860554558749,11,1.0195860554558749,79.16390511987993,1.7550564517405292,18,25185.15734274964,25266.07630432126,experiment,FIFO,0.28,0,variant_2
7135,INSPECTION_1_6,INSPECTION_1_6_LINE,25265.064647080577,0.743399211056385,12,0.743399211056385,79.90730433093631,1.0116572406841442,18,25185.15734274964,25266.07630432126,experiment,FIFO,0.28,0,variant_2
7135,INSPECTION_1_7,INSPECTION_1_7_LINE,25266.07630432126,1.0116572406841442,13,1.0116572406841442,80.91896157162046,0.0,18,25185.15734274964,25266.07630432126,experiment,FIFO,0.28,0,variant_2
7136,MOULDING_2,MOULDING_MACHINE_2,25186.425680218767,3.353996690842905,1,0.0,0.0,49.947432739314536,17,25186.425680218767,25236.37311295808,experiment,FIFO,0.28,0,variant_2
7136,ASSEMBLY_1_2,LINE_2_ASSEMBLY1,25207.314917939264,6.789871428565675,2,20.889237720497476,20.889237720497476,29.05819501881706,12,25186.425680218767,25236.37311295808,experiment,FIFO,0.28,0,variant_2
7136,ASSEMBLY_2_1,ASSEMBLY2_LINE_1,25209.59197688193,1.7401139680405322,3,2.2770589426654624,23.16629666316294,26.781136076151597,13,25186.425680218767,25236.37311295808,experiment,FIFO,0.28,0,variant_2
7136,SORTING,SORTING_ROBOT_1,25220.8509902458,1.447751320709358,4,11.259013363869599,34.42531002703254,15.522122712281998,14,25186.425680218767,25236.37311295808,experiment,FIFO,0.28,0,variant_2
7136,PACKAGING_2,PACKAGING_LINE_2,25222.89462191725,2.043631671451294,5,2.043631671451294,36.46894169848383,13.478491040830704,14,25186.425680218767,25236.37311295808,experiment,FIFO,0.28,0,variant_2
7136,INSPECTION_2_1,INSPECTION_2_1_LINE,25225.03815182318,2.143529905930336,6,2.143529905930336,38.61247160441417,11.334961134900368,16,25186.425680218767,25236.37311295808,experiment,FIFO,0.28,0,variant_2
7136,INSPECTION_2_2,INSPECTION_2_2_LINE,25226.236501353585,1.198349530404812,7,1.198349530404812,39.81082113481898,10.136611604495556,17,25186.425680218767,25236.37311295808,experiment,FIFO,0.28,0,variant_2
7136,INSPECTION_2_3,INSPECTION_2_3_LINE,25230.456524648736,3.5908679688545817,8,4.220023295150895,44.030844429969875,5.916588309344661,16,25186.425680218767,25236.37311295808,experiment,FIFO,0.28,0,variant_2
7136,INSPECTION_2_4,INSPECTION_2_4_LINE,25232.75581541652,2.299290767783532,9,2.299290767783532,46.33013519775341,3.617297541561129,14,25186.425680218767,25236.37311295808,experiment,FIFO,0.28,0,variant_2
7136,INSPECTION_2_5,INSPECTION_2_5_LINE,25233.45883391905,0.703018502528721,10,0.703018502528721,47.03315370028213,2.914279039032408,14,25186.425680218767,25236.37311295808,experiment,FIFO,0.28,0,variant_2
7136,INSPECTION_2_5,INSPECTION_2_5_LINE,25233.9924187958,0.5335848767499556,11,0.5335848767499556,47.56673857703208,2.3806941622824525,16,25186.425680218767,25236.37311295808,experiment,FIFO,0.28,0,variant_2
7136,INSPECTION_2_6,INSPECTION_2_6_LINE,25236.00079915365,2.0083803578527295,12,2.0083803578527295,49.57511893488481,0.37231380442972295,18,25186.425680218767,25236.37311295808,experiment,FIFO,0.28,0,variant_2
7136,INSPECTION_2_7,INSPECTION_2_7_LINE,25236.37311295808,0.37231380442972295,13,0.37231380442972295,49.947432739314536,0.0,17,25186.425680218767,25236.37311295808,experiment,FIFO,0.28,0,variant_2
7137,MOULDING_2,MOULDING_MACHINE_2,25194.09045132925,6.783394816451619,1,0.0,0.0,77.56797319185353,16,25194.09045132925,25271.658424521105,experiment,FIFO,0.28,0,variant_6
7137,ASSEMBLY_1_4,LINE_4_ASSEMBLY1,25202.68141708091,8.590965751656768,2,8.590965751656768,8.590965751656768,68.97700744019676,15,25194.09045132925,25271.658424521105,experiment,FIFO,0.28,0,variant_6
7137,ASSEMBLY_2_2,ASSEMBLY2_LINE_2,25254.311599067376,5.8182734011279535,3,51.630181986467505,60.22114773812427,17.346825453729252,19,25194.09045132925,25271.658424521105,experiment,FIFO,0.28,0,variant_6
7137,SORTING,SORTING_ROBOT_1,25262.43504603432,0.43616128820940503,4,8.123446966943447,68.34459470506772,9.223378486785805,18,25194.09045132925,25271.658424521105,experiment,FIFO,0.28,0,variant_6
7137,PACKAGING_2,PACKAGING_LINE_2,25264.580365435417,2.1453194010973675,5,2.1453194010973675,70.48991410616509,7.078059085688437,18,25194.09045132925,25271.658424521105,experiment,FIFO,0.28,0,variant_6
7137,INSPECTION_2_1,INSPECTION_2_1_LINE,25265.376903805674,0.7965383702576219,6,0.7965383702576219,71.28645247642271,6.2815207154308155,18,25194.09045132925,25271.658424521105,experiment,FIFO,0.28,0,variant_6
7137,INSPECTION_2_2,INSPECTION_2_2_LINE,25265.853407573904,0.4765037682300317,7,0.4765037682300317,71.76295624465274,5.805016947200784,18,25194.09045132925,25271.658424521105,experiment,FIFO,0.28,0,variant_6
7137,INSPECTION_2_3,INSPECTION_2_3_LINE,25268.109884958587,1.9114112208590086,8,2.256477384682512,74.01943362933525,3.548539562518272,18,25194.09045132925,25271.658424521105,experiment,FIFO,0.28,0,variant_6
7137,INSPECTION_2_4,INSPECTION_2_4_LINE,25268.2175710392,0.10768608061334817,9,0.10768608061334817,74.1271197099486,3.4408534819049237,18,25194.09045132925,25271.658424521105,experiment,FIFO,0.28,0,variant_6
7137,INSPECTION_2_5,INSPECTION_2_5_LINE,25268.332653279616,0.11508224041608628,10,0.11508224041608628,74.24220195036469,3.3257712414888374,18,25194.09045132925,25271.658424521105,experiment,FIFO,0.28,0,variant_6
7137,INSPECTION_2_6,INSPECTION_2_6_LINE,25268.85395235369,0.2930368256820657,11,0.5212990740728856,74.76350102443757,2.804472167415952,18,25194.09045132925,25271.658424521105,experiment,FIFO,0.28,0,variant_6
7137,INSPECTION_2_7,INSPECTION_2_7_LINE,25271.658424521105,2.543565532483626,12,2.804472167415952,77.56797319185353,0.0,16,25194.09045132925,25271.658424521105,experiment,FIFO,0.28,0,variant_6
7138,MOULDING_3,MOULDING_MACHINE_3,25201.90268420968,9.779202304358478,1,0.0,0.0,39.87758459605175,15,25201.90268420968,25241.78026880573,experiment,FIFO,0.28,0,variant_1
7138,ASSEMBLY_1_5,LINE_5_ASSEMBLY1,25206.779560223746,4.876876014066511,2,4.876876014066511,4.876876014066511,35.000708581985236,12,25201.90268420968,25241.78026880573,experiment,FIFO,0.28,0,variant_1
7138,ASSEMBLY_2_1,ASSEMBLY2_LINE_1,25207.85186291389,1.0723026901432604,3,1.0723026901432604,5.949178704209771,33.928405891841976,12,25201.90268420968,25241.78026880573,experiment,FIFO,0.28,0,variant_1
7138,SORTING,SORTING_ROBOT_1,25219.40323892509,1.4353644909897412,4,11.551376011200773,17.500554715410544,22.377029880641203,14,25201.90268420968,25241.78026880573,experiment,FIFO,0.28,0,variant_1
7138,PACKAGING_1,PACKAGING_LINE_1,25227.586935314128,8.183696389038232,5,8.183696389038232,25.684251104448776,14.19333349160297,17,25201.90268420968,25241.78026880573,experiment,FIFO,0.28,0,variant_1
7138,INSPECTION_2_1,INSPECTION_2_1_LINE,25228.984290573942,1.3973552598145034,6,1.3973552598145034,27.08160636426328,12.795978231788467,17,25201.90268420968,25241.78026880573,experiment,FIFO,0.28,0,variant_1
7138,INSPECTION_2_2,INSPECTION_2_2_LINE,25229.64958594173,0.6652953677876212,7,0.6652953677876212,27.7469017320509,12.130682864000846,16,25201.90268420968,25241.78026880573,experiment,FIFO,0.28,0,variant_1
7138,INSPECTION_2_3,INSPECTION_2_3_LINE,25234.75867002932,0.02675418060607626,8,5.109084087591327,32.85598581964223,7.021598776409519,18,25201.90268420968,25241.78026880573,experiment,FIFO,0.28,0,variant_1
7138,INSPECTION_2_4,INSPECTION_2_4_LINE,25238.60583374524,0.8971944861332304,9,3.8471637159200327,36.70314953556226,3.174435060489486,19,25201.90268420968,25241.78026880573,experiment,FIFO,0.28,0,variant_1
7138,INSPECTION_2_5,INSPECTION_2_5_LINE,25239.84140867133,0.5761532182514202,10,1.2355749260896118,37.93872446165187,1.9388601343998744,20,25201.90268420968,25241.78026880573,experiment,FIFO,0.28,0,variant_1
7138,INSPECTION_2_6,INSPECTION_2_6_LINE,25241.746625725234,1.4201125596518978,11,1.9052170539034705,39.84394151555534,0.033643080496403854,20,25201.90268420968,25241.78026880573,experiment,FIFO,0.28,0,variant_1
7138,INSPECTION_2_7,INSPECTION_2_7_LINE,25241.78026880573,0.033643080496403854,12,0.033643080496403854,39.87758459605175,0.0,19,25201.90268420968,25241.78026880573,experiment,FIFO,0.28,0,variant_1
7139,MOULDING_5,MOULDING_MACHINE_5,25198.955343948925,4.826895649763173,1,0.0,0.0,81.13664057363712,15,25198.955343948925,25280.09198452256,experiment,FIFO,0.28,0,variant_3
7139,ASSEMBLY_1_3,LINE_3_ASSEMBLY1,25202.21279056278,3.257446613853972,2,3.257446613853972,3.257446613853972,77.87919395978315,15,25198.955343948925,25280.09198452256,experiment,FIFO,0.28,0,variant_3
7139,ASSEMBLY_2_2,ASSEMBLY2_LINE_2,25248.493325666248,5.520481695468334,3,46.28053510346945,49.53798171732342,31.598658856313705,18,25198.955343948925,25280.09198452256,experiment,FIFO,0.28,0,variant_3
7139,SORTING,SORTING_ROBOT_1,25261.99888474611,5.410661581187014,4,13.505559079861996,63.043540797185415,18.09309977645171,18,25198.955343948925,25280.09198452256,experiment,FIFO,0.28,0,variant_3
7139,PACKAGING_3,PACKAGING_LINE_3,25266.01551026417,4.0166255180593,5,4.0166255180593,67.06016631524471,14.076474258392409,18,25198.955343948925,25280.09198452256,experiment,FIFO,0.28,0,variant_3
7139,INSPECTION_1_1,INSPECTION_1_1_LINE,25266.068494593022,0.05298432885319926,6,0.05298432885319926,67.11315064409791,14.02348992953921,19,25198.955343948925,25280.09198452256,experiment,FIFO,0.28,0,variant_3
7139,INSPECTION_1_2,INSPECTION_1_2_LINE,25266.78760012852,0.7191055354960554,7,0.7191055354960554,67.83225617959397,13.304384394043154,18,25198.955343948925,25280.09198452256,experiment,FIFO,0.28,0,variant_3
7139,INSPECTION_1_3,INSPECTION_1_3_LINE,25268.30647073192,1.5188706034023198,8,1.5188706034023198,69.35112678299629,11.785513790640834,18,25198.955343948925,25280.09198452256,experiment,FIFO,0.28,0,variant_3
7139,INSPECTION_1_4,INSPECTION_1_4_LINE,25271.85695072841,3.550479996487411,9,3.550479996487411,72.9016067794837,8.235033794153424,17,25198.955343948925,25280.09198452256,experiment,FIFO,0.28,0,variant_3
7139,INSPECTION_1_5,INSPECTION_1_5_LINE,25272.42367096209,0.5667202336808259,10,0.5667202336808259,73.46832701316453,7.668313560472598,17,25198.955343948925,25280.09198452256,experiment,FIFO,0.28,0,variant_3
7139,INSPECTION_1_6,INSPECTION_1_6_LINE,25277.81258822672,5.388917264630436,11,5.388917264630436,78.85724427779496,2.2793962958421616,19,25198.955343948925,25280.09198452256,experiment,FIFO,0.28,0,variant_3
7139,INSPECTION_1_7,INSPECTION_1_7_LINE,25280.09198452256,2.2793962958421616,12,2.2793962958421616,81.13664057363712,0.0,19,25198.955343948925,25280.09198452256,experiment,FIFO,0.28,0,variant_3
7140,MOULDING_3,MOULDING_MACHINE_3,25208.01468091637,6.111996706691571,1,0.0,0.0,86.94958390551983,13,25208.01468091637,25294.96426482189,experiment,FIFO,0.28,0,variant_4
7140,ASSEMBLY_1_3,LINE_3_ASSEMBLY1,25229.77896400065,21.76428308427785,2,21.76428308427785,21.76428308427785,65.18530082124198,16,25208.01468091637,25294.96426482189,experiment,FIFO,0.28,0,variant_4
7140,ASSEMBLY_2_2,ASSEMBLY2_LINE_2,25262.036098243298,4.686656549914915,3,32.257134242649045,54.021417326926894,32.928166578592936,18,25208.01468091637,25294.96426482189,experiment,FIFO,0.28,0,variant_4
7140,SORTING,SORTING_ROBOT_1,25278.32257818904,2.194666243649408,4,16.28647994574203,70.30789727266892,16.641686632850906,19,25208.01468091637,25294.96426482189,experiment,FIFO,0.28,0,variant_4
7140,PACKAGING_1,PACKAGING_LINE_1,25286.61065481325,8.28807662420877,5,8.28807662420877,78.5959738968777,8.353610008642136,20,25208.01468091637,25294.96426482189,experiment,FIFO,0.28,0,variant_4
7140,INSPECTION_1_1,INSPECTION_1_1_LINE,25286.71509951205,0.10444469880167162,6,0.10444469880167162,78.70041859567937,8.249165309840464,20,25208.01468091637,25294.96426482189,experiment,FIFO,0.28,0,variant_4
7140,INSPECTION_1_2,INSPECTION_1_2_LINE,25287.554535728414,0.8394362163635378,7,0.8394362163635378,79.5398548120429,7.409729093476926,20,25208.01468091637,25294.96426482189,experiment,FIFO,0.28,0,variant_4
7140,INSPECTION_1_3,INSPECTION_1_3_LINE,25288.099036018066,0.5445002896522055,8,0.5445002896522055,80.08435510169511,6.865228803824721,20,25208.01468091637,25294.96426482189,experiment,FIFO,0.28,0,variant_4
7140,INSPECTION_1_4,INSPECTION_1_4_LINE,25289.707209670683,1.6081736526175519,9,1.6081736526175519,81.69252875431266,5.257055151207169,22,25208.01468091637,25294.96426482189,experiment,FIFO,0.28,0,variant_4
7140,INSPECTION_1_5,INSPECTION_1_5_LINE,25289.874882789984,0.1676731193001615,10,0.1676731193001615,81.86020187361282,5.089382031907007,22,25208.01468091637,25294.96426482189,experiment,FIFO,0.28,0,variant_4
7140,INSPECTION_1_6,INSPECTION_1_6_LINE,25291.02942697489,1.1545441849048075,11,1.1545441849048075,83.01474605851763,3.9348378470022,22,25208.01468091637,25294.96426482189,experiment,FIFO,0.28,0,variant_4
7140,INSPECTION_1_7,INSPECTION_1_7_LINE,25294.96426482189,3.9348378470022,12,3.9348378470022,86.94958390551983,0.0,22,25208.01468091637,25294.96426482189,experiment,FIFO,0.28,0,variant_4
7141,MOULDING_1,MOULDING_MACHINE_1,25223.16926070494,18.719167062819906,1,0.0,0.0,38.32656160457918,16,25223.16926070494,25261.49582230952,experiment,FIFO,0.28,0,variant_4
7141,ASSEMBLY_1_5,LINE_5_ASSEMBLY1,25232.41772535174,9.24846464680013,2,9.24846464680013,9.24846464680013,29.078096957779053,14,25223.16926070494,25261.49582230952,experiment,FIFO,0.28,0,variant_4
7141,ASSEMBLY_2_1,ASSEMBLY2_LINE_1,25235.852397385,2.3560103081181296,3,3.4346720332578116,12.683136680057942,25.64342492452124,18,25223.16926070494,25261.49582230952,experiment,FIFO,0.28,0,variant_4
7141,SORTING,SORTING_ROBOT_1,25245.672873541112,9.820476156113727,4,9.820476156113727,22.50361283617167,15.822948768407514,18,25223.16926070494,25261.49582230952,experiment,FIFO,0.28,0,variant_4
7141,PACKAGING_3,PACKAGING_LINE_3,25246.661278971693,0.9884054305803147,5,0.9884054305803147,23.492018266751984,14.8345433378272,17,25223.16926070494,25261.49582230952,experiment,FIFO,0.28,0,variant_4
7141,INSPECTION_1_1,INSPECTION_1_1_LINE,25247.072278230924,0.41099925923117553,6,0.41099925923117553,23.90301752598316,14.423544078596024,19,25223.16926070494,25261.49582230952,experiment,FIFO,0.28,0,variant_4
7141,INSPECTION_1_2,INSPECTION_1_2_LINE,25250.016007194023,2.9437289630986925,7,2.9437289630986925,26.846746489081852,11.479815115497331,19,25223.16926070494,25261.49582230952,experiment,FIFO,0.28,0,variant_4
7141,INSPECTION_1_3,INSPECTION_1_3_LINE,25253.961736914483,3.945729720460804,8,3.945729720460804,30.792476209542656,7.534085395036527,19,25223.16926070494,25261.49582230952,experiment,FIFO,0.28,0,variant_4
7141,INSPECTION_1_4,INSPECTION_1_4_LINE,25259.738295090337,5.7765581758540065,9,5.7765581758540065,36.56903438539666,1.7575272191825206,19,25223.16926070494,25261.49582230952,experiment,FIFO,0.28,0,variant_4
7141,INSPECTION_1_5,INSPECTION_1_5_LINE,25260.319906232693,0.5816111423555412,10,0.5816111423555412,37.150645527752204,1.1759160768269794,19,25223.16926070494,25261.49582230952,experiment,FIFO,0.28,0,variant_4
7141,INSPECTION_1_6,INSPECTION_1_6_LINE,25261.27673739404,0.9568311613475089,11,0.9568311613475089,38.10747668909971,0.2190849154794705,19,25223.16926070494,25261.49582230952,experiment,FIFO,0.28,0,variant_4
7141,INSPECTION_1_7,INSPECTION_1_7_LINE,25261.49582230952,0.2190849154794705,12,0.2190849154794705,38.32656160457918,0.0,18,25223.16926070494,25261.49582230952,experiment,FIFO,0.28,0,variant_4
7142,MOULDING_2,MOULDING_MACHINE_2,25212.885617496584,3.3034544545917015,1,0.0,0.0,70.33906052975362,14,25212.885617496584,25283.224678026338,experiment,FIFO,0.28,0,variant_3
7142,ASSEMBLY_1_2,LINE_2_ASSEMBLY1,25218.85013042765,5.964512931066565,2,5.964512931066565,5.964512931066565,64.37454759868706,14,25212.885617496584,25283.224678026338,experiment,FIFO,0.28,0,variant_3
7142,ASSEMBLY_2_2,ASSEMBLY2_LINE_2,25256.492672697044,2.18107362966839,3,37.64254226939374,43.60705520046031,26.732005329293315,19,25212.885617496584,25283.224678026338,experiment,FIFO,0.28,0,variant_3
7142,SORTING,SORTING_ROBOT_1,25269.108766013804,3.0400963900719944,4,12.616093316759361,56.22314851721967,14.115912012533954,18,25212.885617496584,25283.224678026338,experiment,FIFO,0.28,0,variant_3
7142,PACKAGING_3,PACKAGING_LINE_3,25273.047895395663,3.9391293818589475,5,3.9391293818589475,60.16227789907862,10.176782630675007,17,25212.885617496584,25283.224678026338,experiment,FIFO,0.28,0,variant_3
7142,INSPECTION_2_1,INSPECTION_2_1_LINE,25274.111361712185,1.0634663165219536,6,1.0634663165219536,61.22574421560057,9.113316314153053,18,25212.885617496584,25283.224678026338,experiment,FIFO,0.28,0,variant_3
7142,INSPECTION_2_2,INSPECTION_2_2_LINE,25275.12464247674,1.0132807645568391,7,1.0132807645568391,62.23902498015741,8.100035549596214,19,25212.885617496584,25283.224678026338,experiment,FIFO,0.28,0,variant_3
7142,INSPECTION_2_3,INSPECTION_2_3_LINE,25275.363321952467,0.23867947572580306,8,0.23867947572580306,62.47770445588321,7.861356073870411,19,25212.885617496584,25283.224678026338,experiment,FIFO,0.28,0,variant_3
7142,INSPECTION_2_4,INSPECTION_2_4_LINE,25277.3952482468,2.031926294333971,9,2.031926294333971,64.50963075021718,5.82942977953644,19,25212.885617496584,25283.224678026338,experiment,FIFO,0.28,0,variant_3
7142,INSPECTION_2_5,INSPECTION_2_5_LINE,25278.573186153862,1.1779379070612777,10,1.1779379070612777,65.68756865727846,4.651491872475162,19,25212.885617496584,25283.224678026338,experiment,FIFO,0.28,0,variant_3
7142,INSPECTION_2_6,INSPECTION_2_6_LINE,25278.858068879417,0.28488272555478034,11,0.28488272555478034,65.97245138283324,4.366609146920382,19,25212.885617496584,25283.224678026338,experiment,FIFO,0.28,0,variant_3
7142,INSPECTION_2_7,INSPECTION_2_7_LINE,25283.224678026338,4.366609146920382,12,4.366609146920382,70.33906052975362,0.0,20,25212.885617496584,25283.224678026338,experiment,FIFO,0.28,0,variant_3
7143,MOULDING_4,MOULDING_MACHINE_4,25218.10726567711,5.865045696980815,1,0.0,0.0,66.43216036088415,14,25218.10726567711,25284.539426037994,experiment,FIFO,0.28,0,variant_4
7143,ASSEMBLY_1_2,LINE_2_ASSEMBLY1,25227.47876546801,8.628635040360678,2,9.371499790900998,9.371499790900998,57.060660569983156,17,25218.10726567711,25284.539426037994,experiment,FIFO,0.28,0,variant_4
7143,ASSEMBLY_2_2,ASSEMBLY2_LINE_2,25257.349441693383,0.85676899633836,3,29.870676225371426,39.242176016272424,27.18998434461173,19,25218.10726567711,25284.539426037994,experiment,FIFO,0.28,0,variant_4
7143,SORTING,SORTING_ROBOT_1,25276.12791194539,7.019145931586536,4,18.778470252007537,58.02064626827996,8.411514092604193,19,25218.10726567711,25284.539426037994,experiment,FIFO,0.28,0,variant_4
7143,PACKAGING_2,PACKAGING_LINE_2,25277.15745416049,1.0295422150993545,5,1.0295422150993545,59.050188483379316,7.381971877504839,19,25218.10726567711,25284.539426037994,experiment,FIFO,0.28,0,variant_4
7143,INSPECTION_2_1,INSPECTION_2_1_LINE,25278.904131627765,1.746677467275731,6,1.746677467275731,60.79686595065505,5.635294410229108,19,25218.10726567711,25284.539426037994,experiment,FIFO,0.28,0,variant_4
7143,INSPECTION_2_2,INSPECTION_2_2_LINE,25278.955231807657,0.05110017989136395,7,0.05110017989136395,60.84796613054641,5.584194230337744,20,25218.10726567711,25284.539426037994,experiment,FIFO,0.28,0,variant_4
7143,INSPECTION_2_3,INSPECTION_2_3_LINE,25280.801943541417,1.8467117337604577,8,1.8467117337604577,62.69467786430687,3.737482496577286,19,25218.10726567711,25284.539426037994,experiment,FIFO,0.28,0,variant_4
7143,INSPECTION_2_4,INSPECTION_2_4_LINE,25280.957137055306,0.15519351388866198,9,0.15519351388866198,62.84987137819553,3.582288982688624,19,25218.10726567711,25284.539426037994,experiment,FIFO,0.28,0,variant_4
7143,INSPECTION_2_5,INSPECTION_2_5_LINE,25281.116153503703,0.15901644839686924,10,0.15901644839686924,63.0088878265924,3.4232725342917547,19,25218.10726567711,25284.539426037994,experiment,FIFO,0.28,0,variant_4
7143,INSPECTION_2_6,INSPECTION_2_6_LINE,25284.1587589381,2.1580184846607153,11,3.0426054343988653,66.05149326099126,0.3806670998928894,21,25218.10726567711,25284.539426037994,experiment,FIFO,0.28,0,variant_4
7143,INSPECTION_2_7,INSPECTION_2_7_LINE,25284.539426037994,0.07520429004216567,12,0.3806670998928894,66.43216036088415,0.0,19,25218.10726567711,25284.539426037994,experiment,FIFO,0.28,0,variant_4
7144,MOULDING_2,MOULDING_MACHINE_2,25233.74604150062,16.219351820865995,1,0.0,0.0,77.89955447650937,16,25233.74604150062,25311.64559597713,experiment,FIFO,0.28,0,variant_4
7144,ASSEMBLY_1_2,LINE_2_ASSEMBLY1,25250.931909073468,17.1858675728472,2,17.1858675728472,17.1858675728472,60.713686903662165,19,25233.74604150062,25311.64559597713,experiment,FIFO,0.28,0,variant_4
7144,ASSEMBLY_2_2,ASSEMBLY2_LINE_2,25297.041737927862,2.46862523875825,3,46.109828854394436,63.29569642724164,14.603858049267728,22,25233.74604150062,25311.64559597713,experiment,FIFO,0.28,0,variant_4
7144,SORTING,SORTING_ROBOT_1,25303.932967109384,2.9558834311719693,4,6.891229181521339,70.18692560876298,7.712628867746389,21,25233.74604150062,25311.64559597713,experiment,FIFO,0.28,0,variant_4
7144,PACKAGING_2,PACKAGING_LINE_2,25305.4179410654,1.4849739560158923,5,1.4849739560158923,71.67189956477887,6.227654911730497,22,25233.74604150062,25311.64559597713,experiment,FIFO,0.28,0,variant_4
7144,INSPECTION_2_1,INSPECTION_2_1_LINE,25305.58524832437,0.16730725896923104,6,0.16730725896923104,71.8392068237481,6.060347652761266,22,25233.74604150062,25311.64559597713,experiment,FIFO,0.28,0,variant_4
7144,INSPECTION_2_2,INSPECTION_2_2_LINE,25307.716139239223,2.1308909148538078,7,2.1308909148538078,73.97009773860191,3.929456737907458,22,25233.74604150062,25311.64559597713,experiment,FIFO,0.28,0,variant_4
7144,INSPECTION_2_3,INSPECTION_2_3_LINE,25309.0865250488,1.3703858095759642,8,1.3703858095759642,75.34048354817787,2.5590709283314936,22,25233.74604150062,25311.64559597713,experiment,FIFO,0.28,0,variant_4
7144,INSPECTION_2_4,INSPECTION_2_4_LINE,25310.342402441653,1.2558773928540177,9,1.2558773928540177,76.59636094103189,1.303193535477476,22,25233.74604150062,25311.64559597713,experiment,FIFO,0.28,0,variant_4
7144,INSPECTION_2_5,INSPECTION_2_5_LINE,25310.675789626483,0.3333871848299168,10,0.3333871848299168,76.9297481258618,0.9698063506475592,22,25233.74604150062,25311.64559597713,experiment,FIFO,0.28,0,variant_4
7144,INSPECTION_2_6,INSPECTION_2_6_LINE,25311.16978845241,0.49399882592842914,11,0.49399882592842914,77.42374695179024,0.47580752471913,22,25233.74604150062,25311.64559597713,experiment,FIFO,0.28,0,variant_4
7144,INSPECTION_2_7,INSPECTION_2_7_LINE,25311.64559597713,0.47580752471913,12,0.47580752471913,77.89955447650937,0.0,21,25233.74604150062,25311.64559597713,experiment,FIFO,0.28,0,variant_4
7145,MOULDING_3,MOULDING_MACHINE_3,25234.044976666733,13.994351108987757,1,0.0,0.0,50.41924508121883,17,25234.044976666733,25284.464221747952,experiment,FIFO,0.28,0,variant_4
7145,ASSEMBLY_1_1,LINE_1_ASSEMBLY1,25253.40936741828,19.364390751547035,2,19.364390751547035,19.364390751547035,31.054854329671798,19,25234.044976666733,25284.464221747952,experiment,FIFO,0.28,0,variant_4
7145,ASSEMBLY_2_1,ASSEMBLY2_LINE_1,25255.72226619364,2.312898775358917,3,2.312898775358917,21.677289526905952,28.74195555431288,19,25234.044976666733,25284.464221747952,experiment,FIFO,0.28,0,variant_4
7145,SORTING,SORTING_ROBOT_1,25266.06866962373,3.6336235894123092,4,10.346403430092323,32.023692956998275,18.395552124220558,19,25234.044976666733,25284.464221747952,experiment,FIFO,0.28,0,variant_4
7145,PACKAGING_1,PACKAGING_LINE_1,25273.45087491164,7.382205287907709,5,7.382205287907709,39.405898244905984,11.013346836312849,17,25234.044976666733,25284.464221747952,experiment,FIFO,0.28,0,variant_4
7145,INSPECTION_2_1,INSPECTION_2_1_LINE,25275.10828265488,0.9969209426963062,6,1.6574077432414924,41.06330598814748,9.355939093071356,19,25234.044976666733,25284.464221747952,experiment,FIFO,0.28,0,variant_4
7145,INSPECTION_2_2,INSPECTION_2_2_LINE,25275.78318561674,0.6585431399980735,7,0.6749029618586064,41.73820895000608,8.68103613121275,19,25234.044976666733,25284.464221747952,experiment,FIFO,0.28,0,variant_4
7145,INSPECTION_2_3,INSPECTION_2_3_LINE,25275.900696520843,0.1175109041032556,8,0.1175109041032556,41.85571985410934,8.563525227109494,19,25234.044976666733,25284.464221747952,experiment,FIFO,0.28,0,variant_4
7145,INSPECTION_2_4,INSPECTION_2_4_LINE,25277.824455788097,0.4292075412959093,9,1.9237592672543542,43.77947912136369,6.63976595985514,19,25234.044976666733,25284.464221747952,experiment,FIFO,0.28,0,variant_4
7145,INSPECTION_2_5,INSPECTION_2_5_LINE,25279.725833434164,1.1526472803016077,10,1.901377646066976,45.68085676743067,4.738388313788164,20,25234.044976666733,25284.464221747952,experiment,FIFO,0.28,0,variant_4
7145,INSPECTION_2_6,INSPECTION_2_6_LINE,25282.00074045344,2.274907019276725,11,2.274907019276725,47.955763786707394,2.463481294511439,21,25234.044976666733,25284.464221747952,experiment,FIFO,0.28,0,variant_4
7145,INSPECTION_2_7,INSPECTION_2_7_LINE,25284.464221747952,1.2395437216146092,12,2.463481294511439,50.41924508121883,0.0,20,25234.044976666733,25284.464221747952,experiment,FIFO,0.28,0,variant_4
7146,MOULDING_4,MOULDING_MACHINE_4,25225.245481168247,3.92663576553241,1,0.0,0.0,17.896521446957195,17,25225.245481168247,25243.142002615205,experiment,FIFO,0.28,0,variant_1
7146,ASSEMBLY_1_3,LINE_3_ASSEMBLY1,25231.31035754396,0.8254339910017734,2,6.064876375712629,6.064876375712629,11.831645071244566,16,25225.245481168247,25243.142002615205,experiment,FIFO,0.28,0,variant_1
7146,ASSEMBLY_2_1,ASSEMBLY2_LINE_1,25233.49638707688,2.1860295329206565,3,2.1860295329206565,8.250905908633285,9.64561553832391,14,25225.245481168247,25243.142002615205,experiment,FIFO,0.28,0,variant_1
7146,SORTING,SORTING_ROBOT_1,25235.62642857909,2.130041502208769,4,2.130041502208769,10.380947410842055,7.51557403611514,18,25225.245481168247,25243.142002615205,experiment,FIFO,0.28,0,variant_1
7146,PACKAGING_2,PACKAGING_LINE_2,25236.410505529584,0.7840769504946365,5,0.7840769504946365,11.165024361336691,6.731497085620504,17,25225.245481168247,25243.142002615205,experiment,FIFO,0.28,0,variant_1
7146,INSPECTION_1_1,INSPECTION_1_1_LINE,25236.910906132107,0.5004006025228591,6,0.5004006025228591,11.66542496385955,6.2310964830976445,18,25225.245481168247,25243.142002615205,experiment,FIFO,0.28,0,variant_1
7146,INSPECTION_1_2,INSPECTION_1_2_LINE,25237.33465668669,0.42375055458251154,7,0.42375055458251154,12.089175518442062,5.807345928515133,18,25225.245481168247,25243.142002615205,experiment,FIFO,0.28,0,variant_1
7146,INSPECTION_1_3,INSPECTION_1_3_LINE,25238.986473729325,1.6518170426352299,8,1.6518170426352299,13.740992561077292,4.155528885879903,20,25225.245481168247,25243.142002615205,experiment,FIFO,0.28,0,variant_1
7146,INSPECTION_1_4,INSPECTION_1_4_LINE,25239.21118439649,0.22471066716389032,9,0.22471066716389032,13.965703228241182,3.930818218716013,20,25225.245481168247,25243.142002615205,experiment,FIFO,0.28,0,variant_1
7146,INSPECTION_1_5,INSPECTION_1_5_LINE,25242.344514763783,3.1333303672945476,10,3.1333303672945476,17.09903359553573,0.7974878514214652,19,25225.245481168247,25243.142002615205,experiment,FIFO,0.28,0,variant_1
7146,INSPECTION_1_6,INSPECTION_1_6_LINE,25242.394619588707,0.05010482492434676,11,0.05010482492434676,17.149138420460076,0.7473830264971184,19,25225.245481168247,25243.142002615205,experiment,FIFO,0.28,0,variant_1
7146,INSPECTION_1_7,INSPECTION_1_7_LINE,25243.142002615205,0.7473830264971184,12,0.7473830264971184,17.896521446957195,0.0,18,25225.245481168247,25243.142002615205,experiment,FIFO,0.28,0,variant_1
7147,MOULDING_5,MOULDING_MACHINE_5,25223.10205283124,1.614716615051293,1,0.0,0.0,72.61976715756828,15,25223.10205283124,25295.72181998881,experiment,FIFO,0.28,0,variant_3
7147,ASSEMBLY_1_3,LINE_3_ASSEMBLY1,25230.48492355296,0.7059595523096505,2,7.382870721718064,7.382870721718064,65.23689643585021,16,25223.10205283124,25295.72181998881,experiment,FIFO,0.28,0,variant_3
7147,ASSEMBLY_2_2,ASSEMBLY2_LINE_2,25270.898541657018,8.86244341372003,3,40.413618104059424,47.79648882577749,24.82327833179079,17,25223.10205283124,25295.72181998881,experiment,FIFO,0.28,0,variant_3
7147,SORTING,SORTING_ROBOT_1,25278.99110202036,0.6685238313220907,4,8.092560363344091,55.88904918912158,16.730717968446697,20,25223.10205283124,25295.72181998881,experiment,FIFO,0.28,0,variant_3
7147,PACKAGING_1,PACKAGING_LINE_1,25287.1828503274,0.5721955141525541,5,8.191748307039234,64.08079749616081,8.538969661407464,20,25223.10205283124,25295.72181998881,experiment,FIFO,0.28,0,variant_3
7147,INSPECTION_1_1,INSPECTION_1_1_LINE,25287.987485676407,0.8046353490062756,6,0.8046353490062756,64.88543284516709,7.734334312401188,20,25223.10205283124,25295.72181998881,experiment,FIFO,0.28,0,variant_3
7147,INSPECTION_1_2,INSPECTION_1_2_LINE,25290.04615905917,2.0586733827622083,7,2.0586733827622083,66.9441062279293,5.67566092963898,22,25223.10205283124,25295.72181998881,experiment,FIFO,0.28,0,variant_3
7147,INSPECTION_1_3,INSPECTION_1_3_LINE,25290.229365826337,0.1832067671675759,8,0.1832067671675759,67.12731299509687,5.492454162471404,22,25223.10205283124,25295.72181998881,experiment,FIFO,0.28,0,variant_3
7147,INSPECTION_1_4,INSPECTION_1_4_LINE,25290.392806863823,0.16344103748633643,9,0.16344103748633643,67.29075403258321,5.329013124985067,22,25223.10205283124,25295.72181998881,experiment,FIFO,0.28,0,variant_3
7147,INSPECTION_1_5,INSPECTION_1_5_LINE,25290.640807099528,0.24800023570423946,10,0.24800023570423946,67.53875426828745,5.081012889280828,22,25223.10205283124,25295.72181998881,experiment,FIFO,0.28,0,variant_3
7147,INSPECTION_1_6,INSPECTION_1_6_LINE,25293.68967234661,2.660245371720521,11,3.0488652470812667,70.58761951536871,2.0321476421995612,23,25223.10205283124,25295.72181998881,experiment,FIFO,0.28,0,variant_3
7147,INSPECTION_1_7,INSPECTION_1_7_LINE,25295.72181998881,0.7575551669178822,12,2.0321476421995612,72.61976715756828,0.0,21,25223.10205283124,25295.72181998881,experiment,FIFO,0.28,0,variant_3
7148,MOULDING_3,MOULDING_MACHINE_3,25238.324730832417,4.279754165683698,1,0.0,0.0,67.43338165216846,19,25238.324730832417,25305.758112484586,experiment,FIFO,0.28,0,variant_4
7148,ASSEMBLY_1_1,LINE_1_ASSEMBLY1,25279.909341503386,21.176802116635372,2,41.58461067096869,41.58461067096869,25.848770981199777,20,25238.324730832417,25305.758112484586,experiment,FIFO,0.28,0,variant_4
7148,ASSEMBLY_2_1,ASSEMBLY2_LINE_1,25287.15987005493,7.250528551543539,3,7.250528551543539,48.835139222512225,18.59824242965624,20,25238.324730832417,25305.758112484586,experiment,FIFO,0.28,0,variant_4
7148,SORTING,SORTING_ROBOT_1,25291.27101793596,4.111147881030774,4,4.111147881030774,52.946287103543,14.487094548625464,22,25238.324730832417,25305.758112484586,experiment,FIFO,0.28,0,variant_4
7148,PACKAGING_1,PACKAGING_LINE_1,25300.052836179075,8.781818243114685,5,8.781818243114685,61.728105346657685,5.705276305510779,21,25238.324730832417,25305.758112484586,experiment,FIFO,0.28,0,variant_4
7148,INSPECTION_2_1,INSPECTION_2_1_LINE,25300.23700787704,0.18417169796521193,6,0.18417169796521193,61.9122770446229,5.521104607545567,21,25238.324730832417,25305.758112484586,experiment,FIFO,0.28,0,variant_4
7148,INSPECTION_2_2,INSPECTION_2_2_LINE,25300.98791990785,0.7509120308095589,7,0.7509120308095589,62.663189075432456,4.770192576736008,21,25238.324730832417,25305.758112484586,experiment,FIFO,0.28,0,variant_4
7148,INSPECTION_2_3,INSPECTION_2_3_LINE,25302.389805168263,1.4018852604131098,8,1.4018852604131098,64.06507433584557,3.3683073163228983,21,25238.324730832417,25305.758112484586,experiment,FIFO,0.28,0,variant_4
7148,INSPECTION_2_4,INSPECTION_2_4_LINE,25302.550428159742,0.16062299147961312,9,0.16062299147961312,64.22569732732518,3.207684324843285,21,25238.324730832417,25305.758112484586,experiment,FIFO,0.28,0,variant_4
7148,INSPECTION_2_5,INSPECTION_2_5_LINE,25304.366622848487,1.816194688744872,10,1.816194688744872,66.04189201607005,1.391489636098413,20,25238.324730832417,25305.758112484586,experiment,FIFO,0.28,0,variant_4
7148,INSPECTION_2_6,INSPECTION_2_6_LINE,25305.02049468247,0.6538718339834304,11,0.6538718339834304,66.69576385005348,0.7376178021149826,22,25238.324730832417,25305.758112484586,experiment,FIFO,0.28,0,variant_4
7148,INSPECTION_2_7,INSPECTION_2_7_LINE,25305.758112484586,0.7376178021149826,12,0.7376178021149826,67.43338165216846,0.0,21,25238.324730832417,25305.758112484586,experiment,FIFO,0.28,0,variant_4
7149,MOULDING_1,MOULDING_MACHINE_1,25233.572120515146,3.5368324258852226,1,0.0,0.0,70.59780760809372,15,25233.572120515146,25304.16992812324,experiment,FIFO,0.28,0,variant_5
7149,ASSEMBLY_1_5,LINE_5_ASSEMBLY1,25234.940274263183,1.3681537480370025,2,1.3681537480370025,1.3681537480370025,69.22965386005671,18,25233.572120515146,25304.16992812324,experiment,FIFO,0.28,0,variant_5
7149,ASSEMBLY_2_2,ASSEMBLY2_LINE_2,25291.561372480253,20.66283082323571,3,56.62109821707054,57.98925196510754,12.608555642986175,23,25233.572120515146,25304.16992812324,experiment,FIFO,0.28,0,variant_5
7149,SORTING,SORTING_ROBOT_1,25294.115829150323,2.554456670070067,4,2.554456670070067,60.54370863517761,10.054098972916108,23,25233.572120515146,25304.16992812324,experiment,FIFO,0.28,0,variant_5
7149,PACKAGING_2,PACKAGING_LINE_2,25296.372438746814,2.256609596490307,5,2.256609596490307,62.800318231667916,7.797489376425801,22,25233.572120515146,25304.16992812324,experiment,FIFO,0.28,0,variant_5
7149,INSPECTION_2_1,INSPECTION_2_1_LINE,25298.25137311385,1.2760214542249741,6,1.8789343670359813,64.6792525987039,5.91855500938982,21,25233.572120515146,25304.16992812324,experiment,FIFO,0.28,0,variant_5
7149,INSPECTION_2_2,INSPECTION_2_2_LINE,25299.397354432927,0.6386476930456411,7,1.1459813190776913,65.82523391778159,4.772573690312129,21,25233.572120515146,25304.16992812324,experiment,FIFO,0.28,0,variant_5
7149,INSPECTION_2_3,INSPECTION_2_3_LINE,25299.707966643,0.16500831560915685,8,0.310612210072577,66.13584612785417,4.461961480239552,21,25233.572120515146,25304.16992812324,experiment,FIFO,0.28,0,variant_5
7149,INSPECTION_2_4,INSPECTION_2_4_LINE,25300.27899399088,0.5710273478798626,9,0.5710273478798626,66.70687347573403,3.890934132359689,21,25233.572120515146,25304.16992812324,experiment,FIFO,0.28,0,variant_5
7149,INSPECTION_2_5,INSPECTION_2_5_LINE,25301.98962561196,1.71063162108112,10,1.71063162108112,68.41750509681515,2.180302511278569,21,25233.572120515146,25304.16992812324,experiment,FIFO,0.28,0,variant_5
7149,INSPECTION_2_6,INSPECTION_2_6_LINE,25302.128635628025,0.139010016064276,11,0.139010016064276,68.55651511287942,2.041292495214293,22,25233.572120515146,25304.16992812324,experiment,FIFO,0.28,0,variant_5
7149,INSPECTION_2_7,INSPECTION_2_7_LINE,25304.16992812324,1.942892362971179,12,2.041292495214293,70.59780760809372,0.0,20,25233.572120515146,25304.16992812324,experiment,FIFO,0.28,0,variant_5
7150,MOULDING_5,MOULDING_MACHINE_5,25236.50416926613,4.027095404435386,1,0.0,0.0,80.51715544637045,18,25236.50416926613,25317.0213247125,experiment,FIFO,0.28,0,variant_6
7150,ASSEMBLY_1_3,LINE_3_ASSEMBLY1,25237.14211858289,0.6379493167623878,2,0.6379493167623878,0.6379493167623878,79.87920612960806,18,25236.50416926613,25317.0213247125,experiment,FIFO,0.28,0,variant_6
7150,ASSEMBLY_2_2,ASSEMBLY2_LINE_2,25294.573112689104,3.0117402088508243,3,57.43099410621289,58.06894342297528,22.448212023395172,23,25236.50416926613,25317.0213247125,experiment,FIFO,0.28,0,variant_6
7150,SORTING,SORTING_ROBOT_1,25300.97708367821,1.8057360959865036,4,6.40397098910762,64.4729144120829,16.044241034287552,21,25236.50416926613,25317.0213247125,experiment,FIFO,0.28,0,variant_6
7150,PACKAGING_1,PACKAGING_LINE_1,25311.88303094532,2.043410812399088,5,10.905947267106967,75.37886167918987,5.138293767180585,21,25236.50416926613,25317.0213247125,experiment,FIFO,0.28,0,variant_6
7150,INSPECTION_2_1,INSPECTION_2_1_LINE,25312.25004234497,0.36701139965225593,6,0.36701139965225593,75.74587307884212,4.771282367528329,21,25236.50416926613,25317.0213247125,experiment,FIFO,0.28,0,variant_6
7150,INSPECTION_2_2,INSPECTION_2_2_LINE,25312.736937880967,0.48689553599615465,7,0.48689553599615465,76.23276861483828,4.284386831532174,21,25236.50416926613,25317.0213247125,experiment,FIFO,0.28,0,variant_6
7150,INSPECTION_2_3,INSPECTION_2_3_LINE,25313.4709763876,0.7340385066345334,8,0.7340385066345334,76.96680712147281,3.550348324897641,21,25236.50416926613,25317.0213247125,experiment,FIFO,0.28,0,variant_6
7150,INSPECTION_2_4,INSPECTION_2_4_LINE,25313.510030611964,0.039054224362189416,9,0.039054224362189416,77.005861345835,3.5112941005354514,21,25236.50416926613,25317.0213247125,experiment,FIFO,0.28,0,variant_6
7150,INSPECTION_2_5,INSPECTION_2_5_LINE,25314.56734705913,1.0573164471643395,10,1.0573164471643395,78.06317779299934,2.453977653371112,21,25236.50416926613,25317.0213247125,experiment,FIFO,0.28,0,variant_6
7150,INSPECTION_2_6,INSPECTION_2_6_LINE,25315.86464322524,1.2972961661107547,11,1.2972961661107547,79.3604739591101,1.1566814872603572,21,25236.50416926613,25317.0213247125,experiment,FIFO,0.28,0,variant_6
7150,INSPECTION_2_7,INSPECTION_2_7_LINE,25317.0213247125,1.1566814872603572,12,1.1566814872603572,80.51715544637045,0.0,20,25236.50416926613,25317.0213247125,experiment,FIFO,0.28,0,variant_6
7151,MOULDING_2,MOULDING_MACHINE_2,25234.67333980451,0.9272983038899838,1,0.0,0.0,62.66063754103743,18,25234.67333980451,25297.33397734555,experiment,FIFO,0.28,0,variant_1
7151,ASSEMBLY_1_1,LINE_1_ASSEMBLY1,25258.73253938675,5.323171968469978,2,24.05919958223967,24.05919958223967,38.60143795879776,19,25234.67333980451,25297.33397734555,experiment,FIFO,0.28,0,variant_1
7151,ASSEMBLY_2_1,ASSEMBLY2_LINE_1,25271.401041410325,12.668502023574547,3,12.668502023574547,36.72770160581422,25.932935935223213,17,25234.67333980451,25297.33397734555,experiment,FIFO,0.28,0,variant_1
7151,SORTING,SORTING_ROBOT_1,25285.31006348112,6.318961460758146,4,13.90902207079489,50.63672367660911,12.023913864428323,20,25234.67333980451,25297.33397734555,experiment,FIFO,0.28,0,variant_1
7151,PACKAGING_3,PACKAGING_LINE_3,25287.66546947589,2.35540599477099,5,2.35540599477099,52.9921296713801,9.668507869657333,20,25234.67333980451,25297.33397734555,experiment,FIFO,0.28,0,variant_1
7151,INSPECTION_2_1,INSPECTION_2_1_LINE,25287.86594709851,0.20047762262038304,6,0.20047762262038304,53.19260729400048,9.46803024703695,20,25234.67333980451,25297.33397734555,experiment,FIFO,0.28,0,variant_1
7151,INSPECTION_2_2,INSPECTION_2_2_LINE,25289.19449442988,1.3285473313699185,7,1.3285473313699185,54.5211546253704,8.139482915667031,21,25234.67333980451,25297.33397734555,experiment,FIFO,0.28,0,variant_1
7151,INSPECTION_2_3,INSPECTION_2_3_LINE,25291.264828560383,2.0703341305015783,8,2.0703341305015783,56.59148875587198,6.069148785165453,22,25234.67333980451,25297.33397734555,experiment,FIFO,0.28,0,variant_1
7151,INSPECTION_2_4,INSPECTION_2_4_LINE,25294.81666481192,3.5518362515358604,9,3.5518362515358604,60.14332500740784,2.5173125336295925,23,25234.67333980451,25297.33397734555,experiment,FIFO,0.28,0,variant_1
7151,INSPECTION_2_5,INSPECTION_2_5_LINE,25295.84459766145,1.027932849530771,10,1.027932849530771,61.17125785693861,1.4893796840988216,21,25234.67333980451,25297.33397734555,experiment,FIFO,0.28,0,variant_1
7151,INSPECTION_2_6,INSPECTION_2_6_LINE,25296.26985243748,0.42525477602976025,11,0.42525477602976025,61.59651263296837,1.0641249080690613,22,25234.67333980451,25297.33397734555,experiment,FIFO,0.28,0,variant_1
7151,INSPECTION_2_7,INSPECTION_2_7_LINE,25297.33397734555,1.0641249080690613,12,1.0641249080690613,62.66063754103743,0.0,21,25234.67333980451,25297.33397734555,experiment,FIFO,0.28,0,variant_1
7152,MOULDING_3,MOULDING_MACHINE_3,25238.68655331488,0.36182248246404924,1,0.0,0.0,30.428305673740397,20,25238.68655331488,25269.11485898862,experiment,FIFO,0.28,0,variant_1
7152,ASSEMBLY_1_5,LINE_5_ASSEMBLY1,25240.14178973482,1.4552364199371368,2,1.4552364199371368,1.4552364199371368,28.97306925380326,20,25238.68655331488,25269.11485898862,experiment,FIFO,0.28,0,variant_1
7152,ASSEMBLY_2_1,ASSEMBLY2_LINE_1,25243.39322487518,3.251435140362446,3,3.251435140362446,4.706671560299583,25.721634113440814,18,25238.68655331488,25269.11485898862,experiment,FIFO,0.28,0,variant_1
7152,SORTING,SORTING_ROBOT_1,25256.588223164923,6.920974742883118,4,13.194998289742216,17.9016698500418,12.526635823698598,19,25238.68655331488,25269.11485898862,experiment,FIFO,0.28,0,variant_1
7152,PACKAGING_1,PACKAGING_LINE_1,25258.703851101083,2.1156279361603083,5,2.1156279361603083,20.017297786202107,10.41100788753829,19,25238.68655331488,25269.11485898862,experiment,FIFO,0.28,0,variant_1
7152,INSPECTION_2_1,INSPECTION_2_1_LINE,25260.70647017833,2.0026190772478003,6,2.0026190772478003,22.019916863449907,8.40838881029049,19,25238.68655331488,25269.11485898862,experiment,FIFO,0.28,0,variant_1
7152,INSPECTION_2_2,INSPECTION_2_2_LINE,25265.32935839868,4.622888220350433,7,4.622888220350433,26.64280508380034,3.7855005899400567,18,25238.68655331488,25269.11485898862,experiment,FIFO,0.28,0,variant_1
7152,INSPECTION_2_3,INSPECTION_2_3_LINE,25266.198473737728,0.8691153390464024,8,0.8691153390464024,27.511920422846742,2.9163852508936543,18,25238.68655331488,25269.11485898862,experiment,FIFO,0.28,0,variant_1
7152,INSPECTION_2_4,INSPECTION_2_4_LINE,25266.5288547148,0.3303809770732187,9,0.3303809770732187,27.84230139991996,2.5860042738204356,18,25238.68655331488,25269.11485898862,experiment,FIFO,0.28,0,variant_1
7152,INSPECTION_2_5,INSPECTION_2_5_LINE,25267.53257085382,1.0037161390173424,10,1.0037161390173424,28.846017538937303,1.5822881348030933,18,25238.68655331488,25269.11485898862,experiment,FIFO,0.28,0,variant_1
7152,INSPECTION_2_6,INSPECTION_2_6_LINE,25268.560915528007,1.028344674188702,11,1.028344674188702,29.874362213126005,0.5539434606143914,18,25238.68655331488,25269.11485898862,experiment,FIFO,0.28,0,variant_1
7152,INSPECTION_2_7,INSPECTION_2_7_LINE,25269.11485898862,0.5539434606143914,12,0.5539434606143914,30.428305673740397,0.0,17,25238.68655331488,25269.11485898862,experiment,FIFO,0.28,0,variant_1
7153,MOULDING_2,MOULDING_MACHINE_2,25240.536387108143,0.24523583246264025,1,0.0,0.0,80.93260267870573,21,25240.536387108143,25321.46898978685,experiment,FIFO,0.28,0,variant_6
7153,ASSEMBLY_1_1,LINE_1_ASSEMBLY1,25281.55634619641,1.647004693022609,2,41.01995908826575,41.01995908826575,39.912643590439984,20,25240.536387108143,25321.46898978685,experiment,FIFO,0.28,0,variant_6
7153,ASSEMBLY_2_1,ASSEMBLY2_LINE_1,25294.21464877484,7.054778719910246,3,12.658302578431176,53.678261666696926,27.25434101200881,23,25240.536387108143,25321.46898978685,experiment,FIFO,0.28,0,variant_6
7153,SORTING,SORTING_ROBOT_1,25299.171347582225,4.956698807385692,4,4.956698807385692,58.63496047408262,22.297642204623116,21,25240.536387108143,25321.46898978685,experiment,FIFO,0.28,0,variant_6
7153,PACKAGING_1,PACKAGING_LINE_1,25309.83962013292,9.78678395384486,5,10.668272550694383,69.303233024777,11.629369653928734,22,25240.536387108143,25321.46898978685,experiment,FIFO,0.28,0,variant_6
7153,INSPECTION_1_1,INSPECTION_1_1_LINE,25310.63882586568,0.7992057327610382,6,0.7992057327610382,70.10243875753804,10.830163921167696,22,25240.536387108143,25321.46898978685,experiment,FIFO,0.28,0,variant_6
7153,INSPECTION_1_2,INSPECTION_1_2_LINE,25311.98390855492,1.345082689240371,7,1.345082689240371,71.44752144677841,9.485081231927325,21,25240.536387108143,25321.46898978685,experiment,FIFO,0.28,0,variant_6
7153,INSPECTION_1_3,INSPECTION_1_3_LINE,25314.20077021715,2.2168616622293484,8,2.2168616622293484,73.66438310900776,7.268219569697976,21,25240.536387108143,25321.46898978685,experiment,FIFO,0.28,0,variant_6
7153,INSPECTION_1_4,INSPECTION_1_4_LINE,25314.507367900085,0.3065976829348074,9,0.3065976829348074,73.97098079194257,6.961621886763169,21,25240.536387108143,25321.46898978685,experiment,FIFO,0.28,0,variant_6
7153,INSPECTION_1_5,INSPECTION_1_5_LINE,25319.136063139547,4.628695239462104,10,4.628695239462104,78.59967603140467,2.332926647301065,21,25240.536387108143,25321.46898978685,experiment,FIFO,0.28,0,variant_6
7153,INSPECTION_1_6,INSPECTION_1_6_LINE,25320.083330273912,0.9472671343646653,11,0.9472671343646653,79.54694316576933,1.3856595129363996,21,25240.536387108143,25321.46898978685,experiment,FIFO,0.28,0,variant_6
7153,INSPECTION_1_7,INSPECTION_1_7_LINE,25321.46898978685,1.3856595129363996,12,1.3856595129363996,80.93260267870573,0.0,21,25240.536387108143,25321.46898978685,experiment,FIFO,0.28,0,variant_6
7154,MOULDING_5,MOULDING_MACHINE_5,25249.78020624368,6.185282657803327,1,0.0,0.0,75.08182076530284,19,25249.78020624368,25324.86202700898,experiment,FIFO,0.28,0,variant_1
7154,ASSEMBLY_1_1,LINE_1_ASSEMBLY1,25284.495100778146,2.9387545817371574,2,34.71489453446702,34.71489453446702,40.366926230835816,20,25249.78020624368,25324.86202700898,experiment,FIFO,0.28,0,variant_1
7154,ASSEMBLY_2_1,ASSEMBLY2_LINE_1,25297.231593117194,3.016944342354691,3,12.73649233904871,47.45138687351573,27.630433891787106,22,25249.78020624368,25324.86202700898,experiment,FIFO,0.28,0,variant_1
7154,SORTING,SORTING_ROBOT_1,25305.75877488895,1.8258077795653662,4,8.52718177175484,55.97856864527057,19.103252120032266,21,25249.78020624368,25324.86202700898,experiment,FIFO,0.28,0,variant_1
7154,PACKAGING_3,PACKAGING_LINE_3,25309.85939086242,4.100615973471577,5,4.100615973471577,60.07918461874215,15.00263614656069,22,25249.78020624368,25324.86202700898,experiment,FIFO,0.28,0,variant_1
7154,INSPECTION_1_1,INSPECTION_1_1_LINE,25311.150135278724,0.511309413042909,6,1.290744416302914,61.36992903504506,13.711891730257776,22,25249.78020624368,25324.86202700898,experiment,FIFO,0.28,0,variant_1
7154,INSPECTION_1_2,INSPECTION_1_2_LINE,25312.041202922912,0.05729436799083487,7,0.891067644188297,62.26099667923336,12.820824086069479,21,25249.78020624368,25324.86202700898,experiment,FIFO,0.28,0,variant_1
7154,INSPECTION_1_3,INSPECTION_1_3_LINE,25314.664825427888,0.4640552107375697,8,2.6236225049760833,64.88461918420944,10.197201581093395,21,25249.78020624368,25324.86202700898,experiment,FIFO,0.28,0,variant_1
7154,INSPECTION_1_4,INSPECTION_1_4_LINE,25315.630751692428,0.9659262645400304,9,0.9659262645400304,65.85054544874947,9.231275316553365,21,25249.78020624368,25324.86202700898,experiment,FIFO,0.28,0,variant_1
7154,INSPECTION_1_5,INSPECTION_1_5_LINE,25320.433953554868,1.2978904153205804,10,4.803201862439892,70.65374731118936,4.428073454113473,21,25249.78020624368,25324.86202700898,experiment,FIFO,0.28,0,variant_1
7154,INSPECTION_1_6,INSPECTION_1_6_LINE,25321.59577907729,1.1618255224238965,11,1.1618255224238965,71.81557283361326,3.266247931689577,21,25249.78020624368,25324.86202700898,experiment,FIFO,0.28,0,variant_1
7154,INSPECTION_1_7,INSPECTION_1_7_LINE,25324.86202700898,3.266247931689577,12,3.266247931689577,75.08182076530284,0.0,20,25249.78020624368,25324.86202700898,experiment,FIFO,0.28,0,variant_1
7155,MOULDING_2,MOULDING_MACHINE_2,25247.069837900028,2.7751042476811563,1,0.0,0.0,76.99594035982591,19,25247.069837900028,25324.065778259854,experiment,FIFO,0.28,0,variant_3
7155,ASSEMBLY_1_5,LINE_5_ASSEMBLY1,25276.583188771496,0.9138431425672024,2,29.513350871467992,29.513350871467992,47.48258948835792,19,25247.069837900028,25324.065778259854,experiment,FIFO,0.28,0,variant_3
7155,ASSEMBLY_2_2,ASSEMBLY2_LINE_2,25307.72882010171,6.758148640008585,3,31.14563133021511,60.6589822016831,16.336958158142806,22,25247.069837900028,25324.065778259854,experiment,FIFO,0.28,0,variant_3
7155,SORTING,SORTING_ROBOT_1,25308.271630952,0.5428108502892428,4,0.5428108502892428,61.201793051972345,15.794147307853564,22,25247.069837900028,25324.065778259854,experiment,FIFO,0.28,0,variant_3
7155,PACKAGING_1,PACKAGING_LINE_1,25312.099573194308,0.21654224898884422,5,3.827942242307472,65.02973529427982,11.966205065546092,21,25247.069837900028,25324.065778259854,experiment,FIFO,0.28,0,variant_3
7155,INSPECTION_2_1,INSPECTION_2_1_LINE,25312.26572657256,0.01568422759009991,6,0.16615337825351162,65.19588867253333,11.80005168729258,21,25247.069837900028,25324.065778259854,experiment,FIFO,0.28,0,variant_3
7155,INSPECTION_2_2,INSPECTION_2_2_LINE,25312.79748034366,0.060542462691955734,7,0.5317537710980105,65.72764244363134,11.26829791619457,21,25247.069837900028,25324.065778259854,experiment,FIFO,0.28,0,variant_3
7155,INSPECTION_2_3,INSPECTION_2_3_LINE,25314.0777371828,0.6067607951990794,8,1.280256839141657,67.007899282773,9.988041077052912,21,25247.069837900028,25324.065778259854,experiment,FIFO,0.28,0,variant_3
7155,INSPECTION_2_4,INSPECTION_2_4_LINE,25321.445198223057,7.367461040255876,9,7.367461040255876,74.37536032302887,2.620580036797037,22,25247.069837900028,25324.065778259854,experiment,FIFO,0.28,0,variant_3
7155,INSPECTION_2_5,INSPECTION_2_5_LINE,25323.460167642235,2.0149694191786693,10,2.0149694191786693,76.39032974220754,0.6056106176183675,22,25247.069837900028,25324.065778259854,experiment,FIFO,0.28,0,variant_3
7155,INSPECTION_2_6,INSPECTION_2_6_LINE,25323.56519090709,0.1050232648558449,11,0.1050232648558449,76.49535300706339,0.5005873527625226,22,25247.069837900028,25324.065778259854,experiment,FIFO,0.28,0,variant_3
7155,INSPECTION_2_7,INSPECTION_2_7_LINE,25324.065778259854,0.5005873527625226,12,0.5005873527625226,76.99594035982591,0.0,21,25247.069837900028,25324.065778259854,experiment,FIFO,0.28,0,variant_3
7156,MOULDING_3,MOULDING_MACHINE_3,25246.759629498447,1.0565364841932023,1,0.0,0.0,55.46740626182145,18,25246.759629498447,25302.22703576027,experiment,FIFO,0.28,0,variant_4
7156,ASSEMBLY_1_5,LINE_5_ASSEMBLY1,25275.66934562893,28.909716130481684,2,28.909716130481684,28.909716130481684,26.55769013133977,19,25246.759629498447,25302.22703576027,experiment,FIFO,0.28,0,variant_4
7156,ASSEMBLY_2_1,ASSEMBLY2_LINE_1,25276.47926875845,0.8099231295200298,3,0.8099231295200298,29.719639260001713,25.74776700181974,19,25246.759629498447,25302.22703576027,experiment,FIFO,0.28,0,variant_4
7156,SORTING,SORTING_ROBOT_1,25285.62108004144,0.3110165603211499,4,9.141811282992421,38.861450542994135,16.605955718827317,20,25246.759629498447,25302.22703576027,experiment,FIFO,0.28,0,variant_4
7156,PACKAGING_3,PACKAGING_LINE_3,25295.880048455,8.214578979110229,5,10.25896841356007,49.120418956554204,6.346987305267248,21,25246.759629498447,25302.22703576027,experiment,FIFO,0.28,0,variant_4
7156,INSPECTION_2_1,INSPECTION_2_1_LINE,25296.975351659625,1.095303204623633,6,1.095303204623633,50.21572216117784,5.251684100643615,22,25246.759629498447,25302.22703576027,experiment,FIFO,0.28,0,variant_4
7156,INSPECTION_2_2,INSPECTION_2_2_LINE,25298.75870673988,1.7833550802570244,7,1.7833550802570244,51.99907724143486,3.468329020386591,21,25246.759629498447,25302.22703576027,experiment,FIFO,0.28,0,variant_4
7156,INSPECTION_2_3,INSPECTION_2_3_LINE,25299.54295832739,0.7842515875090612,8,0.7842515875090612,52.78332882894392,2.6840774328775296,21,25246.759629498447,25302.22703576027,experiment,FIFO,0.28,0,variant_4
7156,INSPECTION_2_4,INSPECTION_2_4_LINE,25299.57995329673,0.03699496933768387,9,0.03699496933768387,52.820323798281606,2.6470824635398458,21,25246.759629498447,25302.22703576027,experiment,FIFO,0.28,0,variant_4
7156,INSPECTION_2_5,INSPECTION_2_5_LINE,25300.0020347112,0.4220814144719043,10,0.4220814144719043,53.24240521275351,2.2250010490679415,21,25246.759629498447,25302.22703576027,experiment,FIFO,0.28,0,variant_4
7156,INSPECTION_2_6,INSPECTION_2_6_LINE,25300.96827089772,0.9662361865193816,11,0.9662361865193816,54.20864139927289,1.25876486254856,21,25246.759629498447,25302.22703576027,experiment,FIFO,0.28,0,variant_4
7156,INSPECTION_2_7,INSPECTION_2_7_LINE,25302.22703576027,1.25876486254856,12,1.25876486254856,55.46740626182145,0.0,21,25246.759629498447,25302.22703576027,experiment,FIFO,0.28,0,variant_4
7157,MOULDING_1,MOULDING_MACHINE_1,25266.04675576807,1.745916025916813,1,0.0,0.0,61.60435263094769,19,25266.04675576807,25327.65110839902,experiment,FIFO,0.28,0,variant_2
7157,ASSEMBLY_1_2,LINE_2_ASSEMBLY1,25266.32404291168,0.2772871436100104,2,0.2772871436100104,0.2772871436100104,61.32706548733768,18,25266.04675576807,25327.65110839902,experiment,FIFO,0.28,0,variant_2
7157,ASSEMBLY_2_2,ASSEMBLY2_LINE_2,25300.970671461702,3.9289335338398814,3,34.64662855002098,34.92391569363099,26.6804369373167,21,25266.04675576807,25327.65110839902,experiment,FIFO,0.28,0,variant_2
7157,SORTING,SORTING_ROBOT_1,25307.591457383634,1.8326824946852867,4,6.620785921932111,41.5447016155631,20.05965101538459,22,25266.04675576807,25327.65110839902,experiment,FIFO,0.28,0,variant_2
7157,PACKAGING_2,PACKAGING_LINE_2,25321.29867661318,13.707219229545444,5,13.707219229545444,55.25192084510854,6.352431785839144,22,25266.04675576807,25327.65110839902,experiment,FIFO,0.28,0,variant_2
7157,INSPECTION_1_1,INSPECTION_1_1_LINE,25321.84163885549,0.5429622423107503,6,0.5429622423107503,55.794883087419294,5.809469543528394,22,25266.04675576807,25327.65110839902,experiment,FIFO,0.28,0,variant_2
7157,INSPECTION_1_2,INSPECTION_1_2_LINE,25323.192871309035,1.3512324535440712,7,1.3512324535440712,57.146115540963365,4.458237089984323,22,25266.04675576807,25327.65110839902,experiment,FIFO,0.28,0,variant_2
7157,INSPECTION_1_3,INSPECTION_1_3_LINE,25323.23699696768,0.044125658645498333,8,0.044125658645498333,57.19024119960886,4.414111431338824,22,25266.04675576807,25327.65110839902,experiment,FIFO,0.28,0,variant_2
7157,INSPECTION_1_4,INSPECTION_1_4_LINE,25326.638095507107,3.401098539427039,9,3.401098539427039,60.5913397390359,1.0130128919117851,21,25266.04675576807,25327.65110839902,experiment,FIFO,0.28,0,variant_2
7157,INSPECTION_1_5,INSPECTION_1_5_LINE,25326.653519203275,0.015423696167999879,10,0.015423696167999879,60.6067634352039,0.9975891957437852,20,25266.04675576807,25327.65110839902,experiment,FIFO,0.28,0,variant_2
7157,INSPECTION_1_6,INSPECTION_1_6_LINE,25327.284639907084,0.6311207038088469,11,0.6311207038088469,61.23788413901275,0.36646849193493836,20,25266.04675576807,25327.65110839902,experiment,FIFO,0.28,0,variant_2
7157,INSPECTION_1_7,INSPECTION_1_7_LINE,25327.65110839902,0.36646849193493836,12,0.36646849193493836,61.60435263094769,0.0,19,25266.04675576807,25327.65110839902,experiment,FIFO,0.28,0,variant_2
7158,MOULDING_4,MOULDING_MACHINE_4,25271.667222969303,5.595968329082098,1,0.0,0.0,109.2336063659859,17,25271.667222969303,25380.90082933529,experiment,FIFO,0.28,0,variant_2
7158,ASSEMBLY_1_4,LINE_4_ASSEMBLY1,25305.76868059403,34.1014576247253,2,34.1014576247253,34.1014576247253,75.13214874126061,21,25271.667222969303,25380.90082933529,experiment,FIFO,0.28,0,variant_2
7158,ASSEMBLY_2_1,ASSEMBLY2_LINE_1,25351.969460840468,3.3037936867367534,3,46.200780246439535,80.30223787116483,28.931368494821072,20,25271.667222969303,25380.90082933529,experiment,FIFO,0.28,0,variant_2
7158,SORTING,SORTING_ROBOT_1,25368.33751688506,8.936042946050293,4,16.368056044593686,96.67029391575852,12.563312450227386,27,25271.667222969303,25380.90082933529,experiment,FIFO,0.28,0,variant_2
7158,PACKAGING_2,PACKAGING_LINE_2,25371.188716035595,2.8511991505329206,5,2.8511991505329206,99.52149306629144,9.712113299694465,27,25271.667222969303,25380.90082933529,experiment,FIFO,0.28,0,variant_2
7158,INSPECTION_2_1,INSPECTION_2_1_LINE,25371.89524211974,0.7065260841445706,6,0.7065260841445706,100.22801915043601,9.005587215549895,27,25271.667222969303,25380.90082933529,experiment,FIFO,0.28,0,variant_2
7158,INSPECTION_2_2,INSPECTION_2_2_LINE,25372.66095465454,0.7657125348014233,7,0.7657125348014233,100.99373168523744,8.239874680748471,28,25271.667222969303,25380.90082933529,experiment,FIFO,0.28,0,variant_2
7158,INSPECTION_2_3,INSPECTION_2_3_LINE,25373.755684910306,1.094730255765171,8,1.094730255765171,102.0884619410026,7.1451444249833,30,25271.667222969303,25380.90082933529,experiment,FIFO,0.28,0,variant_2
7158,INSPECTION_2_4,INSPECTION_2_4_LINE,25374.27636972144,0.5206848111338331,9,0.5206848111338331,102.60914675213644,6.624459613849467,30,25271.667222969303,25380.90082933529,experiment,FIFO,0.28,0,variant_2
7158,INSPECTION_2_5,INSPECTION_2_5_LINE,25374.3447656338,0.0130521247156139,10,0.06839591235984699,102.67754266449629,6.55606370148962,30,25271.667222969303,25380.90082933529,experiment,FIFO,0.28,0,variant_2
7158,INSPECTION_2_6,INSPECTION_2_6_LINE,25379.50549500181,1.1917823926087294,11,5.160729368009925,107.83827203250621,1.3953343334796955,29,25271.667222969303,25380.90082933529,experiment,FIFO,0.28,0,variant_2
7158,INSPECTION_2_7,INSPECTION_2_7_LINE,25380.90082933529,0.08756685417029075,12,1.3953343334796955,109.2336063659859,0.0,27,25271.667222969303,25380.90082933529,experiment,FIFO,0.28,0,variant_2
7159,MOULDING_4,MOULDING_MACHINE_4,25273.518206891626,1.8509839223224844,1,0.0,0.0,136.19553618049395,18,25273.518206891626,25409.71374307212,experiment,FIFO,0.28,0,variant_4
7159,ASSEMBLY_1_4,LINE_4_ASSEMBLY1,25306.080774589293,0.31209399526414927,2,32.562567697666964,32.562567697666964,103.63296848282698,21,25273.518206891626,25409.71374307212,experiment,FIFO,0.28,0,variant_4
7159,ASSEMBLY_2_1,ASSEMBLY2_LINE_1,25363.98026716069,12.010806320220581,3,57.89949257139597,90.46206026906293,45.733475911431015,26,25273.518206891626,25409.71374307212,experiment,FIFO,0.28,0,variant_4
7159,SORTING,SORTING_ROBOT_1,25390.12688732126,2.516275811372907,4,26.14662016057264,116.60868042963557,19.586855750858376,28,25273.518206891626,25409.71374307212,experiment,FIFO,0.28,0,variant_4
7159,PACKAGING_3,PACKAGING_LINE_3,25401.4443155494,4.379338888513303,5,11.317428228139761,127.92610865777533,8.269427522718615,30,25273.518206891626,25409.71374307212,experiment,FIFO,0.28,0,variant_4
7159,INSPECTION_2_1,INSPECTION_2_1_LINE,25401.50418965733,0.05987410793022718,6,0.05987410793022718,127.98598276570556,8.209553414788388,30,25273.518206891626,25409.71374307212,experiment,FIFO,0.28,0,variant_4
7159,INSPECTION_2_2,INSPECTION_2_2_LINE,25402.73974342293,1.2355537656003435,7,1.2355537656003435,129.2215365313059,6.973999649188045,30,25273.518206891626,25409.71374307212,experiment,FIFO,0.28,0,variant_4
7159,INSPECTION_2_3,INSPECTION_2_3_LINE,25403.572942310275,0.8331988873433147,8,0.8331988873433147,130.05473541864922,6.14080076184473,30,25273.518206891626,25409.71374307212,experiment,FIFO,0.28,0,variant_4
7159,INSPECTION_2_4,INSPECTION_2_4_LINE,25404.209705528403,0.6367632181281806,9,0.6367632181281806,130.6914986367774,5.504037543716549,30,25273.518206891626,25409.71374307212,experiment,FIFO,0.28,0,variant_4
7159,INSPECTION_2_5,INSPECTION_2_5_LINE,25404.778020317885,0.5683147894815193,10,0.5683147894815193,131.25981342625892,4.93572275423503,31,25273.518206891626,25409.71374307212,experiment,FIFO,0.28,0,variant_4
7159,INSPECTION_2_6,INSPECTION_2_6_LINE,25409.56640900301,4.788388685126847,11,4.788388685126847,136.04820211138576,0.14733406910818303,30,25273.518206891626,25409.71374307212,experiment,FIFO,0.28,0,variant_4
7159,INSPECTION_2_7,INSPECTION_2_7_LINE,25409.71374307212,0.14733406910818303,12,0.14733406910818303,136.19553618049395,0.0,29,25273.518206891626,25409.71374307212,experiment,FIFO,0.28,0,variant_4
7160,MOULDING_5,MOULDING_MACHINE_5,25281.53809549848,10.524825941181916,1,0.0,0.0,66.09015662032107,20,25281.53809549848,25347.6282521188,experiment,FIFO,0.28,0,variant_5
7160,ASSEMBLY_1_1,LINE_1_ASSEMBLY1,25287.18242725788,2.6873264797359298,2,5.644331759402121,5.644331759402121,60.44582486091895,20,25281.53809549848,25347.6282521188,experiment,FIFO,0.28,0,variant_5
7160,ASSEMBLY_2_1,ASSEMBLY2_LINE_1,25324.19494051495,26.96334739775557,3,37.01251325706835,42.65684501647047,23.433311603850598,21,25281.53809549848,25347.6282521188,experiment,FIFO,0.28,0,variant_5
7160,SORTING,SORTING_ROBOT_1,25329.985208633272,5.790268118322274,4,5.790268118322274,48.447113134792744,17.643043485528324,19,25281.53809549848,25347.6282521188,experiment,FIFO,0.28,0,variant_5
7160,PACKAGING_2,PACKAGING_LINE_2,25336.59360486337,6.608396230098151,5,6.608396230098151,55.055509364890895,11.034647255430173,17,25281.53809549848,25347.6282521188,experiment,FIFO,0.28,0,variant_5
7160,INSPECTION_1_1,INSPECTION_1_1_LINE,25338.929742202385,0.015891740509687224,6,2.3361373390143854,57.39164670390528,8.698509916415787,17,25281.53809549848,25347.6282521188,experiment,FIFO,0.28,0,variant_5
7160,INSPECTION_1_2,INSPECTION_1_2_LINE,25339.33197519536,0.2175780579309503,7,0.40223299297576887,57.79387969688105,8.296276923440018,17,25281.53809549848,25347.6282521188,experiment,FIFO,0.28,0,variant_5
7160,INSPECTION_1_3,INSPECTION_1_3_LINE,25339.53602140221,0.10031221560348058,8,0.20404620685076225,57.99792590373181,8.092230716589256,17,25281.53809549848,25347.6282521188,experiment,FIFO,0.28,0,variant_5
7160,INSPECTION_1_4,INSPECTION_1_4_LINE,25340.70347396253,0.15449514835199807,9,1.1674525603193615,59.16537846405117,6.924778156269895,17,25281.53809549848,25347.6282521188,experiment,FIFO,0.28,0,variant_5
7160,INSPECTION_1_5,INSPECTION_1_5_LINE,25341.174343526884,0.19885825146047864,10,0.47086956435305183,59.636248028404225,6.453908591916843,17,25281.53809549848,25347.6282521188,experiment,FIFO,0.28,0,variant_5
7160,INSPECTION_1_6,INSPECTION_1_6_LINE,25345.776646352027,0.5890309882161091,11,4.602302825143852,64.23855085354808,1.851605766772991,16,25281.53809549848,25347.6282521188,experiment,FIFO,0.28,0,variant_5
7160,INSPECTION_1_7,INSPECTION_1_7_LINE,25347.6282521188,0.8500564676178328,12,1.851605766772991,66.09015662032107,0.0,16,25281.53809549848,25347.6282521188,experiment,FIFO,0.28,0,variant_5
7161,MOULDING_4,MOULDING_MACHINE_4,25275.067837614846,1.5496307232206163,1,0.0,0.0,72.60948164459842,19,25275.067837614846,25347.677319259445,experiment,FIFO,0.28,0,variant_6
7161,ASSEMBLY_1_4,LINE_4_ASSEMBLY1,25324.766077781354,18.685303192061838,2,49.698240166508185,49.698240166508185,22.911241478090233,21,25275.067837614846,25347.677319259445,experiment,FIFO,0.28,0,variant_6
7161,ASSEMBLY_2_2,ASSEMBLY2_LINE_2,25333.156782974733,1.5065530922511243,3,8.39070519337838,58.088945359886566,14.520536284711852,18,25275.067837614846,25347.677319259445,experiment,FIFO,0.28,0,variant_6
7161,SORTING,SORTING_ROBOT_1,25336.094857237684,1.885637954408594,4,2.938074262950977,61.02701962283754,11.582462021760875,17,25275.067837614846,25347.677319259445,experiment,FIFO,0.28,0,variant_6
7161,PACKAGING_1,PACKAGING_LINE_1,25337.033717888527,0.9388606508437078,5,0.9388606508437078,61.96588027368125,10.643601370917168,17,25275.067837614846,25347.677319259445,experiment,FIFO,0.28,0,variant_6
7161,INSPECTION_2_1,INSPECTION_2_1_LINE,25339.088944221978,2.055226333450264,6,2.055226333450264,64.02110660713151,8.588375037466903,17,25275.067837614846,25347.677319259445,experiment,FIFO,0.28,0,variant_6
7161,INSPECTION_2_2,INSPECTION_2_2_LINE,25339.74648940828,0.6575451863027411,7,0.6575451863027411,64.67865179343426,7.930829851164162,17,25275.067837614846,25347.677319259445,experiment,FIFO,0.28,0,variant_6
7161,INSPECTION_2_3,INSPECTION_2_3_LINE,25344.52993313535,4.783443727068516,8,4.783443727068516,69.46209552050277,3.1473861240956467,16,25275.067837614846,25347.677319259445,experiment,FIFO,0.28,0,variant_6
7161,INSPECTION_2_4,INSPECTION_2_4_LINE,25345.02343447872,0.493501343371463,9,0.493501343371463,69.95559686387423,2.6538847807241837,16,25275.067837614846,25347.677319259445,experiment,FIFO,0.28,0,variant_6
7161,INSPECTION_2_5,INSPECTION_2_5_LINE,25345.35100086453,0.3275663858112239,10,0.3275663858112239,70.28316324968546,2.3263183949129598,16,25275.067837614846,25347.677319259445,experiment,FIFO,0.28,0,variant_6
7161,INSPECTION_2_6,INSPECTION_2_6_LINE,25347.32753419556,1.9765333310278947,11,1.9765333310278947,72.25969658071335,0.34978506388506503,16,25275.067837614846,25347.677319259445,experiment,FIFO,0.28,0,variant_6
7161,INSPECTION_2_7,INSPECTION_2_7_LINE,25347.677319259445,0.34978506388506503,12,0.34978506388506503,72.60948164459842,0.0,15,25275.067837614846,25347.677319259445,experiment,FIFO,0.28,0,variant_6
7162,MOULDING_4,MOULDING_MACHINE_4,25288.13372726909,13.065889654244529,1,0.0,0.0,126.73457523408797,21,25288.13372726909,25414.86830250318,experiment,FIFO,0.28,0,variant_4
7162,ASSEMBLY_1_4,LINE_4_ASSEMBLY1,25328.398543763866,3.6324659825113486,2,40.264816494775005,40.264816494775005,86.46975873931297,19,25288.13372726909,25414.86830250318,experiment,FIFO,0.28,0,variant_4
7162,ASSEMBLY_2_1,ASSEMBLY2_LINE_1,25378.316132666027,11.006425412666431,3,49.91758890216079,90.18240539693579,36.55216983715218,29,25288.13372726909,25414.86830250318,experiment,FIFO,0.28,0,variant_4
7162,SORTING,SORTING_ROBOT_1,25394.442256137776,3.005387282366428,4,16.12612347174945,106.30852886868524,20.426046365402726,27,25288.13372726909,25414.86830250318,experiment,FIFO,0.28,0,variant_4
7162,PACKAGING_1,PACKAGING_LINE_1,25406.380661472147,6.528022022306686,5,11.938405334371055,118.2469342030563,8.487641031031671,30,25288.13372726909,25414.86830250318,experiment,FIFO,0.28,0,variant_4
7162,INSPECTION_1_1,INSPECTION_1_1_LINE,25406.71176385385,0.3311023817041132,6,0.3311023817041132,118.57803658476041,8.156538649327558,30,25288.13372726909,25414.86830250318,experiment,FIFO,0.28,0,variant_4
7162,INSPECTION_1_2,INSPECTION_1_2_LINE,25406.763503273825,0.051739419974182965,7,0.051739419974182965,118.6297760047346,8.104799229353375,30,25288.13372726909,25414.86830250318,experiment,FIFO,0.28,0,variant_4
7162,INSPECTION_1_3,INSPECTION_1_3_LINE,25406.85120328591,0.08770001208540634,8,0.08770001208540634,118.71747601682,8.017099217267969,30,25288.13372726909,25414.86830250318,experiment,FIFO,0.28,0,variant_4
7162,INSPECTION_1_4,INSPECTION_1_4_LINE,25411.620140938976,0.9515591970302921,9,4.7689376530652225,123.48641366988522,3.2481615642027464,27,25288.13372726909,25414.86830250318,experiment,FIFO,0.28,0,variant_4
7162,INSPECTION_1_5,INSPECTION_1_5_LINE,25414.133023796094,2.512882857117802,10,2.512882857117802,125.99929652700303,0.7352787070849445,26,25288.13372726909,25414.86830250318,experiment,FIFO,0.28,0,variant_4
7162,INSPECTION_1_6,INSPECTION_1_6_LINE,25414.567511763024,0.434487966929737,11,0.434487966929737,126.43378449393276,0.30079074015520746,26,25288.13372726909,25414.86830250318,experiment,FIFO,0.28,0,variant_4
7162,INSPECTION_1_7,INSPECTION_1_7_LINE,25414.86830250318,0.0903182568581542,12,0.30079074015520746,126.73457523408797,0.0,24,25288.13372726909,25414.86830250318,experiment,FIFO,0.28,0,variant_4
7163,MOULDING_2,MOULDING_MACHINE_2,25278.93480783972,0.2734329732847982,1,0.0,0.0,56.03988995337204,20,25278.93480783972,25334.97469779309,experiment,FIFO,0.28,0,variant_5
7163,ASSEMBLY_1_5,LINE_5_ASSEMBLY1,25288.24077773137,9.30596989165133,2,9.30596989165133,9.30596989165133,46.73392006172071,21,25278.93480783972,25334.97469779309,experiment,FIFO,0.28,0,variant_5
7163,ASSEMBLY_2_2,ASSEMBLY2_LINE_2,25308.01012257973,0.2813024780189153,3,19.76934484835874,29.07531474001007,26.964575213361968,22,25278.93480783972,25334.97469779309,experiment,FIFO,0.28,0,variant_5
7163,SORTING,SORTING_ROBOT_1,25310.80539617312,2.5337652211201203,4,2.795273593390448,31.87058833340052,24.16930161997152,22,25278.93480783972,25334.97469779309,experiment,FIFO,0.28,0,variant_5
7163,PACKAGING_3,PACKAGING_LINE_3,25322.272564883508,11.467168710387341,5,11.467168710387341,43.33775704378786,12.70213290958418,22,25278.93480783972,25334.97469779309,experiment,FIFO,0.28,0,variant_5
7163,INSPECTION_1_1,INSPECTION_1_1_LINE,25323.652505186896,0.9666192599906935,6,1.379940303388139,44.717697347176,11.32219260619604,22,25278.93480783972,25334.97469779309,experiment,FIFO,0.28,0,variant_5
7163,INSPECTION_1_2,INSPECTION_1_2_LINE,25324.158466381745,0.5059611948490783,7,0.5059611948490783,45.22365854202508,10.816231411346962,21,25278.93480783972,25334.97469779309,experiment,FIFO,0.28,0,variant_5
7163,INSPECTION_1_3,INSPECTION_1_3_LINE,25324.56436139364,0.4058950118960638,8,0.4058950118960638,45.62955355392114,10.410336399450898,21,25278.93480783972,25334.97469779309,experiment,FIFO,0.28,0,variant_5
7163,INSPECTION_1_4,INSPECTION_1_4_LINE,25329.049637977503,0.7313577555942175,9,4.485276583862287,50.11483013778343,5.925059815588611,19,25278.93480783972,25334.97469779309,experiment,FIFO,0.28,0,variant_5
7163,INSPECTION_1_5,INSPECTION_1_5_LINE,25331.39689657064,2.347258593137667,10,2.347258593137667,52.462088730921096,3.577801222450944,18,25278.93480783972,25334.97469779309,experiment,FIFO,0.28,0,variant_5
7163,INSPECTION_1_6,INSPECTION_1_6_LINE,25334.72609976822,3.3292031975797727,11,3.3292031975797727,55.79129192850087,0.24859802487117122,18,25278.93480783972,25334.97469779309,experiment,FIFO,0.28,0,variant_5
7163,INSPECTION_1_7,INSPECTION_1_7_LINE,25334.97469779309,0.24859802487117122,12,0.24859802487117122,56.03988995337204,0.0,17,25278.93480783972,25334.97469779309,experiment,FIFO,0.28,0,variant_5
7164,MOULDING_2,MOULDING_MACHINE_2,25281.6803313022,1.1124028966150945,1,0.0,0.0,65.09786434898342,21,25281.6803313022,25346.778195651183,experiment,FIFO,0.28,0,variant_4
7164,ASSEMBLY_1_1,LINE_1_ASSEMBLY1,25295.999798187266,8.817370929384197,2,14.319466885066504,14.319466885066504,50.77839746391692,22,25281.6803313022,25346.778195651183,experiment,FIFO,0.28,0,variant_4
7164,ASSEMBLY_2_1,ASSEMBLY2_LINE_1,25330.279187492884,6.0842469779345265,3,34.27938930561868,48.59885619068518,16.49900815829824,19,25281.6803313022,25346.778195651183,experiment,FIFO,0.28,0,variant_4
7164,SORTING,SORTING_ROBOT_1,25331.49177147304,0.21401376355061075,4,1.212583980155614,49.8114401708408,15.286424178142624,18,25281.6803313022,25346.778195651183,experiment,FIFO,0.28,0,variant_4
7164,PACKAGING_1,PACKAGING_LINE_1,25332.254047064715,0.7622755916745518,5,0.7622755916745518,50.57371576251535,14.524148586468073,18,25281.6803313022,25346.778195651183,experiment,FIFO,0.28,0,variant_4
7164,INSPECTION_1_1,INSPECTION_1_1_LINE,25338.913850461875,6.659803397160431,6,6.659803397160431,57.23351915967578,7.864345189307642,17,25281.6803313022,25346.778195651183,experiment,FIFO,0.28,0,variant_4
7164,INSPECTION_1_2,INSPECTION_1_2_LINE,25339.11439713743,0.20054667555450578,7,0.20054667555450578,57.434065835230285,7.663798513753136,17,25281.6803313022,25346.778195651183,experiment,FIFO,0.28,0,variant_4
7164,INSPECTION_1_3,INSPECTION_1_3_LINE,25339.435709186608,0.321312049178232,8,0.321312049178232,57.75537788440852,7.342486464574904,17,25281.6803313022,25346.778195651183,experiment,FIFO,0.28,0,variant_4
7164,INSPECTION_1_4,INSPECTION_1_4_LINE,25340.54897881418,1.113269627570844,9,1.113269627570844,58.86864751197936,6.22921683700406,17,25281.6803313022,25346.778195651183,experiment,FIFO,0.28,0,variant_4
7164,INSPECTION_1_5,INSPECTION_1_5_LINE,25340.975485275423,0.42650646124457126,10,0.42650646124457126,59.29515397322393,5.802710375759489,17,25281.6803313022,25346.778195651183,experiment,FIFO,0.28,0,variant_4
7164,INSPECTION_1_6,INSPECTION_1_6_LINE,25345.18761536381,4.212130088388221,11,4.212130088388221,63.507284061612154,1.5905802873712673,16,25281.6803313022,25346.778195651183,experiment,FIFO,0.28,0,variant_4
7164,INSPECTION_1_7,INSPECTION_1_7_LINE,25346.778195651183,1.5905802873712673,12,1.5905802873712673,65.09786434898342,0.0,16,25281.6803313022,25346.778195651183,experiment,FIFO,0.28,0,variant_4
7165,MOULDING_3,MOULDING_MACHINE_3,25283.43993145132,2.715743561340787,1,0.0,0.0,43.201243077910476,21,25283.43993145132,25326.64117452923,experiment,FIFO,0.28,0,variant_2
7165,ASSEMBLY_1_2,LINE_2_ASSEMBLY1,25295.55190849752,12.111977046199172,2,12.111977046199172,12.111977046199172,31.089266031711304,22,25283.43993145132,25326.64117452923,experiment,FIFO,0.28,0,variant_2
7165,ASSEMBLY_2_2,ASSEMBLY2_LINE_2,25315.44930676953,7.439184189799562,3,19.897398272009013,32.009375318208185,11.19186775970229,21,25283.43993145132,25326.64117452923,experiment,FIFO,0.28,0,variant_2
7165,SORTING,SORTING_ROBOT_1,25316.12726838352,0.6779616139901918,4,0.6779616139901918,32.68733693219838,10.513906145712099,21,25283.43993145132,25326.64117452923,experiment,FIFO,0.28,0,variant_2
7165,PACKAGING_1,PACKAGING_LINE_1,25318.67605630538,2.548787921859912,5,2.548787921859912,35.23612485405829,7.965118223852187,21,25283.43993145132,25326.64117452923,experiment,FIFO,0.28,0,variant_2
7165,INSPECTION_1_1,INSPECTION_1_1_LINE,25320.77913110868,2.103074803300842,6,2.103074803300842,37.33919965735913,5.862043420551345,22,25283.43993145132,25326.64117452923,experiment,FIFO,0.28,0,variant_2
7165,INSPECTION_1_2,INSPECTION_1_2_LINE,25321.83453313692,1.0554020282397687,7,1.0554020282397687,38.3946016855989,4.806641392311576,22,25283.43993145132,25326.64117452923,experiment,FIFO,0.28,0,variant_2
7165,INSPECTION_1_3,INSPECTION_1_3_LINE,25321.93798803828,0.10345490136023727,8,0.10345490136023727,38.49805658695914,4.703186490951339,22,25283.43993145132,25326.64117452923,experiment,FIFO,0.28,0,variant_2
7165,INSPECTION_1_4,INSPECTION_1_4_LINE,25322.460011632666,0.5220235943852458,9,0.5220235943852458,39.02008018134438,4.181162896566093,22,25283.43993145132,25326.64117452923,experiment,FIFO,0.28,0,variant_2
7165,INSPECTION_1_5,INSPECTION_1_5_LINE,25323.59470887202,1.134697239354864,10,1.134697239354864,40.15477742069925,3.046465657211229,22,25283.43993145132,25326.64117452923,experiment,FIFO,0.28,0,variant_2
7165,INSPECTION_1_6,INSPECTION_1_6_LINE,25325.069533574817,1.474824702796468,11,1.474824702796468,41.629602123495715,1.571640954414761,20,25283.43993145132,25326.64117452923,experiment,FIFO,0.28,0,variant_2
7165,INSPECTION_1_7,INSPECTION_1_7_LINE,25326.64117452923,1.571640954414761,12,1.571640954414761,43.201243077910476,0.0,20,25283.43993145132,25326.64117452923,experiment,FIFO,0.28,0,variant_2
7166,MOULDING_2,MOULDING_MACHINE_2,25285.16090309593,0.41817226034982014,1,0.0,0.0,58.84082494272661,20,25285.16090309593,25344.001728038656,experiment,FIFO,0.28,0,variant_3
7166,ASSEMBLY_1_5,LINE_5_ASSEMBLY1,25297.95855297437,9.717775242999778,2,12.797649878441007,12.797649878441007,46.043175064285606,21,25285.16090309593,25344.001728038656,experiment,FIFO,0.28,0,variant_3
7166,ASSEMBLY_2_2,ASSEMBLY2_LINE_2,25315.699988353,0.2506815834713052,3,17.74143537862983,30.539085257070838,28.301739685655775,21,25285.16090309593,25344.001728038656,experiment,FIFO,0.28,0,variant_3
7166,SORTING,SORTING_ROBOT_1,25317.44816476714,1.320896383618674,4,1.7481764141375606,32.2872616712084,26.553563271518215,20,25285.16090309593,25344.001728038656,experiment,FIFO,0.28,0,variant_3
7166,PACKAGING_3,PACKAGING_LINE_3,25324.148746096173,1.8761812126649602,5,6.700581329034321,38.98784300024272,19.852981942483893,21,25285.16090309593,25344.001728038656,experiment,FIFO,0.28,0,variant_3
7166,INSPECTION_2_1,INSPECTION_2_1_LINE,25325.529951431297,1.3812053351248323,6,1.3812053351248323,40.36904833536755,18.47177660735906,20,25285.16090309593,25344.001728038656,experiment,FIFO,0.28,0,variant_3
7166,INSPECTION_2_2,INSPECTION_2_2_LINE,25327.947234111416,2.41728268011866,7,2.41728268011866,42.78633101548621,16.0544939272404,19,25285.16090309593,25344.001728038656,experiment,FIFO,0.28,0,variant_3
7166,INSPECTION_2_3,INSPECTION_2_3_LINE,25328.92330768304,0.9760735716226918,8,0.9760735716226918,43.762404587108904,15.078420355617709,19,25285.16090309593,25344.001728038656,experiment,FIFO,0.28,0,variant_3
7166,INSPECTION_2_4,INSPECTION_2_4_LINE,25336.47466550357,7.551357820531848,9,7.551357820531848,51.31376240764075,7.527062535085861,17,25285.16090309593,25344.001728038656,experiment,FIFO,0.28,0,variant_3
7166,INSPECTION_2_5,INSPECTION_2_5_LINE,25336.60252116336,0.12785565978992963,10,0.12785565978992963,51.44161806743068,7.399206875295931,17,25285.16090309593,25344.001728038656,experiment,FIFO,0.28,0,variant_3
7166,INSPECTION_2_6,INSPECTION_2_6_LINE,25336.781205881856,0.17868471849578782,11,0.17868471849578782,51.62030278592647,7.220522156800143,17,25285.16090309593,25344.001728038656,experiment,FIFO,0.28,0,variant_3
7166,INSPECTION_2_7,INSPECTION_2_7_LINE,25344.001728038656,7.220522156800143,12,7.220522156800143,58.84082494272661,0.0,16,25285.16090309593,25344.001728038656,experiment,FIFO,0.28,0,variant_3
7167,MOULDING_1,MOULDING_MACHINE_1,25289.68465592919,0.5411450000065088,1,0.0,0.0,91.12860655192708,22,25289.68465592919,25380.81326248112,experiment,FIFO,0.28,0,variant_1
7167,ASSEMBLY_1_5,LINE_5_ASSEMBLY1,25298.680183780674,0.7216308063034376,2,8.99552785148262,8.99552785148262,82.13307870044446,21,25289.68465592919,25380.81326248112,experiment,FIFO,0.28,0,variant_1
7167,ASSEMBLY_2_1,ASSEMBLY2_LINE_1,25348.66566715373,1.5940214170441322,3,49.98548337305692,58.98101122453954,32.147595327387535,15,25289.68465592919,25380.81326248112,experiment,FIFO,0.28,0,variant_1
7167,SORTING,SORTING_ROBOT_1,25359.40147393901,2.9890371684414276,4,10.735806785280147,69.71681800981969,21.411788542107388,21,25289.68465592919,25380.81326248112,experiment,FIFO,0.28,0,variant_1
7167,PACKAGING_3,PACKAGING_LINE_3,25366.40447802416,2.9429234620292846,5,7.003004085148859,76.71982209496855,14.408784456958529,27,25289.68465592919,25380.81326248112,experiment,FIFO,0.28,0,variant_1
7167,INSPECTION_2_1,INSPECTION_2_1_LINE,25367.76794724977,1.3634692256091512,6,1.3634692256091512,78.0832913205777,13.045315231349377,26,25289.68465592919,25380.81326248112,experiment,FIFO,0.28,0,variant_1
7167,INSPECTION_2_2,INSPECTION_2_2_LINE,25371.006253667383,2.813893868631567,7,3.238306417613785,81.32159773819149,9.807008813735592,27,25289.68465592919,25380.81326248112,experiment,FIFO,0.28,0,variant_1
7167,INSPECTION_2_3,INSPECTION_2_3_LINE,25372.46493103077,1.4586773633855046,8,1.4586773633855046,82.78027510157699,8.348331450350088,27,25289.68465592919,25380.81326248112,experiment,FIFO,0.28,0,variant_1
7167,INSPECTION_2_4,INSPECTION_2_4_LINE,25372.793243980872,0.32831295010328176,9,0.32831295010328176,83.10858805168027,8.020018500246806,28,25289.68465592919,25380.81326248112,experiment,FIFO,0.28,0,variant_1
7167,INSPECTION_2_5,INSPECTION_2_5_LINE,25374.331713509084,1.5384695282118628,10,1.5384695282118628,84.64705757989213,6.481548972034943,30,25289.68465592919,25380.81326248112,experiment,FIFO,0.28,0,variant_1
7167,INSPECTION_2_6,INSPECTION_2_6_LINE,25378.3137126092,3.981999100116809,11,3.981999100116809,88.62905668000894,2.499549871918134,29,25289.68465592919,25380.81326248112,experiment,FIFO,0.28,0,variant_1
7167,INSPECTION_2_7,INSPECTION_2_7_LINE,25380.81326248112,2.499549871918134,12,2.499549871918134,91.12860655192708,0.0,28,25289.68465592919,25380.81326248112,experiment,FIFO,0.28,0,variant_1
7168,MOULDING_4,MOULDING_MACHINE_4,25295.890270957098,6.4197218279659864,1,0.0,0.0,78.67934614032129,22,25295.890270957098,25374.56961709742,experiment,FIFO,0.28,0,variant_6
7168,ASSEMBLY_1_3,LINE_3_ASSEMBLY1,25296.76753708401,0.8772661269140372,2,0.8772661269140372,0.8772661269140372,77.80208001340725,22,25295.890270957098,25374.56961709742,experiment,FIFO,0.28,0,variant_6
7168,ASSEMBLY_2_1,ASSEMBLY2_LINE_1,25347.071645736687,16.792458243802685,3,50.304108652675495,51.18137477958953,27.497971360731754,16,25295.890270957098,25374.56961709742,experiment,FIFO,0.28,0,variant_6
7168,SORTING,SORTING_ROBOT_1,25354.381896974628,5.490795494079066,4,7.3102512379409745,58.49162601753051,20.18772012279078,19,25295.890270957098,25374.56961709742,experiment,FIFO,0.28,0,variant_6
7168,PACKAGING_3,PACKAGING_LINE_3,25363.46155456213,9.07965758750288,5,9.07965758750288,67.57128360503339,11.1080625352879,25,25295.890270957098,25374.56961709742,experiment,FIFO,0.28,0,variant_6
7168,INSPECTION_2_1,INSPECTION_2_1_LINE,25365.682093348623,2.2205387864923978,6,2.2205387864923978,69.79182239152578,8.887523748795502,27,25295.890270957098,25374.56961709742,experiment,FIFO,0.28,0,variant_6
7168,INSPECTION_2_2,INSPECTION_2_2_LINE,25368.19235979875,2.510266450128256,7,2.510266450128256,72.30208884165404,6.377257298667246,26,25295.890270957098,25374.56961709742,experiment,FIFO,0.28,0,variant_6
7168,INSPECTION_2_3,INSPECTION_2_3_LINE,25368.336216386408,0.14385658765604603,8,0.14385658765604603,72.44594542931009,6.2334007110112,27,25295.890270957098,25374.56961709742,experiment,FIFO,0.28,0,variant_6
7168,INSPECTION_2_4,INSPECTION_2_4_LINE,25369.543652611912,1.2074362255043525,9,1.2074362255043525,73.65338165481444,5.025964485506847,26,25295.890270957098,25374.56961709742,experiment,FIFO,0.28,0,variant_6
7168,INSPECTION_2_5,INSPECTION_2_5_LINE,25371.11369129321,1.5700386812968645,10,1.5700386812968645,75.2234203361113,3.4559258042099827,27,25295.890270957098,25374.56961709742,experiment,FIFO,0.28,0,variant_6
7168,INSPECTION_2_6,INSPECTION_2_6_LINE,25371.971263847343,0.8575725541340944,11,0.8575725541340944,76.0809928902454,2.5983532500758884,27,25295.890270957098,25374.56961709742,experiment,FIFO,0.28,0,variant_6
7168,INSPECTION_2_7,INSPECTION_2_7_LINE,25374.56961709742,2.5983532500758884,12,2.5983532500758884,78.67934614032129,0.0,29,25295.890270957098,25374.56961709742,experiment,FIFO,0.28,0,variant_6
7169,MOULDING_4,MOULDING_MACHINE_4,25304.92066356863,9.030392611533898,1,0.0,0.0,108.28684350442563,21,25304.92066356863,25413.207507073057,experiment,FIFO,0.28,0,variant_1
7169,ASSEMBLY_1_4,LINE_4_ASSEMBLY1,25332.83747211125,2.4936476317634515,2,27.91680854261722,27.91680854261722,80.37003496180841,18,25304.92066356863,25413.207507073057,experiment,FIFO,0.28,0,variant_1
7169,ASSEMBLY_2_1,ASSEMBLY2_LINE_1,25380.009009898127,1.6928772321007273,3,47.171537786878616,75.08834632949583,33.1984971749298,29,25304.92066356863,25413.207507073057,experiment,FIFO,0.28,0,variant_1
7169,SORTING,SORTING_ROBOT_1,25394.627613883345,0.18535774556949036,4,14.618603985218215,89.70695031471405,18.579893189711584,26,25304.92066356863,25413.207507073057,experiment,FIFO,0.28,0,variant_1
7169,PACKAGING_3,PACKAGING_LINE_3,25402.73315796918,1.288842419780849,5,8.1055440858363,97.81249440055035,10.474349103875284,30,25304.92066356863,25413.207507073057,experiment,FIFO,0.28,0,variant_1
7169,INSPECTION_1_1,INSPECTION_1_1_LINE,25402.99315694922,0.25999898003647104,6,0.25999898003647104,98.07249338058682,10.214350123838813,30,25304.92066356863,25413.207507073057,experiment,FIFO,0.28,0,variant_1
7169,INSPECTION_1_2,INSPECTION_1_2_LINE,25405.35293490704,0.275893684818584,7,2.3597779578230984,100.43227133840992,7.854572166015714,31,25304.92066356863,25413.207507073057,experiment,FIFO,0.28,0,variant_1
7169,INSPECTION_1_3,INSPECTION_1_3_LINE,25406.30534316921,0.14599884696872323,8,0.9524082621683192,101.38467960057824,6.902163903847395,30,25304.92066356863,25413.207507073057,experiment,FIFO,0.28,0,variant_1
7169,INSPECTION_1_4,INSPECTION_1_4_LINE,25407.95242950008,0.6029253469896503,9,1.6470863308713888,103.03176593144963,5.255077572976006,29,25304.92066356863,25413.207507073057,experiment,FIFO,0.28,0,variant_1
7169,INSPECTION_1_5,INSPECTION_1_5_LINE,25409.68184945312,1.408845639671199,10,1.7294199530406331,104.76118588449026,3.525657619935373,30,25304.92066356863,25413.207507073057,experiment,FIFO,0.28,0,variant_1
7169,INSPECTION_1_6,INSPECTION_1_6_LINE,25412.56827140165,1.8366250538128952,11,2.8864219485294598,107.64760783301972,0.6392356714059133,27,25304.92066356863,25413.207507073057,experiment,FIFO,0.28,0,variant_1
7169,INSPECTION_1_7,INSPECTION_1_7_LINE,25413.207507073057,0.6392356714059133,12,0.6392356714059133,108.28684350442563,0.0,26,25304.92066356863,25413.207507073057,experiment,FIFO,0.28,0,variant_1
7170,MOULDING_3,MOULDING_MACHINE_3,25291.403644917824,1.7418164501032152,1,0.0,0.0,68.69305522672585,23,25291.403644917824,25360.09670014455,experiment,FIFO,0.28,0,variant_4
7170,ASSEMBLY_1_4,LINE_4_ASSEMBLY1,25330.343824479485,1.9452807156194467,2,38.94017956166135,38.94017956166135,29.752875665064494,19,25291.403644917824,25360.09670014455,experiment,FIFO,0.28,0,variant_4
7170,ASSEMBLY_2_2,ASSEMBLY2_LINE_2,25335.71755965617,2.5607766814355273,3,5.3737351766831125,44.313914738344465,24.37914048838138,17,25291.403644917824,25360.09670014455,experiment,FIFO,0.28,0,variant_4
7170,SORTING,SORTING_ROBOT_1,25336.59959026244,0.5047330247580248,4,0.8820306062734744,45.19594534461794,23.497109882107907,17,25291.403644917824,25360.09670014455,experiment,FIFO,0.28,0,variant_4
7170,PACKAGING_2,PACKAGING_LINE_2,25354.989646794063,9.466352802093752,5,18.390056531621667,63.58600187623961,5.10705335048624,19,25291.403644917824,25360.09670014455,experiment,FIFO,0.28,0,variant_4
7170,INSPECTION_1_1,INSPECTION_1_1_LINE,25356.04665632681,1.0570095327457238,6,1.0570095327457238,64.64301140898533,4.050043817740516,19,25291.403644917824,25360.09670014455,experiment,FIFO,0.28,0,variant_4
7170,INSPECTION_1_2,INSPECTION_1_2_LINE,25356.438164973184,0.3915086463748594,7,0.3915086463748594,65.03452005536019,3.6585351713656564,19,25291.403644917824,25360.09670014455,experiment,FIFO,0.28,0,variant_4
7170,INSPECTION_1_3,INSPECTION_1_3_LINE,25357.04997172833,0.6118067551469721,8,0.6118067551469721,65.64632681050716,3.0467284162186843,19,25291.403644917824,25360.09670014455,experiment,FIFO,0.28,0,variant_4
7170,INSPECTION_1_4,INSPECTION_1_4_LINE,25357.12536865096,0.0753969226279878,9,0.0753969226279878,65.72172373313515,2.9713314935906965,19,25291.403644917824,25360.09670014455,experiment,FIFO,0.28,0,variant_4
7170,INSPECTION_1_5,INSPECTION_1_5_LINE,25358.96943853455,1.8440698835911462,10,1.8440698835911462,67.5657936167263,1.1272616099995503,20,25291.403644917824,25360.09670014455,experiment,FIFO,0.28,0,variant_4
7170,INSPECTION_1_6,INSPECTION_1_6_LINE,25359.626781987165,0.657343452614441,11,0.657343452614441,68.22313706934074,0.4699181573851092,21,25291.403644917824,25360.09670014455,experiment,FIFO,0.28,0,variant_4
7170,INSPECTION_1_7,INSPECTION_1_7_LINE,25360.09670014455,0.4699181573851092,12,0.4699181573851092,68.69305522672585,0.0,20,25291.403644917824,25360.09670014455,experiment,FIFO,0.28,0,variant_4
7171,MOULDING_4,MOULDING_MACHINE_4,25317.525456367,12.60479279836727,1,0.0,0.0,30.783330372421915,21,25317.525456367,25348.30878673942,experiment,FIFO,0.28,0,variant_6
7171,ASSEMBLY_1_5,LINE_5_ASSEMBLY1,25323.34179929908,1.703681558221433,2,5.81634293208117,5.81634293208117,24.966987440340745,22,25317.525456367,25348.30878673942,experiment,FIFO,0.28,0,variant_6
7171,ASSEMBLY_2_2,ASSEMBLY2_LINE_2,25331.65022988248,4.285436981783278,3,8.308430583401787,14.124773515482957,16.658556856938958,18,25317.525456367,25348.30878673942,experiment,FIFO,0.28,0,variant_6
7171,SORTING,SORTING_ROBOT_1,25334.209219283275,2.5589894007935072,4,2.5589894007935072,16.683762916276464,14.09956745614545,18,25317.525456367,25348.30878673942,experiment,FIFO,0.28,0,variant_6
7171,PACKAGING_3,PACKAGING_LINE_3,25339.6102959649,5.401076681624545,5,5.401076681624545,22.08483959790101,8.698490774520906,17,25317.525456367,25348.30878673942,experiment,FIFO,0.28,0,variant_6
7171,INSPECTION_1_1,INSPECTION_1_1_LINE,25340.056591162403,0.44629519750378677,6,0.44629519750378677,22.531134795404796,8.252195577017119,17,25317.525456367,25348.30878673942,experiment,FIFO,0.28,0,variant_6
7171,INSPECTION_1_2,INSPECTION_1_2_LINE,25341.293954953933,1.2373637915297877,7,1.2373637915297877,23.768498586934584,7.014831785487331,17,25317.525456367,25348.30878673942,experiment,FIFO,0.28,0,variant_6
7171,INSPECTION_1_3,INSPECTION_1_3_LINE,25342.22170138892,0.927746434987057,8,0.927746434987057,24.69624502192164,6.087085350500274,17,25317.525456367,25348.30878673942,experiment,FIFO,0.28,0,variant_6
7171,INSPECTION_1_4,INSPECTION_1_4_LINE,25342.35318783092,0.13148644199827686,9,0.13148644199827686,24.827731463919918,5.955598908501997,17,25317.525456367,25348.30878673942,experiment,FIFO,0.28,0,variant_6
7171,INSPECTION_1_5,INSPECTION_1_5_LINE,25342.508930719046,0.15574288812786108,10,0.15574288812786108,24.98347435204778,5.799856020374136,17,25317.525456367,25348.30878673942,experiment,FIFO,0.28,0,variant_6
7171,INSPECTION_1_6,INSPECTION_1_6_LINE,25347.4292126786,1.6525663265711046,11,4.920281959552085,29.903756311599864,0.8795740608220513,16,25317.525456367,25348.30878673942,experiment,FIFO,0.28,0,variant_6
7171,INSPECTION_1_7,INSPECTION_1_7_LINE,25348.30878673942,0.6805346206201648,12,0.8795740608220513,30.783330372421915,0.0,14,25317.525456367,25348.30878673942,experiment,FIFO,0.28,0,variant_6
7172,MOULDING_5,MOULDING_MACHINE_5,25304.95745336429,13.70849079382242,1,0.0,0.0,47.63957860994924,22,25304.95745336429,25352.59703197424,experiment,FIFO,0.28,0,variant_2
7172,ASSEMBLY_1_5,LINE_5_ASSEMBLY1,25321.63811774086,14.875999791547656,2,16.68066437656671,16.68066437656671,30.95891423338253,21,25304.95745336429,25352.59703197424,experiment,FIFO,0.28,0,variant_2
7172,ASSEMBLY_2_2,ASSEMBLY2_LINE_2,25327.3647929007,5.726675159839942,3,5.726675159839942,22.407339536406653,25.232239073542587,20,25304.95745336429,25352.59703197424,experiment,FIFO,0.28,0,variant_2
7172,SORTING,SORTING_ROBOT_1,25331.27775770949,1.2925490762172558,4,3.9129648087910027,26.320304345197655,21.319274264751584,18,25304.95745336429,25352.59703197424,experiment,FIFO,0.28,0,variant_2
7172,PACKAGING_2,PACKAGING_LINE_2,25345.52329399197,8.92968912859942,5,14.245536282480316,40.56584062767797,7.073737982271268,16,25304.95745336429,25352.59703197424,experiment,FIFO,0.28,0,variant_2
7172,INSPECTION_2_1,INSPECTION_2_1_LINE,25346.17878112013,0.6554871281587111,6,0.6554871281587111,41.22132775583668,6.418250854112557,16,25304.95745336429,25352.59703197424,experiment,FIFO,0.28,0,variant_2
7172,INSPECTION_2_2,INSPECTION_2_2_LINE,25346.4589391602,0.2801580400700914,7,0.2801580400700914,41.501485795906774,6.138092814042466,17,25304.95745336429,25352.59703197424,experiment,FIFO,0.28,0,variant_2
7172,INSPECTION_2_3,INSPECTION_2_3_LINE,25346.95187112666,0.4929319664624927,8,0.4929319664624927,41.99441776236927,5.645160847579973,16,25304.95745336429,25352.59703197424,experiment,FIFO,0.28,0,variant_2
7172,INSPECTION_2_4,INSPECTION_2_4_LINE,25348.099726872657,1.147855745995912,9,1.147855745995912,43.14227350836518,4.497305101584061,15,25304.95745336429,25352.59703197424,experiment,FIFO,0.28,0,variant_2
7172,INSPECTION_2_5,INSPECTION_2_5_LINE,25349.162320118907,1.0625932462498895,10,1.0625932462498895,44.20486675461507,3.4347118553341716,15,25304.95745336429,25352.59703197424,experiment,FIFO,0.28,0,variant_2
7172,INSPECTION_2_6,INSPECTION_2_6_LINE,25352.46797442708,3.3056543081729615,11,3.3056543081729615,47.51052106278803,0.1290575471612101,20,25304.95745336429,25352.59703197424,experiment,FIFO,0.28,0,variant_2
7172,INSPECTION_2_7,INSPECTION_2_7_LINE,25352.59703197424,0.1290575471612101,12,0.1290575471612101,47.63957860994924,0.0,19,25304.95745336429,25352.59703197424,experiment,FIFO,0.28,0,variant_2
7173,MOULDING_1,MOULDING_MACHINE_1,25302.04577811741,8.832868502264319,1,0.0,0.0,109.25323628740443,22,25302.04577811741,25411.299014404813,experiment,FIFO,0.28,0,variant_1
7173,ASSEMBLY_1_5,LINE_5_ASSEMBLY1,25306.76211794931,4.716339831902587,2,4.716339831902587,4.716339831902587,104.53689645550185,22,25302.04577811741,25411.299014404813,experiment,FIFO,0.28,0,variant_1
7173,ASSEMBLY_2_1,ASSEMBLY2_LINE_1,25367.30970725336,3.3294400926715753,3,60.547589304049325,65.26392913595191,43.98930715145252,27,25302.04577811741,25411.299014404813,experiment,FIFO,0.28,0,variant_1
7173,SORTING,SORTING_ROBOT_1,25391.073585485243,0.11523102327191737,4,23.7638782318827,89.02780736783461,20.225428919569822,27,25302.04577811741,25411.299014404813,experiment,FIFO,0.28,0,variant_1
7173,PACKAGING_2,PACKAGING_LINE_2,25401.83805652515,3.432311580698297,5,10.764471039907221,99.79227840774183,9.460957879662601,30,25302.04577811741,25411.299014404813,experiment,FIFO,0.28,0,variant_1
7173,INSPECTION_2_1,INSPECTION_2_1_LINE,25401.9724369297,0.1343804045500292,6,0.1343804045500292,99.92665881229186,9.326577475112572,30,25302.04577811741,25411.299014404813,experiment,FIFO,0.28,0,variant_1
7173,INSPECTION_2_2,INSPECTION_2_2_LINE,25403.222695881377,0.48295245844565216,7,1.2502589516770968,101.17691776396896,8.076318523435475,30,25302.04577811741,25411.299014404813,experiment,FIFO,0.28,0,variant_1
7173,INSPECTION_2_3,INSPECTION_2_3_LINE,25405.069768924142,1.4968266138675972,8,1.8470730427652597,103.02399080673422,6.229245480670215,31,25302.04577811741,25411.299014404813,experiment,FIFO,0.28,0,variant_1
7173,INSPECTION_2_4,INSPECTION_2_4_LINE,25406.248678823857,1.1789098997141991,9,1.1789098997141991,104.20290070644842,5.050335580956016,30,25302.04577811741,25411.299014404813,experiment,FIFO,0.28,0,variant_1
7173,INSPECTION_2_5,INSPECTION_2_5_LINE,25408.370324661755,2.1216458378985408,10,2.1216458378985408,106.32454654434696,2.9286897430574754,29,25302.04577811741,25411.299014404813,experiment,FIFO,0.28,0,variant_1
7173,INSPECTION_2_6,INSPECTION_2_6_LINE,25410.85460336757,1.2881943645588763,11,2.484278705815086,108.80882525016204,0.4444110372423893,29,25302.04577811741,25411.299014404813,experiment,FIFO,0.28,0,variant_1
7173,INSPECTION_2_7,INSPECTION_2_7_LINE,25411.299014404813,0.4444110372423893,12,0.4444110372423893,109.25323628740443,0.0,28,25302.04577811741,25411.299014404813,experiment,FIFO,0.28,0,variant_1
7174,MOULDING_3,MOULDING_MACHINE_3,25306.35024070193,12.324605245208659,1,0.0,0.0,24.594801327632013,22,25306.35024070193,25330.94504202956,experiment,FIFO,0.28,0,variant_2
7174,ASSEMBLY_1_3,LINE_3_ASSEMBLY1,25315.22776282341,8.877522121481888,2,8.877522121481888,8.877522121481888,15.717279206150124,21,25306.35024070193,25330.94504202956,experiment,FIFO,0.28,0,variant_2
7174,ASSEMBLY_2_2,ASSEMBLY2_LINE_2,25318.9129411008,3.212952747799136,3,3.6851782773883315,12.56270039887022,12.032100928761793,21,25306.35024070193,25330.94504202956,experiment,FIFO,0.28,0,variant_2
7174,SORTING,SORTING_ROBOT_1,25319.310561079867,0.39761997906680335,4,0.39761997906680335,12.960320377937023,11.63448094969499,21,25306.35024070193,25330.94504202956,experiment,FIFO,0.28,0,variant_2
7174,PACKAGING_2,PACKAGING_LINE_2,25322.093470149463,0.7947935362826684,5,2.7829090695959167,15.74322944753294,8.851571880099073,22,25306.35024070193,25330.94504202956,experiment,FIFO,0.28,0,variant_2
7174,INSPECTION_1_1,INSPECTION_1_1_LINE,25322.685885926905,0.5924157774425112,6,0.5924157774425112,16.33564522497545,8.259156102656561,22,25306.35024070193,25330.94504202956,experiment,FIFO,0.28,0,variant_2
7174,INSPECTION_1_2,INSPECTION_1_2_LINE,25323.58688117602,0.3940098669845611,7,0.900995249114203,17.236640474089654,7.358160853542358,22,25306.35024070193,25330.94504202956,experiment,FIFO,0.28,0,variant_2
7174,INSPECTION_1_3,INSPECTION_1_3_LINE,25323.90811183537,0.32123065935229533,8,0.32123065935229533,17.55787113344195,7.036930194190063,22,25306.35024070193,25330.94504202956,experiment,FIFO,0.28,0,variant_2
7174,INSPECTION_1_4,INSPECTION_1_4_LINE,25328.31828022191,1.680184714801726,9,4.410168386537407,21.968039519979357,2.626761807652656,19,25306.35024070193,25330.94504202956,experiment,FIFO,0.28,0,variant_2
7174,INSPECTION_1_5,INSPECTION_1_5_LINE,25328.85847135004,0.5401911281296634,10,0.5401911281296634,22.50823064810902,2.0865706795229926,19,25306.35024070193,25330.94504202956,experiment,FIFO,0.28,0,variant_2
7174,INSPECTION_1_6,INSPECTION_1_6_LINE,25330.557013177247,1.6985418272088282,11,1.6985418272088282,24.206772475317848,0.3880288523141644,19,25306.35024070193,25330.94504202956,experiment,FIFO,0.28,0,variant_2
7174,INSPECTION_1_6,INSPECTION_1_6_LINE,25330.689326071973,0.13231289472605567,12,0.13231289472605567,24.339085370043904,0.2557159575881087,19,25306.35024070193,25330.94504202956,experiment,FIFO,0.28,0,variant_2
7174,INSPECTION_1_7,INSPECTION_1_7_LINE,25330.94504202956,0.2557159575881087,13,0.2557159575881087,24.594801327632013,0.0,18,25306.35024070193,25330.94504202956,experiment,FIFO,0.28,0,variant_2
7175,MOULDING_1,MOULDING_MACHINE_1,25321.644409017747,3.7090458893653704,1,0.0,0.0,45.889238469480915,22,25321.644409017747,25367.533647487227,experiment,FIFO,0.28,0,variant_4
7175,ASSEMBLY_1_4,LINE_4_ASSEMBLY1,25336.5658481592,3.728376047951315,2,14.921439141453448,14.921439141453448,30.967799328027468,17,25321.644409017747,25367.533647487227,experiment,FIFO,0.28,0,variant_4
7175,ASSEMBLY_2_2,ASSEMBLY2_LINE_2,25342.24970556685,5.683857407650066,3,5.683857407650066,20.605296549103514,25.2839419203774,17,25321.644409017747,25367.533647487227,experiment,FIFO,0.28,0,variant_4
7175,SORTING,SORTING_ROBOT_1,25348.89110148055,6.641395913698943,4,6.641395913698943,27.246692462802457,18.642546006678458,15,25321.644409017747,25367.533647487227,experiment,FIFO,0.28,0,variant_4
7175,PACKAGING_1,PACKAGING_LINE_1,25356.054594493,7.163493012452818,5,7.163493012452818,34.410185475255275,11.47905299422564,19,25321.644409017747,25367.533647487227,experiment,FIFO,0.28,0,variant_4
7175,INSPECTION_1_1,INSPECTION_1_1_LINE,25357.850211135923,1.7956166429212317,6,1.7956166429212317,36.20580211817651,9.683436351304408,19,25321.644409017747,25367.533647487227,experiment,FIFO,0.28,0,variant_4
7175,INSPECTION_1_2,INSPECTION_1_2_LINE,25361.032395463648,3.1821843277248263,7,3.1821843277248263,39.38798644590133,6.501252023579582,23,25321.644409017747,25367.533647487227,experiment,FIFO,0.28,0,variant_4
7175,INSPECTION_1_3,INSPECTION_1_3_LINE,25361.44043295294,0.4080374892910186,8,0.4080374892910186,39.79602393519235,6.093214534288563,23,25321.644409017747,25367.533647487227,experiment,FIFO,0.28,0,variant_4
7175,INSPECTION_1_4,INSPECTION_1_4_LINE,25362.797216711948,1.3567837590089766,9,1.3567837590089766,41.15280769420133,4.736430775279587,25,25321.644409017747,25367.533647487227,experiment,FIFO,0.28,0,variant_4
7175,INSPECTION_1_5,INSPECTION_1_5_LINE,25362.985310703207,0.18809399125893833,10,0.18809399125893833,41.34090168546027,4.548336784020648,25,25321.644409017747,25367.533647487227,experiment,FIFO,0.28,0,variant_4
7175,INSPECTION_1_6,INSPECTION_1_6_LINE,25366.42473279443,3.439422091221786,11,3.439422091221786,44.78032377668205,1.1089146927988622,27,25321.644409017747,25367.533647487227,experiment,FIFO,0.28,0,variant_4
7175,INSPECTION_1_7,INSPECTION_1_7_LINE,25367.533647487227,1.1089146927988622,12,1.1089146927988622,45.889238469480915,0.0,26,25321.644409017747,25367.533647487227,experiment,FIFO,0.28,0,variant_4
7176,MOULDING_4,MOULDING_MACHINE_4,25320.597003361218,0.7718143121783214,1,0.0,0.0,99.50923243610305,22,25320.597003361218,25420.10623579732,experiment,FIFO,0.28,0,variant_1
7176,ASSEMBLY_1_2,LINE_2_ASSEMBLY1,25338.34215811798,17.74515475676162,2,17.74515475676162,17.74515475676162,81.76407767934143,17,25320.597003361218,25420.10623579732,experiment,FIFO,0.28,0,variant_1
7176,ASSEMBLY_2_1,ASSEMBLY2_LINE_1,25382.6275743958,2.618564497672196,3,44.28541627782033,62.03057103458195,37.478661401521094,28,25320.597003361218,25420.10623579732,experiment,FIFO,0.28,0,variant_1
7176,SORTING,SORTING_ROBOT_1,25395.449077099565,0.8214632162198541,4,12.821502703765873,74.85207373834783,24.65715869775522,27,25320.597003361218,25420.10623579732,experiment,FIFO,0.28,0,variant_1
7176,PACKAGING_1,PACKAGING_LINE_1,25410.84586286365,4.465201391503797,5,15.396785764085507,90.24885950243333,9.260372933669714,29,25320.597003361218,25420.10623579732,experiment,FIFO,0.28,0,variant_1
7176,INSPECTION_2_1,INSPECTION_2_1_LINE,25416.053456353868,5.207593490216823,6,5.207593490216823,95.45645299265016,4.052779443452891,25,25320.597003361218,25420.10623579732,experiment,FIFO,0.28,0,variant_1
7176,INSPECTION_2_2,INSPECTION_2_2_LINE,25418.57725796337,2.523801609502698,7,2.523801609502698,97.98025460215285,1.5289778339501936,24,25320.597003361218,25420.10623579732,experiment,FIFO,0.28,0,variant_1
7176,INSPECTION_2_3,INSPECTION_2_3_LINE,25419.103204020023,0.5259460566521739,8,0.5259460566521739,98.50620065880503,1.0030317772980197,24,25320.597003361218,25420.10623579732,experiment,FIFO,0.28,0,variant_1
7176,INSPECTION_2_4,INSPECTION_2_4_LINE,25419.11797134817,0.014767328146263026,9,0.014767328146263026,98.52096798695129,0.9882644491517567,24,25320.597003361218,25420.10623579732,experiment,FIFO,0.28,0,variant_1
7176,INSPECTION_2_5,INSPECTION_2_5_LINE,25419.78126793173,0.6632965835597133,10,0.6632965835597133,99.184264570511,0.3249678655920434,24,25320.597003361218,25420.10623579732,experiment,FIFO,0.28,0,variant_1
7176,INSPECTION_2_6,INSPECTION_2_6_LINE,25420.08850274663,0.30723481489985716,11,0.30723481489985716,99.49149938541086,0.017733050692186225,24,25320.597003361218,25420.10623579732,experiment,FIFO,0.28,0,variant_1
7176,INSPECTION_2_7,INSPECTION_2_7_LINE,25420.10623579732,0.017733050692186225,12,0.017733050692186225,99.50923243610305,0.0,23,25320.597003361218,25420.10623579732,experiment,FIFO,0.28,0,variant_1
7177,MOULDING_1,MOULDING_MACHINE_1,25326.425002890963,4.780593873216276,1,0.0,0.0,42.072956814448844,21,25326.425002890963,25368.49795970541,experiment,FIFO,0.28,0,variant_1
7177,ASSEMBLY_1_1,LINE_1_ASSEMBLY1,25336.949617549013,10.524614658050268,2,10.524614658050268,10.524614658050268,31.548342156398576,17,25326.425002890963,25368.49795970541,experiment,FIFO,0.28,0,variant_1
7177,ASSEMBLY_2_2,ASSEMBLY2_LINE_2,25347.970590798104,5.720885231254215,3,11.020973249091185,21.545587907141453,20.52736890730739,15,25326.425002890963,25368.49795970541,experiment,FIFO,0.28,0,variant_1
7177,SORTING,SORTING_ROBOT_1,25356.41243677057,2.030539795941877,4,8.441845972465671,29.987433879607124,12.08552293484172,19,25326.425002890963,25368.49795970541,experiment,FIFO,0.28,0,variant_1
7177,PACKAGING_2,PACKAGING_LINE_2,25359.449256871805,3.0368201012352074,5,3.0368201012352074,33.02425398084233,9.048702833606512,21,25326.425002890963,25368.49795970541,experiment,FIFO,0.28,0,variant_1
7177,INSPECTION_1_1,INSPECTION_1_1_LINE,25361.66462605265,2.2153691808453004,6,2.2153691808453004,35.23962316168763,6.833333652761212,24,25326.425002890963,25368.49795970541,experiment,FIFO,0.28,0,variant_1
7177,INSPECTION_1_2,INSPECTION_1_2_LINE,25361.82127135322,0.15664530056892545,7,0.15664530056892545,35.39626846225656,6.676688352192286,24,25326.425002890963,25368.49795970541,experiment,FIFO,0.28,0,variant_1
7177,INSPECTION_1_3,INSPECTION_1_3_LINE,25362.43878409005,0.6175127368296671,8,0.6175127368296671,36.013781199086225,6.059175615362619,25,25326.425002890963,25368.49795970541,experiment,FIFO,0.28,0,variant_1
7177,INSPECTION_1_4,INSPECTION_1_4_LINE,25362.92786391457,0.13064720262264018,9,0.48907982452146825,36.50286102360769,5.570095790841151,25,25326.425002890963,25368.49795970541,experiment,FIFO,0.28,0,variant_1
7177,INSPECTION_1_5,INSPECTION_1_5_LINE,25363.83097400474,0.8456633015339321,10,0.9031100901702303,37.40597111377792,4.666985700670921,26,25326.425002890963,25368.49795970541,experiment,FIFO,0.28,0,variant_1
7177,INSPECTION_1_6,INSPECTION_1_6_LINE,25367.42344028836,0.9987074939308513,11,3.5924662836187053,40.99843739739663,1.0745194170522154,27,25326.425002890963,25368.49795970541,experiment,FIFO,0.28,0,variant_1
7177,INSPECTION_1_7,INSPECTION_1_7_LINE,25368.49795970541,0.9643122181842045,12,1.0745194170522154,42.072956814448844,0.0,26,25326.425002890963,25368.49795970541,experiment,FIFO,0.28,0,variant_1
7178,MOULDING_1,MOULDING_MACHINE_1,25347.493173572988,21.068170682025084,1,0.0,0.0,94.53720446937587,17,25347.493173572988,25442.030378042364,experiment,FIFO,0.28,0,variant_6
7178,ASSEMBLY_1_3,LINE_3_ASSEMBLY1,25350.98450351561,3.491329942622542,2,3.491329942622542,3.491329942622542,91.04587452675332,18,25347.493173572988,25442.030378042364,experiment,FIFO,0.28,0,variant_6
7178,ASSEMBLY_2_1,ASSEMBLY2_LINE_1,25394.973921078563,12.346346682763397,3,43.98941756295244,47.48074750557498,47.05645696380088,26,25347.493173572988,25442.030378042364,experiment,FIFO,0.28,0,variant_6
7178,SORTING,SORTING_ROBOT_1,25402.897066406706,6.944348505279777,4,7.923145328142709,55.40389283371769,39.133311635658174,30,25347.493173572988,25442.030378042364,experiment,FIFO,0.28,0,variant_6
7178,PACKAGING_1,PACKAGING_LINE_1,25428.66676699984,2.937778619256278,5,25.769700593133166,81.17359342685086,13.363611042525008,22,25347.493173572988,25442.030378042364,experiment,FIFO,0.28,0,variant_6
7178,INSPECTION_2_1,INSPECTION_2_1_LINE,25429.907181524188,1.2404145243490348,6,1.2404145243490348,82.41400795119989,12.123196518175973,22,25347.493173572988,25442.030378042364,experiment,FIFO,0.28,0,variant_6
7178,INSPECTION_2_2,INSPECTION_2_2_LINE,25430.09778689718,0.1906053729908308,7,0.1906053729908308,82.60461332419072,11.932591145185143,22,25347.493173572988,25442.030378042364,experiment,FIFO,0.28,0,variant_6
7178,INSPECTION_2_3,INSPECTION_2_3_LINE,25430.21110969512,0.11332279794078204,8,0.11332279794078204,82.7179361221315,11.81926834724436,22,25347.493173572988,25442.030378042364,experiment,FIFO,0.28,0,variant_6
7178,INSPECTION_2_4,INSPECTION_2_4_LINE,25431.87892014726,1.6678104521415662,9,1.6678104521415662,84.38574657427307,10.151457895102794,23,25347.493173572988,25442.030378042364,experiment,FIFO,0.28,0,variant_6
7178,INSPECTION_2_5,INSPECTION_2_5_LINE,25432.51603131497,0.6371111677108274,10,0.6371111677108274,85.0228577419839,9.514346727391967,22,25347.493173572988,25442.030378042364,experiment,FIFO,0.28,0,variant_6
7178,INSPECTION_2_6,INSPECTION_2_6_LINE,25434.98568702769,0.3069012330779515,11,2.4696557127172127,87.49251345470111,7.044691014674754,22,25347.493173572988,25442.030378042364,experiment,FIFO,0.28,0,variant_6
7178,INSPECTION_2_7,INSPECTION_2_7_LINE,25442.030378042364,6.962705972546246,12,7.044691014674754,94.53720446937587,0.0,20,25347.493173572988,25442.030378042364,experiment,FIFO,0.28,0,variant_6
7179,MOULDING_1,MOULDING_MACHINE_1,25349.174370779027,1.6811972060386324,1,0.0,0.0,85.89330129079099,16,25349.174370779027,25435.067672069817,experiment,FIFO,0.28,0,variant_5
7179,ASSEMBLY_1_4,LINE_4_ASSEMBLY1,25365.131187923133,7.1654518054456275,2,15.956817144106026,15.956817144106026,69.93648414668496,26,25349.174370779027,25435.067672069817,experiment,FIFO,0.28,0,variant_5
7179,ASSEMBLY_2_1,ASSEMBLY2_LINE_1,25397.3728817685,2.3989606899376668,3,32.24169384536799,48.198510989474016,37.69479030131697,29,25349.174370779027,25435.067672069817,experiment,FIFO,0.28,0,variant_5
7179,SORTING,SORTING_ROBOT_1,25403.892581314263,0.5289405295588949,4,6.519699545762705,54.71821053523672,31.175090755554265,30,25349.174370779027,25435.067672069817,experiment,FIFO,0.28,0,variant_5
7179,PACKAGING_2,PACKAGING_LINE_2,25426.85089783368,1.0979538240571856,5,22.958316519416258,77.67652705465298,8.216774236138008,22,25349.174370779027,25435.067672069817,experiment,FIFO,0.28,0,variant_5
7179,INSPECTION_2_1,INSPECTION_2_1_LINE,25427.322253888124,0.3583837059159123,6,0.47135605444418616,78.14788310909717,7.745418181693822,22,25349.174370779027,25435.067672069817,experiment,FIFO,0.28,0,variant_5
7179,INSPECTION_2_2,INSPECTION_2_2_LINE,25428.10103346144,0.7787795733165694,7,0.7787795733165694,78.92666268241373,6.966638608377252,22,25349.174370779027,25435.067672069817,experiment,FIFO,0.28,0,variant_5
7179,INSPECTION_2_3,INSPECTION_2_3_LINE,25429.1561246815,1.055091220059694,8,1.055091220059694,79.98175390247343,5.911547388317558,22,25349.174370779027,25435.067672069817,experiment,FIFO,0.28,0,variant_5
7179,INSPECTION_2_4,INSPECTION_2_4_LINE,25429.38099312208,0.22486844057857525,9,0.22486844057857525,80.206622343052,5.686678947738983,22,25349.174370779027,25435.067672069817,experiment,FIFO,0.28,0,variant_5
7179,INSPECTION_2_5,INSPECTION_2_5_LINE,25430.40834305154,0.7966658616169298,10,1.0273499294598878,81.23397227251189,4.659329018279095,22,25349.174370779027,25435.067672069817,experiment,FIFO,0.28,0,variant_5
7179,INSPECTION_2_6,INSPECTION_2_6_LINE,25430.921369852746,0.513026801207161,11,0.513026801207161,81.74699907371905,4.146302217071934,22,25349.174370779027,25435.067672069817,experiment,FIFO,0.28,0,variant_5
7179,INSPECTION_2_6,INSPECTION_2_6_LINE,25434.67878579461,3.7574159418654745,12,3.7574159418654745,85.50441501558453,0.3888862752064597,22,25349.174370779027,25435.067672069817,experiment,FIFO,0.28,0,variant_5
7179,INSPECTION_2_7,INSPECTION_2_7_LINE,25435.067672069817,0.3888862752064597,13,0.3888862752064597,85.89330129079099,0.0,21,25349.174370779027,25435.067672069817,experiment,FIFO,0.28,0,variant_5
7180,MOULDING_1,MOULDING_MACHINE_1,25349.280742230618,0.10637145159125794,1,0.0,0.0,45.327431459143554,17,25349.280742230618,25394.60817368976,experiment,FIFO,0.28,0,variant_1
7180,ASSEMBLY_1_5,LINE_5_ASSEMBLY1,25353.83174427476,0.5205132619848882,2,4.551002044143388,4.551002044143388,40.776429415000166,19,25349.280742230618,25394.60817368976,experiment,FIFO,0.28,0,variant_1
7180,ASSEMBLY_2_2,ASSEMBLY2_LINE_2,25362.167470279863,2.8481354056930286,3,8.335726005101606,12.886728049244994,32.44070340989856,24,25349.280742230618,25394.60817368976,experiment,FIFO,0.28,0,variant_1
7180,SORTING,SORTING_ROBOT_1,25380.36557368373,2.004396295771585,4,18.198103403869027,31.08483145311402,14.242600006029534,29,25349.280742230618,25394.60817368976,experiment,FIFO,0.28,0,variant_1
7180,PACKAGING_2,PACKAGING_LINE_2,25392.46024797143,12.09467428769858,5,12.09467428769858,43.1795057408126,2.147925718330953,27,25349.280742230618,25394.60817368976,experiment,FIFO,0.28,0,variant_1
7180,INSPECTION_1_1,INSPECTION_1_1_LINE,25393.26763296886,0.8073849974280165,6,0.8073849974280165,43.98689073824062,1.3405407209029363,27,25349.280742230618,25394.60817368976,experiment,FIFO,0.28,0,variant_1
7180,INSPECTION_1_2,INSPECTION_1_2_LINE,25393.7919293594,0.5242963905402576,7,0.5242963905402576,44.511187128780875,0.8162443303626787,27,25349.280742230618,25394.60817368976,experiment,FIFO,0.28,0,variant_1
7180,INSPECTION_1_3,INSPECTION_1_3_LINE,25393.85968806323,0.06775870382989524,8,0.06775870382989524,44.57894583261077,0.7484856265327835,27,25349.280742230618,25394.60817368976,experiment,FIFO,0.28,0,variant_1
7180,INSPECTION_1_4,INSPECTION_1_4_LINE,25394.02680175052,0.16711368729011156,9,0.16711368729011156,44.74605951990088,0.5813719392426719,27,25349.280742230618,25394.60817368976,experiment,FIFO,0.28,0,variant_1
7180,INSPECTION_1_5,INSPECTION_1_5_LINE,25394.090219968333,0.06341821781461476,10,0.06341821781461476,44.8094777377155,0.5179537214280572,27,25349.280742230618,25394.60817368976,experiment,FIFO,0.28,0,variant_1
7180,INSPECTION_1_6,INSPECTION_1_6_LINE,25394.45462745955,0.3644074912153883,11,0.3644074912153883,45.173885228930885,0.1535462302126689,27,25349.280742230618,25394.60817368976,experiment,FIFO,0.28,0,variant_1
7180,INSPECTION_1_7,INSPECTION_1_7_LINE,25394.60817368976,0.1535462302126689,12,0.1535462302126689,45.327431459143554,0.0,26,25349.280742230618,25394.60817368976,experiment,FIFO,0.28,0,variant_1
7181,MOULDING_5,MOULDING_MACHINE_5,25346.34619558673,7.337277923041256,1,0.0,0.0,60.806512143179134,17,25346.34619558673,25407.15270772991,experiment,FIFO,0.28,0,variant_5
7181,ASSEMBLY_1_4,LINE_4_ASSEMBLY1,25357.965736117687,11.619540530955419,2,11.619540530955419,11.619540530955419,49.186971612223715,19,25346.34619558673,25407.15270772991,experiment,FIFO,0.28,0,variant_5
7181,ASSEMBLY_2_2,ASSEMBLY2_LINE_2,25363.41975351441,1.2522832345457573,3,5.454017396721611,17.07355792767703,43.732954215502104,25,25346.34619558673,25407.15270772991,experiment,FIFO,0.28,0,variant_5
7181,SORTING,SORTING_ROBOT_1,25387.61061150989,7.2450378261564765,4,24.190857995479746,41.264415923156776,19.54209622002236,28,25346.34619558673,25407.15270772991,experiment,FIFO,0.28,0,variant_5
7181,PACKAGING_3,PACKAGING_LINE_3,25397.064976660888,9.454365150999365,5,9.454365150999365,50.71878107415614,10.087731069022993,29,25346.34619558673,25407.15270772991,experiment,FIFO,0.28,0,variant_5
7181,INSPECTION_1_1,INSPECTION_1_1_LINE,25398.081605327065,1.0166286661769846,6,1.0166286661769846,51.735409740333125,9.071102402846009,29,25346.34619558673,25407.15270772991,experiment,FIFO,0.28,0,variant_5
7181,INSPECTION_1_2,INSPECTION_1_2_LINE,25400.93523968591,2.8536343588457385,7,2.8536343588457385,54.589044099178864,6.21746804400027,30,25346.34619558673,25407.15270772991,experiment,FIFO,0.28,0,variant_5
7181,INSPECTION_1_3,INSPECTION_1_3_LINE,25401.590484044944,0.6552443590335315,8,0.6552443590335315,55.244288458212395,5.562223684966739,30,25346.34619558673,25407.15270772991,experiment,FIFO,0.28,0,variant_5
7181,INSPECTION_1_4,INSPECTION_1_4_LINE,25401.911525572166,0.3210415272224054,9,0.3210415272224054,55.5653299854348,5.241182157744333,30,25346.34619558673,25407.15270772991,experiment,FIFO,0.28,0,variant_5
7181,INSPECTION_1_5,INSPECTION_1_5_LINE,25402.82613989117,0.9146143190046132,10,0.9146143190046132,56.479944304439414,4.32656783873972,30,25346.34619558673,25407.15270772991,experiment,FIFO,0.28,0,variant_5
7181,INSPECTION_1_6,INSPECTION_1_6_LINE,25406.841946781653,4.015806890482054,11,4.015806890482054,60.49575119492147,0.3107609482576663,30,25346.34619558673,25407.15270772991,experiment,FIFO,0.28,0,variant_5
7181,INSPECTION_1_7,INSPECTION_1_7_LINE,25407.15270772991,0.3107609482576663,12,0.3107609482576663,60.806512143179134,0.0,29,25346.34619558673,25407.15270772991,experiment,FIFO,0.28,0,variant_5
7182,MOULDING_2,MOULDING_MACHINE_2,25351.4023111242,12.162257617354044,1,0.0,0.0,72.37693905096967,19,25351.4023111242,25423.77925017517,experiment,FIFO,0.28,0,variant_6
7182,ASSEMBLY_1_4,LINE_4_ASSEMBLY1,25376.87061445652,11.739426533385995,2,25.46830333231992,25.46830333231992,46.90863571864975,29,25351.4023111242,25423.77925017517,experiment,FIFO,0.28,0,variant_6
7182,ASSEMBLY_2_1,ASSEMBLY2_LINE_1,25403.92478421587,6.545245353870996,3,27.05416975935077,52.52247309167069,19.854465959298977,30,25351.4023111242,25423.77925017517,experiment,FIFO,0.28,0,variant_6
7182,SORTING,SORTING_ROBOT_1,25405.785096898617,0.13219719972767052,4,1.8603126827474625,54.38278577441815,17.994153276551515,31,25351.4023111242,25423.77925017517,experiment,FIFO,0.28,0,variant_6
7182,PACKAGING_3,PACKAGING_LINE_3,25410.96387896288,1.2154315803709324,5,5.178782064263942,59.561567838682095,12.815371212287573,29,25351.4023111242,25423.77925017517,experiment,FIFO,0.28,0,variant_6
7182,INSPECTION_2_1,INSPECTION_2_1_LINE,25417.15712841682,1.1036720629526826,6,6.193249453939643,65.75481729262174,6.62212175834793,25,25351.4023111242,25423.77925017517,experiment,FIFO,0.28,0,variant_6
7182,INSPECTION_2_2,INSPECTION_2_2_LINE,25421.22312656135,2.645868597981462,7,4.065998144531477,69.82081543715321,2.556123613816453,24,25351.4023111242,25423.77925017517,experiment,FIFO,0.28,0,variant_6
7182,INSPECTION_2_3,INSPECTION_2_3_LINE,25422.215352914867,0.9922263535154343,8,0.9922263535154343,70.81304179066865,1.5638972603010188,24,25351.4023111242,25423.77925017517,experiment,FIFO,0.28,0,variant_6
7182,INSPECTION_2_4,INSPECTION_2_4_LINE,25422.7144200329,0.4990671180312347,9,0.4990671180312347,71.31210890869988,1.0648301422697841,24,25351.4023111242,25423.77925017517,experiment,FIFO,0.28,0,variant_6
7182,INSPECTION_2_5,INSPECTION_2_5_LINE,25423.54035275174,0.8259327188425232,10,0.8259327188425232,72.1380416275424,0.23889742342726095,24,25351.4023111242,25423.77925017517,experiment,FIFO,0.28,0,variant_6
7182,INSPECTION_2_6,INSPECTION_2_6_LINE,25423.546582744577,0.00622999283586978,11,0.00622999283586978,72.14427162037828,0.23266743059139117,24,25351.4023111242,25423.77925017517,experiment,FIFO,0.28,0,variant_6
7182,INSPECTION_2_7,INSPECTION_2_7_LINE,25423.77925017517,0.23266743059139117,12,0.23266743059139117,72.37693905096967,0.0,23,25351.4023111242,25423.77925017517,experiment,FIFO,0.28,0,variant_6
7183,MOULDING_5,MOULDING_MACHINE_5,25351.520399855577,5.174204268845642,1,0.0,0.0,39.02512424595625,20,25351.520399855577,25390.545524101533,experiment,FIFO,0.28,0,variant_4
7183,ASSEMBLY_1_3,LINE_3_ASSEMBLY1,25351.87980618159,0.3594063260134135,2,0.3594063260134135,0.3594063260134135,38.665717919942836,20,25351.520399855577,25390.545524101533,experiment,FIFO,0.28,0,variant_4
7183,ASSEMBLY_2_2,ASSEMBLY2_LINE_2,25358.02244806617,6.142641884580371,3,6.142641884580371,6.5020482105937845,32.523076035362465,19,25351.520399855577,25390.545524101533,experiment,FIFO,0.28,0,variant_4
7183,SORTING,SORTING_ROBOT_1,25369.630655684483,1.2931387994212855,4,11.608207618312008,18.110255828905792,20.914868417050457,26,25351.520399855577,25390.545524101533,experiment,FIFO,0.28,0,variant_4
7183,PACKAGING_1,PACKAGING_LINE_1,25379.94035937501,10.309703690527385,5,10.309703690527385,28.419959519433178,10.605164726523071,29,25351.520399855577,25390.545524101533,experiment,FIFO,0.28,0,variant_4
7183,INSPECTION_2_1,INSPECTION_2_1_LINE,25384.446116383177,4.505757008166256,6,4.505757008166256,32.925716527599434,6.099407718356815,28,25351.520399855577,25390.545524101533,experiment,FIFO,0.28,0,variant_4
7183,INSPECTION_2_2,INSPECTION_2_2_LINE,25384.93780544635,0.49168906317208894,7,0.49168906317208894,33.41740559077152,5.607718655184726,29,25351.520399855577,25390.545524101533,experiment,FIFO,0.28,0,variant_4
7183,INSPECTION_2_3,INSPECTION_2_3_LINE,25385.037163511177,0.09935806482826592,8,0.09935806482826592,33.51676365559979,5.50836059035646,29,25351.520399855577,25390.545524101533,experiment,FIFO,0.28,0,variant_4
7183,INSPECTION_2_4,INSPECTION_2_4_LINE,25385.08311693772,0.045953426542837406,9,0.045953426542837406,33.562717082142626,5.462407163813623,29,25351.520399855577,25390.545524101533,experiment,FIFO,0.28,0,variant_4
7183,INSPECTION_2_5,INSPECTION_2_5_LINE,25387.950055125035,2.8669381873150996,10,2.8669381873150996,36.429655269457726,2.5954689764985233,28,25351.520399855577,25390.545524101533,experiment,FIFO,0.28,0,variant_4
7183,INSPECTION_2_6,INSPECTION_2_6_LINE,25390.3837958523,2.4337407272651035,11,2.4337407272651035,38.86339599672283,0.16172824923341977,28,25351.520399855577,25390.545524101533,experiment,FIFO,0.28,0,variant_4
7183,INSPECTION_2_7,INSPECTION_2_7_LINE,25390.545524101533,0.16172824923341977,12,0.16172824923341977,39.02512424595625,0.0,27,25351.520399855577,25390.545524101533,experiment,FIFO,0.28,0,variant_4
7184,MOULDING_3,MOULDING_MACHINE_3,25348.436838806905,9.016539230280614,1,0.0,0.0,38.17755337944254,15,25348.436838806905,25386.614392186348,experiment,FIFO,0.28,0,variant_2
7184,ASSEMBLY_1_5,LINE_5_ASSEMBLY1,25353.311231012776,4.874392205871118,2,4.874392205871118,4.874392205871118,33.303161173571425,19,25348.436838806905,25386.614392186348,experiment,FIFO,0.28,0,variant_2
7184,ASSEMBLY_2_2,ASSEMBLY2_LINE_2,25359.31933487417,1.296886807998817,3,6.008103861393465,10.882496067264583,27.29505731217796,21,25348.436838806905,25386.614392186348,experiment,FIFO,0.28,0,variant_2
7184,SORTING,SORTING_ROBOT_1,25378.36117738796,8.73052170347728,4,19.04184251379047,29.924338581055054,8.25321479838749,29,25348.436838806905,25386.614392186348,experiment,FIFO,0.28,0,variant_2
7184,PACKAGING_1,PACKAGING_LINE_1,25381.42689412106,1.4865347460508929,5,3.0657167331009987,32.99005531415605,5.187498065286491,28,25348.436838806905,25386.614392186348,experiment,FIFO,0.28,0,variant_2
7184,INSPECTION_1_1,INSPECTION_1_1_LINE,25382.74899857897,1.3221044579076988,6,1.3221044579076988,34.31215977206375,3.865393607378792,28,25348.436838806905,25386.614392186348,experiment,FIFO,0.28,0,variant_2
7184,INSPECTION_1_2,INSPECTION_1_2_LINE,25382.809994255524,0.060995676554739475,7,0.060995676554739475,34.37315544861849,3.8043979308240523,28,25348.436838806905,25386.614392186348,experiment,FIFO,0.28,0,variant_2
7184,INSPECTION_1_3,INSPECTION_1_3_LINE,25383.512044135787,0.7020498802630755,8,0.7020498802630755,35.075205328881566,3.102348050560977,28,25348.436838806905,25386.614392186348,experiment,FIFO,0.28,0,variant_2
7184,INSPECTION_1_4,INSPECTION_1_4_LINE,25384.367847093785,0.8558029579980939,9,0.8558029579980939,35.93100828687966,2.246545092562883,28,25348.436838806905,25386.614392186348,experiment,FIFO,0.28,0,variant_2
7184,INSPECTION_1_5,INSPECTION_1_5_LINE,25384.916054780675,0.5482076868902368,10,0.5482076868902368,36.4792159737699,1.6983374056726461,29,25348.436838806905,25386.614392186348,experiment,FIFO,0.28,0,variant_2
7184,INSPECTION_1_6,INSPECTION_1_6_LINE,25385.46360673481,0.5475519541359972,11,0.5475519541359972,37.026767927905894,1.150785451536649,29,25348.436838806905,25386.614392186348,experiment,FIFO,0.28,0,variant_2
7184,INSPECTION_1_7,INSPECTION_1_7_LINE,25386.614392186348,1.150785451536649,12,1.150785451536649,38.17755337944254,0.0,28,25348.436838806905,25386.614392186348,experiment,FIFO,0.28,0,variant_2
7185,MOULDING_1,MOULDING_MACHINE_1,25358.4367751402,9.156032909580972,1,0.0,0.0,94.38069086484029,20,25358.4367751402,25452.81746600504,experiment,FIFO,0.28,0,variant_3
7185,ASSEMBLY_1_4,LINE_4_ASSEMBLY1,25377.33232658973,0.46171213321213145,2,18.895551449531922,18.895551449531922,75.48513941530837,29,25358.4367751402,25452.81746600504,experiment,FIFO,0.28,0,variant_3
7185,ASSEMBLY_2_2,ASSEMBLY2_LINE_2,25413.79946333755,16.83624467959089,3,36.467136747818586,55.36268819735051,39.01800266748978,26,25358.4367751402,25452.81746600504,experiment,FIFO,0.28,0,variant_3
7185,SORTING,SORTING_ROBOT_1,25416.952138288387,0.03990416822853149,4,3.152674950837536,58.515363148188044,35.865327716652246,25,25358.4367751402,25452.81746600504,experiment,FIFO,0.28,0,variant_3
7185,PACKAGING_2,PACKAGING_LINE_2,25446.025689831044,19.174791997364082,5,29.073551542656787,87.58891469084483,6.7917761739954585,20,25358.4367751402,25452.81746600504,experiment,FIFO,0.28,0,variant_3
7185,INSPECTION_2_1,INSPECTION_2_1_LINE,25446.560085348563,0.5343955175194424,6,0.5343955175194424,88.12331020836427,6.257380656476016,19,25358.4367751402,25452.81746600504,experiment,FIFO,0.28,0,variant_3
7185,INSPECTION_2_1,INSPECTION_2_1_LINE,25447.34148517264,0.7813998240781075,7,0.7813998240781075,88.90471003244238,5.475980832397909,19,25358.4367751402,25452.81746600504,experiment,FIFO,0.28,0,variant_3
7185,INSPECTION_2_2,INSPECTION_2_2_LINE,25449.214071081064,0.7097444521350553,8,1.8725859084224794,90.77729594086486,3.6033949239754293,22,25358.4367751402,25452.81746600504,experiment,FIFO,0.28,0,variant_3
7185,INSPECTION_2_3,INSPECTION_2_3_LINE,25451.04398161467,1.8299105336081993,9,1.8299105336081993,92.60720647447306,1.77348439036723,18,25358.4367751402,25452.81746600504,experiment,FIFO,0.28,0,variant_3
7185,INSPECTION_2_4,INSPECTION_2_4_LINE,25451.108250483827,0.06426886915505747,10,0.06426886915505747,92.67147534362812,1.7092155212121725,18,25358.4367751402,25452.81746600504,experiment,FIFO,0.28,0,variant_3
7185,INSPECTION_2_5,INSPECTION_2_5_LINE,25451.5666688308,0.4584183469742129,11,0.4584183469742129,93.12989369060233,1.2507971742379596,18,25358.4367751402,25452.81746600504,experiment,FIFO,0.28,0,variant_3
7185,INSPECTION_2_6,INSPECTION_2_6_LINE,25452.77948348345,1.212814652648376,12,1.212814652648376,94.3427083432507,0.037982521589583484,18,25358.4367751402,25452.81746600504,experiment,FIFO,0.28,0,variant_3
7185,INSPECTION_2_7,INSPECTION_2_7_LINE,25452.81746600504,0.037982521589583484,13,0.037982521589583484,94.38069086484029,0.0,17,25358.4367751402,25452.81746600504,experiment,FIFO,0.28,0,variant_3
7186,MOULDING_1,MOULDING_MACHINE_1,25363.64300129956,5.206226159360085,1,0.0,0.0,86.71401737552151,26,25363.64300129956,25450.35701867508,experiment,FIFO,0.28,0,variant_6
7186,ASSEMBLY_1_4,LINE_4_ASSEMBLY1,25393.18480715111,0.26053401318131364,2,29.541805851549725,29.541805851549725,57.17221152397178,27,25363.64300129956,25450.35701867508,experiment,FIFO,0.28,0,variant_6
7186,ASSEMBLY_2_2,ASSEMBLY2_LINE_2,25435.234825512587,4.757144027866161,3,42.05001836147858,71.5918242130283,15.122193162493204,21,25363.64300129956,25450.35701867508,experiment,FIFO,0.28,0,variant_6
7186,SORTING,SORTING_ROBOT_1,25440.656370234345,2.7900683761035907,4,5.421544721757527,77.01336893478583,9.700648440735677,21,25363.64300129956,25450.35701867508,experiment,FIFO,0.28,0,variant_6
7186,PACKAGING_3,PACKAGING_LINE_3,25442.539327365204,1.8829571308597224,5,1.8829571308597224,78.89632606564555,7.817691309875954,20,25363.64300129956,25450.35701867508,experiment,FIFO,0.28,0,variant_6
7186,INSPECTION_2_1,INSPECTION_2_1_LINE,25444.06664953677,1.5273221715651744,6,1.5273221715651744,80.42364823721073,6.29036913831078,20,25363.64300129956,25450.35701867508,experiment,FIFO,0.28,0,variant_6
7186,INSPECTION_2_2,INSPECTION_2_2_LINE,25446.70215999134,2.6355104545691574,7,2.6355104545691574,83.05915869177988,3.6548586837416224,19,25363.64300129956,25450.35701867508,experiment,FIFO,0.28,0,variant_6
7186,INSPECTION_2_3,INSPECTION_2_3_LINE,25446.989136138985,0.2869761476467829,8,0.2869761476467829,83.34613483942667,3.3678825360948395,19,25363.64300129956,25450.35701867508,experiment,FIFO,0.28,0,variant_6
7186,INSPECTION_2_4,INSPECTION_2_4_LINE,25447.20626432622,0.21712818723608507,9,0.21712818723608507,83.56326302666275,3.1507543488587544,19,25363.64300129956,25450.35701867508,experiment,FIFO,0.28,0,variant_6
7186,INSPECTION_2_5,INSPECTION_2_5_LINE,25447.32504376822,0.11877944200023194,10,0.11877944200023194,83.68204246866298,3.0319749068585224,19,25363.64300129956,25450.35701867508,experiment,FIFO,0.28,0,variant_6
7186,INSPECTION_2_6,INSPECTION_2_6_LINE,25450.32720450087,0.8728432215284556,11,3.0021607326489175,86.6842032013119,0.02981417420960497,21,25363.64300129956,25450.35701867508,experiment,FIFO,0.28,0,variant_6
7186,INSPECTION_2_7,INSPECTION_2_7_LINE,25450.35701867508,0.02981417420960497,12,0.02981417420960497,86.71401737552151,0.0,20,25363.64300129956,25450.35701867508,experiment,FIFO,0.28,0,variant_6
7187,MOULDING_2,MOULDING_MACHINE_2,25360.9153199496,9.513008825400902,1,0.0,0.0,74.01720435644165,21,25360.9153199496,25434.93252430604,experiment,FIFO,0.28,0,variant_6
7187,ASSEMBLY_1_3,LINE_3_ASSEMBLY1,25368.07169112243,7.156371172830404,2,7.156371172830404,7.156371172830404,66.86083318361125,26,25360.9153199496,25434.93252430604,experiment,FIFO,0.28,0,variant_6
7187,ASSEMBLY_2_2,ASSEMBLY2_LINE_2,25391.59545559269,19.868007618129923,3,23.523764470261085,30.68013564309149,43.33706871335016,27,25360.9153199496,25434.93252430604,experiment,FIFO,0.28,0,variant_6
7187,SORTING,SORTING_ROBOT_1,25395.77084070161,0.3217636020453938,4,4.175385108919727,34.855520752011216,39.161683604430436,27,25360.9153199496,25434.93252430604,experiment,FIFO,0.28,0,variant_6
7187,PACKAGING_1,PACKAGING_LINE_1,25425.728988380582,14.883125516931614,5,29.958147678971727,64.81366843098294,9.20353592545871,22,25360.9153199496,25434.93252430604,experiment,FIFO,0.28,0,variant_6
7187,INSPECTION_1_1,INSPECTION_1_1_LINE,25425.92994198277,0.20095360218692804,6,0.20095360218692804,65.01462203316987,9.002582323271781,22,25360.9153199496,25434.93252430604,experiment,FIFO,0.28,0,variant_6
7187,INSPECTION_1_2,INSPECTION_1_2_LINE,25426.34932280396,0.41938082118940656,7,0.41938082118940656,65.43400285435928,8.583201502082375,22,25360.9153199496,25434.93252430604,experiment,FIFO,0.28,0,variant_6
7187,INSPECTION_1_3,INSPECTION_1_3_LINE,25427.67298815411,1.323665350151714,8,1.323665350151714,66.75766820451099,7.259536151930661,22,25360.9153199496,25434.93252430604,experiment,FIFO,0.28,0,variant_6
7187,INSPECTION_1_4,INSPECTION_1_4_LINE,25429.22895391527,1.5559657611593138,9,1.5559657611593138,68.3136339656703,5.703570390771347,22,25360.9153199496,25434.93252430604,experiment,FIFO,0.28,0,variant_6
7187,INSPECTION_1_5,INSPECTION_1_5_LINE,25432.05724431712,2.8282904018487898,10,2.8282904018487898,71.1419243675191,2.875279988922557,22,25360.9153199496,25434.93252430604,experiment,FIFO,0.28,0,variant_6
7187,INSPECTION_1_5,INSPECTION_1_5_LINE,25433.240948956565,1.1837046394466597,11,1.1837046394466597,72.32562900696576,1.6915753494758974,22,25360.9153199496,25434.93252430604,experiment,FIFO,0.28,0,variant_6
7187,INSPECTION_1_6,INSPECTION_1_6_LINE,25434.56668065598,1.3257316994131543,12,1.3257316994131543,73.65136070637891,0.3658436500627431,22,25360.9153199496,25434.93252430604,experiment,FIFO,0.28,0,variant_6
7187,INSPECTION_1_7,INSPECTION_1_7_LINE,25434.93252430604,0.3658436500627431,13,0.3658436500627431,74.01720435644165,0.0,22,25360.9153199496,25434.93252430604,experiment,FIFO,0.28,0,variant_6
7188,MOULDING_2,MOULDING_MACHINE_2,25362.22418762014,1.3088676705410762,1,0.0,0.0,52.553796626179974,25,25362.22418762014,25414.77798424632,experiment,FIFO,0.28,0,variant_6
7188,ASSEMBLY_1_1,LINE_1_ASSEMBLY1,25372.24615787857,5.759455836912821,2,10.021970258429064,10.021970258429064,42.53182636775091,27,25362.22418762014,25414.77798424632,experiment,FIFO,0.28,0,variant_6
7188,ASSEMBLY_2_2,ASSEMBLY2_LINE_2,25393.644179241084,2.0487236483932065,3,21.398021362514555,31.41999162094362,21.133805005236354,27,25362.22418762014,25414.77798424632,experiment,FIFO,0.28,0,variant_6
7188,SORTING,SORTING_ROBOT_1,25395.952717901426,0.18187719981506234,4,2.3085386603415827,33.7285302812852,18.82526634489477,28,25362.22418762014,25414.77798424632,experiment,FIFO,0.28,0,variant_6
7188,PACKAGING_2,PACKAGING_LINE_2,25404.651493320875,2.813436795724556,5,8.698775419448793,42.427305700733996,10.126490925445978,30,25362.22418762014,25414.77798424632,experiment,FIFO,0.28,0,variant_6
7188,INSPECTION_1_1,INSPECTION_1_1_LINE,25405.229857080714,0.5783637598397036,6,0.5783637598397036,43.0056694605737,9.548127165606275,31,25362.22418762014,25414.77798424632,experiment,FIFO,0.28,0,variant_6
7188,INSPECTION_1_2,INSPECTION_1_2_LINE,25406.385787864863,1.0328529578218877,7,1.15593078414895,44.16160024472265,8.392196381457325,30,25362.22418762014,25414.77798424632,experiment,FIFO,0.28,0,variant_6
7188,INSPECTION_1_3,INSPECTION_1_3_LINE,25406.69717822816,0.31139036329841474,8,0.31139036329841474,44.472990608021064,8.08080601815891,30,25362.22418762014,25414.77798424632,experiment,FIFO,0.28,0,variant_6
7188,INSPECTION_1_4,INSPECTION_1_4_LINE,25410.668581741946,2.71615224186462,9,3.9714035137840256,48.44439412180509,4.109402504374884,30,25362.22418762014,25414.77798424632,experiment,FIFO,0.28,0,variant_6
7188,INSPECTION_1_5,INSPECTION_1_5_LINE,25410.908674279897,0.24009253795156837,10,0.24009253795156837,48.68448665975666,3.869309966423316,29,25362.22418762014,25414.77798424632,experiment,FIFO,0.28,0,variant_6
7188,INSPECTION_1_6,INSPECTION_1_6_LINE,25413.905794951952,1.3375235503008298,11,2.9971206720547343,51.68160733181139,0.8721892943685816,26,25362.22418762014,25414.77798424632,experiment,FIFO,0.28,0,variant_6
7188,INSPECTION_1_7,INSPECTION_1_7_LINE,25414.77798424632,0.8721892943685816,12,0.8721892943685816,52.553796626179974,0.0,25,25362.22418762014,25414.77798424632,experiment,FIFO,0.28,0,variant_6
7189,MOULDING_4,MOULDING_MACHINE_4,25349.472685908902,0.3353276954512694,1,0.0,0.0,56.47235093019117,18,25349.472685908902,25405.945036839094,experiment,FIFO,0.28,0,variant_6
7189,ASSEMBLY_1_5,LINE_5_ASSEMBLY1,25362.02129847509,8.18955420032944,2,12.54861256618824,12.54861256618824,43.92373836400293,24,25349.472685908902,25405.945036839094,experiment,FIFO,0.28,0,variant_6
7189,ASSEMBLY_2_2,ASSEMBLY2_LINE_2,25365.0739518679,1.6541983534916653,3,3.0526533928095887,15.601265958997828,40.87108497119334,26,25349.472685908902,25405.945036839094,experiment,FIFO,0.28,0,variant_6
7189,SORTING,SORTING_ROBOT_1,25390.772704501545,0.6458171802842116,4,25.6987526336452,41.30001859264303,15.172332337548141,27,25349.472685908902,25405.945036839094,experiment,FIFO,0.28,0,variant_6
7189,PACKAGING_1,PACKAGING_LINE_1,25398.226388144973,7.453683643427212,5,7.453683643427212,48.75370223607024,7.71864869412093,29,25349.472685908902,25405.945036839094,experiment,FIFO,0.28,0,variant_6
7189,INSPECTION_2_1,INSPECTION_2_1_LINE,25400.445685865347,2.2192977203740156,6,2.2192977203740156,50.972999956444255,5.499350973746914,30,25349.472685908902,25405.945036839094,experiment,FIFO,0.28,0,variant_6
7189,INSPECTION_2_2,INSPECTION_2_2_LINE,25401.03331189871,0.5876260333643586,7,0.5876260333643586,51.560625989808614,4.911724940382555,30,25349.472685908902,25405.945036839094,experiment,FIFO,0.28,0,variant_6
7189,INSPECTION_2_3,INSPECTION_2_3_LINE,25401.31496098332,0.28164908460894367,8,0.28164908460894367,51.84227507441756,4.630075855773612,30,25349.472685908902,25405.945036839094,experiment,FIFO,0.28,0,variant_6
7189,INSPECTION_2_4,INSPECTION_2_4_LINE,25402.76756923614,1.4526082528209372,9,1.4526082528209372,53.294883327238495,3.1774676029526745,30,25349.472685908902,25405.945036839094,experiment,FIFO,0.28,0,variant_6
7189,INSPECTION_2_5,INSPECTION_2_5_LINE,25402.90964848869,0.14207925254959264,10,0.14207925254959264,53.43696257978809,3.035388350403082,30,25349.472685908902,25405.945036839094,experiment,FIFO,0.28,0,variant_6
7189,INSPECTION_2_6,INSPECTION_2_6_LINE,25403.830200907018,0.9205524183271336,11,0.9205524183271336,54.35751499811522,2.114835932075948,30,25349.472685908902,25405.945036839094,experiment,FIFO,0.28,0,variant_6
7189,INSPECTION_2_7,INSPECTION_2_7_LINE,25405.945036839094,2.114835932075948,12,2.114835932075948,56.47235093019117,0.0,30,25349.472685908902,25405.945036839094,experiment,FIFO,0.28,0,variant_6
7190,MOULDING_2,MOULDING_MACHINE_2,25365.20081406873,2.976626448587922,1,0.0,0.0,121.09400319838096,27,25365.20081406873,25486.29481726711,experiment,FIFO,0.28,0,variant_4
7190,ASSEMBLY_1_1,LINE_1_ASSEMBLY1,25380.887097471423,8.640939592853101,2,15.686283402694244,15.686283402694244,105.40771979568672,28,25365.20081406873,25486.29481726711,experiment,FIFO,0.28,0,variant_4
7190,ASSEMBLY_2_2,ASSEMBLY2_LINE_2,25424.96576306225,11.166299724700366,3,44.07866559082686,59.7649489935211,61.32905420485986,23,25365.20081406873,25486.29481726711,experiment,FIFO,0.28,0,variant_4
7190,SORTING,SORTING_ROBOT_1,25433.702087992668,7.917925230536639,4,8.73632493041805,68.50127392393915,52.59272927444181,22,25365.20081406873,25486.29481726711,experiment,FIFO,0.28,0,variant_4
7190,PACKAGING_2,PACKAGING_LINE_2,25469.626182174503,0.06842208110174397,5,35.924094181835244,104.4253681057744,16.668635092606564,22,25365.20081406873,25486.29481726711,experiment,FIFO,0.28,0,variant_4
7190,INSPECTION_2_1,INSPECTION_2_1_LINE,25472.187911781635,0.28844641973410035,6,2.5617296071322926,106.98709771290669,14.106905485474272,25,25365.20081406873,25486.29481726711,experiment,FIFO,0.28,0,variant_4
7190,INSPECTION_2_2,INSPECTION_2_2_LINE,25474.286174232904,0.8603337172826286,7,2.0982624512689654,109.08536016417565,12.008643034205306,24,25365.20081406873,25486.29481726711,experiment,FIFO,0.28,0,variant_4
7190,INSPECTION_2_3,INSPECTION_2_3_LINE,25474.8238315213,0.21446896212000865,8,0.5376572883942572,109.62301745256991,11.47098574581105,24,25365.20081406873,25486.29481726711,experiment,FIFO,0.28,0,variant_4
7190,INSPECTION_2_4,INSPECTION_2_4_LINE,25475.02376941093,0.1999378896325652,9,0.1999378896325652,109.82295534220248,11.271047856178484,24,25365.20081406873,25486.29481726711,experiment,FIFO,0.28,0,variant_4
7190,INSPECTION_2_5,INSPECTION_2_5_LINE,25477.75492024288,1.2009973547210393,10,2.7311508319507993,112.55410617415328,8.539897024227685,25,25365.20081406873,25486.29481726711,experiment,FIFO,0.28,0,variant_4
7190,INSPECTION_2_6,INSPECTION_2_6_LINE,25480.898184479112,0.1391248140935204,11,3.143264236230607,115.69737041038388,5.396632787997078,26,25365.20081406873,25486.29481726711,experiment,FIFO,0.28,0,variant_4
7190,INSPECTION_2_7,INSPECTION_2_7_LINE,25486.29481726711,2.8040016585800913,12,5.396632787997078,121.09400319838096,0.0,28,25365.20081406873,25486.29481726711,experiment,FIFO,0.28,0,variant_4
7191,MOULDING_3,MOULDING_MACHINE_3,25361.0245387562,6.0672826219088165,1,0.0,0.0,49.756735916245816,22,25361.0245387562,25410.781274672445,experiment,FIFO,0.28,0,variant_4
7191,ASSEMBLY_1_1,LINE_1_ASSEMBLY1,25363.71040966964,2.6858709134394303,2,2.6858709134394303,2.6858709134394303,47.070865002806386,26,25361.0245387562,25410.781274672445,experiment,FIFO,0.28,0,variant_4
7191,ASSEMBLY_2_2,ASSEMBLY2_LINE_2,25365.28213410872,0.2081822408181324,3,1.5717244390798442,4.2575953525192745,45.49914056372654,27,25361.0245387562,25410.781274672445,experiment,FIFO,0.28,0,variant_4
7191,SORTING,SORTING_ROBOT_1,25390.95835446197,0.18564996042550774,4,25.676220353252575,29.93381570577185,19.822920210473967,27,25361.0245387562,25410.781274672445,experiment,FIFO,0.28,0,variant_4
7191,PACKAGING_2,PACKAGING_LINE_2,25398.40574494445,5.945496973021363,5,7.4473904824808415,37.38120618825269,12.375529727993126,29,25361.0245387562,25410.781274672445,experiment,FIFO,0.28,0,variant_4
7191,INSPECTION_1_1,INSPECTION_1_1_LINE,25399.54244457789,1.1366996334400028,6,1.1366996334400028,38.51790582169269,11.238830094553123,29,25361.0245387562,25410.781274672445,experiment,FIFO,0.28,0,variant_4
7191,INSPECTION_1_2,INSPECTION_1_2_LINE,25403.772950564384,2.8377108784734446,7,4.230505986492062,42.748411808184756,7.0083241080610605,30,25361.0245387562,25410.781274672445,experiment,FIFO,0.28,0,variant_4
7191,INSPECTION_1_3,INSPECTION_1_3_LINE,25405.69881928305,1.9258687186666066,8,1.9258687186666066,44.67428052685136,5.082455389394454,31,25361.0245387562,25410.781274672445,experiment,FIFO,0.28,0,variant_4
7191,INSPECTION_1_4,INSPECTION_1_4_LINE,25405.715402967933,0.016583684882789385,9,0.016583684882789385,44.69086421173415,5.065871704511665,31,25361.0245387562,25410.781274672445,experiment,FIFO,0.28,0,variant_4
7191,INSPECTION_1_5,INSPECTION_1_5_LINE,25405.95482654598,0.23942357804844505,10,0.23942357804844505,44.9302877897826,4.8264481264632195,30,25361.0245387562,25410.781274672445,experiment,FIFO,0.28,0,variant_4
7191,INSPECTION_1_6,INSPECTION_1_6_LINE,25407.22448187597,0.38253509431524435,11,1.2696553299865627,46.19994311976916,3.556792796476657,29,25361.0245387562,25410.781274672445,experiment,FIFO,0.28,0,variant_4
7191,INSPECTION_1_7,INSPECTION_1_7_LINE,25410.781274672445,3.556792796476657,12,3.556792796476657,49.756735916245816,0.0,29,25361.0245387562,25410.781274672445,experiment,FIFO,0.28,0,variant_4
7192,MOULDING_4,MOULDING_MACHINE_4,25359.209069534536,1.5999875751549553,1,0.0,0.0,91.46404797705327,21,25359.209069534536,25450.67311751159,experiment,FIFO,0.28,0,variant_4
7192,ASSEMBLY_1_4,LINE_4_ASSEMBLY1,25392.924273137927,15.591946548196574,2,33.715203603391274,33.715203603391274,57.748844373661996,27,25359.209069534536,25450.67311751159,experiment,FIFO,0.28,0,variant_4
7192,ASSEMBLY_2_1,ASSEMBLY2_LINE_1,25418.53629041853,1.4335949293817976,3,25.61201728060405,59.327220883995324,32.136827093057946,24,25359.209069534536,25450.67311751159,experiment,FIFO,0.28,0,variant_4
7192,SORTING,SORTING_ROBOT_1,25424.63404751205,4.65552863819903,4,6.09775709351743,65.42497797751275,26.039069999540516,23,25359.209069534536,25450.67311751159,experiment,FIFO,0.28,0,variant_4
7192,PACKAGING_1,PACKAGING_LINE_1,25443.45554052415,7.371583150332299,5,18.82149301210302,84.24647098961577,7.217576987437496,20,25359.209069534536,25450.67311751159,experiment,FIFO,0.28,0,variant_4
7192,INSPECTION_2_1,INSPECTION_2_1_LINE,25444.922833707533,0.8561841707632993,6,1.4672931833811163,85.71376417299689,5.75028380405638,20,25359.209069534536,25450.67311751159,experiment,FIFO,0.28,0,variant_4
7192,INSPECTION_2_2,INSPECTION_2_2_LINE,25448.50432662893,1.8021666375898349,7,3.581492921395693,89.29525709439258,2.168790882660687,21,25359.209069534536,25450.67311751159,experiment,FIFO,0.28,0,variant_4
7192,INSPECTION_2_3,INSPECTION_2_3_LINE,25448.5820067917,0.07768016277259449,8,0.07768016277259449,89.37293725716518,2.0911107198880927,21,25359.209069534536,25450.67311751159,experiment,FIFO,0.28,0,variant_4
7192,INSPECTION_2_4,INSPECTION_2_4_LINE,25448.86899845214,0.28699166043952573,9,0.28699166043952573,89.6599289176047,1.804119059448567,21,25359.209069534536,25450.67311751159,experiment,FIFO,0.28,0,variant_4
7192,INSPECTION_2_5,INSPECTION_2_5_LINE,25449.55606500387,0.6870665517308225,10,0.6870665517308225,90.34699546933552,1.1170525077177444,22,25359.209069534536,25450.67311751159,experiment,FIFO,0.28,0,variant_4
7192,INSPECTION_2_6,INSPECTION_2_6_LINE,25450.60554475582,0.278340254950308,11,1.0494797519495478,91.39647522128507,0.06757275576819666,20,25359.209069534536,25450.67311751159,experiment,FIFO,0.28,0,variant_4
7192,INSPECTION_2_7,INSPECTION_2_7_LINE,25450.67311751159,0.06757275576819666,12,0.06757275576819666,91.46404797705327,0.0,18,25359.209069534536,25450.67311751159,experiment,FIFO,0.28,0,variant_4
7193,MOULDING_2,MOULDING_MACHINE_2,25381.122365463994,15.921551395265851,1,0.0,0.0,92.48844675899454,28,25381.122365463994,25473.61081222299,experiment,FIFO,0.28,0,variant_4
7193,ASSEMBLY_1_1,LINE_1_ASSEMBLY1,25396.853134428035,9.94594251176386,2,15.73076896404018,15.73076896404018,76.75767779495436,28,25381.122365463994,25473.61081222299,experiment,FIFO,0.28,0,variant_4
7193,ASSEMBLY_2_2,ASSEMBLY2_LINE_2,25452.51126617342,17.276440660833032,3,55.65813174538562,71.3889007094258,21.099546049568744,18,25381.122365463994,25473.61081222299,experiment,FIFO,0.28,0,variant_4
7193,SORTING,SORTING_ROBOT_1,25461.45320254664,8.941936373219505,4,8.941936373219505,80.3308370826453,12.157609676349239,21,25381.122365463994,25473.61081222299,experiment,FIFO,0.28,0,variant_4
7193,PACKAGING_3,PACKAGING_LINE_3,25468.39339631329,6.940193766651646,5,6.940193766651646,87.27103084929695,5.217415909697593,22,25381.122365463994,25473.61081222299,experiment,FIFO,0.28,0,variant_4
7193,INSPECTION_1_1,INSPECTION_1_1_LINE,25468.56469593341,0.17129962012040778,6,0.17129962012040778,87.44233046941736,5.046116289577185,22,25381.122365463994,25473.61081222299,experiment,FIFO,0.28,0,variant_4
7193,INSPECTION_1_2,INSPECTION_1_2_LINE,25468.93186048637,0.36716455295754713,7,0.36716455295754713,87.8094950223749,4.678951736619638,22,25381.122365463994,25473.61081222299,experiment,FIFO,0.28,0,variant_4
7193,INSPECTION_1_3,INSPECTION_1_3_LINE,25470.207188666605,1.2753281802361016,8,1.2753281802361016,89.084823202611,3.403623556383536,23,25381.122365463994,25473.61081222299,experiment,FIFO,0.28,0,variant_4
7193,INSPECTION_1_4,INSPECTION_1_4_LINE,25471.79972023905,1.5925315724452958,9,1.5925315724452958,90.6773547750563,1.8110919839382404,25,25381.122365463994,25473.61081222299,experiment,FIFO,0.28,0,variant_4
7193,INSPECTION_1_5,INSPECTION_1_5_LINE,25472.65007901757,0.8503587785198761,10,0.8503587785198761,91.52771355357618,0.9607332054183644,25,25381.122365463994,25473.61081222299,experiment,FIFO,0.28,0,variant_4
7193,INSPECTION_1_6,INSPECTION_1_6_LINE,25472.9150947046,0.2650156870295177,11,0.2650156870295177,91.7927292406057,0.6957175183888467,25,25381.122365463994,25473.61081222299,experiment,FIFO,0.28,0,variant_4
7193,INSPECTION_1_7,INSPECTION_1_7_LINE,25473.61081222299,0.6957175183888467,12,0.6957175183888467,92.48844675899454,0.0,24,25381.122365463994,25473.61081222299,experiment,FIFO,0.28,0,variant_4
7194,MOULDING_4,MOULDING_MACHINE_4,25361.02879032896,1.8197207944249385,1,0.0,0.0,50.36229946839376,23,25361.02879032896,25411.391089797355,experiment,FIFO,0.28,0,variant_3
7194,ASSEMBLY_1_1,LINE_1_ASSEMBLY1,25366.486702041657,2.7762923720183608,2,5.457911712695932,5.457911712695932,44.904387755697826,27,25361.02879032896,25411.391089797355,experiment,FIFO,0.28,0,variant_3
7194,ASSEMBLY_2_2,ASSEMBLY2_LINE_2,25371.72744797456,5.240745932904247,3,5.240745932904247,10.698657645600179,39.66364182279358,27,25361.02879032896,25411.391089797355,experiment,FIFO,0.28,0,variant_3
7194,SORTING,SORTING_ROBOT_1,25391.43686885541,0.36328337016675505,4,19.709420880848484,30.408078526448662,19.954220941945096,27,25361.02879032896,25411.391089797355,experiment,FIFO,0.28,0,variant_3
7194,PACKAGING_1,PACKAGING_LINE_1,25399.85263944984,1.6262513048677647,5,8.415770594430796,38.82384912087946,11.5384503475143,29,25361.02879032896,25411.391089797355,experiment,FIFO,0.28,0,variant_3
7194,INSPECTION_1_1,INSPECTION_1_1_LINE,25401.078412139683,1.2257726898424153,6,1.2257726898424153,40.049621810721874,10.312677657671884,30,25361.02879032896,25411.391089797355,experiment,FIFO,0.28,0,variant_3
7194,INSPECTION_1_1,INSPECTION_1_1_LINE,25402.478379164862,1.3999670251796488,7,1.3999670251796488,41.44958883590152,8.912710632492235,30,25361.02879032896,25411.391089797355,experiment,FIFO,0.28,0,variant_3
7194,INSPECTION_1_2,INSPECTION_1_2_LINE,25405.077041222223,1.3040906578389695,8,2.598662057360343,44.048250893261866,6.314048575131892,31,25361.02879032896,25411.391089797355,experiment,FIFO,0.28,0,variant_3
7194,INSPECTION_1_3,INSPECTION_1_3_LINE,25406.15934432224,0.4605250391905429,9,1.08230310001818,45.130553993280046,5.231745475113712,30,25361.02879032896,25411.391089797355,experiment,FIFO,0.28,0,variant_3
7194,INSPECTION_1_4,INSPECTION_1_4_LINE,25407.34950415309,1.1901598308504617,10,1.1901598308504617,46.32071382413051,4.04158564426325,29,25361.02879032896,25411.391089797355,experiment,FIFO,0.28,0,variant_3
7194,INSPECTION_1_5,INSPECTION_1_5_LINE,25408.27300381345,0.9234996603590844,11,0.9234996603590844,47.24421348448959,3.118085983904166,29,25361.02879032896,25411.391089797355,experiment,FIFO,0.28,0,variant_3
7194,INSPECTION_1_6,INSPECTION_1_6_LINE,25410.73164634784,2.4586425343877636,12,2.4586425343877636,49.702856018877355,0.6594434495164023,30,25361.02879032896,25411.391089797355,experiment,FIFO,0.28,0,variant_3
7194,INSPECTION_1_7,INSPECTION_1_7_LINE,25411.391089797355,0.6098151249098009,13,0.6594434495164023,50.36229946839376,0.0,27,25361.02879032896,25411.391089797355,experiment,FIFO,0.28,0,variant_3
7195,MOULDING_4,MOULDING_MACHINE_4,25361.62185356061,0.5930632316485571,1,0.0,0.0,70.3472076934413,24,25361.62185356061,25431.96906125405,experiment,FIFO,0.28,0,variant_2
7195,ASSEMBLY_1_3,LINE_3_ASSEMBLY1,25375.76671102272,7.695019900289481,2,14.14485746210994,14.14485746210994,56.202350231331366,29,25361.62185356061,25431.96906125405,experiment,FIFO,0.28,0,variant_2
7195,ASSEMBLY_2_2,ASSEMBLY2_LINE_2,25396.96321865796,3.3190394168741477,3,21.19650763523896,35.3413650973489,35.00584259609241,28,25361.62185356061,25431.96906125405,experiment,FIFO,0.28,0,variant_2
7195,SORTING,SORTING_ROBOT_1,25403.363640784704,0.4665743779987679,4,6.40042212674598,41.74178722409488,28.605420469346427,30,25361.62185356061,25431.96906125405,experiment,FIFO,0.28,0,variant_2
7195,PACKAGING_2,PACKAGING_LINE_2,25425.752944009622,21.10145068874772,5,22.389303224917967,64.13109044901285,6.21611724442846,22,25361.62185356061,25431.96906125405,experiment,FIFO,0.28,0,variant_2
7195,INSPECTION_2_1,INSPECTION_2_1_LINE,25426.963870182208,1.2109261725854594,6,1.2109261725854594,65.3420166215983,5.005191071843001,22,25361.62185356061,25431.96906125405,experiment,FIFO,0.28,0,variant_2
7195,INSPECTION_2_2,INSPECTION_2_2_LINE,25427.00146228813,0.037592105923977215,7,0.037592105923977215,65.37960872752228,4.967598965919024,22,25361.62185356061,25431.96906125405,experiment,FIFO,0.28,0,variant_2
7195,INSPECTION_2_3,INSPECTION_2_3_LINE,25427.09798673773,0.09652444959647255,8,0.09652444959647255,65.47613317711875,4.871074516322551,22,25361.62185356061,25431.96906125405,experiment,FIFO,0.28,0,variant_2
7195,INSPECTION_2_4,INSPECTION_2_4_LINE,25427.462936175,0.364949437273026,9,0.364949437273026,65.84108261439178,4.506125079049525,22,25361.62185356061,25431.96906125405,experiment,FIFO,0.28,0,variant_2
7195,INSPECTION_2_5,INSPECTION_2_5_LINE,25429.61167718992,2.1487410149202333,10,2.1487410149202333,67.98982362931201,2.357384064129292,22,25361.62185356061,25431.96906125405,experiment,FIFO,0.28,0,variant_2
7195,INSPECTION_2_6,INSPECTION_2_6_LINE,25429.66219181676,0.05051462683695718,11,0.05051462683695718,68.04033825614897,2.3068694372923346,22,25361.62185356061,25431.96906125405,experiment,FIFO,0.28,0,variant_2
7195,INSPECTION_2_7,INSPECTION_2_7_LINE,25431.96906125405,2.3068694372923346,12,2.3068694372923346,70.3472076934413,0.0,22,25361.62185356061,25431.96906125405,experiment,FIFO,0.28,0,variant_2
7196,MOULDING_1,MOULDING_MACHINE_1,25372.531083733746,8.8880824341868,1,0.0,0.0,44.6534740751631,28,25372.531083733746,25417.18455780891,experiment,FIFO,0.28,0,variant_1
7196,ASSEMBLY_1_2,LINE_2_ASSEMBLY1,25372.81308660283,0.28200286908395356,2,0.28200286908395356,0.28200286908395356,44.37147120607915,28,25372.531083733746,25417.18455780891,experiment,FIFO,0.28,0,variant_1
7196,ASSEMBLY_2_1,ASSEMBLY2_LINE_1,25397.379538862,0.0066570934977789875,3,24.566452259168727,24.84845512825268,19.805018946910423,29,25372.531083733746,25417.18455780891,experiment,FIFO,0.28,0,variant_1
7196,SORTING,SORTING_ROBOT_1,25405.65289969889,1.7603183846258617,4,8.273360836890788,33.12181596514347,11.531658110019634,31,25372.531083733746,25417.18455780891,experiment,FIFO,0.28,0,variant_1
7196,PACKAGING_3,PACKAGING_LINE_3,25409.74844738251,4.09554768362068,5,4.09554768362068,37.21736364876415,7.436110426398955,29,25372.531083733746,25417.18455780891,experiment,FIFO,0.28,0,variant_1
7196,INSPECTION_1_1,INSPECTION_1_1_LINE,25410.241621447225,0.4931740647152765,6,0.4931740647152765,37.710537713479425,6.942936361683678,30,25372.531083733746,25417.18455780891,experiment,FIFO,0.28,0,variant_1
7196,INSPECTION_1_2,INSPECTION_1_2_LINE,25410.791132769435,0.5495113222095824,7,0.5495113222095824,38.26004903568901,6.393425039474096,29,25372.531083733746,25417.18455780891,experiment,FIFO,0.28,0,variant_1
7196,INSPECTION_1_3,INSPECTION_1_3_LINE,25410.862958334,0.07182556456609746,8,0.07182556456609746,38.331874600255105,6.321599474907998,29,25372.531083733746,25417.18455780891,experiment,FIFO,0.28,0,variant_1
7196,INSPECTION_1_4,INSPECTION_1_4_LINE,25413.42594203792,1.8058010989443574,9,2.562983703919599,40.894858304174704,3.758615770988399,26,25372.531083733746,25417.18455780891,experiment,FIFO,0.28,0,variant_1
7196,INSPECTION_1_5,INSPECTION_1_5_LINE,25414.733266498013,0.6002427019193419,10,1.3073244600927865,42.20218276426749,2.4512913108956127,26,25372.531083733746,25417.18455780891,experiment,FIFO,0.28,0,variant_1
7196,INSPECTION_1_6,INSPECTION_1_6_LINE,25416.55845095161,1.8251844535952841,11,1.8251844535952841,44.027367217862775,0.6261068573003286,25,25372.531083733746,25417.18455780891,experiment,FIFO,0.28,0,variant_1
7196,INSPECTION_1_7,INSPECTION_1_7_LINE,25417.18455780891,0.6261068573003286,12,0.6261068573003286,44.6534740751631,0.0,24,25372.531083733746,25417.18455780891,experiment,FIFO,0.28,0,variant_1
7197,MOULDING_5,MOULDING_MACHINE_5,25368.27093149698,1.2646917334132013,1,0.0,0.0,57.041889237676514,27,25368.27093149698,25425.312820734656,experiment,FIFO,0.28,0,variant_5
7197,ASSEMBLY_1_1,LINE_1_ASSEMBLY1,25386.90719191627,6.020094444847928,2,18.63626041929092,18.63626041929092,38.405628818385594,28,25368.27093149698,25425.312820734656,experiment,FIFO,0.28,0,variant_5
7197,ASSEMBLY_2_1,ASSEMBLY2_LINE_1,25412.21692754117,5.023449745829566,3,25.309735624898167,43.94599604418909,13.095893193487427,27,25368.27093149698,25425.312820734656,experiment,FIFO,0.28,0,variant_5
7197,SORTING,SORTING_ROBOT_1,25416.91223412016,4.695306578989403,4,4.695306578989403,48.64130262317849,8.400586614498025,25,25368.27093149698,25425.312820734656,experiment,FIFO,0.28,0,variant_5
7197,PACKAGING_3,PACKAGING_LINE_3,25417.016751272306,0.10451715214730939,5,0.10451715214730939,48.7458197753258,8.296069462350715,25,25368.27093149698,25425.312820734656,experiment,FIFO,0.28,0,variant_5
7197,INSPECTION_1_1,INSPECTION_1_1_LINE,25417.463778727808,0.4470274555023934,6,0.4470274555023934,49.19284723082819,7.849042006848322,24,25368.27093149698,25425.312820734656,experiment,FIFO,0.28,0,variant_5
7197,INSPECTION_1_2,INSPECTION_1_2_LINE,25418.3730868376,0.9093081097926188,7,0.9093081097926188,50.10215534062081,6.939733897055703,24,25368.27093149698,25425.312820734656,experiment,FIFO,0.28,0,variant_5
7197,INSPECTION_1_3,INSPECTION_1_3_LINE,25418.69430159232,0.32121475472013117,8,0.32121475472013117,50.42337009534094,6.618519142335572,24,25368.27093149698,25425.312820734656,experiment,FIFO,0.28,0,variant_5
7197,INSPECTION_1_4,INSPECTION_1_4_LINE,25421.80344831197,3.1091467196492886,9,3.1091467196492886,53.53251681499023,3.5093724226862832,24,25368.27093149698,25425.312820734656,experiment,FIFO,0.28,0,variant_5
7197,INSPECTION_1_4,INSPECTION_1_4_LINE,25421.98491766837,0.18146935640106676,10,0.18146935640106676,53.7139861713913,3.3279030662852165,24,25368.27093149698,25425.312820734656,experiment,FIFO,0.28,0,variant_5
7197,INSPECTION_1_5,INSPECTION_1_5_LINE,25423.32367128869,1.3387536203190393,11,1.3387536203190393,55.05273979171034,1.9891494459661772,24,25368.27093149698,25425.312820734656,experiment,FIFO,0.28,0,variant_5
7197,INSPECTION_1_6,INSPECTION_1_6_LINE,25424.695813958544,1.372142669853929,12,1.372142669853929,56.424882461564266,0.6170067761122482,23,25368.27093149698,25425.312820734656,experiment,FIFO,0.28,0,variant_5
7197,INSPECTION_1_7,INSPECTION_1_7_LINE,25425.312820734656,0.6170067761122482,13,0.6170067761122482,57.041889237676514,0.0,22,25368.27093149698,25425.312820734656,experiment,FIFO,0.28,0,variant_5
7198,MOULDING_5,MOULDING_MACHINE_5,25369.864773636527,1.5938421395476325,1,0.0,0.0,113.62604197200199,27,25369.864773636527,25483.49081560853,experiment,FIFO,0.28,0,variant_3
7198,ASSEMBLY_1_4,LINE_4_ASSEMBLY1,25399.0726664166,5.887859265490988,2,29.207892780072143,29.207892780072143,84.41814919192984,29,25369.864773636527,25483.49081560853,experiment,FIFO,0.28,0,variant_3
7198,ASSEMBLY_2_1,ASSEMBLY2_LINE_1,25424.57531965265,6.039029234118061,3,25.50265323604981,54.71054601612195,58.91549595588003,23,25369.864773636527,25483.49081560853,experiment,FIFO,0.28,0,variant_3
7198,SORTING,SORTING_ROBOT_1,25425.78416276213,1.1501152500823082,4,1.208843109481677,55.91938912560363,57.706652846398356,22,25369.864773636527,25483.49081560853,experiment,FIFO,0.28,0,variant_3
7198,PACKAGING_2,PACKAGING_LINE_2,25469.5577600934,20.2374460313913,5,43.77359733127014,99.69298645687377,13.933055515128217,22,25369.864773636527,25483.49081560853,experiment,FIFO,0.28,0,variant_3
7198,INSPECTION_2_1,INSPECTION_2_1_LINE,25471.8994653619,1.3376013019515085,6,2.341705268499936,102.0346917253737,11.59135024662828,25,25369.864773636527,25483.49081560853,experiment,FIFO,0.28,0,variant_3
7198,INSPECTION_2_2,INSPECTION_2_2_LINE,25473.42584051562,1.4633267361168691,7,1.526375153720437,103.56106687909414,10.064975092907844,25,25369.864773636527,25483.49081560853,experiment,FIFO,0.28,0,variant_3
7198,INSPECTION_2_3,INSPECTION_2_3_LINE,25474.60936255918,1.1835220435568772,8,1.1835220435568772,104.74458892265102,8.881453049350966,24,25369.864773636527,25483.49081560853,experiment,FIFO,0.28,0,variant_3
7198,INSPECTION_2_4,INSPECTION_2_4_LINE,25474.63497376828,0.02561120910104364,9,0.02561120910104364,104.77020013175206,8.855841840249923,24,25369.864773636527,25483.49081560853,experiment,FIFO,0.28,0,variant_3
7198,INSPECTION_2_5,INSPECTION_2_5_LINE,25476.55392288816,1.9189491198812902,10,1.9189491198812902,106.68914925163335,6.936892720368633,24,25369.864773636527,25483.49081560853,experiment,FIFO,0.28,0,variant_3
7198,INSPECTION_2_6,INSPECTION_2_6_LINE,25480.75905966502,1.7112808419296925,11,4.205136776858126,110.89428602849148,2.7317559435105068,26,25369.864773636527,25483.49081560853,experiment,FIFO,0.28,0,variant_3
7198,INSPECTION_2_7,INSPECTION_2_7_LINE,25483.49081560853,1.4020919820795825,12,2.7317559435105068,113.62604197200199,0.0,26,25369.864773636527,25483.49081560853,experiment,FIFO,0.28,0,variant_3
7199,MOULDING_1,MOULDING_MACHINE_1,25373.09848672509,0.5674029913461709,1,0.0,0.0,77.56953340115797,29,25373.09848672509,25450.66802012625,experiment,FIFO,0.28,0,variant_3
7199,ASSEMBLY_1_3,LINE_3_ASSEMBLY1,25388.122559428703,12.355848405983124,2,15.024072703610727,15.024072703610727,62.54546069754724,28,25373.09848672509,25450.66802012625,experiment,FIFO,0.28,0,variant_3
7199,ASSEMBLY_2_2,ASSEMBLY2_LINE_2,25430.47768148472,5.5119184224713536,3,42.355122056018445,57.37919475962917,20.190338641528797,22,25373.09848672509,25450.66802012625,experiment,FIFO,0.28,0,variant_3
7199,SORTING,SORTING_ROBOT_1,25436.2542444343,2.552156441633997,4,5.776562949580693,63.155757709209865,14.413775691948103,21,25373.09848672509,25450.66802012625,experiment,FIFO,0.28,0,variant_3
7199,PACKAGING_3,PACKAGING_LINE_3,25438.05776819519,1.8035237608892203,5,1.8035237608892203,64.95928147009909,12.610251931058883,21,25373.09848672509,25450.66802012625,experiment,FIFO,0.28,0,variant_3
7199,INSPECTION_1_1,INSPECTION_1_1_LINE,25441.087314911387,2.9354798028070945,6,3.0295467161959095,67.988828186295,9.580705214862974,21,25373.09848672509,25450.66802012625,experiment,FIFO,0.28,0,variant_3
7199,INSPECTION_1_2,INSPECTION_1_2_LINE,25442.84703278355,0.18479612447117688,7,1.7597178721625824,69.74854605845758,7.820987342700391,20,25373.09848672509,25450.66802012625,experiment,FIFO,0.28,0,variant_3
7199,INSPECTION_1_3,INSPECTION_1_3_LINE,25444.609716731647,1.4409969657790498,8,1.762683948098129,71.5112300065557,6.058303394602262,20,25373.09848672509,25450.66802012625,experiment,FIFO,0.28,0,variant_3
7199,INSPECTION_1_4,INSPECTION_1_4_LINE,25445.47909724613,0.6350828363320034,9,0.8693805144830549,72.38061052103876,5.1889228801192075,20,25373.09848672509,25450.66802012625,experiment,FIFO,0.28,0,variant_3
7199,INSPECTION_1_5,INSPECTION_1_5_LINE,25447.034667866963,1.4310565587584279,10,1.555570620832441,73.9361811418712,3.6333522592867666,19,25373.09848672509,25450.66802012625,experiment,FIFO,0.28,0,variant_3
7199,INSPECTION_1_6,INSPECTION_1_6_LINE,25450.14065823641,3.1059903694476816,11,3.1059903694476816,77.04217151131888,0.527361889839085,21,25373.09848672509,25450.66802012625,experiment,FIFO,0.28,0,variant_3
7199,INSPECTION_1_7,INSPECTION_1_7_LINE,25450.66802012625,0.527361889839085,12,0.527361889839085,77.56953340115797,0.0,19,25373.09848672509,25450.66802012625,experiment,FIFO,0.28,0,variant_3
7200,MOULDING_5,MOULDING_MACHINE_5,25373.466171676388,0.0438667618072941,1,0.0,0.0,72.7284197646186,30,25373.466171676388,25446.194591441006,experiment,FIFO,0.28,0,variant_3
7200,ASSEMBLY_1_5,LINE_5_ASSEMBLY1,25382.718955854227,9.252784177839203,2,9.252784177839203,9.252784177839203,63.47563558677939,28,25373.466171676388,25446.194591441006,experiment,FIFO,0.28,0,variant_3
7200,ASSEMBLY_2_1,ASSEMBLY2_LINE_1,25407.19347779534,3.268693579469982,3,24.47452194111247,33.727306118951674,39.00111364566692,29,25373.466171676388,25446.194591441006,experiment,FIFO,0.28,0,variant_3
7200,SORTING,SORTING_ROBOT_1,25411.98811329759,4.794635502250458,4,4.794635502250458,38.52194162120213,34.20647814341646,27,25373.466171676388,25446.194591441006,experiment,FIFO,0.28,0,variant_3
7200,PACKAGING_1,PACKAGING_LINE_1,25436.08395737382,7.417190373980702,5,24.095844076229696,62.61778569743183,10.110634067186766,21,25373.466171676388,25446.194591441006,experiment,FIFO,0.28,0,variant_3
7200,INSPECTION_1_1,INSPECTION_1_1_LINE,25438.15183510858,2.067877734760259,6,2.067877734760259,64.68566343219209,8.042756332426507,21,25373.466171676388,25446.194591441006,experiment,FIFO,0.28,0,variant_3
7200,INSPECTION_1_2,INSPECTION_1_2_LINE,25442.66223665908,4.5104015504985,7,4.5104015504985,69.19606498269059,3.5323547819280066,20,25373.466171676388,25446.194591441006,experiment,FIFO,0.28,0,variant_3
7200,INSPECTION_1_3,INSPECTION_1_3_LINE,25443.16871976587,0.506483106790256,8,0.506483106790256,69.70254808948084,3.0258716751377506,20,25373.466171676388,25446.194591441006,experiment,FIFO,0.28,0,variant_3
7200,INSPECTION_1_4,INSPECTION_1_4_LINE,25444.8440144098,1.6752946439301013,9,1.6752946439301013,71.37784273341094,1.3505770312076493,20,25373.466171676388,25446.194591441006,experiment,FIFO,0.28,0,variant_3
7200,INSPECTION_1_5,INSPECTION_1_5_LINE,25445.603611308205,0.7595968984060164,10,0.7595968984060164,72.13743963181696,0.5909801328016329,20,25373.466171676388,25446.194591441006,experiment,FIFO,0.28,0,variant_3
7200,INSPECTION_1_6,INSPECTION_1_6_LINE,25445.973892590155,0.37028128195015597,11,0.37028128195015597,72.50772091376712,0.2206988508514769,20,25373.466171676388,25446.194591441006,experiment,FIFO,0.28,0,variant_3
7200,INSPECTION_1_7,INSPECTION_1_7_LINE,25446.194591441006,0.2206988508514769,12,0.2206988508514769,72.7284197646186,0.0,19,25373.466171676388,25446.194591441006,experiment,FIFO,0.28,0,variant_3
7201,MOULDING_4,MOULDING_MACHINE_4,25384.703033130823,3.9466095875031897,1,0.0,0.0,70.35589633514974,29,25384.703033130823,25455.058929465973,experiment,FIFO,0.28,0,variant_1
7201,ASSEMBLY_1_3,LINE_3_ASSEMBLY1,25391.796403819284,3.6738443905815075,2,7.093370688460709,7.093370688460709,63.26252564668903,27,25384.703033130823,25455.058929465973,experiment,FIFO,0.28,0,variant_1
7201,ASSEMBLY_2_1,ASSEMBLY2_LINE_1,25417.10269548915,4.885767947980639,3,25.30629166986546,32.39966235832617,37.95623397682357,25,25384.703033130823,25455.058929465973,experiment,FIFO,0.28,0,variant_1
7201,SORTING,SORTING_ROBOT_1,25419.97851887385,2.8758233847001975,4,2.8758233847001975,35.275485743026366,35.08041059212337,24,25384.703033130823,25455.058929465973,experiment,FIFO,0.28,0,variant_1
7201,PACKAGING_2,PACKAGING_LINE_2,25449.32031406201,3.294624230966292,5,29.341795188160177,64.61728093118654,5.738615403963195,22,25384.703033130823,25455.058929465973,experiment,FIFO,0.28,0,variant_1
7201,INSPECTION_2_1,INSPECTION_2_1_LINE,25449.436443145685,0.11612908367533237,6,0.11612908367533237,64.73341001486187,5.622486320287862,22,25384.703033130823,25455.058929465973,experiment,FIFO,0.28,0,variant_1
7201,INSPECTION_2_2,INSPECTION_2_2_LINE,25450.4586888883,1.0222457426134497,7,1.0222457426134497,65.75565575747532,4.600240577674413,20,25384.703033130823,25455.058929465973,experiment,FIFO,0.28,0,variant_1
7201,INSPECTION_2_3,INSPECTION_2_3_LINE,25451.76380282136,0.7198212066869019,8,1.3051139330600563,67.06076969053538,3.2951266446143563,18,25384.703033130823,25455.058929465973,experiment,FIFO,0.28,0,variant_1
7201,INSPECTION_2_4,INSPECTION_2_4_LINE,25451.94284402078,0.17904119942249963,9,0.17904119942249963,67.23981088995788,3.1160854451918567,18,25384.703033130823,25455.058929465973,experiment,FIFO,0.28,0,variant_1
7201,INSPECTION_2_5,INSPECTION_2_5_LINE,25452.790289201464,0.8474451806832803,10,0.8474451806832803,68.08725607064116,2.2686402645085764,18,25384.703033130823,25455.058929465973,experiment,FIFO,0.28,0,variant_1
7201,INSPECTION_2_6,INSPECTION_2_6_LINE,25454.4249324585,1.63464325703535,11,1.63464325703535,69.72189932767651,0.6339970074732264,19,25384.703033130823,25455.058929465973,experiment,FIFO,0.28,0,variant_1
7201,INSPECTION_2_7,INSPECTION_2_7_LINE,25455.058929465973,0.6339970074732264,12,0.6339970074732264,70.35589633514974,0.0,18,25384.703033130823,25455.058929465973,experiment,FIFO,0.28,0,variant_1
7202,MOULDING_5,MOULDING_MACHINE_5,25395.38261110772,11.165655320601218,1,0.0,0.0,100.57832081648303,27,25395.38261110772,25495.960931924204,experiment,FIFO,0.28,0,variant_4
7202,ASSEMBLY_1_4,LINE_4_ASSEMBLY1,25409.16244589252,10.089779475922114,2,13.779834784800187,13.779834784800187,86.79848603168284,30,25395.38261110772,25495.960931924204,experiment,FIFO,0.28,0,variant_4
7202,ASSEMBLY_2_1,ASSEMBLY2_LINE_1,25454.97900340524,11.907747473302152,3,45.81655751271683,59.59639229751701,40.981928518966015,19,25395.38261110772,25495.960931924204,experiment,FIFO,0.28,0,variant_4
7202,SORTING,SORTING_ROBOT_1,25468.2904888118,6.73904316212429,4,13.311485406560678,72.90787770407769,27.670443112405337,22,25395.38261110772,25495.960931924204,experiment,FIFO,0.28,0,variant_4
7202,PACKAGING_2,PACKAGING_LINE_2,25478.519766975,8.893584800498502,5,10.229278163202252,83.13715586727994,17.441164949203085,25,25395.38261110772,25495.960931924204,experiment,FIFO,0.28,0,variant_4
7202,INSPECTION_2_1,INSPECTION_2_1_LINE,25479.944579270337,1.4248122953358688,6,1.4248122953358688,84.56196816261581,16.016352653867216,25,25395.38261110772,25495.960931924204,experiment,FIFO,0.28,0,variant_4
7202,INSPECTION_2_2,INSPECTION_2_2_LINE,25481.621242653768,0.4205966334156983,7,1.676663383430423,86.23863154604624,14.339689270436793,28,25395.38261110772,25495.960931924204,experiment,FIFO,0.28,0,variant_4
7202,INSPECTION_2_2,INSPECTION_2_2_LINE,25481.66780023154,0.04655757777072722,8,0.04655757777072722,86.28518912381696,14.293131692666066,28,25395.38261110772,25495.960931924204,experiment,FIFO,0.28,0,variant_4
7202,INSPECTION_2_3,INSPECTION_2_3_LINE,25481.96117844495,0.29337821341323433,9,0.29337821341323433,86.5785673372302,13.999753479252831,28,25395.38261110772,25495.960931924204,experiment,FIFO,0.28,0,variant_4
7202,INSPECTION_2_4,INSPECTION_2_4_LINE,25483.86677737903,0.44833556591765955,10,1.905598934077716,88.48416627130791,12.094154545175115,26,25395.38261110772,25495.960931924204,experiment,FIFO,0.28,0,variant_4
7202,INSPECTION_2_5,INSPECTION_2_5_LINE,25485.20680265273,1.0262611321195436,11,1.3400252737010305,89.82419154500894,10.754129271474085,28,25395.38261110772,25495.960931924204,experiment,FIFO,0.28,0,variant_4
7202,INSPECTION_2_6,INSPECTION_2_6_LINE,25486.87489813001,1.668095477278257,12,1.668095477278257,91.4922870222872,9.086033794195828,26,25395.38261110772,25495.960931924204,experiment,FIFO,0.28,0,variant_4
7202,INSPECTION_2_7,INSPECTION_2_7_LINE,25495.960931924204,4.961347739907069,13,9.086033794195828,100.57832081648303,0.0,29,25395.38261110772,25495.960931924204,experiment,FIFO,0.28,0,variant_4
7203,MOULDING_2,MOULDING_MACHINE_2,25400.38251264324,10.851735139749508,1,0.0,0.0,63.05606052726216,30,25400.38251264324,25463.4385731705,experiment,FIFO,0.28,0,variant_1
7203,ASSEMBLY_1_3,LINE_3_ASSEMBLY1,25407.887750679973,2.4059462924669788,2,7.505238036734227,7.505238036734227,55.550822490527935,29,25400.38251264324,25463.4385731705,experiment,FIFO,0.28,0,variant_1
7203,ASSEMBLY_2_1,ASSEMBLY2_LINE_1,25443.071255931936,11.831298962162691,3,35.18350525196365,42.68874328869788,20.367317238564283,20,25400.38251264324,25463.4385731705,experiment,FIFO,0.28,0,variant_1
7203,SORTING,SORTING_ROBOT_1,25444.486873316204,1.4156173842675344,4,1.4156173842675344,44.10436067296541,18.95169985429675,20,25400.38251264324,25463.4385731705,experiment,FIFO,0.28,0,variant_1
7203,PACKAGING_1,PACKAGING_LINE_1,25450.9553432582,6.468469941995863,5,6.468469941995863,50.572830614961276,12.483229912300885,18,25400.38251264324,25463.4385731705,experiment,FIFO,0.28,0,variant_1
7203,INSPECTION_1_1,INSPECTION_1_1_LINE,25451.360536407323,0.4051931491230789,6,0.4051931491230789,50.978023764084355,12.078036763177806,18,25400.38251264324,25463.4385731705,experiment,FIFO,0.28,0,variant_1
7203,INSPECTION_1_2,INSPECTION_1_2_LINE,25451.452528644422,0.09199223709947546,7,0.09199223709947546,51.07001600118383,11.98604452607833,18,25400.38251264324,25463.4385731705,experiment,FIFO,0.28,0,variant_1
7203,INSPECTION_1_3,INSPECTION_1_3_LINE,25453.71260990413,2.260081259708386,8,2.260081259708386,53.33009726089222,9.725963266369945,19,25400.38251264324,25463.4385731705,experiment,FIFO,0.28,0,variant_1
7203,INSPECTION_1_4,INSPECTION_1_4_LINE,25455.932071702824,2.2194617986933736,9,2.2194617986933736,55.54955905958559,7.506501467676571,18,25400.38251264324,25463.4385731705,experiment,FIFO,0.28,0,variant_1
7203,INSPECTION_1_5,INSPECTION_1_5_LINE,25461.269632366624,5.3375606638001045,10,5.3375606638001045,60.887119723385695,2.168940803876467,21,25400.38251264324,25463.4385731705,experiment,FIFO,0.28,0,variant_1
7203,INSPECTION_1_6,INSPECTION_1_6_LINE,25461.96679716638,0.6971647997561377,11,0.6971647997561377,61.58428452314183,1.4717760041203292,22,25400.38251264324,25463.4385731705,experiment,FIFO,0.28,0,variant_1
7203,INSPECTION_1_7,INSPECTION_1_7_LINE,25463.4385731705,1.4717760041203292,12,1.4717760041203292,63.05606052726216,0.0,21,25400.38251264324,25463.4385731705,experiment,FIFO,0.28,0,variant_1
7204,MOULDING_4,MOULDING_MACHINE_4,25397.00430032613,3.2777682985761203,1,0.0,0.0,85.08442330031903,29,25397.00430032613,25482.08872362645,experiment,FIFO,0.28,0,variant_5
7204,ASSEMBLY_1_3,LINE_3_ASSEMBLY1,25405.481804387506,3.5186115453470848,2,8.47750406137493,8.47750406137493,76.6069192389441,31,25397.00430032613,25482.08872362645,experiment,FIFO,0.28,0,variant_5
7204,ASSEMBLY_2_2,ASSEMBLY2_LINE_2,25452.55881014248,0.04754396905991598,3,47.07700575497438,55.55450981634931,29.52991348396972,18,25397.00430032613,25482.08872362645,experiment,FIFO,0.28,0,variant_5
7204,SORTING,SORTING_ROBOT_1,25461.551445649675,0.09824310303520178,4,8.992635507194791,64.5471453235441,20.53727797677493,22,25397.00430032613,25482.08872362645,experiment,FIFO,0.28,0,variant_5
7204,PACKAGING_3,PACKAGING_LINE_3,25469.48048773681,1.087091423520178,5,7.929042087136622,72.47618741068072,12.608235889638308,22,25397.00430032613,25482.08872362645,experiment,FIFO,0.28,0,variant_5
7204,INSPECTION_2_1,INSPECTION_2_1_LINE,25470.56186405995,1.0813763231381017,6,1.0813763231381017,73.55756373381882,11.526859566500207,24,25397.00430032613,25482.08872362645,experiment,FIFO,0.28,0,variant_5
7204,INSPECTION_2_2,INSPECTION_2_2_LINE,25471.962513779505,1.4006497195550764,7,1.4006497195550764,74.9582134533739,10.12620984694513,25,25397.00430032613,25482.08872362645,experiment,FIFO,0.28,0,variant_5
7204,INSPECTION_2_3,INSPECTION_2_3_LINE,25472.869122693057,0.9066089135521906,8,0.9066089135521906,75.86482236692609,9.21960093339294,25,25397.00430032613,25482.08872362645,experiment,FIFO,0.28,0,variant_5
7204,INSPECTION_2_4,INSPECTION_2_4_LINE,25473.9341030174,1.0649803243431961,9,1.0649803243431961,76.92980269126929,8.154620609049744,24,25397.00430032613,25482.08872362645,experiment,FIFO,0.28,0,variant_5
7204,INSPECTION_2_5,INSPECTION_2_5_LINE,25474.1271588974,0.19305588000133866,10,0.19305588000133866,77.12285857127063,7.961564729048405,24,25397.00430032613,25482.08872362645,experiment,FIFO,0.28,0,variant_5
7204,INSPECTION_2_6,INSPECTION_2_6_LINE,25479.04777882309,4.920619925687788,11,4.920619925687788,82.04347849695841,3.040944803360617,25,25397.00430032613,25482.08872362645,experiment,FIFO,0.28,0,variant_5
7204,INSPECTION_2_7,INSPECTION_2_7_LINE,25482.08872362645,3.040944803360617,12,3.040944803360617,85.08442330031903,0.0,27,25397.00430032613,25482.08872362645,experiment,FIFO,0.28,0,variant_5
7205,MOULDING_3,MOULDING_MACHINE_3,25395.809988538866,1.1065975906021777,1,0.0,0.0,54.294877628159156,28,25395.809988538866,25450.104866167025,experiment,FIFO,0.28,0,variant_2
7205,ASSEMBLY_1_3,LINE_3_ASSEMBLY1,25401.96319284216,6.153204303293023,2,6.153204303293023,6.153204303293023,48.14167332486613,30,25395.809988538866,25450.104866167025,experiment,FIFO,0.28,0,variant_2
7205,ASSEMBLY_2_1,ASSEMBLY2_LINE_1,25431.239956969774,6.6646373171242885,3,29.276764127615024,35.42996843090805,18.86490919725111,22,25395.809988538866,25450.104866167025,experiment,FIFO,0.28,0,variant_2
7205,SORTING,SORTING_ROBOT_1,25437.86630185824,1.6120574239394045,4,6.626344888467429,42.05631331937548,12.23856430878368,21,25395.809988538866,25450.104866167025,experiment,FIFO,0.28,0,variant_2
7205,PACKAGING_3,PACKAGING_LINE_3,25439.63072707754,1.5729588823487575,5,1.7644252192985732,43.82073853867405,10.474139089485107,21,25395.809988538866,25450.104866167025,experiment,FIFO,0.28,0,variant_2
7205,INSPECTION_2_1,INSPECTION_2_1_LINE,25439.920893457274,0.29016637973472825,6,0.29016637973472825,44.11090491840878,10.183972709750378,21,25395.809988538866,25450.104866167025,experiment,FIFO,0.28,0,variant_2
7205,INSPECTION_2_2,INSPECTION_2_2_LINE,25443.0132739257,3.0923804684243805,7,3.0923804684243805,47.20328538683316,7.091592241325998,20,25395.809988538866,25450.104866167025,experiment,FIFO,0.28,0,variant_2
7205,INSPECTION_2_3,INSPECTION_2_3_LINE,25443.171481519366,0.15820759366761195,8,0.15820759366761195,47.36149298050077,6.933384647658386,20,25395.809988538866,25450.104866167025,experiment,FIFO,0.28,0,variant_2
7205,INSPECTION_2_4,INSPECTION_2_4_LINE,25444.249462151936,1.077980632569961,9,1.077980632569961,48.43947361307073,5.855404015088425,20,25395.809988538866,25450.104866167025,experiment,FIFO,0.28,0,variant_2
7205,INSPECTION_2_5,INSPECTION_2_5_LINE,25444.253889018328,0.0044268663914408535,10,0.0044268663914408535,48.44390047946217,5.850977148696984,20,25395.809988538866,25450.104866167025,experiment,FIFO,0.28,0,variant_2
7205,INSPECTION_2_6,INSPECTION_2_6_LINE,25449.454361279342,5.200472261014511,11,5.200472261014511,53.64437274047668,0.650504887682473,22,25395.809988538866,25450.104866167025,experiment,FIFO,0.28,0,variant_2
7205,INSPECTION_2_7,INSPECTION_2_7_LINE,25450.104866167025,0.650504887682473,12,0.650504887682473,54.294877628159156,0.0,21,25395.809988538866,25450.104866167025,experiment,FIFO,0.28,0,variant_2
7206,MOULDING_4,MOULDING_MACHINE_4,25409.056165516376,7.685761288092181,1,0.0,0.0,77.66995410463642,30,25409.056165516376,25486.726119621013,experiment,FIFO,0.28,0,variant_1
7206,ASSEMBLY_1_3,LINE_3_ASSEMBLY1,25413.563440606024,4.50727508964701,2,4.50727508964701,4.50727508964701,73.16267901498941,26,25409.056165516376,25486.726119621013,experiment,FIFO,0.28,0,variant_1
7206,ASSEMBLY_2_2,ASSEMBLY2_LINE_2,25466.89217790761,10.181411247081996,3,53.32873730158826,57.83601239123527,19.833941713401146,22,25409.056165516376,25486.726119621013,experiment,FIFO,0.28,0,variant_1
7206,SORTING,SORTING_ROBOT_1,25472.330913526326,1.67489997537632,4,5.438735618714418,63.27474800994969,14.395206094686728,25,25409.056165516376,25486.726119621013,experiment,FIFO,0.28,0,variant_1
7206,PACKAGING_3,PACKAGING_LINE_3,25472.5986448413,0.2677313149724796,5,0.2677313149724796,63.54247932492217,14.127474779714248,25,25409.056165516376,25486.726119621013,experiment,FIFO,0.28,0,variant_1
7206,INSPECTION_2_1,INSPECTION_2_1_LINE,25475.15060620808,1.2508363723973162,6,2.551961366782052,66.09444069170422,11.575513412932196,24,25409.056165516376,25486.726119621013,experiment,FIFO,0.28,0,variant_1
7206,INSPECTION_2_2,INSPECTION_2_2_LINE,25478.14382786455,2.9932216564702685,7,2.9932216564702685,69.08766234817449,8.582291756461927,25,25409.056165516376,25486.726119621013,experiment,FIFO,0.28,0,variant_1
7206,INSPECTION_2_3,INSPECTION_2_3_LINE,25478.583807810428,0.43997994587698486,8,0.43997994587698486,69.52764229405147,8.142311810584943,25,25409.056165516376,25486.726119621013,experiment,FIFO,0.28,0,variant_1
7206,INSPECTION_2_4,INSPECTION_2_4_LINE,25481.07342982897,2.4896220185437414,9,2.4896220185437414,72.01726431259522,5.652689792041201,26,25409.056165516376,25486.726119621013,experiment,FIFO,0.28,0,variant_1
7206,INSPECTION_2_5,INSPECTION_2_5_LINE,25482.35820804258,1.2847782136086607,10,1.2847782136086607,73.30204252620388,4.36791157843254,27,25409.056165516376,25486.726119621013,experiment,FIFO,0.28,0,variant_1
7206,INSPECTION_2_6,INSPECTION_2_6_LINE,25483.019179880408,0.07462584623135626,11,0.6609718378276739,73.96301436403155,3.7069397406048665,27,25409.056165516376,25486.726119621013,experiment,FIFO,0.28,0,variant_1
7206,INSPECTION_2_7,INSPECTION_2_7_LINE,25486.726119621013,0.05449681400205009,12,3.7069397406048665,77.66995410463642,0.0,26,25409.056165516376,25486.726119621013,experiment,FIFO,0.28,0,variant_1
7207,MOULDING_5,MOULDING_MACHINE_5,25410.15805721004,8.398228807342093,1,0.0,0.0,78.95745919692854,30,25410.15805721004,25489.115516406968,experiment,FIFO,0.28,0,variant_4
7207,ASSEMBLY_1_2,LINE_2_ASSEMBLY1,25415.096652349293,4.938595139254176,2,4.938595139254176,4.938595139254176,74.01886405767436,24,25410.15805721004,25489.115516406968,experiment,FIFO,0.28,0,variant_4
7207,ASSEMBLY_2_1,ASSEMBLY2_LINE_1,25474.1637193938,19.184715988561948,3,59.067067044506985,64.00566218376116,14.95179701316738,24,25410.15805721004,25489.115516406968,experiment,FIFO,0.28,0,variant_4
7207,SORTING,SORTING_ROBOT_1,25475.86555117528,1.3829515596153215,4,1.7018317814799957,65.70749396524116,13.249965231687383,24,25410.15805721004,25489.115516406968,experiment,FIFO,0.28,0,variant_4
7207,PACKAGING_3,PACKAGING_LINE_3,25476.20109835996,0.33554718468076317,5,0.33554718468076317,66.04304114992192,12.91441804700662,24,25410.15805721004,25489.115516406968,experiment,FIFO,0.28,0,variant_4
7207,INSPECTION_2_1,INSPECTION_2_1_LINE,25476.47092650773,0.26982814776783925,6,0.26982814776783925,66.31286929768976,12.644589899238781,24,25410.15805721004,25489.115516406968,experiment,FIFO,0.28,0,variant_4
7207,INSPECTION_2_2,INSPECTION_2_2_LINE,25478.93308690768,0.7892590431292774,7,2.4621603999512445,68.775029697641,10.182429499287537,25,25410.15805721004,25489.115516406968,experiment,FIFO,0.28,0,variant_4
7207,INSPECTION_2_3,INSPECTION_2_3_LINE,25479.129771676176,0.19668476849619765,8,0.19668476849619765,68.9717144661372,9.985744730791339,25,25410.15805721004,25489.115516406968,experiment,FIFO,0.28,0,variant_4
7207,INSPECTION_2_4,INSPECTION_2_4_LINE,25481.41372128673,0.34029145776003134,9,2.2839496105552826,71.25566407669248,7.701795120236056,27,25410.15805721004,25489.115516406968,experiment,FIFO,0.28,0,variant_4
7207,INSPECTION_2_5,INSPECTION_2_5_LINE,25483.58442239483,1.2262143522493716,10,2.170701108098001,73.42636518479048,5.531094012138055,26,25410.15805721004,25489.115516406968,experiment,FIFO,0.28,0,variant_4
7207,INSPECTION_2_6,INSPECTION_2_6_LINE,25484.69856049504,1.1141381002089474,11,1.1141381002089474,74.54050328499943,4.416955911929108,27,25410.15805721004,25489.115516406968,experiment,FIFO,0.28,0,variant_4
7207,INSPECTION_2_7,INSPECTION_2_7_LINE,25489.115516406968,2.3893967859548866,12,4.416955911929108,78.95745919692854,0.0,26,25410.15805721004,25489.115516406968,experiment,FIFO,0.28,0,variant_4
7208,MOULDING_2,MOULDING_MACHINE_2,25404.683767574847,0.07030118998955004,1,0.0,0.0,81.98785523216429,31,25404.683767574847,25486.67162280701,experiment,FIFO,0.28,0,variant_1
7208,ASSEMBLY_1_2,LINE_2_ASSEMBLY1,25406.280246585186,1.5964790103389532,2,1.5964790103389532,1.5964790103389532,80.39137622182534,30,25404.683767574847,25486.67162280701,experiment,FIFO,0.28,0,variant_1
7208,ASSEMBLY_2_2,ASSEMBLY2_LINE_2,25456.71076666053,4.151956518049701,3,50.43052007534425,52.0269990856832,29.960856146481092,18,25404.683767574847,25486.67162280701,experiment,FIFO,0.28,0,variant_1
7208,SORTING,SORTING_ROBOT_1,25470.65601355095,2.3655247391507146,4,13.945246890420094,65.9722459761033,16.015609256060998,24,25404.683767574847,25486.67162280701,experiment,FIFO,0.28,0,variant_1
7208,PACKAGING_3,PACKAGING_LINE_3,25470.75496710809,0.09895355713888421,5,0.09895355713888421,66.07119953324218,15.916655698922114,24,25404.683767574847,25486.67162280701,experiment,FIFO,0.28,0,variant_1
7208,INSPECTION_2_1,INSPECTION_2_1_LINE,25473.899769835683,1.7118580540482071,6,3.1448027275946515,69.21600226083683,12.771852971327462,24,25404.683767574847,25486.67162280701,experiment,FIFO,0.28,0,variant_1
7208,INSPECTION_2_2,INSPECTION_2_2_LINE,25474.50477345181,0.21859921890427358,7,0.6050036161250318,69.82100587696186,12.16684935520243,24,25404.683767574847,25486.67162280701,experiment,FIFO,0.28,0,variant_1
7208,INSPECTION_2_3,INSPECTION_2_3_LINE,25474.899172503126,0.07534098182804883,8,0.39439905131803243,70.2154049282799,11.772450303884398,24,25404.683767574847,25486.67162280701,experiment,FIFO,0.28,0,variant_1
7208,INSPECTION_2_4,INSPECTION_2_4_LINE,25475.66886908525,0.6450996743187716,9,0.769696582123288,70.98510151040318,11.00275372176111,24,25404.683767574847,25486.67162280701,experiment,FIFO,0.28,0,variant_1
7208,INSPECTION_2_5,INSPECTION_2_5_LINE,25478.825866270483,1.0709460276011669,10,3.1569971852331946,74.14209869563638,7.845756536527915,25,25404.683767574847,25486.67162280701,experiment,FIFO,0.28,0,variant_1
7208,INSPECTION_2_6,INSPECTION_2_6_LINE,25482.944554034177,2.0463695550643024,11,4.1186877636937425,78.26078645933012,3.7270687728341727,27,25404.683767574847,25486.67162280701,experiment,FIFO,0.28,0,variant_1
7208,INSPECTION_2_7,INSPECTION_2_7_LINE,25486.67162280701,0.3768055399013974,12,3.7270687728341727,81.98785523216429,0.0,27,25404.683767574847,25486.67162280701,experiment,FIFO,0.28,0,variant_1
7209,MOULDING_2,MOULDING_MACHINE_2,25420.279654973056,14.339390629753325,1,0.0,0.0,84.25573618037015,24,25420.279654973056,25504.535391153426,experiment,FIFO,0.28,0,variant_1
7209,ASSEMBLY_1_5,LINE_5_ASSEMBLY1,25438.0660755056,1.6109643630516075,2,17.78642053254589,17.78642053254589,66.46931564782426,21,25420.279654973056,25504.535391153426,experiment,FIFO,0.28,0,variant_1
7209,ASSEMBLY_2_1,ASSEMBLY2_LINE_1,25485.85756030484,6.370322401766316,3,47.7914847992397,65.57790533178559,18.677830848584563,29,25420.279654973056,25504.535391153426,experiment,FIFO,0.28,0,variant_1
7209,SORTING,SORTING_ROBOT_1,25486.29500599055,0.43744568570764386,4,0.43744568570764386,66.01535101749323,18.24038516287692,28,25420.279654973056,25504.535391153426,experiment,FIFO,0.28,0,variant_1
7209,PACKAGING_1,PACKAGING_LINE_1,25498.550065689444,5.661717761144246,5,12.255059698894911,78.27041071638814,5.985325463982008,29,25420.279654973056,25504.535391153426,experiment,FIFO,0.28,0,variant_1
7209,INSPECTION_1_1,INSPECTION_1_1_LINE,25498.889002061776,0.33893637233268237,6,0.33893637233268237,78.60934708872082,5.646389091649326,29,25420.279654973056,25504.535391153426,experiment,FIFO,0.28,0,variant_1
7209,INSPECTION_1_2,INSPECTION_1_2_LINE,25500.799910221427,1.9109081596507167,7,1.9109081596507167,80.52025524837154,3.735480931998609,31,25420.279654973056,25504.535391153426,experiment,FIFO,0.28,0,variant_1
7209,INSPECTION_1_3,INSPECTION_1_3_LINE,25503.182533587285,2.382623365858308,8,2.382623365858308,82.90287861422985,1.352857566140301,30,25420.279654973056,25504.535391153426,experiment,FIFO,0.28,0,variant_1
7209,INSPECTION_1_4,INSPECTION_1_4_LINE,25503.734724810136,0.5521912228505244,9,0.5521912228505244,83.45506983708037,0.8006663432897767,30,25420.279654973056,25504.535391153426,experiment,FIFO,0.28,0,variant_1
7209,INSPECTION_1_5,INSPECTION_1_5_LINE,25503.846415047625,0.11169023748880136,10,0.11169023748880136,83.56676007456917,0.6889761058009753,30,25420.279654973056,25504.535391153426,experiment,FIFO,0.28,0,variant_1
7209,INSPECTION_1_6,INSPECTION_1_6_LINE,25504.22764314822,0.38122810059576295,11,0.38122810059576295,83.94798817516494,0.3077480052052124,30,25420.279654973056,25504.535391153426,experiment,FIFO,0.28,0,variant_1
7209,INSPECTION_1_7,INSPECTION_1_7_LINE,25504.535391153426,0.3077480052052124,12,0.3077480052052124,84.25573618037015,0.0,29,25420.279654973056,25504.535391153426,experiment,FIFO,0.28,0,variant_1
7210,MOULDING_3,MOULDING_MACHINE_3,25415.77692029288,4.452625526308111,1,0.0,0.0,86.8987710709007,25,25415.77692029288,25502.67569136378,experiment,FIFO,0.28,0,variant_4
7210,ASSEMBLY_1_5,LINE_5_ASSEMBLY1,25436.45511114255,20.6781908496705,2,20.6781908496705,20.6781908496705,66.2205802212302,21,25415.77692029288,25502.67569136378,experiment,FIFO,0.28,0,variant_4
7210,ASSEMBLY_2_1,ASSEMBLY2_LINE_1,25479.487237903075,4.509155342235317,3,43.03212676052499,63.71031761019549,23.188453460705205,25,25415.77692029288,25502.67569136378,experiment,FIFO,0.28,0,variant_4
7210,SORTING,SORTING_ROBOT_1,25481.43011200301,1.9428740999355796,4,1.9428740999355796,65.65319171013107,21.245579360769625,27,25415.77692029288,25502.67569136378,experiment,FIFO,0.28,0,variant_4
7210,PACKAGING_1,PACKAGING_LINE_1,25492.8883479283,11.458235925289046,5,11.458235925289046,77.11142763542011,9.78734343548058,28,25415.77692029288,25502.67569136378,experiment,FIFO,0.28,0,variant_4
7210,INSPECTION_2_1,INSPECTION_2_1_LINE,25494.652263670425,1.7639157421253913,6,1.7639157421253913,78.8753433775455,8.023427693355188,30,25415.77692029288,25502.67569136378,experiment,FIFO,0.28,0,variant_4
7210,INSPECTION_2_2,INSPECTION_2_2_LINE,25496.47978316121,1.827519490783743,7,1.827519490783743,80.70286286832925,6.195908202571445,29,25415.77692029288,25502.67569136378,experiment,FIFO,0.28,0,variant_4
7210,INSPECTION_2_3,INSPECTION_2_3_LINE,25497.55537012127,1.075586960061628,8,1.075586960061628,81.77844982839088,5.120321242509817,29,25415.77692029288,25502.67569136378,experiment,FIFO,0.28,0,variant_4
7210,INSPECTION_2_4,INSPECTION_2_4_LINE,25499.14368757861,1.5883174573391443,9,1.5883174573391443,83.36676728573002,3.532003785170673,30,25415.77692029288,25502.67569136378,experiment,FIFO,0.28,0,variant_4
7210,INSPECTION_2_5,INSPECTION_2_5_LINE,25500.23993260967,1.0962450310616987,10,1.0962450310616987,84.46301231679172,2.4357587541089742,31,25415.77692029288,25502.67569136378,experiment,FIFO,0.28,0,variant_4
7210,INSPECTION_2_6,INSPECTION_2_6_LINE,25502.672449171045,2.4325165613736317,11,2.4325165613736317,86.89552887816535,0.0032421927353425417,31,25415.77692029288,25502.67569136378,experiment,FIFO,0.28,0,variant_4
7210,INSPECTION_2_7,INSPECTION_2_7_LINE,25502.67569136378,0.0032421927353425417,12,0.0032421927353425417,86.8987710709007,0.0,30,25415.77692029288,25502.67569136378,experiment,FIFO,0.28,0,variant_4
7211,MOULDING_3,MOULDING_MACHINE_3,25431.44423566777,1.6934912722281297,1,0.0,0.0,86.49068095419716,23,25431.44423566777,25517.934916621965,experiment,FIFO,0.28,0,variant_6
7211,ASSEMBLY_1_3,LINE_3_ASSEMBLY1,25432.72428579816,1.2800501303900091,2,1.2800501303900091,1.2800501303900091,85.21063082380715,22,25431.44423566777,25517.934916621965,experiment,FIFO,0.28,0,variant_6
7211,ASSEMBLY_2_1,ASSEMBLY2_LINE_1,25474.97808256084,0.8143631670391187,3,42.253796762681304,43.53384689307131,42.956834061125846,24,25431.44423566777,25517.934916621965,experiment,FIFO,0.28,0,variant_6
7211,ASSEMBLY_2_1,ASSEMBLY2_LINE_1,25506.82602432679,2.3238038582203444,4,31.847941765950964,75.38178865902228,11.108892295174883,29,25431.44423566777,25517.934916621965,experiment,FIFO,0.28,0,variant_6
7211,SORTING,SORTING_ROBOT_1,25507.99778785167,1.1717635248787701,5,1.1717635248787701,76.55355218390105,9.937128770296113,29,25431.44423566777,25517.934916621965,experiment,FIFO,0.28,0,variant_6
7211,PACKAGING_2,PACKAGING_LINE_2,25510.73773680619,2.7399489545205142,6,2.7399489545205142,79.29350113842156,7.197179815775598,28,25431.44423566777,25517.934916621965,experiment,FIFO,0.28,0,variant_6
7211,INSPECTION_2_1,INSPECTION_2_1_LINE,25510.77512038236,0.03738357617112342,7,0.03738357617112342,79.33088471459268,7.159796239604475,28,25431.44423566777,25517.934916621965,experiment,FIFO,0.28,0,variant_6
7211,INSPECTION_2_2,INSPECTION_2_2_LINE,25511.135543678447,0.3604232960860827,8,0.3604232960860827,79.69130801067877,6.799372943518392,28,25431.44423566777,25517.934916621965,experiment,FIFO,0.28,0,variant_6
7211,INSPECTION_2_3,INSPECTION_2_3_LINE,25511.30369803033,0.16815435188254924,9,0.16815435188254924,79.85946236256132,6.631218591635843,28,25431.44423566777,25517.934916621965,experiment,FIFO,0.28,0,variant_6
7211,INSPECTION_2_4,INSPECTION_2_4_LINE,25514.300129817853,2.996431787523761,10,2.996431787523761,82.85589415008508,3.634786804112082,28,25431.44423566777,25517.934916621965,experiment,FIFO,0.28,0,variant_6
7211,INSPECTION_2_5,INSPECTION_2_5_LINE,25517.04753932081,2.747409502957453,11,2.747409502957453,85.60330365304253,0.8873773011546291,28,25431.44423566777,25517.934916621965,experiment,FIFO,0.28,0,variant_6
7211,INSPECTION_2_6,INSPECTION_2_6_LINE,25517.427339658283,0.37980033747226116,12,0.37980033747226116,85.98310399051479,0.5075769636823679,28,25431.44423566777,25517.934916621965,experiment,FIFO,0.28,0,variant_6
7211,INSPECTION_2_7,INSPECTION_2_7_LINE,25517.934916621965,0.5075769636823679,13,0.5075769636823679,86.49068095419716,0.0,27,25431.44423566777,25517.934916621965,experiment,FIFO,0.28,0,variant_6
7212,MOULDING_2,MOULDING_MACHINE_2,25434.706881272537,1.7435998763467069,1,0.0,0.0,67.4998961709025,23,25434.706881272537,25502.20677744344,experiment,FIFO,0.28,0,variant_4
7212,ASSEMBLY_1_1,LINE_1_ASSEMBLY1,25444.915658843816,10.208777571278915,2,10.208777571278915,10.208777571278915,57.29111859962359,20,25434.706881272537,25502.20677744344,experiment,FIFO,0.28,0,variant_4
7212,ASSEMBLY_2_1,ASSEMBLY2_LINE_1,25490.10458969626,4.247029391419346,3,45.18893085244417,55.39770842372309,12.102187747179414,28,25434.706881272537,25502.20677744344,experiment,FIFO,0.28,0,variant_4
7212,SORTING,SORTING_ROBOT_1,25491.01001938081,0.9054296845497447,4,0.9054296845497447,56.30313810827283,11.19675806262967,28,25434.706881272537,25502.20677744344,experiment,FIFO,0.28,0,variant_4
7212,PACKAGING_3,PACKAGING_LINE_3,25495.793767053216,4.783747672405298,5,4.783747672405298,61.08688578067813,6.413010390224372,30,25434.706881272537,25502.20677744344,experiment,FIFO,0.28,0,variant_4
7212,INSPECTION_1_1,INSPECTION_1_1_LINE,25497.335876634646,1.54210958143085,6,1.54210958143085,62.62899536210898,4.870900808793522,29,25434.706881272537,25502.20677744344,experiment,FIFO,0.28,0,variant_4
7212,INSPECTION_1_2,INSPECTION_1_2_LINE,25497.41624046001,0.08036382536374731,7,0.08036382536374731,62.70935918747273,4.790536983429774,29,25434.706881272537,25502.20677744344,experiment,FIFO,0.28,0,variant_4
7212,INSPECTION_1_3,INSPECTION_1_3_LINE,25497.72707830042,0.310837840410386,8,0.310837840410386,63.020197027883114,4.479699143019388,29,25434.706881272537,25502.20677744344,experiment,FIFO,0.28,0,variant_4
7212,INSPECTION_1_4,INSPECTION_1_4_LINE,25498.304377500088,0.5772991996673227,9,0.5772991996673227,63.59749622755044,3.9023999433520657,29,25434.706881272537,25502.20677744344,experiment,FIFO,0.28,0,variant_4
7212,INSPECTION_1_5,INSPECTION_1_5_LINE,25499.207395420763,0.9030179206747562,10,0.9030179206747562,64.5005141482252,2.9993820226773096,30,25434.706881272537,25502.20677744344,experiment,FIFO,0.28,0,variant_4
7212,INSPECTION_1_6,INSPECTION_1_6_LINE,25501.43052674267,2.2231313219090225,11,2.2231313219090225,66.72364547013422,0.7762507007682871,32,25434.706881272537,25502.20677744344,experiment,FIFO,0.28,0,variant_4
7212,INSPECTION_1_7,INSPECTION_1_7_LINE,25502.20677744344,0.7762507007682871,12,0.7762507007682871,67.4998961709025,0.0,31,25434.706881272537,25502.20677744344,experiment,FIFO,0.28,0,variant_4
7213,MOULDING_5,MOULDING_MACHINE_5,25447.63522182108,3.89100550373405,1,0.0,0.0,61.86576089782102,20,25447.63522182108,25509.500982718902,experiment,FIFO,0.28,0,variant_5
7213,ASSEMBLY_1_2,LINE_2_ASSEMBLY1,25451.320513485927,3.685291664845863,2,3.685291664845863,3.685291664845863,58.180469232975156,18,25447.63522182108,25509.500982718902,experiment,FIFO,0.28,0,variant_5
7213,ASSEMBLY_2_1,ASSEMBLY2_LINE_1,25492.105768723926,2.001179027665785,3,40.78525523799908,44.470546902844944,17.395213994976075,28,25447.63522182108,25509.500982718902,experiment,FIFO,0.28,0,variant_5
7213,SORTING,SORTING_ROBOT_1,25494.733678849305,2.6279101253785484,4,2.6279101253785484,47.09845702822349,14.767303869597527,30,25447.63522182108,25509.500982718902,experiment,FIFO,0.28,0,variant_5
7213,PACKAGING_1,PACKAGING_LINE_1,25498.828511997883,0.2784463084390154,5,4.094833148577891,51.19329017680138,10.672470721019636,29,25447.63522182108,25509.500982718902,experiment,FIFO,0.28,0,variant_5
7213,INSPECTION_1_1,INSPECTION_1_1_LINE,25498.948747158265,0.05974509648876847,6,0.12023516038243542,51.31352533718382,10.5522355606372,29,25447.63522182108,25509.500982718902,experiment,FIFO,0.28,0,variant_5
7213,INSPECTION_1_2,INSPECTION_1_2_LINE,25501.20595698176,0.406046760333993,7,2.2572098234959412,53.57073516067976,8.295025737141259,31,25447.63522182108,25509.500982718902,experiment,FIFO,0.28,0,variant_5
7213,INSPECTION_1_3,INSPECTION_1_3_LINE,25503.426884676774,0.24435108948819106,8,2.220927695012506,55.791662855692266,6.074098042128753,30,25447.63522182108,25509.500982718902,experiment,FIFO,0.28,0,variant_5
7213,INSPECTION_1_4,INSPECTION_1_4_LINE,25506.53192183294,2.7971970228027203,9,3.1050371561650536,58.89670001185732,2.9690608859636995,29,25447.63522182108,25509.500982718902,experiment,FIFO,0.28,0,variant_5
7213,INSPECTION_1_5,INSPECTION_1_5_LINE,25507.20539763596,0.6734758030215744,10,0.6734758030215744,59.570175814878894,2.295585082942125,29,25447.63522182108,25509.500982718902,experiment,FIFO,0.28,0,variant_5
7213,INSPECTION_1_6,INSPECTION_1_6_LINE,25509.46871615238,2.263318516419531,11,2.263318516419531,61.833494331298425,0.032266566522594076,29,25447.63522182108,25509.500982718902,experiment,FIFO,0.28,0,variant_5
7213,INSPECTION_1_7,INSPECTION_1_7_LINE,25509.500982718902,0.032266566522594076,12,0.032266566522594076,61.86576089782102,0.0,28,25447.63522182108,25509.500982718902,experiment,FIFO,0.28,0,variant_5
7214,MOULDING_5,MOULDING_MACHINE_5,25448.45023356926,0.8150117481782218,1,0.0,0.0,42.54935061503784,21,25448.45023356926,25490.999584184297,experiment,FIFO,0.28,0,variant_2
7214,ASSEMBLY_1_2,LINE_2_ASSEMBLY1,25455.305552683523,3.985039197596052,2,6.855319114263693,6.855319114263693,35.694031500774145,18,25448.45023356926,25490.999584184297,experiment,FIFO,0.28,0,variant_2
7214,ASSEMBLY_2_2,ASSEMBLY2_LINE_2,25468.808741165143,1.9165632575313793,3,13.503188481619873,20.358507595883566,22.190843019154272,22,25448.45023356926,25490.999584184297,experiment,FIFO,0.28,0,variant_2
7214,SORTING,SORTING_ROBOT_1,25474.482599615665,2.1516860893389094,4,5.673858450521948,26.032366046405514,16.516984568632324,24,25448.45023356926,25490.999584184297,experiment,FIFO,0.28,0,variant_2
7214,PACKAGING_1,PACKAGING_LINE_1,25477.793829255967,3.3112296403014625,5,3.3112296403014625,29.343595686706976,13.205754928330862,25,25448.45023356926,25490.999584184297,experiment,FIFO,0.28,0,variant_2
7214,INSPECTION_2_1,INSPECTION_2_1_LINE,25478.326639737727,0.5328104817599524,6,0.5328104817599524,29.87640616846693,12.67294444657091,25,25448.45023356926,25490.999584184297,experiment,FIFO,0.28,0,variant_2
7214,INSPECTION_2_2,INSPECTION_2_2_LINE,25481.200646020352,2.2675591126717336,7,2.874006282625487,32.750412451092416,9.798938163945422,26,25448.45023356926,25490.999584184297,experiment,FIFO,0.28,0,variant_2
7214,INSPECTION_2_3,INSPECTION_2_3_LINE,25481.215668705227,0.015022684874566039,8,0.015022684874566039,32.76543513596698,9.783915479070856,26,25448.45023356926,25490.999584184297,experiment,FIFO,0.28,0,variant_2
7214,INSPECTION_2_4,INSPECTION_2_4_LINE,25483.41844181311,2.0047205263799697,9,2.2027731078851502,34.96820824385213,7.581142371185706,27,25448.45023356926,25490.999584184297,experiment,FIFO,0.28,0,variant_2
7214,INSPECTION_2_5,INSPECTION_2_5_LINE,25484.18054152061,0.5961191257811151,10,0.7620997074991465,35.73030795135128,6.8190426636865595,27,25448.45023356926,25490.999584184297,experiment,FIFO,0.28,0,variant_2
7214,INSPECTION_2_6,INSPECTION_2_6_LINE,25485.1400511504,0.44149065536112175,11,0.959509629788954,36.68981758114023,5.8595330338976055,27,25448.45023356926,25490.999584184297,experiment,FIFO,0.28,0,variant_2
7214,INSPECTION_2_7,INSPECTION_2_7_LINE,25490.999584184297,1.8840677773296193,12,5.8595330338976055,42.54935061503784,0.0,28,25448.45023356926,25490.999584184297,experiment,FIFO,0.28,0,variant_2
7215,MOULDING_2,MOULDING_MACHINE_2,25449.16681607915,0.28542651097814087,1,0.0,0.0,65.33967406701777,22,25449.16681607915,25514.506490146166,experiment,FIFO,0.28,0,variant_6
7215,ASSEMBLY_1_5,LINE_5_ASSEMBLY1,25462.123670277346,12.956854198197107,2,12.956854198197107,12.956854198197107,52.38281986882066,22,25449.16681607915,25514.506490146166,experiment,FIFO,0.28,0,variant_6
7215,ASSEMBLY_2_1,ASSEMBLY2_LINE_1,25495.50303050177,1.3160541864890547,3,33.37936022442591,46.336214422623016,19.003459644394752,30,25449.16681607915,25514.506490146166,experiment,FIFO,0.28,0,variant_6
7215,SORTING,SORTING_ROBOT_1,25497.49411063116,0.4190767782238254,4,1.9910801293881377,48.32729455201115,17.012379515006614,29,25449.16681607915,25514.506490146166,experiment,FIFO,0.28,0,variant_6
7215,PACKAGING_2,PACKAGING_LINE_2,25499.32909216135,1.834981530191726,5,1.834981530191726,50.16227608220288,15.177397984814888,30,25449.16681607915,25514.506490146166,experiment,FIFO,0.28,0,variant_6
7215,INSPECTION_1_1,INSPECTION_1_1_LINE,25499.377893669764,0.04880150841199793,6,0.04880150841199793,50.21107759061488,15.12859647640289,30,25449.16681607915,25514.506490146166,experiment,FIFO,0.28,0,variant_6
7215,INSPECTION_1_2,INSPECTION_1_2_LINE,25501.493613500574,0.28765651881258236,7,2.1157198308101215,52.326797421425,13.012876645592769,32,25449.16681607915,25514.506490146166,experiment,FIFO,0.28,0,variant_6
7215,INSPECTION_1_3,INSPECTION_1_3_LINE,25503.55151478401,0.12463010723513435,8,2.057901283435058,54.38469870486006,10.954975362157711,30,25449.16681607915,25514.506490146166,experiment,FIFO,0.28,0,variant_6
7215,INSPECTION_1_4,INSPECTION_1_4_LINE,25508.9818687663,2.4499469333604793,9,5.430353982290399,59.815052687150455,5.5246213798673125,29,25449.16681607915,25514.506490146166,experiment,FIFO,0.28,0,variant_6
7215,INSPECTION_1_5,INSPECTION_1_5_LINE,25509.839851971217,0.8579832049181277,10,0.8579832049181277,60.67303589206858,4.666638174949185,28,25449.16681607915,25514.506490146166,experiment,FIFO,0.28,0,variant_6
7215,INSPECTION_1_6,INSPECTION_1_6_LINE,25511.918975758595,2.079123787378194,11,2.079123787378194,62.75215967944678,2.587514387570991,28,25449.16681607915,25514.506490146166,experiment,FIFO,0.28,0,variant_6
7215,INSPECTION_1_7,INSPECTION_1_7_LINE,25514.506490146166,2.587514387570991,12,2.587514387570991,65.33967406701777,0.0,27,25449.16681607915,25514.506490146166,experiment,FIFO,0.28,0,variant_6
7216,MOULDING_2,MOULDING_MACHINE_2,25453.54771206571,4.042850864363572,1,0.0,0.0,67.52125438173607,19,25453.54771206571,25521.068966447445,experiment,FIFO,0.28,0,variant_4
7216,ASSEMBLY_1_1,LINE_1_ASSEMBLY1,25470.78043190436,2.7259741720517923,2,17.232719838651974,17.232719838651974,50.2885345430841,24,25453.54771206571,25521.068966447445,experiment,FIFO,0.28,0,variant_4
7216,ASSEMBLY_2_1,ASSEMBLY2_LINE_1,25498.318849915595,2.815819413823192,3,27.53841801123417,44.771137849886145,22.750116531849926,29,25453.54771206571,25521.068966447445,experiment,FIFO,0.28,0,variant_4
7216,SORTING,SORTING_ROBOT_1,25502.0131426,2.014174113432091,4,3.6942926844058093,48.465430534291954,19.055823847444117,32,25453.54771206571,25521.068966447445,experiment,FIFO,0.28,0,variant_4
7216,PACKAGING_3,PACKAGING_LINE_3,25513.29069758322,11.277554983218579,5,11.277554983218579,59.74298551751053,7.778268864225538,28,25453.54771206571,25521.068966447445,experiment,FIFO,0.28,0,variant_4
7216,INSPECTION_2_1,INSPECTION_2_1_LINE,25514.36274589875,1.0720483155309921,6,1.0720483155309921,60.815033833041525,6.706220548694546,28,25453.54771206571,25521.068966447445,experiment,FIFO,0.28,0,variant_4
7216,INSPECTION_2_2,INSPECTION_2_2_LINE,25517.15588408475,2.793138185999851,7,2.793138185999851,63.608172019041376,3.913082362694695,28,25453.54771206571,25521.068966447445,experiment,FIFO,0.28,0,variant_4
7216,INSPECTION_2_3,INSPECTION_2_3_LINE,25518.409091947105,1.2532078623553389,8,1.2532078623553389,64.86137988139672,2.659874500339356,27,25453.54771206571,25521.068966447445,experiment,FIFO,0.28,0,variant_4
7216,INSPECTION_2_4,INSPECTION_2_4_LINE,25518.44190191143,0.03280996432295069,9,0.03280996432295069,64.89418984571967,2.6270645360164053,27,25453.54771206571,25521.068966447445,experiment,FIFO,0.28,0,variant_4
7216,INSPECTION_2_5,INSPECTION_2_5_LINE,25519.718721063746,1.27681915231733,10,1.27681915231733,66.171008998037,1.3502453836990753,27,25453.54771206571,25521.068966447445,experiment,FIFO,0.28,0,variant_4
7216,INSPECTION_2_6,INSPECTION_2_6_LINE,25520.38952610591,0.670805042165739,11,0.670805042165739,66.84181404020273,0.6794403415333363,26,25453.54771206571,25521.068966447445,experiment,FIFO,0.28,0,variant_4
7216,INSPECTION_2_7,INSPECTION_2_7_LINE,25521.068966447445,0.6794403415333363,12,0.6794403415333363,67.52125438173607,0.0,26,25453.54771206571,25521.068966447445,experiment,FIFO,0.28,0,variant_4
7217,MOULDING_2,MOULDING_MACHINE_2,25457.301748941794,3.7540368760855927,1,0.0,0.0,58.93922258518796,19,25457.301748941794,25516.240971526982,experiment,FIFO,0.28,0,variant_5
7217,ASSEMBLY_1_4,LINE_4_ASSEMBLY1,25457.98956587824,0.6878169364463247,2,0.6878169364463247,0.6878169364463247,58.25140564874164,19,25457.301748941794,25516.240971526982,experiment,FIFO,0.28,0,variant_5
7217,ASSEMBLY_2_1,ASSEMBLY2_LINE_1,25494.186976315283,2.0812075913563604,3,36.19741043704198,36.885227373488306,22.053995211699657,30,25457.301748941794,25516.240971526982,experiment,FIFO,0.28,0,variant_5
7217,SORTING,SORTING_ROBOT_1,25497.075033852936,2.341355003631179,4,2.888057537653367,39.77328491114167,19.16593767404629,29,25457.301748941794,25516.240971526982,experiment,FIFO,0.28,0,variant_5
7217,PACKAGING_1,PACKAGING_LINE_1,25499.87487803656,1.046366038677661,5,2.799844183624373,42.573129094766045,16.366093490421918,30,25457.301748941794,25516.240971526982,experiment,FIFO,0.28,0,variant_5
7217,INSPECTION_1_1,INSPECTION_1_1_LINE,25499.96696098528,0.09208294871859835,6,0.09208294871859835,42.665212043484644,16.27401054170332,30,25457.301748941794,25516.240971526982,experiment,FIFO,0.28,0,variant_5
7217,INSPECTION_1_2,INSPECTION_1_2_LINE,25501.89850427733,0.4048907767573837,7,1.9315432920520834,44.59675533553673,14.342467249651236,32,25457.301748941794,25516.240971526982,experiment,FIFO,0.28,0,variant_5
7217,INSPECTION_1_3,INSPECTION_1_3_LINE,25504.20263747427,0.6511226902621274,8,2.3041331969398016,46.90088853247653,12.038334052711434,30,25457.301748941794,25516.240971526982,experiment,FIFO,0.28,0,variant_5
7217,INSPECTION_1_4,INSPECTION_1_4_LINE,25509.291818270274,0.30994950397507637,9,5.0891807960033475,51.990069328479876,6.949153256708087,29,25457.301748941794,25516.240971526982,experiment,FIFO,0.28,0,variant_5
7217,INSPECTION_1_5,INSPECTION_1_5_LINE,25510.48303845326,0.643186482044257,10,1.1912201829873084,53.181289511467185,5.757933073720778,28,25457.301748941794,25516.240971526982,experiment,FIFO,0.28,0,variant_5
7217,INSPECTION_1_6,INSPECTION_1_6_LINE,25512.06692660381,0.1479508452139271,11,1.583888150547864,54.76517766201505,4.174044923172914,28,25457.301748941794,25516.240971526982,experiment,FIFO,0.28,0,variant_5
7217,INSPECTION_1_7,INSPECTION_1_7_LINE,25516.240971526982,1.7344813808158506,12,4.174044923172914,58.93922258518796,0.0,28,25457.301748941794,25516.240971526982,experiment,FIFO,0.28,0,variant_5
7218,MOULDING_1,MOULDING_MACHINE_1,25453.38340065812,0.3181327170605073,1,0.0,0.0,88.33027539195973,18,25453.38340065812,25541.71367605008,experiment,FIFO,0.28,0,variant_4
7218,ASSEMBLY_1_1,LINE_1_ASSEMBLY1,25468.05445773231,14.671057074188866,2,14.671057074188866,14.671057074188866,73.65921831777086,22,25453.38340065812,25541.71367605008,experiment,FIFO,0.28,0,variant_4
7218,ASSEMBLY_2_2,ASSEMBLY2_LINE_2,25482.00040530081,13.191664135665633,3,13.945947568499832,28.6170046426887,59.71327074927103,28,25453.38340065812,25541.71367605008,experiment,FIFO,0.28,0,variant_4
7218,ASSEMBLY_2_2,ASSEMBLY2_LINE_2,25519.769195831985,5.006104155687353,4,37.76879053117591,66.38579517386461,21.944480218095123,27,25453.38340065812,25541.71367605008,experiment,FIFO,0.28,0,variant_4
7218,SORTING,SORTING_ROBOT_1,25524.04723556054,1.8550770795991411,5,4.278039728556905,70.66383490242151,17.666440489538218,28,25453.38340065812,25541.71367605008,experiment,FIFO,0.28,0,variant_4
7218,PACKAGING_1,PACKAGING_LINE_1,25532.78544956577,1.5344473138502508,6,8.738214005228656,79.40204890765017,8.928226484309562,29,25453.38340065812,25541.71367605008,experiment,FIFO,0.28,0,variant_4
7218,INSPECTION_1_1,INSPECTION_1_1_LINE,25535.649619454503,2.8641698887331586,7,2.8641698887331586,82.26621879638333,6.064056595576403,29,25453.38340065812,25541.71367605008,experiment,FIFO,0.28,0,variant_4
7218,INSPECTION_1_2,INSPECTION_1_2_LINE,25535.66957741891,0.019957964406785322,8,0.019957964406785322,82.28617676079011,6.044098631169618,29,25453.38340065812,25541.71367605008,experiment,FIFO,0.28,0,variant_4
7218,INSPECTION_1_3,INSPECTION_1_3_LINE,25538.69056190619,3.020984487280657,9,3.020984487280657,85.30716124807077,3.023114143888961,30,25453.38340065812,25541.71367605008,experiment,FIFO,0.28,0,variant_4
7218,INSPECTION_1_4,INSPECTION_1_4_LINE,25539.42364190748,0.7330800012896361,10,0.7330800012896361,86.0402412493604,2.2900341425993247,30,25453.38340065812,25541.71367605008,experiment,FIFO,0.28,0,variant_4
7218,INSPECTION_1_5,INSPECTION_1_5_LINE,25540.414584018938,0.990942111457116,11,0.990942111457116,87.03118336081752,1.2990920311422087,29,25453.38340065812,25541.71367605008,experiment,FIFO,0.28,0,variant_4
7218,INSPECTION_1_6,INSPECTION_1_6_LINE,25541.20998783973,0.795403820793581,12,0.795403820793581,87.8265871816111,0.5036882103486278,29,25453.38340065812,25541.71367605008,experiment,FIFO,0.28,0,variant_4
7218,INSPECTION_1_7,INSPECTION_1_7_LINE,25541.71367605008,0.5036882103486278,13,0.5036882103486278,88.33027539195973,0.0,29,25453.38340065812,25541.71367605008,experiment,FIFO,0.28,0,variant_4
7219,MOULDING_1,MOULDING_MACHINE_1,25460.807091980376,4.616790317155392,1,0.0,0.0,115.2659635779055,21,25460.807091980376,25576.07305555828,experiment,FIFO,0.28,0,variant_6
7219,ASSEMBLY_1_1,LINE_1_ASSEMBLY1,25491.962065159336,21.181633254975168,2,31.154973178960063,31.154973178960063,84.11099039894543,28,25460.807091980376,25576.07305555828,experiment,FIFO,0.28,0,variant_6
7219,ASSEMBLY_2_1,ASSEMBLY2_LINE_1,25541.97086021855,8.739317853676766,3,50.0087950592133,81.16376823817336,34.102195339732134,29,25460.807091980376,25576.07305555828,experiment,FIFO,0.28,0,variant_6
7219,SORTING,SORTING_ROBOT_1,25563.628959817564,3.511600671670749,4,21.65809959901526,102.82186783718862,12.444095740716875,28,25460.807091980376,25576.07305555828,experiment,FIFO,0.28,0,variant_6
7219,PACKAGING_2,PACKAGING_LINE_2,25568.989652803102,5.360692985537753,5,5.360692985537753,108.18256082272637,7.083402755179122,31,25460.807091980376,25576.07305555828,experiment,FIFO,0.28,0,variant_6
7219,INSPECTION_2_1,INSPECTION_2_1_LINE,25569.1304999542,0.14084715109856916,6,0.14084715109856916,108.32340797382494,6.942555604080553,31,25460.807091980376,25576.07305555828,experiment,FIFO,0.28,0,variant_6
7219,INSPECTION_2_2,INSPECTION_2_2_LINE,25569.67628217576,0.5457822215576016,7,0.5457822215576016,108.86919019538254,6.396773382522952,30,25460.807091980376,25576.07305555828,experiment,FIFO,0.28,0,variant_6
7219,INSPECTION_2_3,INSPECTION_2_3_LINE,25573.867084001147,4.190801825388917,8,4.190801825388917,113.05999202077146,2.205971557134035,34,25460.807091980376,25576.07305555828,experiment,FIFO,0.28,0,variant_6
7219,INSPECTION_2_4,INSPECTION_2_4_LINE,25574.361212676275,0.49412867512728553,9,0.49412867512728553,113.55412069589875,1.7118428820067493,34,25460.807091980376,25576.07305555828,experiment,FIFO,0.28,0,variant_6
7219,INSPECTION_2_5,INSPECTION_2_5_LINE,25574.58112048687,0.21990781059503206,10,0.21990781059503206,113.77402850649378,1.4919350714117172,34,25460.807091980376,25576.07305555828,experiment,FIFO,0.28,0,variant_6
7219,INSPECTION_2_6,INSPECTION_2_6_LINE,25574.665421482085,0.08430099521501688,11,0.08430099521501688,113.8583295017088,1.4076340761967003,34,25460.807091980376,25576.07305555828,experiment,FIFO,0.28,0,variant_6
7219,INSPECTION_2_7,INSPECTION_2_7_LINE,25576.07305555828,1.4076340761967003,12,1.4076340761967003,115.2659635779055,0.0,33,25460.807091980376,25576.07305555828,experiment,FIFO,0.28,0,variant_6
7220,MOULDING_4,MOULDING_MACHINE_4,25458.28694414468,1.62263650722889,1,0.0,0.0,61.35743701454339,20,25458.28694414468,25519.64438115922,experiment,FIFO,0.28,0,variant_3
7220,ASSEMBLY_1_2,LINE_2_ASSEMBLY1,25478.56119649291,20.27425234823022,2,20.27425234823022,20.27425234823022,41.08318466631317,25,25458.28694414468,25519.64438115922,experiment,FIFO,0.28,0,variant_3
7220,ASSEMBLY_2_2,ASSEMBLY2_LINE_2,25497.65569580344,0.4118671717624238,3,19.094499310533138,39.36875165876336,21.988685355780035,29,25458.28694414468,25519.64438115922,experiment,FIFO,0.28,0,variant_3
7220,SORTING,SORTING_ROBOT_1,25499.99896848657,2.3432726831269974,4,2.3432726831269974,41.712024341890356,19.645412672653038,30,25458.28694414468,25519.64438115922,experiment,FIFO,0.28,0,variant_3
7220,PACKAGING_1,PACKAGING_LINE_1,25503.253796035377,2.243922876776196,5,3.2548275488079526,44.96685189069831,16.390585123845085,30,25458.28694414468,25519.64438115922,experiment,FIFO,0.28,0,variant_3
7220,INSPECTION_1_1,INSPECTION_1_1_LINE,25503.712789050725,0.458993015348824,6,0.458993015348824,45.42584490604713,15.931592108496261,30,25458.28694414468,25519.64438115922,experiment,FIFO,0.28,0,variant_3
7220,INSPECTION_1_2,INSPECTION_1_2_LINE,25510.815564775847,4.482148345774476,7,7.102775725121319,52.52862063116845,8.828816383374942,28,25458.28694414468,25519.64438115922,experiment,FIFO,0.28,0,variant_3
7220,INSPECTION_1_3,INSPECTION_1_3_LINE,25511.13823310285,0.32266832700406667,8,0.32266832700406667,52.85128895817252,8.506148056370876,28,25458.28694414468,25519.64438115922,experiment,FIFO,0.28,0,variant_3
7220,INSPECTION_1_4,INSPECTION_1_4_LINE,25512.80306699438,1.6648338915292697,9,1.6648338915292697,54.51612284970179,6.841314164841606,28,25458.28694414468,25519.64438115922,experiment,FIFO,0.28,0,variant_3
7220,INSPECTION_1_5,INSPECTION_1_5_LINE,25513.395953386946,0.5928863925655605,10,0.5928863925655605,55.10900924226735,6.248427772276045,28,25458.28694414468,25519.64438115922,experiment,FIFO,0.28,0,variant_3
7220,INSPECTION_1_6,INSPECTION_1_6_LINE,25513.9986322824,0.6026788954550284,11,0.6026788954550284,55.711688137722376,5.645748876821017,28,25458.28694414468,25519.64438115922,experiment,FIFO,0.28,0,variant_3
7220,INSPECTION_1_7,INSPECTION_1_7_LINE,25519.64438115922,1.585734252952534,12,5.645748876821017,61.35743701454339,0.0,27,25458.28694414468,25519.64438115922,experiment,FIFO,0.28,0,variant_3
7221,MOULDING_2,MOULDING_MACHINE_2,25461.526288302302,1.1938514659595967,1,0.0,0.0,56.53235860396671,22,25461.526288302302,25518.05864690627,experiment,FIFO,0.28,0,variant_3
7221,ASSEMBLY_1_4,LINE_4_ASSEMBLY1,25475.69560425663,14.16931595432834,2,14.16931595432834,14.16931595432834,42.36304264963837,24,25461.526288302302,25518.05864690627,experiment,FIFO,0.28,0,variant_3
7221,ASSEMBLY_2_2,ASSEMBLY2_LINE_2,25497.24382863168,15.243423330870428,3,21.54822437504845,35.71754032937679,20.814818274589925,29,25461.526288302302,25518.05864690627,experiment,FIFO,0.28,0,variant_3
7221,SORTING,SORTING_ROBOT_1,25497.520421637444,0.026311006284231553,4,0.2765930057648802,35.99413333514167,20.538225268825045,29,25461.526288302302,25518.05864690627,experiment,FIFO,0.28,0,variant_3
7221,PACKAGING_1,PACKAGING_LINE_1,25501.0098731586,1.1349951220399817,5,3.4894515211562975,39.483584856297966,17.048773747668747,31,25461.526288302302,25518.05864690627,experiment,FIFO,0.28,0,variant_3
7221,INSPECTION_1_1,INSPECTION_1_1_LINE,25502.170683687684,1.1608105290833919,6,1.1608105290833919,40.64439538538136,15.887963218585355,32,25461.526288302302,25518.05864690627,experiment,FIFO,0.28,0,variant_3
7221,INSPECTION_1_2,INSPECTION_1_2_LINE,25506.333416430072,4.162732742388471,7,4.162732742388471,44.80712812776983,11.725230476196884,29,25461.526288302302,25518.05864690627,experiment,FIFO,0.28,0,variant_3
7221,INSPECTION_1_3,INSPECTION_1_3_LINE,25509.61307853521,3.2796621051384136,8,3.2796621051384136,48.08679023290824,8.44556837105847,28,25461.526288302302,25518.05864690627,experiment,FIFO,0.28,0,variant_3
7221,INSPECTION_1_4,INSPECTION_1_4_LINE,25510.186457531123,0.5733789959122078,9,0.5733789959122078,48.66016922882045,7.872189375146263,28,25461.526288302302,25518.05864690627,experiment,FIFO,0.28,0,variant_3
7221,INSPECTION_1_5,INSPECTION_1_5_LINE,25511.042121982937,0.559083529675263,10,0.8556644518139365,49.51583368063439,7.016524923332327,28,25461.526288302302,25518.05864690627,experiment,FIFO,0.28,0,variant_3
7221,INSPECTION_1_6,INSPECTION_1_6_LINE,25512.10484117237,0.03791456856197328,11,1.0627191894345742,50.57855287006896,5.953805733897752,28,25461.526288302302,25518.05864690627,experiment,FIFO,0.28,0,variant_3
7221,INSPECTION_1_7,INSPECTION_1_7_LINE,25518.05864690627,1.8176753792868112,12,5.953805733897752,56.53235860396671,0.0,26,25461.526288302302,25518.05864690627,experiment,FIFO,0.28,0,variant_3
7222,MOULDING_2,MOULDING_MACHINE_2,25464.524232692296,2.394295938014693,1,0.0,0.0,78.88910060488342,22,25464.524232692296,25543.41333329718,experiment,FIFO,0.28,0,variant_6
7222,ASSEMBLY_1_5,LINE_5_ASSEMBLY1,25475.16008272062,10.635850028324057,2,10.635850028324057,10.635850028324057,68.25325057655937,24,25464.524232692296,25543.41333329718,experiment,FIFO,0.28,0,variant_6
7222,ASSEMBLY_2_1,ASSEMBLY2_LINE_1,25517.509888872974,10.683864546183031,3,42.34980615235327,52.985656180677324,25.9034444242061,28,25464.524232692296,25543.41333329718,experiment,FIFO,0.28,0,variant_6
7222,SORTING,SORTING_ROBOT_1,25522.192158480942,2.4884880661593343,4,4.6822696079689194,57.667925788646244,21.22117481623718,27,25464.524232692296,25543.41333329718,experiment,FIFO,0.28,0,variant_6
7222,PACKAGING_1,PACKAGING_LINE_1,25531.25100225192,8.905447318047663,5,9.058843770977546,66.72676955962379,12.162331045259634,29,25464.524232692296,25543.41333329718,experiment,FIFO,0.28,0,variant_6
7222,INSPECTION_2_1,INSPECTION_2_1_LINE,25534.47461838551,3.2236161335895304,6,3.2236161335895304,69.95038569321332,8.938714911670104,29,25464.524232692296,25543.41333329718,experiment,FIFO,0.28,0,variant_6
7222,INSPECTION_2_2,INSPECTION_2_2_LINE,25534.993100091364,0.5184817058543558,7,0.5184817058543558,70.46886739906768,8.420233205815748,29,25464.524232692296,25543.41333329718,experiment,FIFO,0.28,0,variant_6
7222,INSPECTION_2_3,INSPECTION_2_3_LINE,25537.6313929818,2.6382928904349683,8,2.6382928904349683,73.10716028950264,5.78194031538078,30,25464.524232692296,25543.41333329718,experiment,FIFO,0.28,0,variant_6
7222,INSPECTION_2_4,INSPECTION_2_4_LINE,25537.887942978785,0.2565499969859957,9,0.2565499969859957,73.36371028648864,5.525390318394784,30,25464.524232692296,25543.41333329718,experiment,FIFO,0.28,0,variant_6
7222,INSPECTION_2_5,INSPECTION_2_5_LINE,25540.23843926823,2.3504962894439814,10,2.3504962894439814,75.71420657593262,3.1748940289508027,29,25464.524232692296,25543.41333329718,experiment,FIFO,0.28,0,variant_6
7222,INSPECTION_2_6,INSPECTION_2_6_LINE,25541.077085236924,0.8386459686953458,11,0.8386459686953458,76.55285254462797,2.336248060255457,29,25464.524232692296,25543.41333329718,experiment,FIFO,0.28,0,variant_6
7222,INSPECTION_2_7,INSPECTION_2_7_LINE,25543.41333329718,2.336248060255457,12,2.336248060255457,78.88910060488342,0.0,28,25464.524232692296,25543.41333329718,experiment,FIFO,0.28,0,variant_6
7223,MOULDING_5,MOULDING_MACHINE_5,25470.375450506835,5.753634231135948,1,0.0,0.0,69.10244984952442,24,25470.375450506835,25539.47790035636,experiment,FIFO,0.28,0,variant_3
7223,ASSEMBLY_1_4,LINE_4_ASSEMBLY1,25476.29959341181,0.6039891551808978,2,5.924142904976179,5.924142904976179,63.17830694454824,24,25470.375450506835,25539.47790035636,experiment,FIFO,0.28,0,variant_3
7223,ASSEMBLY_2_1,ASSEMBLY2_LINE_1,25525.239418261543,7.729529388569063,3,48.93982484973094,54.86396775470712,14.2384820948173,28,25470.375450506835,25539.47790035636,experiment,FIFO,0.28,0,variant_3
7223,SORTING,SORTING_ROBOT_1,25528.911103874307,2.1536700515243865,4,3.671685612764122,58.53565336747124,10.566796482053178,29,25470.375450506835,25539.47790035636,experiment,FIFO,0.28,0,variant_3
7223,PACKAGING_2,PACKAGING_LINE_2,25529.76529471521,0.8541908409024472,5,0.8541908409024472,59.38984420837369,9.71260564115073,29,25470.375450506835,25539.47790035636,experiment,FIFO,0.28,0,variant_3
7223,INSPECTION_1_1,INSPECTION_1_1_LINE,25530.09738082128,0.332086106071074,6,0.332086106071074,59.72193031444476,9.380519535079657,29,25470.375450506835,25539.47790035636,experiment,FIFO,0.28,0,variant_3
7223,INSPECTION_1_2,INSPECTION_1_2_LINE,25531.9816888579,1.8843080366204958,7,1.8843080366204958,61.60623835106526,7.496211498459161,29,25470.375450506835,25539.47790035636,experiment,FIFO,0.28,0,variant_3
7223,INSPECTION_1_3,INSPECTION_1_3_LINE,25532.237075912013,0.2553870541123615,8,0.2553870541123615,61.86162540517762,7.240824444346799,29,25470.375450506835,25539.47790035636,experiment,FIFO,0.28,0,variant_3
7223,INSPECTION_1_4,INSPECTION_1_4_LINE,25534.168081004784,1.931005092770647,9,1.931005092770647,63.79263049794827,5.309819351576152,29,25470.375450506835,25539.47790035636,experiment,FIFO,0.28,0,variant_3
7223,INSPECTION_1_5,INSPECTION_1_5_LINE,25537.535609205563,3.3675282007789065,10,3.3675282007789065,67.16015869872717,1.9422911507972458,30,25470.375450506835,25539.47790035636,experiment,FIFO,0.28,0,variant_3
7223,INSPECTION_1_6,INSPECTION_1_6_LINE,25539.43171093941,1.8961017338478996,11,1.8961017338478996,69.05626043257507,0.046189416949346196,30,25470.375450506835,25539.47790035636,experiment,FIFO,0.28,0,variant_3
7223,INSPECTION_1_7,INSPECTION_1_7_LINE,25539.47790035636,0.046189416949346196,12,0.046189416949346196,69.10244984952442,0.0,29,25470.375450506835,25539.47790035636,experiment,FIFO,0.28,0,variant_3
7224,MOULDING_4,MOULDING_MACHINE_4,25470.083737929283,2.981896709992725,1,0.0,0.0,50.02547040525678,23,25470.083737929283,25520.10920833454,experiment,FIFO,0.28,0,variant_4
7224,ASSEMBLY_1_3,LINE_3_ASSEMBLY1,25471.15722108884,1.0734831595582364,2,1.0734831595582364,1.0734831595582364,48.95198724569855,25,25470.083737929283,25520.10920833454,experiment,FIFO,0.28,0,variant_4
7224,ASSEMBLY_2_1,ASSEMBLY2_LINE_1,25504.50222046857,6.183370552975248,3,33.344999379729416,34.41848253928765,15.606987865969131,30,25470.083737929283,25520.10920833454,experiment,FIFO,0.28,0,variant_4
7224,SORTING,SORTING_ROBOT_1,25504.64737146021,0.14515099164054845,4,0.14515099164054845,34.5636335309282,15.461836874328583,29,25470.083737929283,25520.10920833454,experiment,FIFO,0.28,0,variant_4
7224,PACKAGING_2,PACKAGING_LINE_2,25507.964961846155,3.3175903859446407,5,3.3175903859446407,37.88122391687284,12.144246488383942,29,25470.083737929283,25520.10920833454,experiment,FIFO,0.28,0,variant_4
7224,INSPECTION_1_1,INSPECTION_1_1_LINE,25509.902903372003,1.9379415258481458,6,1.9379415258481458,39.81916544272099,10.206304962535796,28,25470.083737929283,25520.10920833454,experiment,FIFO,0.28,0,variant_4
7224,INSPECTION_1_2,INSPECTION_1_2_LINE,25511.96471159956,1.1491468237145455,7,2.0618082275577763,41.88097367027876,8.14449673497802,28,25470.083737929283,25520.10920833454,experiment,FIFO,0.28,0,variant_4
7224,INSPECTION_1_3,INSPECTION_1_3_LINE,25512.202538622267,0.23782702270545997,8,0.23782702270545997,42.11880069298422,7.90666971227256,28,25470.083737929283,25520.10920833454,experiment,FIFO,0.28,0,variant_4
7224,INSPECTION_1_4,INSPECTION_1_4_LINE,25513.61058759276,0.8075205983805063,9,1.4080489704938373,43.52684966347806,6.498620741778723,28,25470.083737929283,25520.10920833454,experiment,FIFO,0.28,0,variant_4
7224,INSPECTION_1_5,INSPECTION_1_5_LINE,25513.85419325437,0.24360566160976305,10,0.24360566160976305,43.77045532508782,6.25501508016896,28,25470.083737929283,25520.10920833454,experiment,FIFO,0.28,0,variant_4
7224,INSPECTION_1_6,INSPECTION_1_6_LINE,25514.031966175324,0.0333338929231104,11,0.17777292095343,43.94822824604125,6.07724215921553,28,25470.083737929283,25520.10920833454,experiment,FIFO,0.28,0,variant_4
7224,INSPECTION_1_7,INSPECTION_1_7_LINE,25520.10920833454,0.4648271753176232,12,6.07724215921553,50.02547040525678,0.0,26,25470.083737929283,25520.10920833454,experiment,FIFO,0.28,0,variant_4
7225,MOULDING_1,MOULDING_MACHINE_1,25481.47461600249,10.856897601363016,1,0.0,0.0,68.12645151308607,28,25481.47461600249,25549.601067515578,experiment,FIFO,0.28,0,variant_4
7225,ASSEMBLY_1_5,LINE_5_ASSEMBLY1,25491.51477717169,10.040161169199564,2,10.040161169199564,10.040161169199564,58.0862903438865,28,25481.47461600249,25549.601067515578,experiment,FIFO,0.28,0,variant_4
7225,ASSEMBLY_2_2,ASSEMBLY2_LINE_2,25523.44083948821,3.6716436562237504,3,31.926062316517346,41.96622348571691,26.160228027369158,27,25481.47461600249,25549.601067515578,experiment,FIFO,0.28,0,variant_4
7225,SORTING,SORTING_ROBOT_1,25526.757433822782,2.7101982622407377,4,3.3165943345738924,45.2828178202908,22.843633692795265,28,25481.47461600249,25549.601067515578,experiment,FIFO,0.28,0,variant_4
7225,PACKAGING_3,PACKAGING_LINE_3,25542.79901610691,16.0415822841278,5,16.0415822841278,61.3244001044186,6.802051408667467,29,25481.47461600249,25549.601067515578,experiment,FIFO,0.28,0,variant_4
7225,INSPECTION_1_1,INSPECTION_1_1_LINE,25543.73673758196,0.9377214750493295,6,0.9377214750493295,62.26212157946793,5.864329933618137,28,25481.47461600249,25549.601067515578,experiment,FIFO,0.28,0,variant_4
7225,INSPECTION_1_2,INSPECTION_1_2_LINE,25545.46761805949,1.7308804775311728,7,1.7308804775311728,63.9930020569991,4.133449456086964,27,25481.47461600249,25549.601067515578,experiment,FIFO,0.28,0,variant_4
7225,INSPECTION_1_3,INSPECTION_1_3_LINE,25545.88060455796,0.41298649846794433,8,0.41298649846794433,64.40598855546705,3.72046295761902,27,25481.47461600249,25549.601067515578,experiment,FIFO,0.28,0,variant_4
7225,INSPECTION_1_4,INSPECTION_1_4_LINE,25546.11906314888,0.23845859092034516,9,0.23845859092034516,64.64444714638739,3.482004366698675,27,25481.47461600249,25549.601067515578,experiment,FIFO,0.28,0,variant_4
7225,INSPECTION_1_5,INSPECTION_1_5_LINE,25547.34173301297,1.2226698640915856,10,1.2226698640915856,65.86711701047898,2.2593345026070892,27,25481.47461600249,25549.601067515578,experiment,FIFO,0.28,0,variant_4
7225,INSPECTION_1_6,INSPECTION_1_6_LINE,25548.267004890808,0.9252718778370763,11,0.9252718778370763,66.79238888831605,1.334062624770013,27,25481.47461600249,25549.601067515578,experiment,FIFO,0.28,0,variant_4
7225,INSPECTION_1_7,INSPECTION_1_7_LINE,25549.601067515578,1.334062624770013,12,1.334062624770013,68.12645151308607,0.0,26,25481.47461600249,25549.601067515578,experiment,FIFO,0.28,0,variant_4
7226,MOULDING_3,MOULDING_MACHINE_3,25471.03006440997,0.31459720004568226,1,0.0,0.0,82.0290076806159,25,25471.03006440997,25553.059072090586,experiment,FIFO,0.28,0,variant_6
7226,ASSEMBLY_1_2,LINE_2_ASSEMBLY1,25480.023915145408,1.4627186524994613,2,8.993850735438173,8.993850735438173,73.03515694517773,26,25471.03006440997,25553.059072090586,experiment,FIFO,0.28,0,variant_6
7226,ASSEMBLY_2_1,ASSEMBLY2_LINE_1,25525.253564166705,0.01414590516287717,3,45.22964902129752,54.22349975673569,27.805507923880214,28,25471.03006440997,25553.059072090586,experiment,FIFO,0.28,0,variant_6
7226,SORTING,SORTING_ROBOT_1,25529.531671928893,0.6205680545863288,4,4.278107762187574,58.501607518923265,23.52740016169264,29,25471.03006440997,25553.059072090586,experiment,FIFO,0.28,0,variant_6
7226,PACKAGING_3,PACKAGING_LINE_3,25545.007524229863,2.2085081229524803,5,15.475852300969564,73.97745981989283,8.051547860723076,27,25471.03006440997,25553.059072090586,experiment,FIFO,0.28,0,variant_6
7226,INSPECTION_2_1,INSPECTION_2_1_LINE,25545.94708458428,0.03412651174949133,6,0.9395603544180631,74.91702017431089,7.111987506305013,27,25471.03006440997,25553.059072090586,experiment,FIFO,0.28,0,variant_6
7226,INSPECTION_2_2,INSPECTION_2_2_LINE,25547.441451115068,1.2741256846675242,7,1.4943665307873744,76.41138670509827,5.617620975517639,27,25471.03006440997,25553.059072090586,experiment,FIFO,0.28,0,variant_6
7226,INSPECTION_2_3,INSPECTION_2_3_LINE,25547.650862815262,0.2094117001943232,8,0.2094117001943232,76.62079840529259,5.4082092753233155,27,25471.03006440997,25553.059072090586,experiment,FIFO,0.28,0,variant_6
7226,INSPECTION_2_4,INSPECTION_2_4_LINE,25549.66949274637,0.7715012149674294,9,2.018629931106261,78.63942833639885,3.3895793442170543,26,25471.03006440997,25553.059072090586,experiment,FIFO,0.28,0,variant_6
7226,INSPECTION_2_5,INSPECTION_2_5_LINE,25550.98524200156,1.3157492551908945,10,1.3157492551908945,79.95517759158975,2.07383008902616,25,25471.03006440997,25553.059072090586,experiment,FIFO,0.28,0,variant_6
7226,INSPECTION_2_6,INSPECTION_2_6_LINE,25551.227721782143,0.2424797805833805,11,0.2424797805833805,80.19765737217313,1.8313503084427794,25,25471.03006440997,25553.059072090586,experiment,FIFO,0.28,0,variant_6
7226,INSPECTION_2_7,INSPECTION_2_7_LINE,25553.059072090586,1.8313503084427794,12,1.8313503084427794,82.0290076806159,0.0,26,25471.03006440997,25553.059072090586,experiment,FIFO,0.28,0,variant_6
7227,MOULDING_4,MOULDING_MACHINE_4,25477.674260400985,4.6492115349756205,1,0.0,0.0,111.8777699765742,25,25477.674260400985,25589.55203037756,experiment,FIFO,0.28,0,variant_5
7227,ASSEMBLY_1_2,LINE_2_ASSEMBLY1,25495.66502970481,15.641114559402922,2,17.9907693038258,17.9907693038258,93.8870006727484,30,25477.674260400985,25589.55203037756,experiment,FIFO,0.28,0,variant_5
7227,ASSEMBLY_2_1,ASSEMBLY2_LINE_1,25554.14647618588,8.71158642175942,3,58.481446481069725,76.47221578489552,35.405554191678675,26,25477.674260400985,25589.55203037756,experiment,FIFO,0.28,0,variant_5
7227,SORTING,SORTING_ROBOT_1,25575.45019012509,0.19566769949233276,4,21.303713939210866,97.77592972410639,14.10184025246781,35,25477.674260400985,25589.55203037756,experiment,FIFO,0.28,0,variant_5
7227,PACKAGING_2,PACKAGING_LINE_2,25575.828810101342,0.3786199762507749,5,0.3786199762507749,98.15454970035717,13.723220276217035,34,25477.674260400985,25589.55203037756,experiment,FIFO,0.28,0,variant_5
7227,INSPECTION_2_1,INSPECTION_2_1_LINE,25577.089500968632,1.260690867289668,6,1.260690867289668,99.41524056764683,12.462529408927367,32,25477.674260400985,25589.55203037756,experiment,FIFO,0.28,0,variant_5
7227,INSPECTION_2_2,INSPECTION_2_2_LINE,25578.46286941913,1.373368450498674,7,1.373368450498674,100.78860901814551,11.089160958428693,34,25477.674260400985,25589.55203037756,experiment,FIFO,0.28,0,variant_5
7227,INSPECTION_2_3,INSPECTION_2_3_LINE,25578.71123349024,0.24836407111070002,8,0.24836407111070002,101.03697308925621,10.840796887317993,33,25477.674260400985,25589.55203037756,experiment,FIFO,0.28,0,variant_5
7227,INSPECTION_2_4,INSPECTION_2_4_LINE,25581.029806738778,2.318573248536268,9,2.318573248536268,103.35554633779248,8.522223638781725,33,25477.674260400985,25589.55203037756,experiment,FIFO,0.28,0,variant_5
7227,INSPECTION_2_5,INSPECTION_2_5_LINE,25581.82795088068,0.7981441419033217,10,0.7981441419033217,104.1536904796958,7.724079496878403,33,25477.674260400985,25589.55203037756,experiment,FIFO,0.28,0,variant_5
7227,INSPECTION_2_6,INSPECTION_2_6_LINE,25588.46694309012,6.638992209438584,11,6.638992209438584,110.79268268913438,1.0850872874398192,34,25477.674260400985,25589.55203037756,experiment,FIFO,0.28,0,variant_5
7227,INSPECTION_2_7,INSPECTION_2_7_LINE,25589.55203037756,1.0850872874398192,12,1.0850872874398192,111.8777699765742,0.0,33,25477.674260400985,25589.55203037756,experiment,FIFO,0.28,0,variant_5
7228,MOULDING_4,MOULDING_MACHINE_4,25481.24369710205,3.5694367010655697,1,0.0,0.0,63.67371773628838,27,25481.24369710205,25544.91741483834,experiment,FIFO,0.28,0,variant_6
7228,ASSEMBLY_1_4,LINE_4_ASSEMBLY1,25484.31472845387,3.071031351821148,2,3.071031351821148,3.071031351821148,60.60268638446723,27,25481.24369710205,25544.91741483834,experiment,FIFO,0.28,0,variant_6
7228,ASSEMBLY_2_1,ASSEMBLY2_LINE_1,25526.28875663133,1.035192464623833,3,41.97402817745751,45.04505952927866,18.62865820700972,28,25481.24369710205,25544.91741483834,experiment,FIFO,0.28,0,variant_6
7228,SORTING,SORTING_ROBOT_1,25537.688951347023,8.157279418130202,4,11.400194715693942,56.4452542449726,7.228463491315779,30,25481.24369710205,25544.91741483834,experiment,FIFO,0.28,0,variant_6
7228,PACKAGING_2,PACKAGING_LINE_2,25539.537826634616,1.8488752875928185,5,1.8488752875928185,58.29412953256542,5.37958820372296,29,25481.24369710205,25544.91741483834,experiment,FIFO,0.28,0,variant_6
7228,INSPECTION_2_1,INSPECTION_2_1_LINE,25539.82201370576,0.28418707114542485,6,0.28418707114542485,58.578316603710846,5.0954011325775355,29,25481.24369710205,25544.91741483834,experiment,FIFO,0.28,0,variant_6
7228,INSPECTION_2_2,INSPECTION_2_2_LINE,25539.888517346848,0.0665036410864559,7,0.0665036410864559,58.6448202447973,5.02889749149108,29,25481.24369710205,25544.91741483834,experiment,FIFO,0.28,0,variant_6
7228,INSPECTION_2_3,INSPECTION_2_3_LINE,25541.67198565616,1.7834683093133208,8,1.7834683093133208,60.42828855411062,3.2454291821777588,30,25481.24369710205,25544.91741483834,experiment,FIFO,0.28,0,variant_6
7228,INSPECTION_2_4,INSPECTION_2_4_LINE,25542.56377342562,0.8917877694584604,9,0.8917877694584604,61.32007632356908,2.3536414127192984,29,25481.24369710205,25544.91741483834,experiment,FIFO,0.28,0,variant_6
7228,INSPECTION_2_5,INSPECTION_2_5_LINE,25542.627019751955,0.06324632633550209,10,0.06324632633550209,61.383322649904585,2.2903950863837963,29,25481.24369710205,25544.91741483834,experiment,FIFO,0.28,0,variant_6
7228,INSPECTION_2_6,INSPECTION_2_6_LINE,25543.21944885364,0.5924291016854113,11,0.5924291016854113,61.975751751589996,1.697965984698385,29,25481.24369710205,25544.91741483834,experiment,FIFO,0.28,0,variant_6
7228,INSPECTION_2_7,INSPECTION_2_7_LINE,25544.91741483834,1.504081541159394,12,1.697965984698385,63.67371773628838,0.0,27,25481.24369710205,25544.91741483834,experiment,FIFO,0.28,0,variant_6
7229,MOULDING_1,MOULDING_MACHINE_1,25483.880588673528,2.4059726710365794,1,0.0,0.0,66.82243089715121,27,25483.880588673528,25550.70301957068,experiment,FIFO,0.28,0,variant_1
7229,ASSEMBLY_1_4,LINE_4_ASSEMBLY1,25487.534831405763,3.220102951891022,2,3.6542427322347066,3.6542427322347066,63.1681881649165,26,25483.880588673528,25550.70301957068,experiment,FIFO,0.28,0,variant_1
7229,ASSEMBLY_2_1,ASSEMBLY2_LINE_1,25526.507674864948,0.2189182336187514,3,38.97284345918524,42.62708619141995,24.19534470573126,28,25483.880588673528,25550.70301957068,experiment,FIFO,0.28,0,variant_1
7229,SORTING,SORTING_ROBOT_1,25539.034422967863,1.3454716208398168,4,12.526748102915008,55.153834294334956,11.668596602816251,30,25483.880588673528,25550.70301957068,experiment,FIFO,0.28,0,variant_1
7229,PACKAGING_1,PACKAGING_LINE_1,25544.15819498157,5.123772013706912,5,5.123772013706912,60.27760630804187,6.544824589109339,28,25483.880588673528,25550.70301957068,experiment,FIFO,0.28,0,variant_1
7229,INSPECTION_2_1,INSPECTION_2_1_LINE,25545.91295807253,1.7547630909612053,6,1.7547630909612053,62.03236939900307,4.790061498148134,27,25483.880588673528,25550.70301957068,experiment,FIFO,0.28,0,variant_1
7229,INSPECTION_2_2,INSPECTION_2_2_LINE,25546.1673254304,0.2543673578693415,7,0.2543673578693415,62.286736756872415,4.5356941402787925,27,25483.880588673528,25550.70301957068,experiment,FIFO,0.28,0,variant_1
7229,INSPECTION_2_3,INSPECTION_2_3_LINE,25547.42491245828,1.2575870278778893,8,1.2575870278778893,63.544323784750304,3.278107112400903,27,25483.880588673528,25550.70301957068,experiment,FIFO,0.28,0,variant_1
7229,INSPECTION_2_4,INSPECTION_2_4_LINE,25548.8979915314,1.4730790731227899,9,1.4730790731227899,65.0174028578731,1.8050280392781133,27,25483.880588673528,25550.70301957068,experiment,FIFO,0.28,0,variant_1
7229,INSPECTION_2_5,INSPECTION_2_5_LINE,25548.96734182805,0.06935029664964532,10,0.06935029664964532,65.08675315452274,1.735677742628468,27,25483.880588673528,25550.70301957068,experiment,FIFO,0.28,0,variant_1
7229,INSPECTION_2_6,INSPECTION_2_6_LINE,25549.56263406433,0.5952922362776008,11,0.5952922362776008,65.68204539080034,1.1403855063508672,27,25483.880588673528,25550.70301957068,experiment,FIFO,0.28,0,variant_1
7229,INSPECTION_2_7,INSPECTION_2_7_LINE,25550.70301957068,1.1403855063508672,12,1.1403855063508672,66.82243089715121,0.0,25,25483.880588673528,25550.70301957068,experiment,FIFO,0.28,0,variant_1
7230,MOULDING_1,MOULDING_MACHINE_1,25488.43769800575,4.557109332221444,1,0.0,0.0,94.16742854476252,27,25488.43769800575,25582.605126550512,experiment,FIFO,0.28,0,variant_4
7230,ASSEMBLY_1_3,LINE_3_ASSEMBLY1,25492.237804023986,2.506467705774412,2,3.800106018235965,3.800106018235965,90.36732252652655,28,25488.43769800575,25582.605126550512,experiment,FIFO,0.28,0,variant_4
7230,ASSEMBLY_2_1,ASSEMBLY2_LINE_1,25545.43488976412,3.464029545571975,3,53.19708574013566,56.99719175837163,37.17023678639089,27,25488.43769800575,25582.605126550512,experiment,FIFO,0.28,0,variant_4
7230,SORTING,SORTING_ROBOT_1,25575.2545224256,4.062464312399243,4,29.819632661477954,86.81682441984958,7.350604124912934,34,25488.43769800575,25582.605126550512,experiment,FIFO,0.28,0,variant_4
7230,PACKAGING_3,PACKAGING_LINE_3,25575.871000332336,0.6164779067366908,5,0.6164779067366908,87.43330232658627,6.734126218176243,34,25488.43769800575,25582.605126550512,experiment,FIFO,0.28,0,variant_4
7230,INSPECTION_1_1,INSPECTION_1_1_LINE,25576.42277169246,0.5517713601257128,6,0.5517713601257128,87.98507368671198,6.18235485805053,33,25488.43769800575,25582.605126550512,experiment,FIFO,0.28,0,variant_4
7230,INSPECTION_1_2,INSPECTION_1_2_LINE,25578.517469378246,2.094697685784922,7,2.094697685784922,90.07977137249691,4.087657172265608,34,25488.43769800575,25582.605126550512,experiment,FIFO,0.28,0,variant_4
7230,INSPECTION_1_3,INSPECTION_1_3_LINE,25579.04186898658,0.5243996083336242,8,0.5243996083336242,90.60417098083053,3.563257563931984,33,25488.43769800575,25582.605126550512,experiment,FIFO,0.28,0,variant_4
7230,INSPECTION_1_4,INSPECTION_1_4_LINE,25579.553347627552,0.5114786409722001,9,0.5114786409722001,91.11564962180273,3.051778922959784,33,25488.43769800575,25582.605126550512,experiment,FIFO,0.28,0,variant_4
7230,INSPECTION_1_5,INSPECTION_1_5_LINE,25582.469664021373,2.9163163938210346,10,2.9163163938210346,94.03196601562377,0.13546252913874923,34,25488.43769800575,25582.605126550512,experiment,FIFO,0.28,0,variant_4
7230,INSPECTION_1_6,INSPECTION_1_6_LINE,25582.57769437384,0.10803035246499348,11,0.10803035246499348,94.13999636808876,0.027432176673755748,34,25488.43769800575,25582.605126550512,experiment,FIFO,0.28,0,variant_4
7230,INSPECTION_1_7,INSPECTION_1_7_LINE,25582.605126550512,0.027432176673755748,12,0.027432176673755748,94.16742854476252,0.0,33,25488.43769800575,25582.605126550512,experiment,FIFO,0.28,0,variant_4
7231,MOULDING_5,MOULDING_MACHINE_5,25480.01175197084,3.695764441119536,1,0.0,0.0,44.445718823368225,26,25480.01175197084,25524.45747079421,experiment,FIFO,0.28,0,variant_4
7231,ASSEMBLY_1_5,LINE_5_ASSEMBLY1,25480.66484382336,0.653091852520447,2,0.653091852520447,0.653091852520447,43.79262697084778,26,25480.01175197084,25524.45747079421,experiment,FIFO,0.28,0,variant_4
7231,ASSEMBLY_2_2,ASSEMBLY2_LINE_2,25514.763091676297,17.107395872855705,3,34.098247852936765,34.75133970545721,9.694379117911012,28,25480.01175197084,25524.45747079421,experiment,FIFO,0.28,0,variant_4
7231,SORTING,SORTING_ROBOT_1,25519.703670414783,4.940578738485783,4,4.940578738485783,39.691918443942996,4.753800379425229,27,25480.01175197084,25524.45747079421,experiment,FIFO,0.28,0,variant_4
7231,PACKAGING_1,PACKAGING_LINE_1,25522.345554933872,2.641884519089217,5,2.641884519089217,42.33380296303221,2.111915860336012,27,25480.01175197084,25524.45747079421,experiment,FIFO,0.28,0,variant_4
7231,INSPECTION_1_1,INSPECTION_1_1_LINE,25522.44079009507,0.09523516119588749,6,0.09523516119588749,42.4290381242281,2.0166806991401245,27,25480.01175197084,25524.45747079421,experiment,FIFO,0.28,0,variant_4
7231,INSPECTION_1_2,INSPECTION_1_2_LINE,25522.54105004176,0.10025994669194915,7,0.10025994669194915,42.52929807092005,1.9164207524481753,27,25480.01175197084,25524.45747079421,experiment,FIFO,0.28,0,variant_4
7231,INSPECTION_1_3,INSPECTION_1_3_LINE,25523.277212670622,0.7361626288620755,8,0.7361626288620755,43.265460699782125,1.1802581235860998,27,25480.01175197084,25524.45747079421,experiment,FIFO,0.28,0,variant_4
7231,INSPECTION_1_4,INSPECTION_1_4_LINE,25524.126579022737,0.8493663521148846,9,0.8493663521148846,44.11482705189701,0.3308917714712152,28,25480.01175197084,25524.45747079421,experiment,FIFO,0.28,0,variant_4
7231,INSPECTION_1_5,INSPECTION_1_5_LINE,25524.19615268685,0.06957366411370458,10,0.06957366411370458,44.184400716010714,0.2613181073575106,28,25480.01175197084,25524.45747079421,experiment,FIFO,0.28,0,variant_4
7231,INSPECTION_1_6,INSPECTION_1_6_LINE,25524.394082390296,0.19792970344497007,11,0.19792970344497007,44.382330419455684,0.06338840391254053,28,25480.01175197084,25524.45747079421,experiment,FIFO,0.28,0,variant_4
7231,INSPECTION_1_7,INSPECTION_1_7_LINE,25524.45747079421,0.06338840391254053,12,0.06338840391254053,44.445718823368225,0.0,28,25480.01175197084,25524.45747079421,experiment,FIFO,0.28,0,variant_4
7232,MOULDING_2,MOULDING_MACHINE_2,25489.957025351563,7.525224253073247,1,0.0,0.0,83.89938335524857,28,25489.957025351563,25573.85640870681,experiment,FIFO,0.28,0,variant_4
7232,ASSEMBLY_1_2,LINE_2_ASSEMBLY1,25503.606887456142,7.941857751331554,2,13.64986210457937,13.64986210457937,70.2495212506692,30,25489.957025351563,25573.85640870681,experiment,FIFO,0.28,0,variant_4
7232,ASSEMBLY_2_2,ASSEMBLY2_LINE_2,25530.20351871868,6.762679230472713,3,26.596631262538722,40.24649336711809,43.65288998813048,29,25489.957025351563,25573.85640870681,experiment,FIFO,0.28,0,variant_4
7232,SORTING,SORTING_ROBOT_1,25542.89575172492,3.861328757055162,4,12.692233006237075,52.938726373355166,30.960656981893408,29,25489.957025351563,25573.85640870681,experiment,FIFO,0.28,0,variant_4
7232,PACKAGING_3,PACKAGING_LINE_3,25558.734846966043,13.727322736180213,5,15.839095241124596,68.77782161447976,15.121561740768811,25,25489.957025351563,25573.85640870681,experiment,FIFO,0.28,0,variant_4
7232,INSPECTION_1_1,INSPECTION_1_1_LINE,25559.33947545514,0.6046284890981042,6,0.6046284890981042,69.38245010357787,14.516933251670707,25,25489.957025351563,25573.85640870681,experiment,FIFO,0.28,0,variant_4
7232,INSPECTION_1_2,INSPECTION_1_2_LINE,25559.48546426757,0.14598881243000505,7,0.14598881243000505,69.52843891600787,14.370944439240702,25,25489.957025351563,25573.85640870681,experiment,FIFO,0.28,0,variant_4
7232,INSPECTION_1_3,INSPECTION_1_3_LINE,25560.31675151569,0.37127182236872613,8,0.8312872481183149,70.35972616412619,13.539657191122387,26,25489.957025351563,25573.85640870681,experiment,FIFO,0.28,0,variant_4
7232,INSPECTION_1_4,INSPECTION_1_4_LINE,25567.07554716691,1.3352683806078858,9,6.75879565122159,77.11852181534778,6.780861539900798,32,25489.957025351563,25573.85640870681,experiment,FIFO,0.28,0,variant_4
7232,INSPECTION_1_5,INSPECTION_1_5_LINE,25568.03404911757,0.9565012130697141,10,0.9585019506594108,78.07702376600719,5.822359589241387,31,25489.957025351563,25573.85640870681,experiment,FIFO,0.28,0,variant_4
7232,INSPECTION_1_6,INSPECTION_1_6_LINE,25569.76229874204,1.728249624469754,11,1.728249624469754,79.80527339047694,4.094109964771633,30,25489.957025351563,25573.85640870681,experiment,FIFO,0.28,0,variant_4
7232,INSPECTION_1_7,INSPECTION_1_7_LINE,25573.85640870681,4.094109964771633,12,4.094109964771633,83.89938335524857,0.0,34,25489.957025351563,25573.85640870681,experiment,FIFO,0.28,0,variant_4
7233,MOULDING_3,MOULDING_MACHINE_3,25485.18940295882,0.6655421324976487,1,0.0,0.0,71.40488507239206,28,25485.18940295882,25556.59428803121,experiment,FIFO,0.28,0,variant_5
7233,ASSEMBLY_1_3,LINE_3_ASSEMBLY1,25489.73133631821,4.541933359392715,2,4.541933359392715,4.541933359392715,66.86295171299935,27,25485.18940295882,25556.59428803121,experiment,FIFO,0.28,0,variant_5
7233,ASSEMBLY_2_1,ASSEMBLY2_LINE_1,25533.231542364872,6.723867499924381,3,43.50020604666133,48.04213940605405,23.362745666338014,29,25485.18940295882,25556.59428803121,experiment,FIFO,0.28,0,variant_5
7233,SORTING,SORTING_ROBOT_1,25543.0281849494,0.13243322448033723,4,9.796642584526126,57.83878199058017,13.566103081811889,29,25485.18940295882,25556.59428803121,experiment,FIFO,0.28,0,variant_5
7233,PACKAGING_2,PACKAGING_LINE_2,25549.70473634145,6.6765513920508965,5,6.6765513920508965,64.51533338263107,6.889551689760992,26,25485.18940295882,25556.59428803121,experiment,FIFO,0.28,0,variant_5
7233,INSPECTION_1_1,INSPECTION_1_1_LINE,25551.0318317311,1.3270953896499122,6,1.3270953896499122,65.84242877228098,5.56245630011108,25,25485.18940295882,25556.59428803121,experiment,FIFO,0.28,0,variant_5
7233,INSPECTION_1_2,INSPECTION_1_2_LINE,25551.234070981795,0.20223925069512916,7,0.20223925069512916,66.04466802297611,5.360217049415951,25,25485.18940295882,25556.59428803121,experiment,FIFO,0.28,0,variant_5
7233,INSPECTION_1_3,INSPECTION_1_3_LINE,25552.42709349273,1.193022510935407,8,1.193022510935407,67.23769053391152,4.167194538480544,26,25485.18940295882,25556.59428803121,experiment,FIFO,0.28,0,variant_5
7233,INSPECTION_1_4,INSPECTION_1_4_LINE,25554.14960187765,1.7225083849189105,9,1.7225083849189105,68.96019891883043,2.4446861535616335,26,25485.18940295882,25556.59428803121,experiment,FIFO,0.28,0,variant_5
7233,INSPECTION_1_5,INSPECTION_1_5_LINE,25554.278553816228,0.1289519385791209,10,0.1289519385791209,69.08915085740955,2.3157342149825126,26,25485.18940295882,25556.59428803121,experiment,FIFO,0.28,0,variant_5
7233,INSPECTION_1_6,INSPECTION_1_6_LINE,25554.70646916361,0.4279153473835322,11,0.4279153473835322,69.51706620479308,1.8878188675989804,26,25485.18940295882,25556.59428803121,experiment,FIFO,0.28,0,variant_5
7233,INSPECTION_1_7,INSPECTION_1_7_LINE,25556.59428803121,1.8878188675989804,12,1.8878188675989804,71.40488507239206,0.0,25,25485.18940295882,25556.59428803121,experiment,FIFO,0.28,0,variant_5
7234,MOULDING_5,MOULDING_MACHINE_5,25485.77589322025,0.4542862461603363,1,0.0,0.0,121.10025238323215,29,25485.77589322025,25606.87614560348,experiment,FIFO,0.28,0,variant_6
7234,ASSEMBLY_1_1,LINE_1_ASSEMBLY1,25509.34383187347,17.381766714133846,2,23.567938653221063,23.567938653221063,97.53231373001108,29,25485.77589322025,25606.87614560348,experiment,FIFO,0.28,0,variant_6
7234,ASSEMBLY_2_1,ASSEMBLY2_LINE_1,25574.41374947153,2.2532555343641434,3,65.06991759805896,88.63785625128003,32.46239613195212,34,25485.77589322025,25606.87614560348,experiment,FIFO,0.28,0,variant_6
7234,SORTING,SORTING_ROBOT_1,25591.99943845213,4.18595759028176,4,17.585688980601844,106.22354523188187,14.876707151350274,33,25485.77589322025,25606.87614560348,experiment,FIFO,0.28,0,variant_6
7234,PACKAGING_3,PACKAGING_LINE_3,25593.75023783315,1.750799381017714,5,1.750799381017714,107.97434461289959,13.12590777033256,31,25485.77589322025,25606.87614560348,experiment,FIFO,0.28,0,variant_6
7234,INSPECTION_2_1,INSPECTION_2_1_LINE,25595.576858260727,1.8266204275787459,6,1.8266204275787459,109.80096504047833,11.299287342753814,30,25485.77589322025,25606.87614560348,experiment,FIFO,0.28,0,variant_6
7234,INSPECTION_2_2,INSPECTION_2_2_LINE,25597.348591153463,1.7717328927355993,7,1.7717328927355993,111.57269793321393,9.527554450018215,30,25485.77589322025,25606.87614560348,experiment,FIFO,0.28,0,variant_6
7234,INSPECTION_2_3,INSPECTION_2_3_LINE,25599.223800308628,1.8752091551650665,8,1.8752091551650665,113.447907088379,7.6523452948531485,31,25485.77589322025,25606.87614560348,experiment,FIFO,0.28,0,variant_6
7234,INSPECTION_2_4,INSPECTION_2_4_LINE,25599.57763410234,0.35383379371342016,9,0.35383379371342016,113.80174088209242,7.298511501139728,32,25485.77589322025,25606.87614560348,experiment,FIFO,0.28,0,variant_6
7234,INSPECTION_2_5,INSPECTION_2_5_LINE,25604.93359190173,5.355957799387397,10,5.355957799387397,119.15769868147981,1.942553701752331,34,25485.77589322025,25606.87614560348,experiment,FIFO,0.28,0,variant_6
7234,INSPECTION_2_6,INSPECTION_2_6_LINE,25605.85850762001,0.9249157182821364,11,0.9249157182821364,120.08261439976195,1.0176379834701947,35,25485.77589322025,25606.87614560348,experiment,FIFO,0.28,0,variant_6
7234,INSPECTION_2_7,INSPECTION_2_7_LINE,25606.87614560348,1.0176379834701947,12,1.0176379834701947,121.10025238323215,0.0,37,25485.77589322025,25606.87614560348,experiment,FIFO,0.28,0,variant_6
7235,MOULDING_2,MOULDING_MACHINE_2,25500.19927633122,10.242250979656092,1,0.0,0.0,69.25502902781591,31,25500.19927633122,25569.454305359035,experiment,FIFO,0.28,0,variant_5
7235,ASSEMBLY_1_5,LINE_5_ASSEMBLY1,25509.327543818228,0.5337912999093533,2,9.128267487008998,9.128267487008998,60.12676154080691,29,25500.19927633122,25569.454305359035,experiment,FIFO,0.28,0,variant_5
7235,ASSEMBLY_2_2,ASSEMBLY2_LINE_2,25535.79531318526,0.17515233523590723,3,26.467769367030996,35.596036854039994,33.658992173775914,29,25500.19927633122,25569.454305359035,experiment,FIFO,0.28,0,variant_5
7235,SORTING,SORTING_ROBOT_1,25547.063968033064,0.732520928766462,4,11.26865484780501,46.864691701845004,22.390337325970904,27,25500.19927633122,25569.454305359035,experiment,FIFO,0.28,0,variant_5
7235,PACKAGING_1,PACKAGING_LINE_1,25555.19816173712,2.6879583110167005,5,8.134193704056088,54.99888540590109,14.256143621914816,26,25500.19927633122,25569.454305359035,experiment,FIFO,0.28,0,variant_5
7235,INSPECTION_1_1,INSPECTION_1_1_LINE,25556.1042328087,0.9060710715784808,6,0.9060710715784808,55.90495647747957,13.350072550336336,26,25500.19927633122,25569.454305359035,experiment,FIFO,0.28,0,variant_5
7235,INSPECTION_1_2,INSPECTION_1_2_LINE,25558.752927517224,1.736001642926567,7,2.6486947085249994,58.55365118600457,10.701377841811336,25,25500.19927633122,25569.454305359035,experiment,FIFO,0.28,0,variant_5
7235,INSPECTION_1_3,INSPECTION_1_3_LINE,25559.94547969332,0.10761211639692192,8,1.1925521760967968,59.74620336210137,9.50882566571454,26,25500.19927633122,25569.454305359035,experiment,FIFO,0.28,0,variant_5
7235,INSPECTION_1_4,INSPECTION_1_4_LINE,25565.740278786303,1.808769322342414,9,5.79479909298243,65.5410024550838,3.7140265727321093,30,25500.19927633122,25569.454305359035,experiment,FIFO,0.28,0,variant_5
7235,INSPECTION_1_5,INSPECTION_1_5_LINE,25567.0775479045,1.3372691181975824,10,1.3372691181975824,66.87827157328138,2.376757454534527,32,25500.19927633122,25569.454305359035,experiment,FIFO,0.28,0,variant_5
7235,INSPECTION_1_6,INSPECTION_1_6_LINE,25567.909803977924,0.8322560734231956,11,0.8322560734231956,67.71052764670458,1.5445013811113313,31,25500.19927633122,25569.454305359035,experiment,FIFO,0.28,0,variant_5
7235,INSPECTION_1_7,INSPECTION_1_7_LINE,25569.454305359035,1.5445013811113313,12,1.5445013811113313,69.25502902781591,0.0,30,25500.19927633122,25569.454305359035,experiment,FIFO,0.28,0,variant_5
7236,MOULDING_1,MOULDING_MACHINE_1,25489.18421027368,0.7465122679313936,1,0.0,0.0,132.7547017388788,27,25489.18421027368,25621.93891201256,experiment,FIFO,0.28,0,variant_5
7236,ASSEMBLY_1_4,LINE_4_ASSEMBLY1,25512.188850549624,23.00464027594353,2,23.00464027594353,23.00464027594353,109.75006146293526,28,25489.18421027368,25621.93891201256,experiment,FIFO,0.28,0,variant_5
7236,ASSEMBLY_2_1,ASSEMBLY2_LINE_1,25586.457454214087,12.043704742558475,3,74.26860366446272,97.27324394040625,35.48145779847255,35,25489.18421027368,25621.93891201256,experiment,FIFO,0.28,0,variant_5
7236,SORTING,SORTING_ROBOT_1,25605.27487904301,0.2776311714260373,4,18.817424828921503,116.09066876932775,16.664032969551045,35,25489.18421027368,25621.93891201256,experiment,FIFO,0.28,0,variant_5
7236,PACKAGING_2,PACKAGING_LINE_2,25614.55048969582,4.8236207321388065,5,9.275610652810428,125.36627942213818,7.388422316740616,40,25489.18421027368,25621.93891201256,experiment,FIFO,0.28,0,variant_5
7236,INSPECTION_2_1,INSPECTION_2_1_LINE,25615.91602947177,1.3655397759503103,6,1.3655397759503103,126.73181919808849,6.022882540790306,40,25489.18421027368,25621.93891201256,experiment,FIFO,0.28,0,variant_5
7236,INSPECTION_2_2,INSPECTION_2_2_LINE,25616.33892108197,0.42289161020016763,7,0.42289161020016763,127.15471080828866,5.599990930590138,40,25489.18421027368,25621.93891201256,experiment,FIFO,0.28,0,variant_5
7236,INSPECTION_2_3,INSPECTION_2_3_LINE,25619.761493285743,3.4225722037735977,8,3.4225722037735977,130.57728301206225,2.1774187268165406,38,25489.18421027368,25621.93891201256,experiment,FIFO,0.28,0,variant_5
7236,INSPECTION_2_4,INSPECTION_2_4_LINE,25620.388526629773,0.6270333440297691,9,0.6270333440297691,131.20431635609202,1.5503853827867715,38,25489.18421027368,25621.93891201256,experiment,FIFO,0.28,0,variant_5
7236,INSPECTION_2_5,INSPECTION_2_5_LINE,25621.290482131808,0.9019555020349799,10,0.9019555020349799,132.106271858127,0.6484298807517916,37,25489.18421027368,25621.93891201256,experiment,FIFO,0.28,0,variant_5
7236,INSPECTION_2_6,INSPECTION_2_6_LINE,25621.536501778275,0.24601964646717533,11,0.24601964646717533,132.35229150459418,0.4024102342846163,37,25489.18421027368,25621.93891201256,experiment,FIFO,0.28,0,variant_5
7236,INSPECTION_2_7,INSPECTION_2_7_LINE,25621.93891201256,0.4024102342846163,12,0.4024102342846163,132.7547017388788,0.0,36,25489.18421027368,25621.93891201256,experiment,FIFO,0.28,0,variant_5
7237,MOULDING_3,MOULDING_MACHINE_3,25493.33778374052,4.87195245228213,1,0.0,0.0,132.57080478029093,30,25493.33778374052,25625.90858852081,experiment,FIFO,0.28,0,variant_3
7237,ASSEMBLY_1_4,LINE_4_ASSEMBLY1,25523.31891620096,11.130065651334007,2,29.981132460437948,29.981132460437948,102.58967231985298,27,25493.33778374052,25625.90858852081,experiment,FIFO,0.28,0,variant_3
7237,ASSEMBLY_2_1,ASSEMBLY2_LINE_1,25594.602391065662,8.14493685157504,3,71.28347486470375,101.2646073251417,31.30619745514923,31,25493.33778374052,25625.90858852081,experiment,FIFO,0.28,0,variant_3
7237,SORTING,SORTING_ROBOT_1,25612.144634568987,0.40509750225464813,4,17.542243503325153,118.80685082846685,13.763953951824078,38,25493.33778374052,25625.90858852081,experiment,FIFO,0.28,0,variant_3
7237,PACKAGING_3,PACKAGING_LINE_3,25614.65639576167,2.5117611926834797,5,2.5117611926834797,121.31861202115033,11.252192759140598,40,25493.33778374052,25625.90858852081,experiment,FIFO,0.28,0,variant_3
7237,INSPECTION_2_1,INSPECTION_2_1_LINE,25616.50837021432,0.5923407425507321,6,1.8519744526493014,123.17058647379963,9.400218306491297,40,25493.33778374052,25625.90858852081,experiment,FIFO,0.28,0,variant_3
7237,INSPECTION_2_2,INSPECTION_2_2_LINE,25618.153018774825,1.64464856050472,7,1.64464856050472,124.81523503430435,7.755569745986577,38,25493.33778374052,25625.90858852081,experiment,FIFO,0.28,0,variant_3
7237,INSPECTION_2_3,INSPECTION_2_3_LINE,25621.973233193545,2.2117399078015296,8,3.820214418719843,128.6354494530242,3.935355327266734,36,25493.33778374052,25625.90858852081,experiment,FIFO,0.28,0,variant_3
7237,INSPECTION_2_4,INSPECTION_2_4_LINE,25622.132568181067,0.15933498752201558,9,0.15933498752201558,128.7947844405462,3.7760203397447185,36,25493.33778374052,25625.90858852081,experiment,FIFO,0.28,0,variant_3
7237,INSPECTION_2_5,INSPECTION_2_5_LINE,25624.04200620208,1.9094380210117379,10,1.9094380210117379,130.70422246155795,1.8665823187329806,38,25493.33778374052,25625.90858852081,experiment,FIFO,0.28,0,variant_3
7237,INSPECTION_2_6,INSPECTION_2_6_LINE,25625.79874672732,1.7567405252411845,11,1.7567405252411845,132.46096298679913,0.10984179349179612,39,25493.33778374052,25625.90858852081,experiment,FIFO,0.28,0,variant_3
7237,INSPECTION_2_7,INSPECTION_2_7_LINE,25625.90858852081,0.10984179349179612,12,0.10984179349179612,132.57080478029093,0.0,38,25493.33778374052,25625.90858852081,experiment,FIFO,0.28,0,variant_3
7238,MOULDING_5,MOULDING_MACHINE_5,25490.42705249839,1.8925949755903275,1,0.0,0.0,102.90993366375551,29,25490.42705249839,25593.336986162147,experiment,FIFO,0.28,0,variant_4
7238,ASSEMBLY_1_3,LINE_3_ASSEMBLY1,25495.75715312848,3.5193491044956318,2,5.3301006300898734,5.3301006300898734,97.57983303366564,30,25490.42705249839,25593.336986162147,experiment,FIFO,0.28,0,variant_4
7238,ASSEMBLY_2_1,ASSEMBLY2_LINE_1,25569.891037472305,15.744561286424869,3,74.13388434382432,79.4639849739142,23.445948689841316,30,25490.42705249839,25593.336986162147,experiment,FIFO,0.28,0,variant_4
7238,SORTING,SORTING_ROBOT_1,25587.75271760578,1.8066012304370815,4,17.861680133475602,97.3256651073898,5.584268556365714,34,25490.42705249839,25593.336986162147,experiment,FIFO,0.28,0,variant_4
7238,PACKAGING_3,PACKAGING_LINE_3,25588.341311690125,0.5885940843436401,5,0.5885940843436401,97.91425919173344,4.995674472022074,34,25490.42705249839,25593.336986162147,experiment,FIFO,0.28,0,variant_4
7238,INSPECTION_2_1,INSPECTION_2_1_LINE,25589.191826212027,0.8505145219023689,6,0.8505145219023689,98.7647737136358,4.145159950119705,34,25490.42705249839,25593.336986162147,experiment,FIFO,0.28,0,variant_4
7238,INSPECTION_2_2,INSPECTION_2_2_LINE,25589.83289336851,0.6410671564844961,7,0.6410671564844961,99.4058408701203,3.504092793635209,32,25490.42705249839,25593.336986162147,experiment,FIFO,0.28,0,variant_4
7238,INSPECTION_2_3,INSPECTION_2_3_LINE,25591.220238099395,1.387344730883342,8,1.387344730883342,100.79318560100364,2.116748062751867,33,25490.42705249839,25593.336986162147,experiment,FIFO,0.28,0,variant_4
7238,INSPECTION_2_4,INSPECTION_2_4_LINE,25591.75658317781,0.5363450784134329,9,0.5363450784134329,101.32953067941708,1.5804029843384342,33,25490.42705249839,25593.336986162147,experiment,FIFO,0.28,0,variant_4
7238,INSPECTION_2_5,INSPECTION_2_5_LINE,25592.05540880382,0.29882562601051177,10,0.29882562601051177,101.62835630542759,1.2815773583279224,32,25490.42705249839,25593.336986162147,experiment,FIFO,0.28,0,variant_4
7238,INSPECTION_2_6,INSPECTION_2_6_LINE,25593.07539424706,1.0199854432394204,11,1.0199854432394204,102.64834174866701,0.261591915088502,32,25490.42705249839,25593.336986162147,experiment,FIFO,0.28,0,variant_4
7238,INSPECTION_2_7,INSPECTION_2_7_LINE,25593.336986162147,0.261591915088502,12,0.261591915088502,102.90993366375551,0.0,31,25490.42705249839,25593.336986162147,experiment,FIFO,0.28,0,variant_4
7239,MOULDING_5,MOULDING_MACHINE_5,25493.27264420481,2.8455917064202367,1,0.0,0.0,74.27437052712776,29,25493.27264420481,25567.54701473194,experiment,FIFO,0.28,0,variant_1
7239,ASSEMBLY_1_2,LINE_2_ASSEMBLY1,25505.769448174164,2.1625607180212683,2,12.496803969352186,12.496803969352186,61.77756655777557,29,25493.27264420481,25567.54701473194,experiment,FIFO,0.28,0,variant_1
7239,ASSEMBLY_2_2,ASSEMBLY2_LINE_2,25535.620160850023,5.416642131342087,3,29.85071267585954,42.347516645211726,31.92685388191603,29,25493.27264420481,25567.54701473194,experiment,FIFO,0.28,0,variant_1
7239,SORTING,SORTING_ROBOT_1,25546.331447104298,3.30326215489913,4,10.711286254274455,53.05880289948618,21.215567627641576,27,25493.27264420481,25567.54701473194,experiment,FIFO,0.28,0,variant_1
7239,PACKAGING_1,PACKAGING_LINE_1,25552.510203426104,6.178756321805849,5,6.178756321805849,59.23755922129203,15.036811305835727,26,25493.27264420481,25567.54701473194,experiment,FIFO,0.28,0,variant_1
7239,INSPECTION_1_1,INSPECTION_1_1_LINE,25555.06617262584,2.5559691997368645,6,2.5559691997368645,61.793528421028896,12.480842106098862,26,25493.27264420481,25567.54701473194,experiment,FIFO,0.28,0,variant_1
7239,INSPECTION_1_2,INSPECTION_1_2_LINE,25557.016925874297,1.9507532484567491,7,1.9507532484567491,63.744281669485645,10.530088857642113,25,25493.27264420481,25567.54701473194,experiment,FIFO,0.28,0,variant_1
7239,INSPECTION_1_3,INSPECTION_1_3_LINE,25559.837867576924,2.820941702626442,8,2.820941702626442,66.56522337211209,7.709147155015671,26,25493.27264420481,25567.54701473194,experiment,FIFO,0.28,0,variant_1
7239,INSPECTION_1_4,INSPECTION_1_4_LINE,25563.93150946396,4.093641887036938,9,4.093641887036938,70.65886525914902,3.615505267978733,29,25493.27264420481,25567.54701473194,experiment,FIFO,0.28,0,variant_1
7239,INSPECTION_1_5,INSPECTION_1_5_LINE,25564.218092617743,0.28658315378197585,10,0.28658315378197585,70.945448412931,3.3289221141967573,29,25493.27264420481,25567.54701473194,experiment,FIFO,0.28,0,variant_1
7239,INSPECTION_1_6,INSPECTION_1_6_LINE,25565.301866864706,1.083774246963003,11,1.083774246963003,72.029222659894,2.2451478672337544,30,25493.27264420481,25567.54701473194,experiment,FIFO,0.28,0,variant_1
7239,INSPECTION_1_7,INSPECTION_1_7_LINE,25567.54701473194,2.2451478672337544,12,2.2451478672337544,74.27437052712776,0.0,31,25493.27264420481,25567.54701473194,experiment,FIFO,0.28,0,variant_1
7240,MOULDING_1,MOULDING_MACHINE_1,25499.01040282068,6.740594212675205,1,0.0,0.0,95.66367488853575,30,25499.01040282068,25594.674077709216,experiment,FIFO,0.28,0,variant_1
7240,ASSEMBLY_1_5,LINE_5_ASSEMBLY1,25508.79375251832,9.783349697638187,2,9.783349697638187,9.783349697638187,85.88032519089757,29,25499.01040282068,25594.674077709216,experiment,FIFO,0.28,0,variant_1
7240,ASSEMBLY_2_1,ASSEMBLY2_LINE_1,25572.160493937165,2.269456464859104,3,63.36674141884578,73.15009111648396,22.51358377205179,33,25499.01040282068,25594.674077709216,experiment,FIFO,0.28,0,variant_1
7240,SORTING,SORTING_ROBOT_1,25587.81348086185,0.060763256067730254,4,15.652986924684228,88.80307804116819,6.86059684736756,34,25499.01040282068,25594.674077709216,experiment,FIFO,0.28,0,variant_1
7240,PACKAGING_2,PACKAGING_LINE_2,25589.79322376385,1.9797429019999981,5,1.9797429019999981,90.78282094316819,4.880853945367562,33,25499.01040282068,25594.674077709216,experiment,FIFO,0.28,0,variant_1
7240,INSPECTION_2_1,INSPECTION_2_1_LINE,25589.885700589497,0.09247682564819115,6,0.09247682564819115,90.87529776881638,4.788377119719371,32,25499.01040282068,25594.674077709216,experiment,FIFO,0.28,0,variant_1
7240,INSPECTION_2_2,INSPECTION_2_2_LINE,25592.81158009604,2.925879506543424,7,2.925879506543424,93.8011772753598,1.8624976131759468,32,25499.01040282068,25594.674077709216,experiment,FIFO,0.28,0,variant_1
7240,INSPECTION_2_3,INSPECTION_2_3_LINE,25593.3410547224,0.5294746263607522,8,0.5294746263607522,94.33065190172056,1.3330229868151946,31,25499.01040282068,25594.674077709216,experiment,FIFO,0.28,0,variant_1
7240,INSPECTION_2_4,INSPECTION_2_4_LINE,25593.950878331147,0.6098236087455007,9,0.6098236087455007,94.94047551046606,0.7231993780696939,31,25499.01040282068,25594.674077709216,experiment,FIFO,0.28,0,variant_1
7240,INSPECTION_2_5,INSPECTION_2_5_LINE,25594.201679209065,0.2508008779186639,10,0.2508008779186639,95.19127638838472,0.47239850015103,31,25499.01040282068,25594.674077709216,experiment,FIFO,0.28,0,variant_1
7240,INSPECTION_2_6,INSPECTION_2_6_LINE,25594.2810617244,0.07938251533414586,11,0.07938251533414586,95.27065890371887,0.39301598481688416,31,25499.01040282068,25594.674077709216,experiment,FIFO,0.28,0,variant_1
7240,INSPECTION_2_7,INSPECTION_2_7_LINE,25594.674077709216,0.39301598481688416,12,0.39301598481688416,95.66367488853575,0.0,30,25499.01040282068,25594.674077709216,experiment,FIFO,0.28,0,variant_1
7241,MOULDING_2,MOULDING_MACHINE_2,25501.34047005535,1.141193724131881,1,0.0,0.0,77.22375493971776,32,25501.34047005535,25578.56422499507,experiment,FIFO,0.28,0,variant_3
7241,ASSEMBLY_1_1,LINE_1_ASSEMBLY1,25520.54504084144,11.20120896797016,2,19.20457078608888,19.20457078608888,58.019184153628885,26,25501.34047005535,25578.56422499507,experiment,FIFO,0.28,0,variant_3
7241,ASSEMBLY_2_2,ASSEMBLY2_LINE_2,25542.18356531565,1.635974542103213,3,21.63852447420868,40.84309526029756,36.380659679420205,29,25501.34047005535,25578.56422499507,experiment,FIFO,0.28,0,variant_3
7241,SORTING,SORTING_ROBOT_1,25565.700752649325,2.071792831760831,4,23.517187333676702,64.36028259397426,12.863472345743503,30,25501.34047005535,25578.56422499507,experiment,FIFO,0.28,0,variant_3
7241,PACKAGING_2,PACKAGING_LINE_2,25572.28219545267,3.292542649567622,5,6.581442803344544,70.9417253973188,6.282029542398959,34,25501.34047005535,25578.56422499507,experiment,FIFO,0.28,0,variant_3
7241,INSPECTION_1_1,INSPECTION_1_1_LINE,25573.79567823279,1.513482780119375,6,1.513482780119375,72.45520817743818,4.768546762279584,35,25501.34047005535,25578.56422499507,experiment,FIFO,0.28,0,variant_3
7241,INSPECTION_1_2,INSPECTION_1_2_LINE,25574.846182208235,1.0505039754461905,7,1.0505039754461905,73.50571215288437,3.7180427868333936,34,25501.34047005535,25578.56422499507,experiment,FIFO,0.28,0,variant_3
7241,INSPECTION_1_3,INSPECTION_1_3_LINE,25575.512675325463,0.666493117227219,8,0.666493117227219,74.17220527011159,3.0515496696061746,35,25501.34047005535,25578.56422499507,experiment,FIFO,0.28,0,variant_3
7241,INSPECTION_1_4,INSPECTION_1_4_LINE,25576.02674461951,0.5140692940476583,9,0.5140692940476583,74.68627456415925,2.5374803755585162,34,25501.34047005535,25578.56422499507,experiment,FIFO,0.28,0,variant_3
7241,INSPECTION_1_5,INSPECTION_1_5_LINE,25577.05998618825,1.0332415687407774,10,1.0332415687407774,75.71951613290003,1.5042388068177388,32,25501.34047005535,25578.56422499507,experiment,FIFO,0.28,0,variant_3
7241,INSPECTION_1_6,INSPECTION_1_6_LINE,25577.515592993022,0.45560680477137794,11,0.45560680477137794,76.1751229376714,1.0486320020463609,33,25501.34047005535,25578.56422499507,experiment,FIFO,0.28,0,variant_3
7241,INSPECTION_1_7,INSPECTION_1_7_LINE,25578.56422499507,1.0486320020463609,12,1.0486320020463609,77.22375493971776,0.0,33,25501.34047005535,25578.56422499507,experiment,FIFO,0.28,0,variant_3
7242,MOULDING_4,MOULDING_MACHINE_4,25518.140575948684,11.62154403900422,1,0.0,0.0,71.65947896758371,27,25518.140575948684,25589.800054916268,experiment,FIFO,0.28,0,variant_5
7242,ASSEMBLY_1_3,LINE_3_ASSEMBLY1,25558.47493598202,29.99357229699308,2,40.33436003333554,40.33436003333554,31.325118934248167,25,25518.140575948684,25589.800054916268,experiment,FIFO,0.28,0,variant_5
7242,ASSEMBLY_2_2,ASSEMBLY2_LINE_2,25564.814573506334,6.33963752431373,3,6.33963752431373,46.67399755764927,24.985481409934437,29,25518.140575948684,25589.800054916268,experiment,FIFO,0.28,0,variant_5
7242,SORTING,SORTING_ROBOT_1,25576.467787350288,1.0175972251963685,4,11.65321384395429,58.32721140160356,13.332267565980146,33,25518.140575948684,25589.800054916268,experiment,FIFO,0.28,0,variant_5
7242,PACKAGING_3,PACKAGING_LINE_3,25577.16077179752,0.6929844472324476,5,0.6929844472324476,59.02019584883601,12.639283118747699,32,25518.140575948684,25589.800054916268,experiment,FIFO,0.28,0,variant_5
7242,INSPECTION_2_1,INSPECTION_2_1_LINE,25577.72390738468,0.563135587159195,6,0.563135587159195,59.583331435995206,12.076147531588504,33,25518.140575948684,25589.800054916268,experiment,FIFO,0.28,0,variant_5
7242,INSPECTION_2_2,INSPECTION_2_2_LINE,25581.03845978106,2.5755903619283345,7,3.3145523963794403,62.897883832374646,8.761595135209063,33,25518.140575948684,25589.800054916268,experiment,FIFO,0.28,0,variant_5
7242,INSPECTION_2_3,INSPECTION_2_3_LINE,25582.063941507546,1.0254817264867597,8,1.0254817264867597,63.923365558861406,7.736113408722304,33,25518.140575948684,25589.800054916268,experiment,FIFO,0.28,0,variant_5
7242,INSPECTION_2_4,INSPECTION_2_4_LINE,25582.995844745124,0.9319032375788083,9,0.9319032375788083,64.85526879644021,6.804210171143495,33,25518.140575948684,25589.800054916268,experiment,FIFO,0.28,0,variant_5
7242,INSPECTION_2_5,INSPECTION_2_5_LINE,25585.878151419744,2.8823066746190307,10,2.8823066746190307,67.73757547105924,3.9219034965244646,34,25518.140575948684,25589.800054916268,experiment,FIFO,0.28,0,variant_5
7242,INSPECTION_2_6,INSPECTION_2_6_LINE,25588.526255695087,0.059312604967999505,11,2.6481042753439397,70.38567974640318,1.273799221180525,34,25518.140575948684,25589.800054916268,experiment,FIFO,0.28,0,variant_5
7242,INSPECTION_2_7,INSPECTION_2_7_LINE,25589.800054916268,0.24802453870870522,12,1.273799221180525,71.65947896758371,0.0,32,25518.140575948684,25589.800054916268,experiment,FIFO,0.28,0,variant_5
7243,MOULDING_5,MOULDING_MACHINE_5,25518.68802516137,9.47333813781006,1,0.0,0.0,57.958947834071296,28,25518.68802516137,25576.64697299544,experiment,FIFO,0.28,0,variant_4
7243,ASSEMBLY_1_5,LINE_5_ASSEMBLY1,25520.038451699224,1.3504265378542186,2,1.3504265378542186,1.3504265378542186,56.60852129621708,27,25518.68802516137,25576.64697299544,experiment,FIFO,0.28,0,variant_4
7243,ASSEMBLY_2_2,ASSEMBLY2_LINE_2,25540.547590773545,1.1570343740168028,3,20.509139074321865,21.859565612176084,36.09938222189521,29,25518.68802516137,25576.64697299544,experiment,FIFO,0.28,0,variant_4
7243,SORTING,SORTING_ROBOT_1,25560.117359145894,9.374675125523936,4,19.569768372348335,41.42933398452442,16.529613849546877,26,25518.68802516137,25576.64697299544,experiment,FIFO,0.28,0,variant_4
7243,PACKAGING_1,PACKAGING_LINE_1,25561.39629871416,0.7809101176317199,5,1.278939568266651,42.70827355279107,15.250674281280226,27,25518.68802516137,25576.64697299544,experiment,FIFO,0.28,0,variant_4
7243,INSPECTION_1_1,INSPECTION_1_1_LINE,25562.29969571344,0.9033969992779021,6,0.9033969992779021,43.61167055206897,14.347277282002324,27,25518.68802516137,25576.64697299544,experiment,FIFO,0.28,0,variant_4
7243,INSPECTION_1_2,INSPECTION_1_2_LINE,25565.43984084336,3.140145129920711,7,3.140145129920711,46.75181568198968,11.207132152081613,30,25518.68802516137,25576.64697299544,experiment,FIFO,0.28,0,variant_4
7243,INSPECTION_1_3,INSPECTION_1_3_LINE,25565.97845772924,0.5386168858822202,8,0.5386168858822202,47.2904325678719,10.668515266199392,30,25518.68802516137,25576.64697299544,experiment,FIFO,0.28,0,variant_4
7243,INSPECTION_1_4,INSPECTION_1_4_LINE,25567.097180739027,0.01727226118600811,9,1.1187230097857537,48.40915557765766,9.549792256413639,32,25518.68802516137,25576.64697299544,experiment,FIFO,0.28,0,variant_4
7243,INSPECTION_1_5,INSPECTION_1_5_LINE,25569.88051917185,1.5071337877488986,10,2.7833384328223474,51.192494010480004,6.766453823591291,30,25518.68802516137,25576.64697299544,experiment,FIFO,0.28,0,variant_4
7243,INSPECTION_1_6,INSPECTION_1_6_LINE,25571.1959602704,1.273076711109752,11,1.3154410985516733,52.50793510903168,5.451012725039618,31,25518.68802516137,25576.64697299544,experiment,FIFO,0.28,0,variant_4
7243,INSPECTION_1_7,INSPECTION_1_7_LINE,25576.64697299544,0.8976694094926643,12,5.451012725039618,57.958947834071296,0.0,32,25518.68802516137,25576.64697299544,experiment,FIFO,0.28,0,variant_4
7244,MOULDING_3,MOULDING_MACHINE_3,25514.623626653785,4.667822848743526,1,0.0,0.0,61.125676932162605,28,25514.623626653785,25575.749303585948,experiment,FIFO,0.28,0,variant_2
7244,ASSEMBLY_1_3,LINE_3_ASSEMBLY1,25515.35609377486,0.7324671210735687,2,0.7324671210735687,0.7324671210735687,60.39320981108904,28,25514.623626653785,25575.749303585948,experiment,FIFO,0.28,0,variant_2
7244,ASSEMBLY_2_2,ASSEMBLY2_LINE_2,25539.39055639953,3.5952432142694306,3,24.034462624669686,24.766929745743255,36.35874718641935,30,25514.623626653785,25575.749303585948,experiment,FIFO,0.28,0,variant_2
7244,SORTING,SORTING_ROBOT_1,25550.74268402037,3.6787159873056225,4,11.352127620841202,36.11905736658446,25.00661956557815,25,25514.623626653785,25575.749303585948,experiment,FIFO,0.28,0,variant_2
7244,PACKAGING_1,PACKAGING_LINE_1,25560.61538859653,5.417226859408402,5,9.872704576158867,45.991761942743324,15.133914989419281,26,25514.623626653785,25575.749303585948,experiment,FIFO,0.28,0,variant_2
7244,INSPECTION_1_1,INSPECTION_1_1_LINE,25560.82086141288,0.20547281635299441,6,0.20547281635299441,46.19723475909632,14.928442173066287,26,25514.623626653785,25575.749303585948,experiment,FIFO,0.28,0,variant_2
7244,INSPECTION_1_2,INSPECTION_1_2_LINE,25562.23829921098,1.4174377980998543,7,1.4174377980998543,47.61467255719617,13.511004374966433,27,25514.623626653785,25575.749303585948,experiment,FIFO,0.28,0,variant_2
7244,INSPECTION_1_3,INSPECTION_1_3_LINE,25564.38057613697,2.1422769259879715,8,2.1422769259879715,49.756949483184144,11.368727448978461,29,25514.623626653785,25575.749303585948,experiment,FIFO,0.28,0,variant_2
7244,INSPECTION_1_4,INSPECTION_1_4_LINE,25567.07990847784,0.00436131093010772,9,2.6993323408714787,52.45628182405562,8.669395108106983,32,25514.623626653785,25575.749303585948,experiment,FIFO,0.28,0,variant_2
7244,INSPECTION_1_5,INSPECTION_1_5_LINE,25568.3733853841,0.3393362665301538,10,1.2934769062594569,53.74975873031508,7.375918201847526,31,25514.623626653785,25575.749303585948,experiment,FIFO,0.28,0,variant_2
7244,INSPECTION_1_6,INSPECTION_1_6_LINE,25569.92288355929,0.16058481725121965,11,1.54949817519082,55.2992569055059,5.826420026656706,30,25514.623626653785,25575.749303585948,experiment,FIFO,0.28,0,variant_2
7244,INSPECTION_1_7,INSPECTION_1_7_LINE,25575.749303585948,1.8928948791362927,12,5.826420026656706,61.125676932162605,0.0,34,25514.623626653785,25575.749303585948,experiment,FIFO,0.28,0,variant_2
7245,MOULDING_1,MOULDING_MACHINE_1,25523.98866756819,13.77548825064514,1,0.0,0.0,93.5950559432531,28,25523.98866756819,25617.58372351144,experiment,FIFO,0.28,0,variant_3
7245,ASSEMBLY_1_3,LINE_3_ASSEMBLY1,25583.4287519094,22.211104045272805,2,59.44008434121133,59.44008434121133,34.15497160204177,33,25523.98866756819,25617.58372351144,experiment,FIFO,0.28,0,variant_3
7245,ASSEMBLY_2_2,ASSEMBLY2_LINE_2,25584.054589779465,0.6258378700658795,3,0.6258378700658795,60.06592221127721,33.52913373197589,33,25523.98866756819,25617.58372351144,experiment,FIFO,0.28,0,variant_3
7245,SORTING,SORTING_ROBOT_1,25604.997247871583,5.115890661003505,4,20.9426580921172,81.00858030339441,12.58647563985869,34,25523.98866756819,25617.58372351144,experiment,FIFO,0.28,0,variant_3
7245,PACKAGING_2,PACKAGING_LINE_2,25609.72686896368,4.729621092097659,5,4.729621092097659,85.73820139549207,7.856854547761031,38,25523.98866756819,25617.58372351144,experiment,FIFO,0.28,0,variant_3
7245,INSPECTION_1_1,INSPECTION_1_1_LINE,25610.187526509,0.46065754531809944,6,0.46065754531809944,86.19885894081017,7.396197002442932,38,25523.98866756819,25617.58372351144,experiment,FIFO,0.28,0,variant_3
7245,INSPECTION_1_2,INSPECTION_1_2_LINE,25610.84484726992,0.6573207609217206,7,0.6573207609217206,86.85617970173189,6.738876241521211,38,25523.98866756819,25617.58372351144,experiment,FIFO,0.28,0,variant_3
7245,INSPECTION_1_3,INSPECTION_1_3_LINE,25611.160677088305,0.31582981838437263,8,0.31582981838437263,87.17200952011626,6.423046423136839,38,25523.98866756819,25617.58372351144,experiment,FIFO,0.28,0,variant_3
7245,INSPECTION_1_4,INSPECTION_1_4_LINE,25614.11245491461,2.9517778263070795,9,2.9517778263070795,90.12378734642334,3.471268596829759,40,25523.98866756819,25617.58372351144,experiment,FIFO,0.28,0,variant_3
7245,INSPECTION_1_5,INSPECTION_1_5_LINE,25617.20658308795,3.0941281733394135,10,3.0941281733394135,93.21791551976276,0.3771404234903457,40,25523.98866756819,25617.58372351144,experiment,FIFO,0.28,0,variant_3
7245,INSPECTION_1_6,INSPECTION_1_6_LINE,25617.43655633612,0.22997324816969922,11,0.22997324816969922,93.44788876793245,0.1471671753206465,40,25523.98866756819,25617.58372351144,experiment,FIFO,0.28,0,variant_3
7245,INSPECTION_1_7,INSPECTION_1_7_LINE,25617.58372351144,0.1471671753206465,12,0.1471671753206465,93.5950559432531,0.0,39,25523.98866756819,25617.58372351144,experiment,FIFO,0.28,0,variant_3
7246,MOULDING_3,MOULDING_MACHINE_3,25516.09510845284,1.4714817990534357,1,0.0,0.0,71.28243259643568,29,25516.09510845284,25587.377541049274,experiment,FIFO,0.28,0,variant_6
7246,ASSEMBLY_1_3,LINE_3_ASSEMBLY1,25528.481363685027,12.386255232187978,2,12.386255232187978,12.386255232187978,58.896177364247706,28,25516.09510845284,25587.377541049274,experiment,FIFO,0.28,0,variant_6
7246,ASSEMBLY_2_2,ASSEMBLY2_LINE_2,25542.188343938386,0.004778622736921534,3,13.706980253358779,26.093235485546757,45.18919711088893,29,25516.09510845284,25587.377541049274,experiment,FIFO,0.28,0,variant_6
7246,SORTING,SORTING_ROBOT_1,25571.1920581132,5.491305463874596,4,29.003714174814377,55.09694966036113,16.18548293607455,31,25516.09510845284,25587.377541049274,experiment,FIFO,0.28,0,variant_6
7246,PACKAGING_1,PACKAGING_LINE_1,25577.13711040944,5.945052296239737,5,5.945052296239737,61.04200195660087,10.240430639834813,32,25516.09510845284,25587.377541049274,experiment,FIFO,0.28,0,variant_6
7246,INSPECTION_1_1,INSPECTION_1_1_LINE,25578.20948091456,1.0723705051204888,6,1.0723705051204888,62.11437246172136,9.168060134714324,33,25516.09510845284,25587.377541049274,experiment,FIFO,0.28,0,variant_6
7246,INSPECTION_1_2,INSPECTION_1_2_LINE,25579.06211024305,0.5446408648022043,7,0.8526293284885469,62.967001790209906,8.315430806225777,33,25516.09510845284,25587.377541049274,experiment,FIFO,0.28,0,variant_6
7246,INSPECTION_1_3,INSPECTION_1_3_LINE,25579.73412931205,0.6720190690029995,8,0.6720190690029995,63.639020859212906,7.6434117372227774,33,25516.09510845284,25587.377541049274,experiment,FIFO,0.28,0,variant_6
7246,INSPECTION_1_4,INSPECTION_1_4_LINE,25580.223736012256,0.48960670020460384,9,0.48960670020460384,64.12862755941751,7.153805037018174,33,25516.09510845284,25587.377541049274,experiment,FIFO,0.28,0,variant_6
7246,INSPECTION_1_5,INSPECTION_1_5_LINE,25583.401045979303,0.9313819579292613,10,3.1773099670463125,67.30593752646382,3.976495069971861,33,25516.09510845284,25587.377541049274,experiment,FIFO,0.28,0,variant_6
7246,INSPECTION_1_6,INSPECTION_1_6_LINE,25583.756382983825,0.3553370045228803,11,0.3553370045228803,67.6612745309867,3.621158065448981,33,25516.09510845284,25587.377541049274,experiment,FIFO,0.28,0,variant_6
7246,INSPECTION_1_7,INSPECTION_1_7_LINE,25587.377541049274,3.621158065448981,12,3.621158065448981,71.28243259643568,0.0,34,25516.09510845284,25587.377541049274,experiment,FIFO,0.28,0,variant_6
7247,MOULDING_1,MOULDING_MACHINE_1,25524.427224136245,0.43855656805681065,1,0.0,0.0,119.11699955951553,29,25524.427224136245,25643.54422369576,experiment,FIFO,0.28,0,variant_6
7247,ASSEMBLY_1_2,LINE_2_ASSEMBLY1,25536.30785668698,11.880632550735754,2,11.880632550735754,11.880632550735754,107.23636700877978,30,25524.427224136245,25643.54422369576,experiment,FIFO,0.28,0,variant_6
7247,ASSEMBLY_2_1,ASSEMBLY2_LINE_1,25627.357582765013,14.548052741763968,3,91.04972607803211,102.93035862876786,16.18664093074767,37,25524.427224136245,25643.54422369576,experiment,FIFO,0.28,0,variant_6
7247,SORTING,SORTING_ROBOT_1,25628.24007589172,0.8824931267081411,4,0.8824931267081411,103.812851755476,15.30414780403953,37,25524.427224136245,25643.54422369576,experiment,FIFO,0.28,0,variant_6
7247,PACKAGING_3,PACKAGING_LINE_3,25635.47747095882,7.237395067098987,5,7.237395067098987,111.05024682257499,8.066752736940543,36,25524.427224136245,25643.54422369576,experiment,FIFO,0.28,0,variant_6
7247,INSPECTION_2_1,INSPECTION_2_1_LINE,25636.124379350786,0.6469083919655532,6,0.6469083919655532,111.69715521454054,7.41984434497499,35,25524.427224136245,25643.54422369576,experiment,FIFO,0.28,0,variant_6
7247,INSPECTION_2_2,INSPECTION_2_2_LINE,25636.91989199731,0.7955126465240028,7,0.7955126465240028,112.49266786106455,6.6243316984509875,36,25524.427224136245,25643.54422369576,experiment,FIFO,0.28,0,variant_6
7247,INSPECTION_2_3,INSPECTION_2_3_LINE,25636.969810588693,0.049918591383175226,8,0.049918591383175226,112.54258645244772,6.574413107067812,36,25524.427224136245,25643.54422369576,experiment,FIFO,0.28,0,variant_6
7247,INSPECTION_2_4,INSPECTION_2_4_LINE,25637.495591234507,0.5257806458139385,9,0.5257806458139385,113.06836709826166,6.048632461253874,36,25524.427224136245,25643.54422369576,experiment,FIFO,0.28,0,variant_6
7247,INSPECTION_2_5,INSPECTION_2_5_LINE,25641.77166758744,4.27607635293316,10,4.27607635293316,117.34444345119482,1.772556108320714,35,25524.427224136245,25643.54422369576,experiment,FIFO,0.28,0,variant_6
7247,INSPECTION_2_6,INSPECTION_2_6_LINE,25642.4869439926,0.7152764051606937,11,0.7152764051606937,118.05971985635551,1.0572797031600203,35,25524.427224136245,25643.54422369576,experiment,FIFO,0.28,0,variant_6
7247,INSPECTION_2_7,INSPECTION_2_7_LINE,25643.54422369576,1.0572797031600203,12,1.0572797031600203,119.11699955951553,0.0,35,25524.427224136245,25643.54422369576,experiment,FIFO,0.28,0,variant_6
7248,MOULDING_4,MOULDING_MACHINE_4,25521.33735358865,3.172305888241681,1,0.0,0.0,105.67996954749105,27,25521.33735358865,25627.01732313614,experiment,FIFO,0.28,0,variant_2
7248,ASSEMBLY_1_4,LINE_4_ASSEMBLY1,25524.51075887533,1.1918426743723103,2,3.1734052866813727,3.1734052866813727,102.50656426080968,28,25521.33735358865,25627.01732313614,experiment,FIFO,0.28,0,variant_2
7248,ASSEMBLY_2_1,ASSEMBLY2_LINE_1,25601.62463638696,7.022245321299124,3,77.11387751163056,80.28728279831194,25.39268674917912,32,25521.33735358865,25627.01732313614,experiment,FIFO,0.28,0,variant_2
7248,SORTING,SORTING_ROBOT_1,25612.591649083563,0.20744605730942567,4,10.96701269660116,91.2542954949131,14.42567405257796,39,25521.33735358865,25627.01732313614,experiment,FIFO,0.28,0,variant_2
7248,PACKAGING_2,PACKAGING_LINE_2,25616.12921958198,0.6423833847220521,5,3.537570498418063,94.79186599333116,10.888103554159898,40,25521.33735358865,25627.01732313614,experiment,FIFO,0.28,0,variant_2
7248,INSPECTION_2_1,INSPECTION_2_1_LINE,25616.999467509628,0.4910972953075543,6,0.8702479276471422,95.6621139209783,10.017855626512755,40,25521.33735358865,25627.01732313614,experiment,FIFO,0.28,0,variant_2
7248,INSPECTION_2_2,INSPECTION_2_2_LINE,25619.42174934986,1.2687305750368978,7,2.4222818402340636,98.08439576121236,7.595573786278692,38,25521.33735358865,25627.01732313614,experiment,FIFO,0.28,0,variant_2
7248,INSPECTION_2_3,INSPECTION_2_3_LINE,25623.332924250888,1.3596910573432979,8,3.911174901026243,101.9955706622386,3.684398885252449,37,25521.33735358865,25627.01732313614,experiment,FIFO,0.28,0,variant_2
7248,INSPECTION_2_4,INSPECTION_2_4_LINE,25625.897010294,2.5640860431121837,9,2.5640860431121837,104.55965670535079,1.1203128421402653,39,25521.33735358865,25627.01732313614,experiment,FIFO,0.28,0,variant_2
7248,INSPECTION_2_5,INSPECTION_2_5_LINE,25626.58408429224,0.6870739982405212,10,0.6870739982405212,105.24673070359131,0.4332388438997441,38,25521.33735358865,25627.01732313614,experiment,FIFO,0.28,0,variant_2
7248,INSPECTION_2_6,INSPECTION_2_6_LINE,25626.961972865567,0.37788857332634507,11,0.37788857332634507,105.62461927691766,0.05535027057339903,38,25521.33735358865,25627.01732313614,experiment,FIFO,0.28,0,variant_2
7248,INSPECTION_2_7,INSPECTION_2_7_LINE,25627.01732313614,0.05535027057339903,12,0.05535027057339903,105.67996954749105,0.0,37,25521.33735358865,25627.01732313614,experiment,FIFO,0.28,0,variant_2
7249,MOULDING_5,MOULDING_MACHINE_5,25520.6809063264,1.9928811650315765,1,0.0,0.0,225.56520599963915,27,25520.6809063264,25746.24611232604,experiment,FIFO,0.28,0,variant_3
7249,ASSEMBLY_1_3,LINE_3_ASSEMBLY1,25561.217647864127,2.74271188210696,2,40.5367415377259,40.5367415377259,185.02846446191325,27,25520.6809063264,25746.24611232604,experiment,FIFO,0.28,0,variant_3
7249,ASSEMBLY_2_1,ASSEMBLY2_LINE_1,25702.415280213423,6.505031484182837,3,141.19763234929633,181.73437388702223,43.83083211261692,45,25520.6809063264,25746.24611232604,experiment,FIFO,0.28,0,variant_3
7249,SORTING,SORTING_ROBOT_1,25727.771095688564,2.189296903929062,4,25.355815475140844,207.09018936216307,18.475016637476074,52,25520.6809063264,25746.24611232604,experiment,FIFO,0.28,0,variant_3
7249,PACKAGING_2,PACKAGING_LINE_2,25734.53673194533,6.765636256764992,5,6.765636256764992,213.85582561892807,11.709380380711082,51,25520.6809063264,25746.24611232604,experiment,FIFO,0.28,0,variant_3
7249,INSPECTION_1_1,INSPECTION_1_1_LINE,25736.014667830925,1.477935885595798,6,1.477935885595798,215.33376150452386,10.231444495115284,53,25520.6809063264,25746.24611232604,experiment,FIFO,0.28,0,variant_3
7249,INSPECTION_1_2,INSPECTION_1_2_LINE,25738.13396768753,2.1192998566039023,7,2.1192998566039023,217.45306136112777,8.112144638511381,54,25520.6809063264,25746.24611232604,experiment,FIFO,0.28,0,variant_3
7249,INSPECTION_1_3,INSPECTION_1_3_LINE,25739.53356188296,1.3995941954308364,8,1.3995941954308364,218.8526555565586,6.712550443080545,54,25520.6809063264,25746.24611232604,experiment,FIFO,0.28,0,variant_3
7249,INSPECTION_1_4,INSPECTION_1_4_LINE,25739.73522824537,0.20166636240901425,9,0.20166636240901425,219.05432191896762,6.510884080671531,54,25520.6809063264,25746.24611232604,experiment,FIFO,0.28,0,variant_3
7249,INSPECTION_1_5,INSPECTION_1_5_LINE,25742.60366193942,2.8684336940532376,10,2.8684336940532376,221.92275561302085,3.642450386618293,54,25520.6809063264,25746.24611232604,experiment,FIFO,0.28,0,variant_3
7249,INSPECTION_1_6,INSPECTION_1_6_LINE,25744.22495208172,1.621290142298676,11,1.621290142298676,223.54404575531953,2.021160244319617,56,25520.6809063264,25746.24611232604,experiment,FIFO,0.28,0,variant_3
7249,INSPECTION_1_7,INSPECTION_1_7_LINE,25746.24611232604,2.021160244319617,12,2.021160244319617,225.56520599963915,0.0,56,25520.6809063264,25746.24611232604,experiment,FIFO,0.28,0,variant_3
7250,MOULDING_3,MOULDING_MACHINE_3,25562.72143327552,37.88643149480049,1,0.0,0.0,200.06219412850987,28,25562.72143327552,25762.78362740403,experiment,FIFO,0.28,0,variant_5
7250,ASSEMBLY_1_5,LINE_5_ASSEMBLY1,25573.659701700788,0.03189503566682106,2,10.93826842526687,10.93826842526687,189.123925703243,35,25562.72143327552,25762.78362740403,experiment,FIFO,0.28,0,variant_5
7250,ASSEMBLY_2_1,ASSEMBLY2_LINE_1,25721.53398893426,14.208627851352503,3,147.8742872334733,158.81255565874017,41.24963846976971,50,25562.72143327552,25762.78362740403,experiment,FIFO,0.28,0,variant_5
7250,SORTING,SORTING_ROBOT_1,25738.98151745184,0.7032245038353722,4,17.447528517579485,176.26008417631965,23.80210995219022,54,25562.72143327552,25762.78362740403,experiment,FIFO,0.28,0,variant_5
7250,PACKAGING_2,PACKAGING_LINE_2,25754.16208816682,9.75786696304931,5,15.180570714979694,191.44065489129935,8.621539237210527,58,25562.72143327552,25762.78362740403,experiment,FIFO,0.28,0,variant_5
7250,INSPECTION_2_1,INSPECTION_2_1_LINE,25757.38090580651,3.2188176396884955,6,3.2188176396884955,194.65947253098784,5.4027215975220315,59,25562.72143327552,25762.78362740403,experiment,FIFO,0.28,0,variant_5
7250,INSPECTION_2_2,INSPECTION_2_2_LINE,25758.51964853057,1.1387427240624675,7,1.1387427240624675,195.7982152550503,4.263978873459564,59,25562.72143327552,25762.78362740403,experiment,FIFO,0.28,0,variant_5
7250,INSPECTION_2_3,INSPECTION_2_3_LINE,25758.54980060951,0.030152078939863713,8,0.030152078939863713,195.82836733399017,4.2338267945197,59,25562.72143327552,25762.78362740403,experiment,FIFO,0.28,0,variant_5
7250,INSPECTION_2_4,INSPECTION_2_4_LINE,25759.22146159701,0.6716609875002177,9,0.6716609875002177,196.5000283214904,3.5621658070194826,59,25562.72143327552,25762.78362740403,experiment,FIFO,0.28,0,variant_5
7250,INSPECTION_2_5,INSPECTION_2_5_LINE,25761.088325685512,1.8668640885007335,10,1.8668640885007335,198.36689240999112,1.6953017185187491,59,25562.72143327552,25762.78362740403,experiment,FIFO,0.28,0,variant_5
7250,INSPECTION_2_6,INSPECTION_2_6_LINE,25761.734961803657,0.64663611814467,11,0.64663611814467,199.0135285281358,1.048665600374079,59,25562.72143327552,25762.78362740403,experiment,FIFO,0.28,0,variant_5
7250,INSPECTION_2_7,INSPECTION_2_7_LINE,25762.78362740403,1.048665600374079,12,1.048665600374079,200.06219412850987,0.0,58,25562.72143327552,25762.78362740403,experiment,FIFO,0.28,0,variant_5
7251,MOULDING_1,MOULDING_MACHINE_1,25528.862477880448,2.902446035426692,1,0.0,0.0,106.7182592476529,29,25528.862477880448,25635.5807371281,experiment,FIFO,0.28,0,variant_3
7251,ASSEMBLY_1_4,LINE_4_ASSEMBLY1,25535.58340072419,6.720922843742301,2,6.720922843742301,6.720922843742301,99.9973364039106,29,25528.862477880448,25635.5807371281,experiment,FIFO,0.28,0,variant_3
7251,ASSEMBLY_2_1,ASSEMBLY2_LINE_1,25612.80953002325,11.184893636287597,3,77.22612929905881,83.94705214280111,22.771207104851783,39,25528.862477880448,25635.5807371281,experiment,FIFO,0.28,0,variant_3
7251,SORTING,SORTING_ROBOT_1,25623.5967123393,8.23369471375554,4,10.787182316049439,94.73423445885055,11.984024788802344,37,25528.862477880448,25635.5807371281,experiment,FIFO,0.28,0,variant_3
7251,PACKAGING_1,PACKAGING_LINE_1,25628.89051584146,5.293803502161609,5,5.293803502161609,100.02803796101216,6.690221286640735,37,25528.862477880448,25635.5807371281,experiment,FIFO,0.28,0,variant_3
7251,INSPECTION_1_1,INSPECTION_1_1_LINE,25629.81855207661,0.9280362351491931,6,0.9280362351491931,100.95607419616135,5.762185051491542,37,25528.862477880448,25635.5807371281,experiment,FIFO,0.28,0,variant_3
7251,INSPECTION_1_2,INSPECTION_1_2_LINE,25630.394458163708,0.5759060870987014,7,0.5759060870987014,101.53198028326005,5.186278964392841,38,25528.862477880448,25635.5807371281,experiment,FIFO,0.28,0,variant_3
7251,INSPECTION_1_3,INSPECTION_1_3_LINE,25630.836139997817,0.44168183410874917,8,0.44168183410874917,101.9736621173688,4.744597130284092,38,25528.862477880448,25635.5807371281,experiment,FIFO,0.28,0,variant_3
7251,INSPECTION_1_4,INSPECTION_1_4_LINE,25632.16731127596,1.3311712781433016,9,1.3311712781433016,103.3048333955121,3.41342585214079,39,25528.862477880448,25635.5807371281,experiment,FIFO,0.28,0,variant_3
7251,INSPECTION_1_4,INSPECTION_1_4_LINE,25633.06473461207,0.8974233361113875,10,0.8974233361113875,104.20225673162349,2.5160025160294026,36,25528.862477880448,25635.5807371281,experiment,FIFO,0.28,0,variant_3
7251,INSPECTION_1_5,INSPECTION_1_5_LINE,25634.55353211336,1.4887975012898096,11,1.4887975012898096,105.6910542329133,1.027205014739593,36,25528.862477880448,25635.5807371281,experiment,FIFO,0.28,0,variant_3
7251,INSPECTION_1_6,INSPECTION_1_6_LINE,25635.38510436823,0.8315722548686608,12,0.8315722548686608,106.52262648778196,0.1956327598709322,36,25528.862477880448,25635.5807371281,experiment,FIFO,0.28,0,variant_3
7251,INSPECTION_1_7,INSPECTION_1_7_LINE,25635.5807371281,0.1956327598709322,13,0.1956327598709322,106.7182592476529,0.0,35,25528.862477880448,25635.5807371281,experiment,FIFO,0.28,0,variant_3
7252,MOULDING_4,MOULDING_MACHINE_4,25536.04941787065,2.894806314339803,1,0.0,0.0,112.57312824839755,30,25536.04941787065,25648.622546119048,experiment,FIFO,0.28,0,variant_4
7252,ASSEMBLY_1_4,LINE_4_ASSEMBLY1,25545.13940368469,9.08998581404012,2,9.08998581404012,9.08998581404012,103.48314243435743,27,25536.04941787065,25648.622546119048,experiment,FIFO,0.28,0,variant_4
7252,ASSEMBLY_2_1,ASSEMBLY2_LINE_1,25627.78990680812,0.4323240431076556,3,82.6505031234301,91.74048893747022,20.832639310927334,37,25536.04941787065,25648.622546119048,experiment,FIFO,0.28,0,variant_4
7252,SORTING,SORTING_ROBOT_1,25629.73068028357,1.4906043918490468,4,1.9407734754495323,93.68126241291975,18.8918658354778,37,25536.04941787065,25648.622546119048,experiment,FIFO,0.28,0,variant_4
7252,PACKAGING_3,PACKAGING_LINE_3,25635.55512118129,0.0776502224689466,5,5.824440897718887,99.50570331063864,13.067424937758915,36,25536.04941787065,25648.622546119048,experiment,FIFO,0.28,0,variant_4
7252,INSPECTION_2_1,INSPECTION_2_1_LINE,25637.30312341021,1.1787440594234795,6,1.748002228920086,101.25370553955872,11.319422708838829,36,25536.04941787065,25648.622546119048,experiment,FIFO,0.28,0,variant_4
7252,INSPECTION_2_2,INSPECTION_2_2_LINE,25638.2929892942,0.9898658839920245,7,0.9898658839920245,102.24357142355075,10.329556824846804,35,25536.04941787065,25648.622546119048,experiment,FIFO,0.28,0,variant_4
7252,INSPECTION_2_3,INSPECTION_2_3_LINE,25639.78532914753,1.4923398533283034,8,1.4923398533283034,103.73591127687905,8.837216971518501,35,25536.04941787065,25648.622546119048,experiment,FIFO,0.28,0,variant_4
7252,INSPECTION_2_4,INSPECTION_2_4_LINE,25643.29114882423,3.505819676702231,9,3.505819676702231,107.24173095358128,5.33139729481627,36,25536.04941787065,25648.622546119048,experiment,FIFO,0.28,0,variant_4
7252,INSPECTION_2_5,INSPECTION_2_5_LINE,25646.30508030081,3.013931476576545,10,3.013931476576545,110.25566243015783,2.317465818239725,36,25536.04941787065,25648.622546119048,experiment,FIFO,0.28,0,variant_4
7252,INSPECTION_2_6,INSPECTION_2_6_LINE,25646.736050372994,0.4309700721860281,11,0.4309700721860281,110.68663250234385,1.886495746053697,37,25536.04941787065,25648.622546119048,experiment,FIFO,0.28,0,variant_4
7252,INSPECTION_2_7,INSPECTION_2_7_LINE,25648.622546119048,1.886495746053697,12,1.886495746053697,112.57312824839755,0.0,37,25536.04941787065,25648.622546119048,experiment,FIFO,0.28,0,variant_4
7253,MOULDING_3,MOULDING_MACHINE_3,25566.86695226604,4.145518990517303,1,0.0,0.0,54.16319875140107,31,25566.86695226604,25621.03015101744,experiment,FIFO,0.28,0,variant_5
7253,ASSEMBLY_1_5,LINE_5_ASSEMBLY1,25594.28910599932,18.966079657137016,2,27.422153733281448,27.422153733281448,26.74104501811962,31,25566.86695226604,25621.03015101744,experiment,FIFO,0.28,0,variant_5
7253,ASSEMBLY_2_2,ASSEMBLY2_LINE_2,25594.52264463864,0.23353863932061358,3,0.23353863932061358,27.65569237260206,26.507506378799008,31,25566.86695226604,25621.03015101744,experiment,FIFO,0.28,0,variant_5
7253,SORTING,SORTING_ROBOT_1,25611.739537066733,3.2531996079342207,4,17.21689242809225,44.87258480069431,9.290613950706756,38,25566.86695226604,25621.03015101744,experiment,FIFO,0.28,0,variant_5
7253,PACKAGING_2,PACKAGING_LINE_2,25615.48683619726,0.9363465014394023,5,3.7472991305257892,48.6198839312201,5.543314820180967,40,25566.86695226604,25621.03015101744,experiment,FIFO,0.28,0,variant_5
7253,INSPECTION_1_1,INSPECTION_1_1_LINE,25616.25055528116,0.7637190839013783,6,0.7637190839013783,49.38360301512148,4.779595736279589,40,25566.86695226604,25621.03015101744,experiment,FIFO,0.28,0,variant_5
7253,INSPECTION_1_2,INSPECTION_1_2_LINE,25617.72186669048,1.4713114093210606,7,1.4713114093210606,50.85491442444254,3.3082843269585283,39,25566.86695226604,25621.03015101744,experiment,FIFO,0.28,0,variant_5
7253,INSPECTION_1_3,INSPECTION_1_3_LINE,25619.365601169007,1.6437344785263122,8,1.6437344785263122,52.49864890296885,1.664549848432216,38,25566.86695226604,25621.03015101744,experiment,FIFO,0.28,0,variant_5
7253,INSPECTION_1_4,INSPECTION_1_4_LINE,25619.60482451277,0.23922334376402432,9,0.23922334376402432,52.73787224673288,1.4253265046681918,38,25566.86695226604,25621.03015101744,experiment,FIFO,0.28,0,variant_5
7253,INSPECTION_1_5,INSPECTION_1_5_LINE,25620.60185590311,0.9970313903395436,10,0.9970313903395436,53.73490363707242,0.4282951143286482,38,25566.86695226604,25621.03015101744,experiment,FIFO,0.28,0,variant_5
7253,INSPECTION_1_6,INSPECTION_1_6_LINE,25620.784213580424,0.1823576773131208,11,0.1823576773131208,53.91726131438554,0.2459374370155274,38,25566.86695226604,25621.03015101744,experiment,FIFO,0.28,0,variant_5
7253,INSPECTION_1_7,INSPECTION_1_7_LINE,25621.03015101744,0.2459374370155274,12,0.2459374370155274,54.16319875140107,0.0,37,25566.86695226604,25621.03015101744,experiment,FIFO,0.28,0,variant_5
7254,MOULDING_4,MOULDING_MACHINE_4,25541.63179766475,0.7719333191489568,1,0.0,0.0,187.2088428804891,30,25541.63179766475,25728.84064054524,experiment,FIFO,0.28,0,variant_3
7254,ASSEMBLY_1_2,LINE_2_ASSEMBLY1,25556.895621212137,15.263823547385982,2,15.263823547385982,15.263823547385982,171.94501933310312,25,25541.63179766475,25728.84064054524,experiment,FIFO,0.28,0,variant_3
7254,ASSEMBLY_2_1,ASSEMBLY2_LINE_1,25695.91024872924,61.050634713017644,3,139.01462751710278,154.27845106448876,32.93039181600034,44,25541.63179766475,25728.84064054524,experiment,FIFO,0.28,0,variant_3
7254,SORTING,SORTING_ROBOT_1,25719.8034557894,5.072262765155756,4,23.893207060158602,178.17165812464737,9.037184755841736,49,25541.63179766475,25728.84064054524,experiment,FIFO,0.28,0,variant_3
7254,PACKAGING_1,PACKAGING_LINE_1,25719.915356950587,0.1119011611881433,5,0.1119011611881433,178.2835592858355,8.925283594653592,49,25541.63179766475,25728.84064054524,experiment,FIFO,0.28,0,variant_3
7254,INSPECTION_2_1,INSPECTION_2_1_LINE,25721.273585149844,1.3582281992567005,6,1.3582281992567005,179.6417874850922,7.567055395396892,50,25541.63179766475,25728.84064054524,experiment,FIFO,0.28,0,variant_3
7254,INSPECTION_2_2,INSPECTION_2_2_LINE,25722.08970975557,0.8161246057279641,7,0.8161246057279641,180.45791209082017,6.750930789668928,50,25541.63179766475,25728.84064054524,experiment,FIFO,0.28,0,variant_3
7254,INSPECTION_2_3,INSPECTION_2_3_LINE,25722.185233312503,0.09552355693085701,8,0.09552355693085701,180.55343564775103,6.655407232738071,50,25541.63179766475,25728.84064054524,experiment,FIFO,0.28,0,variant_3
7254,INSPECTION_2_3,INSPECTION_2_3_LINE,25722.539059423754,0.35382611125169205,9,0.35382611125169205,180.90726175900272,6.301581121486379,50,25541.63179766475,25728.84064054524,experiment,FIFO,0.28,0,variant_3
7254,INSPECTION_2_4,INSPECTION_2_4_LINE,25723.791264005053,1.2522045812984288,10,1.2522045812984288,182.15946634030115,5.04937654018795,50,25541.63179766475,25728.84064054524,experiment,FIFO,0.28,0,variant_3
7254,INSPECTION_2_5,INSPECTION_2_5_LINE,25726.49841318669,2.7071491816386697,11,2.7071491816386697,184.86661552193982,2.3422273585492803,52,25541.63179766475,25728.84064054524,experiment,FIFO,0.28,0,variant_3
7254,INSPECTION_2_6,INSPECTION_2_6_LINE,25728.310550518283,1.8121373315916571,12,1.8121373315916571,186.67875285353148,0.5300900269576232,51,25541.63179766475,25728.84064054524,experiment,FIFO,0.28,0,variant_3
7254,INSPECTION_2_7,INSPECTION_2_7_LINE,25728.84064054524,0.5300900269576232,13,0.5300900269576232,187.2088428804891,0.0,50,25541.63179766475,25728.84064054524,experiment,FIFO,0.28,0,variant_3
7255,MOULDING_4,MOULDING_MACHINE_4,25551.504063117376,9.695942670055956,1,0.0,0.0,97.44946076048655,26,25551.504063117376,25648.953523877863,experiment,FIFO,0.28,0,variant_2
7255,ASSEMBLY_1_4,LINE_4_ASSEMBLY1,25552.47361082252,0.9695477051427588,2,0.9695477051427588,0.9695477051427588,96.47991305534379,26,25551.504063117376,25648.953523877863,experiment,FIFO,0.28,0,variant_2
7255,ASSEMBLY_2_1,ASSEMBLY2_LINE_1,25634.859614016223,7.069707208102045,3,82.3860031937038,83.35555089884656,14.093909861639986,36,25551.504063117376,25648.953523877863,experiment,FIFO,0.28,0,variant_2
7255,SORTING,SORTING_ROBOT_1,25635.533098333413,0.6734843171907414,4,0.6734843171907414,84.0290352160373,13.420425544449245,36,25551.504063117376,25648.953523877863,experiment,FIFO,0.28,0,variant_2
7255,PACKAGING_1,PACKAGING_LINE_1,25638.659045479577,2.8550769020876032,5,3.1259471461635258,87.15498236220083,10.294478398285719,35,25551.504063117376,25648.953523877863,experiment,FIFO,0.28,0,variant_2
7255,INSPECTION_1_1,INSPECTION_1_1_LINE,25640.69305383452,2.0340083549417614,6,2.0340083549417614,89.18899071714259,8.260470043343958,35,25551.504063117376,25648.953523877863,experiment,FIFO,0.28,0,variant_2
7255,INSPECTION_1_2,INSPECTION_1_2_LINE,25643.39205836076,2.6990045262427884,7,2.6990045262427884,91.88799524338538,5.561465517101169,36,25551.504063117376,25648.953523877863,experiment,FIFO,0.28,0,variant_2
7255,INSPECTION_1_3,INSPECTION_1_3_LINE,25644.324071175182,0.9320128144208866,8,0.9320128144208866,92.82000805780626,4.6294527026802825,35,25551.504063117376,25648.953523877863,experiment,FIFO,0.28,0,variant_2
7255,INSPECTION_1_4,INSPECTION_1_4_LINE,25645.446128881074,1.1220577058920753,9,1.1220577058920753,93.94206576369834,3.507394996788207,35,25551.504063117376,25648.953523877863,experiment,FIFO,0.28,0,variant_2
7255,INSPECTION_1_5,INSPECTION_1_5_LINE,25647.328238042628,1.8821091615536716,10,1.8821091615536716,95.82417492525201,1.6252858352345356,37,25551.504063117376,25648.953523877863,experiment,FIFO,0.28,0,variant_2
7255,INSPECTION_1_6,INSPECTION_1_6_LINE,25648.46000752866,1.1317694860335905,11,1.1317694860335905,96.9559444112856,0.4935163492009451,38,25551.504063117376,25648.953523877863,experiment,FIFO,0.28,0,variant_2
7255,INSPECTION_1_7,INSPECTION_1_7_LINE,25648.953523877863,0.4935163492009451,12,0.4935163492009451,97.44946076048655,0.0,36,25551.504063117376,25648.953523877863,experiment,FIFO,0.28,0,variant_2
7256,MOULDING_2,MOULDING_MACHINE_2,25552.703612508347,4.075376555825642,1,0.0,0.0,39.346629125528125,27,25552.703612508347,25592.050241633875,experiment,FIFO,0.28,0,variant_3
7256,ASSEMBLY_1_5,LINE_5_ASSEMBLY1,25567.21168968933,14.508077180984401,2,14.508077180984401,14.508077180984401,24.838551944543724,32,25552.703612508347,25592.050241633875,experiment,FIFO,0.28,0,variant_3
7256,ASSEMBLY_2_2,ASSEMBLY2_LINE_2,25568.46586192265,1.2541722333189682,3,1.2541722333189682,15.76224941430337,23.584379711224756,31,25552.703612508347,25592.050241633875,experiment,FIFO,0.28,0,variant_3
7256,SORTING,SORTING_ROBOT_1,25585.946116375344,9.478329025056155,4,17.48025445269377,33.24250386699714,6.104125258530985,34,25552.703612508347,25592.050241633875,experiment,FIFO,0.28,0,variant_3
7256,PACKAGING_1,PACKAGING_LINE_1,25588.0739627162,2.1278463408561947,5,2.1278463408561947,35.370350207853335,3.97627891767479,34,25552.703612508347,25592.050241633875,experiment,FIFO,0.28,0,variant_3
7256,INSPECTION_1_1,INSPECTION_1_1_LINE,25589.477919687502,1.4039569713022502,6,1.4039569713022502,36.774307179155585,2.57232194637254,34,25552.703612508347,25592.050241633875,experiment,FIFO,0.28,0,variant_3
7256,INSPECTION_1_2,INSPECTION_1_2_LINE,25590.12325095657,0.6453312690682651,7,0.6453312690682651,37.41963844822385,1.9269906773042749,32,25552.703612508347,25592.050241633875,experiment,FIFO,0.28,0,variant_3
7256,INSPECTION_1_3,INSPECTION_1_3_LINE,25590.88469775598,0.7614467994098959,8,0.7614467994098959,38.181085247633746,1.165543877894379,33,25552.703612508347,25592.050241633875,experiment,FIFO,0.28,0,variant_3
7256,INSPECTION_1_4,INSPECTION_1_4_LINE,25591.6107654794,0.7260677234189643,9,0.7260677234189643,38.90715297105271,0.43947615447541466,33,25552.703612508347,25592.050241633875,experiment,FIFO,0.28,0,variant_3
7256,INSPECTION_1_5,INSPECTION_1_5_LINE,25591.999789843645,0.3890243642454152,10,0.3890243642454152,39.296177335298125,0.05045179022999946,33,25552.703612508347,25592.050241633875,experiment,FIFO,0.28,0,variant_3
7256,INSPECTION_1_6,INSPECTION_1_6_LINE,25592.009223828107,0.009433984461793443,11,0.009433984461793443,39.30561131975992,0.04101780576820602,33,25552.703612508347,25592.050241633875,experiment,FIFO,0.28,0,variant_3
7256,INSPECTION_1_7,INSPECTION_1_7_LINE,25592.050241633875,0.04101780576820602,12,0.04101780576820602,39.346629125528125,0.0,32,25552.703612508347,25592.050241633875,experiment,FIFO,0.28,0,variant_3
7257,MOULDING_3,MOULDING_MACHINE_3,25571.100776530457,4.233824264418217,1,0.0,0.0,48.16131991524162,31,25571.100776530457,25619.2620964457,experiment,FIFO,0.28,0,variant_3
7257,ASSEMBLY_1_4,LINE_4_ASSEMBLY1,25587.51513232271,16.414355792254355,2,16.414355792254355,16.414355792254355,31.746964122987265,34,25571.100776530457,25619.2620964457,experiment,FIFO,0.28,0,variant_3
7257,ASSEMBLY_2_2,ASSEMBLY2_LINE_2,25589.34103961325,1.8259072905384528,3,1.8259072905384528,18.240263082792808,29.921056832448812,34,25571.100776530457,25619.2620964457,experiment,FIFO,0.28,0,variant_3
7257,SORTING,SORTING_ROBOT_1,25608.4863374588,3.2114584157898207,4,19.145297845549067,37.385560928341874,10.775758986899746,37,25571.100776530457,25619.2620964457,experiment,FIFO,0.28,0,variant_3
7257,PACKAGING_1,PACKAGING_LINE_1,25608.971597346223,0.4852598874240357,5,0.4852598874240357,37.87082081576591,10.29049909947571,37,25571.100776530457,25619.2620964457,experiment,FIFO,0.28,0,variant_3
7257,INSPECTION_2_1,INSPECTION_2_1_LINE,25610.17974524728,1.2081479010557814,6,1.2081479010557814,39.07896871682169,9.082351198419929,38,25571.100776530457,25619.2620964457,experiment,FIFO,0.28,0,variant_3
7257,INSPECTION_2_2,INSPECTION_2_2_LINE,25612.09974919905,1.9200039517709229,7,1.9200039517709229,40.998972668592614,7.162347246649006,38,25571.100776530457,25619.2620964457,experiment,FIFO,0.28,0,variant_3
7257,INSPECTION_2_3,INSPECTION_2_3_LINE,25612.15126968149,0.05152048244053731,8,0.05152048244053731,41.05049315103315,7.110826764208468,38,25571.100776530457,25619.2620964457,experiment,FIFO,0.28,0,variant_3
7257,INSPECTION_2_4,INSPECTION_2_4_LINE,25612.463327952017,0.3120582705269044,9,0.3120582705269044,41.362551421560056,6.798768493681564,38,25571.100776530457,25619.2620964457,experiment,FIFO,0.28,0,variant_3
7257,INSPECTION_2_5,INSPECTION_2_5_LINE,25613.398690758146,0.9353628061289783,10,0.9353628061289783,42.297914227689034,5.863405687552586,40,25571.100776530457,25619.2620964457,experiment,FIFO,0.28,0,variant_3
7257,INSPECTION_2_6,INSPECTION_2_6_LINE,25614.21942851388,0.8207377557337168,11,0.8207377557337168,43.11865198342275,5.042667931818869,40,25571.100776530457,25619.2620964457,experiment,FIFO,0.28,0,variant_3
7257,INSPECTION_2_7,INSPECTION_2_7_LINE,25619.2620964457,1.4494570781571383,12,5.042667931818869,48.16131991524162,0.0,38,25571.100776530457,25619.2620964457,experiment,FIFO,0.28,0,variant_3
7258,MOULDING_4,MOULDING_MACHINE_4,25559.53739095426,4.279029680859821,1,0.0,0.0,197.84469412703038,26,25559.53739095426,25757.38208508129,experiment,FIFO,0.28,0,variant_5
7258,ASSEMBLY_1_5,LINE_5_ASSEMBLY1,25569.872030291583,2.660340602251381,2,10.334639337321278,10.334639337321278,187.5100547897091,30,25559.53739095426,25757.38208508129,experiment,FIFO,0.28,0,variant_5
7258,ASSEMBLY_2_1,ASSEMBLY2_LINE_1,25702.640521320933,0.2252411075096461,3,132.76849102935012,143.1031303666714,54.741563760358986,45,25559.53739095426,25757.38208508129,experiment,FIFO,0.28,0,variant_5
7258,SORTING,SORTING_ROBOT_1,25730.929417903844,3.15832221528035,4,28.288896582911548,171.39202694958294,26.452667177447438,50,25559.53739095426,25757.38208508129,experiment,FIFO,0.28,0,variant_5
7258,PACKAGING_2,PACKAGING_LINE_2,25744.40422120377,9.86748925844222,5,13.474803299926862,184.8668302495098,12.977863877520576,56,25559.53739095426,25757.38208508129,experiment,FIFO,0.28,0,variant_5
7258,INSPECTION_1_1,INSPECTION_1_1_LINE,25746.210592064028,1.8063708602567203,6,1.8063708602567203,186.67320110976652,11.171493017263856,57,25559.53739095426,25757.38208508129,experiment,FIFO,0.28,0,variant_5
7258,INSPECTION_1_2,INSPECTION_1_2_LINE,25749.312830851013,3.1022387869852537,7,3.1022387869852537,189.77543989675178,8.069254230278602,57,25559.53739095426,25757.38208508129,experiment,FIFO,0.28,0,variant_5
7258,INSPECTION_1_3,INSPECTION_1_3_LINE,25749.7940949846,0.4812641335884109,8,0.4812641335884109,190.2567040303402,7.587990096690191,57,25559.53739095426,25757.38208508129,experiment,FIFO,0.28,0,variant_5
7258,INSPECTION_1_4,INSPECTION_1_4_LINE,25750.664227922825,0.8701329382238328,9,0.8701329382238328,191.12683696856402,6.717857158466359,57,25559.53739095426,25757.38208508129,experiment,FIFO,0.28,0,variant_5
7258,INSPECTION_1_5,INSPECTION_1_5_LINE,25752.591980232697,1.927752309871721,10,1.927752309871721,193.05458927843574,4.790104848594638,58,25559.53739095426,25757.38208508129,experiment,FIFO,0.28,0,variant_5
7258,INSPECTION_1_6,INSPECTION_1_6_LINE,25756.19598208178,3.604001849082124,11,3.604001849082124,196.65859112751787,1.1861029995125136,59,25559.53739095426,25757.38208508129,experiment,FIFO,0.28,0,variant_5
7258,INSPECTION_1_7,INSPECTION_1_7_LINE,25757.38208508129,1.1861029995125136,12,1.1861029995125136,197.84469412703038,0.0,58,25559.53739095426,25757.38208508129,experiment,FIFO,0.28,0,variant_5
7259,MOULDING_2,MOULDING_MACHINE_2,25563.85543031781,7.383748244992603,1,0.0,0.0,207.60819369140881,29,25563.85543031781,25771.46362400922,experiment,FIFO,0.28,0,variant_6
7259,ASSEMBLY_1_5,LINE_5_ASSEMBLY1,25575.323026342183,1.6633246413948655,2,11.467596024373051,11.467596024373051,196.14059766703576,35,25563.85543031781,25771.46362400922,experiment,FIFO,0.28,0,variant_6
7259,ASSEMBLY_2_1,ASSEMBLY2_LINE_1,25730.315870707127,8.781881772865745,3,154.99284436494418,166.46044038931723,41.14775330209159,50,25563.85543031781,25771.46362400922,experiment,FIFO,0.28,0,variant_6
7259,SORTING,SORTING_ROBOT_1,25760.04979704836,0.7360580616950756,4,29.73392634123229,196.19436673054952,11.413826960859296,59,25563.85543031781,25771.46362400922,experiment,FIFO,0.28,0,variant_6
7259,PACKAGING_3,PACKAGING_LINE_3,25763.591189679133,3.541392630773771,5,3.541392630773771,199.7357593613233,7.872434330085525,58,25563.85543031781,25771.46362400922,experiment,FIFO,0.28,0,variant_6
7259,INSPECTION_2_1,INSPECTION_2_1_LINE,25763.96963908837,0.37844940923605463,6,0.37844940923605463,200.11420877055934,7.493984920849471,58,25563.85543031781,25771.46362400922,experiment,FIFO,0.28,0,variant_6
7259,INSPECTION_2_2,INSPECTION_2_2_LINE,25764.972075436348,1.0024363479788008,7,1.0024363479788008,201.11664511853814,6.49154857287067,59,25563.85543031781,25771.46362400922,experiment,FIFO,0.28,0,variant_6
7259,INSPECTION_2_3,INSPECTION_2_3_LINE,25766.401047205203,0.4811036688333843,8,1.4289717688552628,202.5456168873934,5.062576804015407,59,25563.85543031781,25771.46362400922,experiment,FIFO,0.28,0,variant_6
7259,INSPECTION_2_4,INSPECTION_2_4_LINE,25770.44069290629,4.039645701086556,9,4.039645701086556,206.58526258847996,1.022931102928851,60,25563.85543031781,25771.46362400922,experiment,FIFO,0.28,0,variant_6
7259,INSPECTION_2_5,INSPECTION_2_5_LINE,25770.65767062204,0.21697771575054503,10,0.21697771575054503,206.8022403042305,0.805953387178306,59,25563.85543031781,25771.46362400922,experiment,FIFO,0.28,0,variant_6
7259,INSPECTION_2_6,INSPECTION_2_6_LINE,25770.84611941176,0.1884487897186773,11,0.1884487897186773,206.9906890939492,0.6175045974596287,59,25563.85543031781,25771.46362400922,experiment,FIFO,0.28,0,variant_6
7259,INSPECTION_2_7,INSPECTION_2_7_LINE,25771.46362400922,0.6175045974596287,12,0.6175045974596287,207.60819369140881,0.0,58,25563.85543031781,25771.46362400922,experiment,FIFO,0.28,0,variant_6
7260,MOULDING_5,MOULDING_MACHINE_5,25561.01810410655,0.8306327399113798,1,0.0,0.0,58.69250642877887,27,25561.01810410655,25619.71061053533,experiment,FIFO,0.28,0,variant_6
7260,ASSEMBLY_1_5,LINE_5_ASSEMBLY1,25573.62780666512,3.755776373538538,2,12.609702558569552,12.609702558569552,46.08280387020932,35,25561.01810410655,25619.71061053533,experiment,FIFO,0.28,0,variant_6
7260,ASSEMBLY_2_2,ASSEMBLY2_LINE_2,25578.760861220348,1.8237363267871842,3,5.133054555226408,17.74275711379596,40.94974931498291,33,25561.01810410655,25619.71061053533,experiment,FIFO,0.28,0,variant_6
7260,SORTING,SORTING_ROBOT_1,25599.88135721058,7.474859917179856,4,21.120495990231575,38.863253104027535,19.829253324751335,32,25561.01810410655,25619.71061053533,experiment,FIFO,0.28,0,variant_6
7260,PACKAGING_3,PACKAGING_LINE_3,25611.2214106849,5.052505563118757,5,11.340053474319575,50.20330657834711,8.48919985043176,38,25561.01810410655,25619.71061053533,experiment,FIFO,0.28,0,variant_6
7260,INSPECTION_1_1,INSPECTION_1_1_LINE,25611.710685966744,0.489275281845039,6,0.489275281845039,50.69258186019215,7.999924568586721,38,25561.01810410655,25619.71061053533,experiment,FIFO,0.28,0,variant_6
7260,INSPECTION_1_2,INSPECTION_1_2_LINE,25611.83187840752,0.1211924407762126,7,0.1211924407762126,50.81377430096836,7.878732127810508,38,25561.01810410655,25619.71061053533,experiment,FIFO,0.28,0,variant_6
7260,INSPECTION_1_3,INSPECTION_1_3_LINE,25612.35283814738,0.5209597398607002,8,0.5209597398607002,51.33473404082906,7.357772387949808,38,25561.01810410655,25619.71061053533,experiment,FIFO,0.28,0,variant_6
7260,INSPECTION_1_4,INSPECTION_1_4_LINE,25614.75785413744,0.645399222827109,9,2.4050159900580184,53.73975003088708,4.95275639789179,40,25561.01810410655,25619.71061053533,experiment,FIFO,0.28,0,variant_6
7260,INSPECTION_1_5,INSPECTION_1_5_LINE,25617.66420718201,0.4576240940587013,10,2.9063530445710057,56.646103075458086,2.046403353320784,39,25561.01810410655,25619.71061053533,experiment,FIFO,0.28,0,variant_6
7260,INSPECTION_1_6,INSPECTION_1_6_LINE,25619.4376221736,1.773414991588652,11,1.773414991588652,58.41951806704674,0.27298836173213203,38,25561.01810410655,25619.71061053533,experiment,FIFO,0.28,0,variant_6
7260,INSPECTION_1_7,INSPECTION_1_7_LINE,25619.71061053533,0.27298836173213203,12,0.27298836173213203,58.69250642877887,0.0,38,25561.01810410655,25619.71061053533,experiment,FIFO,0.28,0,variant_6
7261,MOULDING_1,MOULDING_MACHINE_1,25578.30199784088,16.879238980080117,1,0.0,0.0,54.60873222693772,34,25578.30199784088,25632.91073006782,experiment,FIFO,0.28,0,variant_1
7261,ASSEMBLY_1_4,LINE_4_ASSEMBLY1,25613.39319718901,15.979734006039507,2,35.0911993481277,35.0911993481277,19.517532878810016,40,25578.30199784088,25632.91073006782,experiment,FIFO,0.28,0,variant_1
7261,ASSEMBLY_2_2,ASSEMBLY2_LINE_2,25615.17849259545,1.7852954064401274,3,1.7852954064401274,36.87649475456783,17.73223747236989,40,25578.30199784088,25632.91073006782,experiment,FIFO,0.28,0,variant_1
7261,SORTING,SORTING_ROBOT_1,25624.43958970502,0.8428773657215061,4,9.261097109570983,46.13759186413881,8.471140362798906,39,25578.30199784088,25632.91073006782,experiment,FIFO,0.28,0,variant_1
7261,PACKAGING_3,PACKAGING_LINE_3,25625.15330948112,0.7137197761003335,5,0.7137197761003335,46.851311640239146,7.757420586698572,39,25578.30199784088,25632.91073006782,experiment,FIFO,0.28,0,variant_1
7261,INSPECTION_1_1,INSPECTION_1_1_LINE,25625.33933033497,0.1860208538491861,6,0.1860208538491861,47.03733249408833,7.571399732849386,39,25578.30199784088,25632.91073006782,experiment,FIFO,0.28,0,variant_1
7261,INSPECTION_1_2,INSPECTION_1_2_LINE,25627.09050881892,1.7511784839516622,7,1.7511784839516622,48.788510978039994,5.820221248897724,37,25578.30199784088,25632.91073006782,experiment,FIFO,0.28,0,variant_1
7261,INSPECTION_1_3,INSPECTION_1_3_LINE,25628.124493245712,1.033984426790994,8,1.033984426790994,49.82249540483099,4.78623682210673,37,25578.30199784088,25632.91073006782,experiment,FIFO,0.28,0,variant_1
7261,INSPECTION_1_4,INSPECTION_1_4_LINE,25628.98492855372,0.8604353080081637,9,0.8604353080081637,50.68293071283915,3.9258015140985663,37,25578.30199784088,25632.91073006782,experiment,FIFO,0.28,0,variant_1
7261,INSPECTION_1_5,INSPECTION_1_5_LINE,25630.04876004096,1.0638314872412593,10,1.0638314872412593,51.74676220008041,2.861970026857307,38,25578.30199784088,25632.91073006782,experiment,FIFO,0.28,0,variant_1
7261,INSPECTION_1_6,INSPECTION_1_6_LINE,25632.247614800533,2.1988547595719865,11,2.1988547595719865,53.9456169596524,0.6631152672853204,39,25578.30199784088,25632.91073006782,experiment,FIFO,0.28,0,variant_1
7261,INSPECTION_1_6,INSPECTION_1_6_LINE,25632.301719526906,0.05410472637231578,12,0.05410472637231578,53.999721686024714,0.6090105409130047,39,25578.30199784088,25632.91073006782,experiment,FIFO,0.28,0,variant_1
7261,INSPECTION_1_7,INSPECTION_1_7_LINE,25632.91073006782,0.6090105409130047,13,0.6090105409130047,54.60873222693772,0.0,36,25578.30199784088,25632.91073006782,experiment,FIFO,0.28,0,variant_1
7262,MOULDING_2,MOULDING_MACHINE_2,25565.11012441437,1.2546940965585236,1,0.0,0.0,226.56272075519155,30,25565.11012441437,25791.67284516956,experiment,FIFO,0.28,0,variant_6
7262,ASSEMBLY_1_3,LINE_3_ASSEMBLY1,25615.83039029828,32.40163838888111,2,50.72026588391236,50.72026588391236,175.8424548712792,40,25565.11012441437,25791.67284516956,experiment,FIFO,0.28,0,variant_6
7262,ASSEMBLY_2_1,ASSEMBLY2_LINE_1,25758.00629331599,4.430651163191214,3,142.17590301770906,192.89616890162142,33.66655185357013,56,25565.11012441437,25791.67284516956,experiment,FIFO,0.28,0,variant_6
7262,SORTING,SORTING_ROBOT_1,25783.67797922014,2.934825368141901,4,25.671685904151673,218.5678548057731,7.994865949418454,61,25565.11012441437,25791.67284516956,experiment,FIFO,0.28,0,variant_6
7262,PACKAGING_1,PACKAGING_LINE_1,25786.24096515516,2.562985935019242,5,2.562985935019242,221.13084074079234,5.431880014399212,60,25565.11012441437,25791.67284516956,experiment,FIFO,0.28,0,variant_6
7262,INSPECTION_1_1,INSPECTION_1_1_LINE,25786.25739638423,0.016431229068984976,6,0.016431229068984976,221.14727196986132,5.415448785330227,60,25565.11012441437,25791.67284516956,experiment,FIFO,0.28,0,variant_6
7262,INSPECTION_1_2,INSPECTION_1_2_LINE,25786.32227274006,0.06487635583107476,7,0.06487635583107476,221.2121483256924,5.350572429499152,60,25565.11012441437,25791.67284516956,experiment,FIFO,0.28,0,variant_6
7262,INSPECTION_1_3,INSPECTION_1_3_LINE,25787.261830775136,0.9395580350756063,8,0.9395580350756063,222.151706360768,4.411014394423546,60,25565.11012441437,25791.67284516956,experiment,FIFO,0.28,0,variant_6
7262,INSPECTION_1_4,INSPECTION_1_4_LINE,25789.40971664739,2.1478858722548466,9,2.1478858722548466,224.29959223302285,2.2631285221686994,61,25565.11012441437,25791.67284516956,experiment,FIFO,0.28,0,variant_6
7262,INSPECTION_1_5,INSPECTION_1_5_LINE,25790.62132784633,1.2116111989380443,10,1.2116111989380443,225.5112034319609,1.0515173232306552,61,25565.11012441437,25791.67284516956,experiment,FIFO,0.28,0,variant_6
7262,INSPECTION_1_6,INSPECTION_1_6_LINE,25791.53711155621,0.9157837098791788,11,0.9157837098791788,226.42698714184007,0.13573361335147638,61,25565.11012441437,25791.67284516956,experiment,FIFO,0.28,0,variant_6
7262,INSPECTION_1_7,INSPECTION_1_7_LINE,25791.67284516956,0.13573361335147638,12,0.13573361335147638,226.56272075519155,0.0,60,25565.11012441437,25791.67284516956,experiment,FIFO,0.28,0,variant_6
7263,MOULDING_5,MOULDING_MACHINE_5,25571.24366218985,7.017752561958332,1,0.0,0.0,61.63761697153677,32,25571.24366218985,25632.881279161385,experiment,FIFO,0.28,0,variant_3
7263,ASSEMBLY_1_5,LINE_5_ASSEMBLY1,25595.3763617144,1.0872557150796638,2,24.132699524550844,24.132699524550844,37.50491744698593,30,25571.24366218985,25632.881279161385,experiment,FIFO,0.28,0,variant_3
7263,ASSEMBLY_2_2,ASSEMBLY2_LINE_2,25596.48046855488,1.1041068404811085,3,1.1041068404811085,25.236806365031953,36.40081060650482,30,25571.24366218985,25632.881279161385,experiment,FIFO,0.28,0,variant_3
7263,SORTING,SORTING_ROBOT_1,25612.384203026253,0.23956845726570464,4,15.903734471372445,41.1405408364044,20.497076135132374,38,25571.24366218985,25632.881279161385,experiment,FIFO,0.28,0,variant_3
7263,PACKAGING_1,PACKAGING_LINE_1,25617.125743865625,4.741540839371737,5,4.741540839371737,45.882081675776135,15.755535295760637,40,25571.24366218985,25632.881279161385,experiment,FIFO,0.28,0,variant_3
7263,INSPECTION_2_1,INSPECTION_2_1_LINE,25620.73756047473,3.13177280599848,6,3.6118166091036983,49.49389828487983,12.143718686656939,38,25571.24366218985,25632.881279161385,experiment,FIFO,0.28,0,variant_3
7263,INSPECTION_2_2,INSPECTION_2_2_LINE,25621.78646066445,1.0489001897221897,7,1.0489001897221897,50.54279847460202,11.09481849693475,37,25571.24366218985,25632.881279161385,experiment,FIFO,0.28,0,variant_3
7263,INSPECTION_2_3,INSPECTION_2_3_LINE,25629.54213478977,3.0016665518123773,8,7.755674125321093,58.298472599923116,3.3391443716136564,37,25571.24366218985,25632.881279161385,experiment,FIFO,0.28,0,variant_3
7263,INSPECTION_2_4,INSPECTION_2_4_LINE,25629.6737762514,0.13164146162671386,9,0.13164146162671386,58.43011406154983,3.2075029099869425,37,25571.24366218985,25632.881279161385,experiment,FIFO,0.28,0,variant_3
7263,INSPECTION_2_5,INSPECTION_2_5_LINE,25629.807419005432,0.13364275403364445,10,0.13364275403364445,58.563756815583474,3.073860155953298,37,25571.24366218985,25632.881279161385,experiment,FIFO,0.28,0,variant_3
7263,INSPECTION_2_6,INSPECTION_2_6_LINE,25632.51143983963,0.10576017522180337,11,2.7040208341968537,61.26777764978033,0.3698393217564444,39,25571.24366218985,25632.881279161385,experiment,FIFO,0.28,0,variant_3
7263,INSPECTION_2_7,INSPECTION_2_7_LINE,25632.881279161385,0.24864202820026549,12,0.3698393217564444,61.63761697153677,0.0,37,25571.24366218985,25632.881279161385,experiment,FIFO,0.28,0,variant_3
7264,MOULDING_1,MOULDING_MACHINE_1,25582.43509424716,4.133096406279947,1,0.0,0.0,196.15849843134856,34,25582.43509424716,25778.59359267851,experiment,FIFO,0.28,0,variant_3
7264,ASSEMBLY_1_1,LINE_1_ASSEMBLY1,25597.12922068938,4.529846341378288,2,14.694126442220295,14.694126442220295,181.46437198912827,30,25582.43509424716,25778.59359267851,experiment,FIFO,0.28,0,variant_3
7264,ASSEMBLY_2_1,ASSEMBLY2_LINE_1,25746.53578038592,6.262585683438374,3,149.40655969653744,164.10068613875774,32.057812292590825,56,25582.43509424716,25778.59359267851,experiment,FIFO,0.28,0,variant_3
7264,SORTING,SORTING_ROBOT_1,25767.0268698207,0.41300750002483255,4,20.491089434781316,184.59177557353905,11.56672285780951,60,25582.43509424716,25778.59359267851,experiment,FIFO,0.28,0,variant_3
7264,PACKAGING_2,PACKAGING_LINE_2,25770.030249555315,1.8336466469081643,5,3.0033797346150095,187.59515530815406,8.5633431231945,60,25582.43509424716,25778.59359267851,experiment,FIFO,0.28,0,variant_3
7264,INSPECTION_2_1,INSPECTION_2_1_LINE,25770.233626909187,0.20337735387147404,6,0.20337735387147404,187.79853266202554,8.359965769323026,60,25582.43509424716,25778.59359267851,experiment,FIFO,0.28,0,variant_3
7264,INSPECTION_2_1,INSPECTION_2_1_LINE,25771.2081765016,0.9745495924144052,7,0.9745495924144052,188.77308225443994,7.38541617690862,59,25582.43509424716,25778.59359267851,experiment,FIFO,0.28,0,variant_3
7264,INSPECTION_2_2,INSPECTION_2_2_LINE,25772.26942466663,1.0612481650277914,8,1.0612481650277914,189.83433041946773,6.324168011880829,59,25582.43509424716,25778.59359267851,experiment,FIFO,0.28,0,variant_3
7264,INSPECTION_2_3,INSPECTION_2_3_LINE,25772.697778872145,0.4283542055163707,9,0.4283542055163707,190.2626846249841,5.895813806364458,59,25582.43509424716,25778.59359267851,experiment,FIFO,0.28,0,variant_3
7264,INSPECTION_2_4,INSPECTION_2_4_LINE,25772.81754115052,0.11976227837658371,10,0.11976227837658371,190.3824469033607,5.776051527987875,59,25582.43509424716,25778.59359267851,experiment,FIFO,0.28,0,variant_3
7264,INSPECTION_2_5,INSPECTION_2_5_LINE,25775.0199381701,2.2023970195768925,11,2.2023970195768925,192.58484392293758,3.573654508410982,62,25582.43509424716,25778.59359267851,experiment,FIFO,0.28,0,variant_3
7264,INSPECTION_2_6,INSPECTION_2_6_LINE,25775.713379501394,0.6934413312956167,12,0.6934413312956167,193.2782852542332,2.8802131771153654,62,25582.43509424716,25778.59359267851,experiment,FIFO,0.28,0,variant_3
7264,INSPECTION_2_7,INSPECTION_2_7_LINE,25778.59359267851,2.8802131771153654,13,2.8802131771153654,196.15849843134856,0.0,62,25582.43509424716,25778.59359267851,experiment,FIFO,0.28,0,variant_3
7265,MOULDING_2,MOULDING_MACHINE_2,25572.64054816777,7.429981294317258,1,0.0,0.0,45.172091199772694,35,25572.64054816777,25617.81263936754,experiment,FIFO,0.28,0,variant_1
7265,ASSEMBLY_1_2,LINE_2_ASSEMBLY1,25572.911583138943,0.27103497117423103,2,0.27103497117423103,0.27103497117423103,44.90105622859846,35,25572.64054816777,25617.81263936754,experiment,FIFO,0.28,0,variant_1
7265,ASSEMBLY_2_2,ASSEMBLY2_LINE_2,25576.93712489356,4.025541754617734,3,4.025541754617734,4.296576725791965,40.87551447398073,32,25572.64054816777,25617.81263936754,experiment,FIFO,0.28,0,variant_1
7265,SORTING,SORTING_ROBOT_1,25592.4064972934,0.4070588412687357,4,15.469372399838903,19.76594912563087,25.406142074141826,32,25572.64054816777,25617.81263936754,experiment,FIFO,0.28,0,variant_1
7265,PACKAGING_3,PACKAGING_LINE_3,25606.16890512178,12.418667288631696,5,13.762407828380674,33.52835695401154,11.643734245761152,36,25572.64054816777,25617.81263936754,experiment,FIFO,0.28,0,variant_1
7265,INSPECTION_2_1,INSPECTION_2_1_LINE,25606.994543881632,0.8256387598521542,6,0.8256387598521542,34.353995713863696,10.818095485908998,37,25572.64054816777,25617.81263936754,experiment,FIFO,0.28,0,variant_1
7265,INSPECTION_2_2,INSPECTION_2_2_LINE,25607.13664654136,0.142102659727243,7,0.142102659727243,34.49609837359094,10.675992826181755,37,25572.64054816777,25617.81263936754,experiment,FIFO,0.28,0,variant_1
7265,INSPECTION_2_3,INSPECTION_2_3_LINE,25607.709839179035,0.5731926376756746,8,0.5731926376756746,35.069291011266614,10.10280018850608,37,25572.64054816777,25617.81263936754,experiment,FIFO,0.28,0,variant_1
7265,INSPECTION_2_4,INSPECTION_2_4_LINE,25608.27942953801,0.5695903589767113,9,0.5695903589767113,35.638881370243325,9.533209829529369,37,25572.64054816777,25617.81263936754,experiment,FIFO,0.28,0,variant_1
7265,INSPECTION_2_5,INSPECTION_2_5_LINE,25609.353542946687,1.074113408674748,10,1.074113408674748,36.71299477891807,8.459096420854621,38,25572.64054816777,25617.81263936754,experiment,FIFO,0.28,0,variant_1
7265,INSPECTION_2_6,INSPECTION_2_6_LINE,25610.085559511903,0.7320165652163269,11,0.7320165652163269,37.4450113441344,7.727079855638294,38,25572.64054816777,25617.81263936754,experiment,FIFO,0.28,0,variant_1
7265,INSPECTION_2_7,INSPECTION_2_7_LINE,25617.81263936754,7.727079855638294,12,7.727079855638294,45.172091199772694,0.0,38,25572.64054816777,25617.81263936754,experiment,FIFO,0.28,0,variant_1
7266,MOULDING_4,MOULDING_MACHINE_4,25566.952082211305,1.5229632642767683,1,0.0,0.0,190.94413598073515,32,25566.952082211305,25757.89621819204,experiment,FIFO,0.28,0,variant_5
7266,ASSEMBLY_1_4,LINE_4_ASSEMBLY1,25570.74669738804,3.794615176735533,2,3.794615176735533,3.794615176735533,187.14952080399962,30,25566.952082211305,25757.89621819204,experiment,FIFO,0.28,0,variant_5
7266,ASSEMBLY_2_1,ASSEMBLY2_LINE_1,25707.32536108291,4.684839761976036,3,136.57866369486874,140.37327887160427,50.570857109130884,44,25566.952082211305,25757.89621819204,experiment,FIFO,0.28,0,variant_5
7266,SORTING,SORTING_ROBOT_1,25734.075550752736,3.146132848891284,4,26.750189669826796,167.12346854143107,23.82066743930409,51,25566.952082211305,25757.89621819204,experiment,FIFO,0.28,0,variant_5
7266,PACKAGING_1,PACKAGING_LINE_1,25745.71368992443,11.638139171693183,5,11.638139171693183,178.76160771312425,12.182528267610905,56,25566.952082211305,25757.89621819204,experiment,FIFO,0.28,0,variant_5
7266,INSPECTION_1_1,INSPECTION_1_1_LINE,25746.87317569069,0.6625836266612168,6,1.1594857662603317,179.92109347938458,11.023042501350574,56,25566.952082211305,25757.89621819204,experiment,FIFO,0.28,0,variant_5
7266,INSPECTION_1_2,INSPECTION_1_2_LINE,25750.313481413046,1.0006505620331154,7,3.4403057223571523,183.36139920174173,7.5827367789934215,57,25566.952082211305,25757.89621819204,experiment,FIFO,0.28,0,variant_5
7266,INSPECTION_1_3,INSPECTION_1_3_LINE,25750.38938873121,0.07590731816526386,8,0.07590731816526386,183.437306519907,7.506829460828158,57,25566.952082211305,25757.89621819204,experiment,FIFO,0.28,0,variant_5
7266,INSPECTION_1_4,INSPECTION_1_4_LINE,25753.00776631425,2.3435383914256818,9,2.618377583039546,186.05568410294654,4.8884518777886115,58,25566.952082211305,25757.89621819204,experiment,FIFO,0.28,0,variant_5
7266,INSPECTION_1_5,INSPECTION_1_5_LINE,25753.583809560543,0.5760432462921017,10,0.5760432462921017,186.63172734923864,4.31240863149651,58,25566.952082211305,25757.89621819204,experiment,FIFO,0.28,0,variant_5
7266,INSPECTION_1_6,INSPECTION_1_6_LINE,25756.71810132369,0.5221192419121508,11,3.1342917631482123,189.76601911238686,1.1781168683482974,59,25566.952082211305,25757.89621819204,experiment,FIFO,0.28,0,variant_5
7266,INSPECTION_1_7,INSPECTION_1_7_LINE,25757.89621819204,0.5141331107479346,12,1.1781168683482974,190.94413598073515,0.0,56,25566.952082211305,25757.89621819204,experiment,FIFO,0.28,0,variant_5
7267,MOULDING_4,MOULDING_MACHINE_4,25571.68112349665,4.239018072403269,1,0.0,0.0,71.56985732347312,33,25571.68112349665,25643.250980820125,experiment,FIFO,0.28,0,variant_1
7267,ASSEMBLY_1_3,LINE_3_ASSEMBLY1,25622.247796659227,6.417406360946188,2,50.56667316257517,50.56667316257517,21.003184160897945,36,25571.68112349665,25643.250980820125,experiment,FIFO,0.28,0,variant_1
7267,ASSEMBLY_2_2,ASSEMBLY2_LINE_2,25628.53794875536,6.290152096131351,3,6.290152096131351,56.85682525870652,14.713032064766594,37,25571.68112349665,25643.250980820125,experiment,FIFO,0.28,0,variant_1
7267,SORTING,SORTING_ROBOT_1,25633.612208940805,3.8815286572353216,4,5.074260185447201,61.93108544415372,9.638771879319393,36,25571.68112349665,25643.250980820125,experiment,FIFO,0.28,0,variant_1
7267,PACKAGING_1,PACKAGING_LINE_1,25635.80396857749,2.191759636683855,5,2.191759636683855,64.12284508083758,7.447012242635537,35,25571.68112349665,25643.250980820125,experiment,FIFO,0.28,0,variant_1
7267,INSPECTION_1_1,INSPECTION_1_1_LINE,25638.26115595973,2.4571873822424095,6,2.4571873822424095,66.58003246307999,4.989824860393128,35,25571.68112349665,25643.250980820125,experiment,FIFO,0.28,0,variant_1
7267,INSPECTION_1_2,INSPECTION_1_2_LINE,25638.941234080565,0.6800781208330591,7,0.6800781208330591,67.26011058391305,4.309746739560069,35,25571.68112349665,25643.250980820125,experiment,FIFO,0.28,0,variant_1
7267,INSPECTION_1_3,INSPECTION_1_3_LINE,25640.288629066,1.3473949854342209,8,1.3473949854342209,68.60750556934727,2.962351754125848,35,25571.68112349665,25643.250980820125,experiment,FIFO,0.28,0,variant_1
7267,INSPECTION_1_4,INSPECTION_1_4_LINE,25640.734618748844,0.4459896828448109,9,0.4459896828448109,69.05349525219208,2.516362071281037,35,25571.68112349665,25643.250980820125,experiment,FIFO,0.28,0,variant_1
7267,INSPECTION_1_5,INSPECTION_1_5_LINE,25642.34465220525,1.610033456407109,10,1.610033456407109,70.66352870859919,0.906328614873928,35,25571.68112349665,25643.250980820125,experiment,FIFO,0.28,0,variant_1
7267,INSPECTION_1_6,INSPECTION_1_6_LINE,25642.634994406188,0.2903422009367205,11,0.2903422009367205,70.95387090953591,0.6159864139372075,35,25571.68112349665,25643.250980820125,experiment,FIFO,0.28,0,variant_1
7267,INSPECTION_1_7,INSPECTION_1_7_LINE,25643.250980820125,0.6159864139372075,12,0.6159864139372075,71.56985732347312,0.0,36,25571.68112349665,25643.250980820125,experiment,FIFO,0.28,0,variant_1
7268,MOULDING_2,MOULDING_MACHINE_2,25597.607743651988,24.9671954842197,1,0.0,0.0,40.37080401579442,31,25597.607743651988,25637.978547667783,experiment,FIFO,0.28,0,variant_5
7268,ASSEMBLY_1_1,LINE_1_ASSEMBLY1,25617.740687328915,0.6029042246445897,2,20.132943676926516,20.132943676926516,20.237860338867904,39,25597.607743651988,25637.978547667783,experiment,FIFO,0.28,0,variant_5
7268,ASSEMBLY_2_2,ASSEMBLY2_LINE_2,25618.09326239835,0.35257506943526096,3,0.35257506943526096,20.485518746361777,19.885285269432643,38,25597.607743651988,25637.978547667783,experiment,FIFO,0.28,0,variant_5
7268,SORTING,SORTING_ROBOT_1,25624.764125436308,0.32453573128805147,4,6.670863037958043,27.15638178431982,13.2144222314746,39,25597.607743651988,25637.978547667783,experiment,FIFO,0.28,0,variant_5
7268,PACKAGING_3,PACKAGING_LINE_3,25625.957438625283,0.8041291441622889,5,1.193313188974571,28.34969497329439,12.02110904250003,38,25597.607743651988,25637.978547667783,experiment,FIFO,0.28,0,variant_5
7268,INSPECTION_2_1,INSPECTION_2_1_LINE,25627.581863177547,1.624424552264827,6,1.624424552264827,29.974119525559217,10.396684490235202,37,25597.607743651988,25637.978547667783,experiment,FIFO,0.28,0,variant_5
7268,INSPECTION_2_2,INSPECTION_2_2_LINE,25627.687488039144,0.10562486159687978,7,0.10562486159687978,30.079744387156097,10.291059628638322,37,25597.607743651988,25637.978547667783,experiment,FIFO,0.28,0,variant_5
7268,INSPECTION_2_3,INSPECTION_2_3_LINE,25629.715509001635,0.17337421186311985,8,2.0280209624907,32.1077653496468,8.263038666147622,37,25597.607743651988,25637.978547667783,experiment,FIFO,0.28,0,variant_5
7268,INSPECTION_2_4,INSPECTION_2_4_LINE,25630.05887815452,0.3433691528844065,9,0.3433691528844065,32.451134502531204,7.919669513263216,38,25597.607743651988,25637.978547667783,experiment,FIFO,0.28,0,variant_5
7268,INSPECTION_2_5,INSPECTION_2_5_LINE,25630.25463799972,0.19575984519906342,10,0.19575984519906342,32.64689434773027,7.723909668064152,38,25597.607743651988,25637.978547667783,experiment,FIFO,0.28,0,variant_5
7268,INSPECTION_2_6,INSPECTION_2_6_LINE,25635.77311431021,3.261674470581056,11,5.518476310491678,38.165370658221946,2.205433357572474,35,25597.607743651988,25637.978547667783,experiment,FIFO,0.28,0,variant_5
7268,INSPECTION_2_7,INSPECTION_2_7_LINE,25637.978547667783,2.205433357572474,12,2.205433357572474,40.37080401579442,0.0,35,25597.607743651988,25637.978547667783,experiment,FIFO,0.28,0,variant_5
7269,MOULDING_1,MOULDING_MACHINE_1,25584.67979344628,2.2446991991200775,1,0.0,0.0,226.69142803156865,34,25584.67979344628,25811.37122147785,experiment,FIFO,0.28,0,variant_1
7269,ASSEMBLY_1_4,LINE_4_ASSEMBLY1,25617.70149193032,4.30829474130951,2,33.02169848403719,33.02169848403719,193.66972954753146,39,25584.67979344628,25811.37122147785,experiment,FIFO,0.28,0,variant_1
7269,ASSEMBLY_2_1,ASSEMBLY2_LINE_1,25766.091867630428,1.991933859713754,3,148.39037570010987,181.41207418414706,45.27935384742159,59,25584.67979344628,25811.37122147785,experiment,FIFO,0.28,0,variant_1
7269,SORTING,SORTING_ROBOT_1,25794.19628690273,0.38625284162480966,4,28.10441927230204,209.5164934564491,17.17493457511955,60,25584.67979344628,25811.37122147785,experiment,FIFO,0.28,0,variant_1
7269,PACKAGING_1,PACKAGING_LINE_1,25795.522368919326,1.3260820165960467,5,1.3260820165960467,210.84257547304514,15.848852558523504,59,25584.67979344628,25811.37122147785,experiment,FIFO,0.28,0,variant_1
7269,INSPECTION_2_1,INSPECTION_2_1_LINE,25796.25868551534,0.7363165960123297,6,0.7363165960123297,211.57889206905747,15.112535962511174,59,25584.67979344628,25811.37122147785,experiment,FIFO,0.28,0,variant_1
7269,INSPECTION_2_2,INSPECTION_2_2_LINE,25796.57327048264,0.31458496730192564,7,0.31458496730192564,211.8934770363594,14.797950995209249,59,25584.67979344628,25811.37122147785,experiment,FIFO,0.28,0,variant_1
7269,INSPECTION_2_3,INSPECTION_2_3_LINE,25798.372377910586,1.7991074279452732,8,1.7991074279452732,213.69258446430467,12.998843567263975,59,25584.67979344628,25811.37122147785,experiment,FIFO,0.28,0,variant_1
7269,INSPECTION_2_4,INSPECTION_2_4_LINE,25798.615493154302,0.24311524371660198,9,0.24311524371660198,213.93569970802128,12.755728323547373,59,25584.67979344628,25811.37122147785,experiment,FIFO,0.28,0,variant_1
7269,INSPECTION_2_5,INSPECTION_2_5_LINE,25799.01155899652,0.39606584221837693,10,0.39606584221837693,214.33176555023965,12.359662481328996,59,25584.67979344628,25811.37122147785,experiment,FIFO,0.28,0,variant_1
7269,INSPECTION_2_6,INSPECTION_2_6_LINE,25807.12219927249,8.110640275968763,11,8.110640275968763,222.44240582620841,4.249022205360234,58,25584.67979344628,25811.37122147785,experiment,FIFO,0.28,0,variant_1
7269,INSPECTION_2_7,INSPECTION_2_7_LINE,25811.37122147785,4.249022205360234,12,4.249022205360234,226.69142803156865,0.0,58,25584.67979344628,25811.37122147785,experiment,FIFO,0.28,0,variant_1
7270,MOULDING_4,MOULDING_MACHINE_4,25575.266694151964,3.58557065531204,1,0.0,0.0,205.7877772668835,35,25575.266694151964,25781.054471418847,experiment,FIFO,0.28,0,variant_4
7270,ASSEMBLY_1_1,LINE_1_ASSEMBLY1,25578.44028130749,3.1735871555247286,2,3.1735871555247286,3.1735871555247286,202.61419011135877,34,25575.266694151964,25781.054471418847,experiment,FIFO,0.28,0,variant_4
7270,ASSEMBLY_2_1,ASSEMBLY2_LINE_1,25732.493294773045,2.177424065917876,3,154.05301346555643,157.22660062108116,48.561176645802334,51,25575.266694151964,25781.054471418847,experiment,FIFO,0.28,0,variant_4
7270,SORTING,SORTING_ROBOT_1,25761.62228147457,1.5724844262113038,4,29.12898670152572,186.35558732260688,19.432189944276615,59,25575.266694151964,25781.054471418847,experiment,FIFO,0.28,0,variant_4
7270,PACKAGING_3,PACKAGING_LINE_3,25770.061476322782,6.47028664364916,5,8.439194848211628,194.7947821708185,10.992995096064988,60,25575.266694151964,25781.054471418847,experiment,FIFO,0.28,0,variant_4
7270,INSPECTION_1_1,INSPECTION_1_1_LINE,25771.730552438352,1.6690761155696237,6,1.6690761155696237,196.46385828638813,9.323918980495364,58,25575.266694151964,25781.054471418847,experiment,FIFO,0.28,0,variant_4
7270,INSPECTION_1_2,INSPECTION_1_2_LINE,25772.228753793654,0.49820135530171683,7,0.49820135530171683,196.96205964168985,8.825717625193647,59,25575.266694151964,25781.054471418847,experiment,FIFO,0.28,0,variant_4
7270,INSPECTION_1_3,INSPECTION_1_3_LINE,25775.33014463553,0.6016550113818084,8,3.1013908418754,200.06345048356525,5.724326783318247,62,25575.266694151964,25781.054471418847,experiment,FIFO,0.28,0,variant_4
7270,INSPECTION_1_4,INSPECTION_1_4_LINE,25776.84265555652,0.2559598229418043,9,1.5125109209911898,201.57596140455644,4.211815862327057,62,25575.266694151964,25781.054471418847,experiment,FIFO,0.28,0,variant_4
7270,INSPECTION_1_5,INSPECTION_1_5_LINE,25778.32583377034,1.4831782138207927,10,1.4831782138207927,203.05913961837723,2.7286376485062647,63,25575.266694151964,25781.054471418847,experiment,FIFO,0.28,0,variant_4
7270,INSPECTION_1_6,INSPECTION_1_6_LINE,25779.24385163581,0.7249669129414542,11,0.9180178654678457,203.97715748384508,1.810619783038419,62,25575.266694151964,25781.054471418847,experiment,FIFO,0.28,0,variant_4
7270,INSPECTION_1_7,INSPECTION_1_7_LINE,25781.054471418847,1.0198886507969291,12,1.810619783038419,205.7877772668835,0.0,60,25575.266694151964,25781.054471418847,experiment,FIFO,0.28,0,variant_4
7271,MOULDING_4,MOULDING_MACHINE_4,25577.417482333363,2.150788181399548,1,0.0,0.0,206.2621036138553,33,25577.417482333363,25783.67958594722,experiment,FIFO,0.28,0,variant_6
7271,ASSEMBLY_1_1,LINE_1_ASSEMBLY1,25592.599374348003,14.159093040514563,2,15.181892014639743,15.181892014639743,191.08021159921554,32,25577.417482333363,25783.67958594722,experiment,FIFO,0.28,0,variant_6
7271,ASSEMBLY_2_1,ASSEMBLY2_LINE_1,25740.27319470248,7.779899929435487,3,147.67382035447736,162.8557123691171,43.40639124473819,54,25577.417482333363,25783.67958594722,experiment,FIFO,0.28,0,variant_6
7271,SORTING,SORTING_ROBOT_1,25764.61589320943,2.9936117348588596,4,24.34269850694909,187.1984108760662,19.063692737789097,58,25577.417482333363,25783.67958594722,experiment,FIFO,0.28,0,variant_6
7271,PACKAGING_3,PACKAGING_LINE_3,25772.56726466568,2.505788342896267,5,7.951371456249035,195.14978233231523,11.112321281540062,59,25577.417482333363,25783.67958594722,experiment,FIFO,0.28,0,variant_6
7271,INSPECTION_2_1,INSPECTION_2_1_LINE,25773.360763079567,0.793498413888301,6,0.793498413888301,195.94328074620353,10.318822867651761,60,25577.417482333363,25783.67958594722,experiment,FIFO,0.28,0,variant_6
7271,INSPECTION_2_2,INSPECTION_2_2_LINE,25777.86299408098,4.502231001413747,7,4.502231001413747,200.44551174761727,5.816591866238014,62,25577.417482333363,25783.67958594722,experiment,FIFO,0.28,0,variant_6
7271,INSPECTION_2_3,INSPECTION_2_3_LINE,25778.19897830964,0.33598422865907196,8,0.33598422865907196,200.78149597627635,5.480607637578942,63,25577.417482333363,25783.67958594722,experiment,FIFO,0.28,0,variant_6
7271,INSPECTION_2_4,INSPECTION_2_4_LINE,25778.544195553204,0.34521724356454797,9,0.34521724356454797,201.1267132198409,5.135390394014394,63,25577.417482333363,25783.67958594722,experiment,FIFO,0.28,0,variant_6
7271,INSPECTION_2_5,INSPECTION_2_5_LINE,25780.20041210664,1.6562165534342057,10,1.6562165534342057,202.7829297732751,3.479173840580188,61,25577.417482333363,25783.67958594722,experiment,FIFO,0.28,0,variant_6
7271,INSPECTION_2_6,INSPECTION_2_6_LINE,25783.65609150772,3.455679401082307,11,3.455679401082307,206.2386091743574,0.023494439497881103,61,25577.417482333363,25783.67958594722,experiment,FIFO,0.28,0,variant_6
7271,INSPECTION_2_7,INSPECTION_2_7_LINE,25783.67958594722,0.023494439497881103,12,0.023494439497881103,206.2621036138553,0.0,60,25577.417482333363,25783.67958594722,experiment,FIFO,0.28,0,variant_6
7272,MOULDING_5,MOULDING_MACHINE_5,25572.17921619184,0.935554001989658,1,0.0,0.0,60.45342094134685,34,25572.17921619184,25632.632637133185,experiment,FIFO,0.28,0,variant_1
7272,ASSEMBLY_1_4,LINE_4_ASSEMBLY1,25597.41346318297,9.898330860258284,2,25.23424699113093,25.23424699113093,35.21917395021592,30,25572.17921619184,25632.632637133185,experiment,FIFO,0.28,0,variant_1
7272,ASSEMBLY_2_2,ASSEMBLY2_LINE_2,25601.94079663416,4.527333451191225,3,4.527333451191225,29.761580442322156,30.691840499024693,32,25572.17921619184,25632.632637133185,experiment,FIFO,0.28,0,variant_1
7272,SORTING,SORTING_ROBOT_1,25615.363017625543,2.771368541980337,4,13.422220991382346,43.1838014337045,17.269619507642346,40,25572.17921619184,25632.632637133185,experiment,FIFO,0.28,0,variant_1
7272,PACKAGING_3,PACKAGING_LINE_3,25617.00323486693,1.6402172413872904,5,1.6402172413872904,44.82401867509179,15.629402266255056,40,25572.17921619184,25632.632637133185,experiment,FIFO,0.28,0,variant_1
7272,INSPECTION_2_1,INSPECTION_2_1_LINE,25617.60578766873,0.6025528017999022,6,0.6025528017999022,45.426571476891695,15.026849464455154,39,25572.17921619184,25632.632637133185,experiment,FIFO,0.28,0,variant_1
7272,INSPECTION_2_2,INSPECTION_2_2_LINE,25620.45913612872,1.0373867788584903,7,2.8533484599902295,48.279919936881925,12.173501004464924,38,25572.17921619184,25632.632637133185,experiment,FIFO,0.28,0,variant_1
7272,INSPECTION_2_3,INSPECTION_2_3_LINE,25626.54046823796,3.2075439870714035,8,6.081332109239156,54.36125204612108,6.092168895225768,38,25572.17921619184,25632.632637133185,experiment,FIFO,0.28,0,variant_1
7272,INSPECTION_2_4,INSPECTION_2_4_LINE,25627.103963406844,0.5634951688844012,9,0.5634951688844012,54.92474721500548,5.528673726341367,37,25572.17921619184,25632.632637133185,experiment,FIFO,0.28,0,variant_1
7272,INSPECTION_2_5,INSPECTION_2_5_LINE,25629.395416782445,2.2914533756011224,10,2.2914533756011224,57.216200590606604,3.2372203507402446,37,25572.17921619184,25632.632637133185,experiment,FIFO,0.28,0,variant_1
7272,INSPECTION_2_6,INSPECTION_2_6_LINE,25632.405679664407,3.0102628819622623,11,3.0102628819622623,60.22646347256887,0.22695746877798229,39,25572.17921619184,25632.632637133185,experiment,FIFO,0.28,0,variant_1
7272,INSPECTION_2_7,INSPECTION_2_7_LINE,25632.632637133185,0.22695746877798229,12,0.22695746877798229,60.45342094134685,0.0,38,25572.17921619184,25632.632637133185,experiment,FIFO,0.28,0,variant_1
7273,MOULDING_1,MOULDING_MACHINE_1,25585.94859361142,1.2688001651404193,1,0.0,0.0,231.92065473130788,35,25585.94859361142,25817.86924834273,experiment,FIFO,0.28,0,variant_4
7273,ASSEMBLY_1_1,LINE_1_ASSEMBLY1,25617.13778310427,20.00856241488873,2,31.189189492848527,31.189189492848527,200.73146523845935,40,25585.94859361142,25817.86924834273,experiment,FIFO,0.28,0,variant_4
7273,ASSEMBLY_2_1,ASSEMBLY2_LINE_1,25764.099933770714,6.093640454724664,3,146.96215066644436,178.1513401592929,53.76931457201499,58,25585.94859361142,25817.86924834273,experiment,FIFO,0.28,0,variant_4
7273,SORTING,SORTING_ROBOT_1,25793.810034061105,3.6177084913470026,4,29.710100290390983,207.86144044968387,24.05921428162401,60,25585.94859361142,25817.86924834273,experiment,FIFO,0.28,0,variant_4
7273,PACKAGING_3,PACKAGING_LINE_3,25808.194975835537,3.803315500525059,5,14.384941774431354,222.24638222411522,9.674272507192654,58,25585.94859361142,25817.86924834273,experiment,FIFO,0.28,0,variant_4
7273,INSPECTION_1_1,INSPECTION_1_1_LINE,25811.07710653295,2.8821306974132312,6,2.8821306974132312,225.12851292152845,6.792141809779423,59,25585.94859361142,25817.86924834273,experiment,FIFO,0.28,0,variant_4
7273,INSPECTION_1_2,INSPECTION_1_2_LINE,25812.63691754116,1.5598110082100902,7,1.5598110082100902,226.68832392973854,5.232330801569333,58,25585.94859361142,25817.86924834273,experiment,FIFO,0.28,0,variant_4
7273,INSPECTION_1_3,INSPECTION_1_3_LINE,25813.757195166512,1.1202776253521733,8,1.1202776253521733,227.80860155509072,4.1120531762171595,58,25585.94859361142,25817.86924834273,experiment,FIFO,0.28,0,variant_4
7273,INSPECTION_1_4,INSPECTION_1_4_LINE,25814.271031748664,0.5138365821512707,9,0.5138365821512707,228.322438137242,3.598216594065889,58,25585.94859361142,25817.86924834273,experiment,FIFO,0.28,0,variant_4
7273,INSPECTION_1_5,INSPECTION_1_5_LINE,25815.229677784988,0.9586460363243532,10,0.9586460363243532,229.28108417356634,2.6395705577415356,59,25585.94859361142,25817.86924834273,experiment,FIFO,0.28,0,variant_4
7273,INSPECTION_1_6,INSPECTION_1_6_LINE,25817.836558171985,2.606880386996636,11,2.606880386996636,231.88796456056298,0.03269017074489966,59,25585.94859361142,25817.86924834273,experiment,FIFO,0.28,0,variant_4
7273,INSPECTION_1_7,INSPECTION_1_7_LINE,25817.86924834273,0.03269017074489966,12,0.03269017074489966,231.92065473130788,0.0,58,25585.94859361142,25817.86924834273,experiment,FIFO,0.28,0,variant_4
7274,MOULDING_1,MOULDING_MACHINE_1,25590.74604471543,4.79745110400836,1,0.0,0.0,203.6489546285302,33,25590.74604471543,25794.39499934396,experiment,FIFO,0.28,0,variant_3
7274,ASSEMBLY_1_2,LINE_2_ASSEMBLY1,25614.016173455333,23.270128739903157,2,23.270128739903157,23.270128739903157,180.37882588862703,40,25590.74604471543,25794.39499934396,experiment,FIFO,0.28,0,variant_3
7274,ASSEMBLY_2_1,ASSEMBLY2_LINE_1,25753.5756421528,7.039861766879767,3,139.5594686974655,162.82959743736865,40.819357191161544,58,25590.74604471543,25794.39499934396,experiment,FIFO,0.28,0,variant_3
7274,SORTING,SORTING_ROBOT_1,25780.743153852,9.00269702609512,4,27.167511699200986,189.99710913656963,13.651845491960557,61,25590.74604471543,25794.39499934396,experiment,FIFO,0.28,0,variant_3
7274,PACKAGING_2,PACKAGING_LINE_2,25785.18041941165,4.437265559648949,5,4.437265559648949,194.43437469621858,9.214579932311608,60,25590.74604471543,25794.39499934396,experiment,FIFO,0.28,0,variant_3
7274,INSPECTION_2_1,INSPECTION_2_1_LINE,25785.4087411456,0.228321733949997,6,0.228321733949997,194.66269643016858,8.986258198361611,60,25590.74604471543,25794.39499934396,experiment,FIFO,0.28,0,variant_3
7274,INSPECTION_2_2,INSPECTION_2_2_LINE,25787.633701304014,2.2249601584153424,7,2.2249601584153424,196.88765658858392,6.7612980399462685,60,25590.74604471543,25794.39499934396,experiment,FIFO,0.28,0,variant_3
7274,INSPECTION_2_3,INSPECTION_2_3_LINE,25788.06063328237,0.4269319783561514,8,0.4269319783561514,197.31458856694007,6.334366061590117,60,25590.74604471543,25794.39499934396,experiment,FIFO,0.28,0,variant_3
7274,INSPECTION_2_4,INSPECTION_2_4_LINE,25790.60291083337,2.5422775510014617,9,2.5422775510014617,199.85686611794154,3.7920885105886555,61,25590.74604471543,25794.39499934396,experiment,FIFO,0.28,0,variant_3
7274,INSPECTION_2_5,INSPECTION_2_5_LINE,25790.63790844941,0.03499761603961815,10,0.03499761603961815,199.89186373398115,3.7570908945490373,61,25590.74604471543,25794.39499934396,experiment,FIFO,0.28,0,variant_3
7274,INSPECTION_2_6,INSPECTION_2_6_LINE,25792.96885086126,2.3309424118488096,11,2.3309424118488096,202.22280614582996,1.4261484827002278,60,25590.74604471543,25794.39499934396,experiment,FIFO,0.28,0,variant_3
7274,INSPECTION_2_7,INSPECTION_2_7_LINE,25794.39499934396,1.4261484827002278,12,1.4261484827002278,203.6489546285302,0.0,59,25590.74604471543,25794.39499934396,experiment,FIFO,0.28,0,variant_3
7275,MOULDING_2,MOULDING_MACHINE_2,25602.73990264847,5.132158996482758,1,0.0,0.0,62.43778141153598,34,25602.73990264847,25665.177684060007,experiment,FIFO,0.28,0,variant_4
7275,ASSEMBLY_1_1,LINE_1_ASSEMBLY1,25625.795276990542,2.1192781113168166,2,23.055374342071445,23.055374342071445,39.382407069464534,39,25602.73990264847,25665.177684060007,experiment,FIFO,0.28,0,variant_4
7275,ASSEMBLY_2_2,ASSEMBLY2_LINE_2,25646.72691285297,18.18896409761146,3,20.931635862427356,43.9870102044988,18.450771207037178,37,25602.73990264847,25665.177684060007,experiment,FIFO,0.28,0,variant_4
7275,SORTING,SORTING_ROBOT_1,25652.73166716893,6.004754315959872,4,6.004754315959872,49.99176452045867,12.446016891077306,37,25602.73990264847,25665.177684060007,experiment,FIFO,0.28,0,variant_4
7275,PACKAGING_1,PACKAGING_LINE_1,25654.76036793741,2.02870076848194,5,2.02870076848194,52.02046528894061,10.417316122595366,37,25602.73990264847,25665.177684060007,experiment,FIFO,0.28,0,variant_4
7275,INSPECTION_2_1,INSPECTION_2_1_LINE,25655.440274932906,0.6799069954940933,6,0.6799069954940933,52.70037228443471,9.737409127101273,39,25602.73990264847,25665.177684060007,experiment,FIFO,0.28,0,variant_4
7275,INSPECTION_2_2,INSPECTION_2_2_LINE,25656.31487129168,0.8745963587753067,7,0.8745963587753067,53.57496864321001,8.862812768325966,39,25602.73990264847,25665.177684060007,experiment,FIFO,0.28,0,variant_4
7275,INSPECTION_2_3,INSPECTION_2_3_LINE,25656.69027711448,0.3754058228005306,8,0.3754058228005306,53.950374466010544,8.487406945525436,39,25602.73990264847,25665.177684060007,experiment,FIFO,0.28,0,variant_4
7275,INSPECTION_2_4,INSPECTION_2_4_LINE,25658.82035887989,2.1300817654082493,9,2.1300817654082493,56.08045623141879,6.357325180117186,41,25602.73990264847,25665.177684060007,experiment,FIFO,0.28,0,variant_4
7275,INSPECTION_2_5,INSPECTION_2_5_LINE,25659.612683783027,0.7923249031373416,10,0.7923249031373416,56.872781134556135,5.565000276979845,42,25602.73990264847,25665.177684060007,experiment,FIFO,0.28,0,variant_4
7275,INSPECTION_2_6,INSPECTION_2_6_LINE,25663.95707367013,4.344389887104626,11,4.344389887104626,61.21717102166076,1.220610389875219,42,25602.73990264847,25665.177684060007,experiment,FIFO,0.28,0,variant_4
7275,INSPECTION_2_7,INSPECTION_2_7_LINE,25665.177684060007,1.220610389875219,12,1.220610389875219,62.43778141153598,0.0,41,25602.73990264847,25665.177684060007,experiment,FIFO,0.28,0,variant_4
7276,MOULDING_2,MOULDING_MACHINE_2,25606.1879096397,3.448006991227885,1,0.0,0.0,232.47416680124297,37,25606.1879096397,25838.66207644094,experiment,FIFO,0.28,0,variant_6
7276,ASSEMBLY_1_1,LINE_1_ASSEMBLY1,25636.800209748377,11.004932757834467,2,30.612300108678028,30.612300108678028,201.86186669256494,36,25606.1879096397,25838.66207644094,experiment,FIFO,0.28,0,variant_6
7276,ASSEMBLY_2_1,ASSEMBLY2_LINE_1,25788.371065675063,6.9832097318721935,3,151.5708559266859,182.18315603536394,50.29101076587904,60,25606.1879096397,25838.66207644094,experiment,FIFO,0.28,0,variant_6
7276,SORTING,SORTING_ROBOT_1,25811.10848157565,4.012675089077675,4,22.73741590058853,204.92057193595247,27.553594865290506,59,25606.1879096397,25838.66207644094,experiment,FIFO,0.28,0,variant_6
7276,PACKAGING_3,PACKAGING_LINE_3,25814.1394112974,3.030929721749999,5,3.030929721749999,207.95150165770247,24.522665143540507,58,25606.1879096397,25838.66207644094,experiment,FIFO,0.28,0,variant_6
7276,INSPECTION_1_1,INSPECTION_1_1_LINE,25822.44170252158,2.3104266090995225,6,8.302291224179498,216.25379288188196,16.22037391936101,55,25606.1879096397,25838.66207644094,experiment,FIFO,0.28,0,variant_6
7276,INSPECTION_1_2,INSPECTION_1_2_LINE,25824.21908032721,0.7067033685052593,7,1.7773778056289302,218.0311706875109,14.442996113732079,55,25606.1879096397,25838.66207644094,experiment,FIFO,0.28,0,variant_6
7276,INSPECTION_1_3,INSPECTION_1_3_LINE,25829.2134012943,0.3932368678106286,8,4.994320967089152,223.02549165460005,9.448675146642927,54,25606.1879096397,25838.66207644094,experiment,FIFO,0.28,0,variant_6
7276,INSPECTION_1_4,INSPECTION_1_4_LINE,25833.15122371901,2.062776755010418,9,3.937822424712067,226.9633140793121,5.51085272193086,55,25606.1879096397,25838.66207644094,experiment,FIFO,0.28,0,variant_6
7276,INSPECTION_1_5,INSPECTION_1_5_LINE,25833.79852075014,0.6472970311297104,10,0.6472970311297104,227.61061111044182,4.8635556908011495,54,25606.1879096397,25838.66207644094,experiment,FIFO,0.28,0,variant_6
7276,INSPECTION_1_6,INSPECTION_1_6_LINE,25834.789853987502,0.8736011915971176,11,0.9913332373616868,228.6019443478035,3.8722224534394627,54,25606.1879096397,25838.66207644094,experiment,FIFO,0.28,0,variant_6
7276,INSPECTION_1_7,INSPECTION_1_7_LINE,25838.66207644094,3.0109647324788966,12,3.8722224534394627,232.47416680124297,0.0,53,25606.1879096397,25838.66207644094,experiment,FIFO,0.28,0,variant_6
7277,MOULDING_4,MOULDING_MACHINE_4,25602.36429003132,9.784364703460597,1,0.0,0.0,81.9384839811064,33,25602.36429003132,25684.302774012427,experiment,FIFO,0.28,0,variant_2
7277,ASSEMBLY_1_3,LINE_3_ASSEMBLY1,25629.193683105143,6.945886445915676,2,26.829393073821848,26.829393073821848,55.10909090728455,37,25602.36429003132,25684.302774012427,experiment,FIFO,0.28,0,variant_2
7277,ASSEMBLY_2_2,ASSEMBLY2_LINE_2,25651.177444903027,0.7804718267580029,3,21.983761797884654,48.8131548717065,33.1253291093999,37,25602.36429003132,25684.302774012427,experiment,FIFO,0.28,0,variant_2
7277,SORTING,SORTING_ROBOT_1,25660.96968362793,5.49429081528433,4,9.792238724901836,58.60539359660834,23.333090384498064,43,25602.36429003132,25684.302774012427,experiment,FIFO,0.28,0,variant_2
7277,PACKAGING_3,PACKAGING_LINE_3,25670.4558710767,9.486187448772398,5,9.486187448772398,68.09158104538074,13.846902935725666,43,25602.36429003132,25684.302774012427,experiment,FIFO,0.28,0,variant_2
7277,INSPECTION_1_1,INSPECTION_1_1_LINE,25670.80487021149,0.3489991347887553,6,0.3489991347887553,68.44058018016949,13.49790380093691,43,25602.36429003132,25684.302774012427,experiment,FIFO,0.28,0,variant_2
7277,INSPECTION_1_2,INSPECTION_1_2_LINE,25676.701634550125,5.896764338634966,7,5.896764338634966,74.33734451880446,7.601139462301944,44,25602.36429003132,25684.302774012427,experiment,FIFO,0.28,0,variant_2
7277,INSPECTION_1_3,INSPECTION_1_3_LINE,25677.802730811,1.1010962608743284,8,1.1010962608743284,75.43844077967879,6.500043201427616,45,25602.36429003132,25684.302774012427,experiment,FIFO,0.28,0,variant_2
7277,INSPECTION_1_4,INSPECTION_1_4_LINE,25681.737648122755,3.934917311755271,9,3.934917311755271,79.37335809143406,2.565125889672345,46,25602.36429003132,25684.302774012427,experiment,FIFO,0.28,0,variant_2
7277,INSPECTION_1_5,INSPECTION_1_5_LINE,25682.41117676912,0.6735286463663215,10,0.6735286463663215,80.04688673780038,1.8915972433060233,46,25602.36429003132,25684.302774012427,experiment,FIFO,0.28,0,variant_2
7277,INSPECTION_1_6,INSPECTION_1_6_LINE,25682.95319113348,0.5420143643605115,11,0.5420143643605115,80.58890110216089,1.3495828789455118,46,25602.36429003132,25684.302774012427,experiment,FIFO,0.28,0,variant_2
7277,INSPECTION_1_7,INSPECTION_1_7_LINE,25684.302774012427,1.3495828789455118,12,1.3495828789455118,81.9384839811064,0.0,47,25602.36429003132,25684.302774012427,experiment,FIFO,0.28,0,variant_2
7278,MOULDING_1,MOULDING_MACHINE_1,25605.13432802909,10.96381622660192,1,0.0,0.0,233.72792601442052,35,25605.13432802909,25838.86225404351,experiment,FIFO,0.28,0,variant_4
7278,ASSEMBLY_1_4,LINE_4_ASSEMBLY1,25627.946239732733,10.244747802415077,2,22.811911703644,22.811911703644,210.91601431077652,37,25605.13432802909,25838.86225404351,experiment,FIFO,0.28,0,variant_4
7278,ASSEMBLY_2_1,ASSEMBLY2_LINE_1,25779.87141062337,0.499045883105282,3,151.92517089063767,174.73708259428167,58.990843420138845,62,25605.13432802909,25838.86225404351,experiment,FIFO,0.28,0,variant_4
7278,SORTING,SORTING_ROBOT_1,25805.775376098343,1.582599690907955,4,25.90396547497221,200.64104806925388,33.086877945166634,58,25605.13432802909,25838.86225404351,experiment,FIFO,0.28,0,variant_4
7278,PACKAGING_3,PACKAGING_LINE_3,25808.60249561887,0.0411068736721063,5,2.8271195205270487,203.46816758978093,30.259758424639585,59,25605.13432802909,25838.86225404351,experiment,FIFO,0.28,0,variant_4
7278,INSPECTION_1_1,INSPECTION_1_1_LINE,25819.57641549716,0.2807854938109813,6,10.973919878288143,214.44208746806908,19.285838546351442,57,25605.13432802909,25838.86225404351,experiment,FIFO,0.28,0,variant_4
7278,INSPECTION_1_2,INSPECTION_1_2_LINE,25820.225821260246,0.5939535687248281,7,0.6494057630879979,215.09149323115707,18.636432783263444,56,25605.13432802909,25838.86225404351,experiment,FIFO,0.28,0,variant_4
7278,INSPECTION_1_3,INSPECTION_1_3_LINE,25827.90071710761,1.2150004315190017,8,7.674895847361768,222.76638907851884,10.961536935901677,54,25605.13432802909,25838.86225404351,experiment,FIFO,0.28,0,variant_4
7278,INSPECTION_1_4,INSPECTION_1_4_LINE,25829.78462576583,0.11152998916440993,9,1.8839086582229356,224.65029773674178,9.077628277678741,54,25605.13432802909,25838.86225404351,experiment,FIFO,0.28,0,variant_4
7278,INSPECTION_1_5,INSPECTION_1_5_LINE,25831.380754291185,0.12459036651125643,10,1.5961285253542883,226.24642626209607,7.481499752324453,53,25605.13432802909,25838.86225404351,experiment,FIFO,0.28,0,variant_4
7278,INSPECTION_1_6,INSPECTION_1_6_LINE,25833.04778720122,0.12538902552842046,11,1.6670329100343224,227.9134591721304,5.81446684229013,55,25605.13432802909,25838.86225404351,experiment,FIFO,0.28,0,variant_4
7278,INSPECTION_1_7,INSPECTION_1_7_LINE,25834.99689072523,1.518884181688918,12,1.9491035240098427,229.86256269614023,3.865363318280288,54,25605.13432802909,25838.86225404351,experiment,FIFO,0.28,0,variant_4
7278,INSPECTION_1_7,INSPECTION_1_7_LINE,25838.86225404351,0.20017760256814654,13,3.865363318280288,233.72792601442052,0.0,52,25605.13432802909,25838.86225404351,experiment,FIFO,0.28,0,variant_4
7279,MOULDING_5,MOULDING_MACHINE_5,25599.575795450983,0.4487089973335969,1,0.0,0.0,220.29191980719042,32,25599.575795450983,25819.867715258173,experiment,FIFO,0.28,0,variant_1
7279,ASSEMBLY_1_1,LINE_1_ASSEMBLY1,25623.675998879226,5.935311550310871,2,24.10020342824282,24.10020342824282,196.1917163789476,37,25599.575795450983,25819.867715258173,experiment,FIFO,0.28,0,variant_1
7279,ASSEMBLY_2_1,ASSEMBLY2_LINE_1,25772.63272717465,6.540859544220439,3,148.9567282954231,173.0569317236659,47.23498808352451,59,25599.575795450983,25819.867715258173,experiment,FIFO,0.28,0,variant_1
7279,SORTING,SORTING_ROBOT_1,25802.384107001915,4.383166252711817,4,29.751379827266646,202.80831155093256,17.483608256257867,58,25599.575795450983,25819.867715258173,experiment,FIFO,0.28,0,variant_1
7279,PACKAGING_1,PACKAGING_LINE_1,25809.275675047887,6.891568045972235,5,6.891568045972235,209.6998795969048,10.592040210285631,59,25599.575795450983,25819.867715258173,experiment,FIFO,0.28,0,variant_1
7279,INSPECTION_2_1,INSPECTION_2_1_LINE,25810.478407434934,1.202732387046126,6,1.202732387046126,210.90261198395092,9.389307823239506,59,25599.575795450983,25819.867715258173,experiment,FIFO,0.28,0,variant_1
7279,INSPECTION_2_2,INSPECTION_2_2_LINE,25813.5542189566,1.3402332330551872,7,3.0758115216667647,213.97842350561768,6.313496301572741,58,25599.575795450983,25819.867715258173,experiment,FIFO,0.28,0,variant_1
7279,INSPECTION_2_3,INSPECTION_2_3_LINE,25814.106904653127,0.3129512411178439,8,0.5526856965261686,214.53110920214385,5.760810605046572,58,25599.575795450983,25819.867715258173,experiment,FIFO,0.28,0,variant_1
7279,INSPECTION_2_4,INSPECTION_2_4_LINE,25814.97717878643,0.8702741333036101,9,0.8702741333036101,215.40138333544746,4.890536471742962,58,25599.575795450983,25819.867715258173,experiment,FIFO,0.28,0,variant_1
7279,INSPECTION_2_5,INSPECTION_2_5_LINE,25817.819152969463,1.9949157046939945,10,2.8419741830330167,218.24335751848048,2.0485622887099453,59,25599.575795450983,25819.867715258173,experiment,FIFO,0.28,0,variant_1
7279,INSPECTION_2_6,INSPECTION_2_6_LINE,25819.42574459991,1.6065916304469283,11,1.6065916304469283,219.8499491489274,0.44197065826301696,57,25599.575795450983,25819.867715258173,experiment,FIFO,0.28,0,variant_1
7279,INSPECTION_2_7,INSPECTION_2_7_LINE,25819.867715258173,0.44197065826301696,12,0.44197065826301696,220.29191980719042,0.0,56,25599.575795450983,25819.867715258173,experiment,FIFO,0.28,0,variant_1
7280,MOULDING_1,MOULDING_MACHINE_1,25606.25931215412,0.5742595817137044,1,0.0,0.0,55.7235820146052,38,25606.25931215412,25661.982894168726,experiment,FIFO,0.28,0,variant_5
7280,ASSEMBLY_1_4,LINE_4_ASSEMBLY1,25628.74288416836,0.796644435627968,2,22.483572014240053,22.483572014240053,33.240010000365146,37,25606.25931215412,25661.982894168726,experiment,FIFO,0.28,0,variant_5
7280,ASSEMBLY_2_2,ASSEMBLY2_LINE_2,25650.39697307627,3.670060223299515,3,21.654088907907862,44.137660922147916,11.585921092457284,37,25606.25931215412,25661.982894168726,experiment,FIFO,0.28,0,variant_5
7280,SORTING,SORTING_ROBOT_1,25655.475392812645,2.743725643715152,4,5.078419736375508,49.216080658523424,6.507501356081775,39,25606.25931215412,25661.982894168726,experiment,FIFO,0.28,0,variant_5
7280,PACKAGING_3,PACKAGING_LINE_3,25657.6815863734,2.206193560756219,5,2.206193560756219,51.42227421927964,4.301307795325556,39,25606.25931215412,25661.982894168726,experiment,FIFO,0.28,0,variant_5
7280,INSPECTION_1_1,INSPECTION_1_1_LINE,25658.28206828687,0.6004819134686841,6,0.6004819134686841,52.02275613274833,3.700825881856872,41,25606.25931215412,25661.982894168726,experiment,FIFO,0.28,0,variant_5
7280,INSPECTION_1_2,INSPECTION_1_2_LINE,25658.7040540225,0.42198573562927777,7,0.42198573562927777,52.444741868377605,3.2788401462275942,41,25606.25931215412,25661.982894168726,experiment,FIFO,0.28,0,variant_5
7280,INSPECTION_1_3,INSPECTION_1_3_LINE,25659.38396963314,0.6799156106426381,8,0.6799156106426381,53.12465747902024,2.598924535584956,42,25606.25931215412,25661.982894168726,experiment,FIFO,0.28,0,variant_5
7280,INSPECTION_1_4,INSPECTION_1_4_LINE,25659.94371444993,0.5597448167900438,9,0.5597448167900438,53.68440229581029,2.0391797187949123,42,25606.25931215412,25661.982894168726,experiment,FIFO,0.28,0,variant_5
7280,INSPECTION_1_5,INSPECTION_1_5_LINE,25660.088796897595,0.1450824476632988,10,0.1450824476632988,53.829484743473586,1.8940972711316135,42,25606.25931215412,25661.982894168726,experiment,FIFO,0.28,0,variant_5
7280,INSPECTION_1_6,INSPECTION_1_6_LINE,25660.416316988143,0.3275200905482052,11,0.3275200905482052,54.15700483402179,1.5665771805834083,42,25606.25931215412,25661.982894168726,experiment,FIFO,0.28,0,variant_5
7280,INSPECTION_1_7,INSPECTION_1_7_LINE,25661.982894168726,1.5665771805834083,12,1.5665771805834083,55.7235820146052,0.0,42,25606.25931215412,25661.982894168726,experiment,FIFO,0.28,0,variant_5
7281,MOULDING_4,MOULDING_MACHINE_4,25606.033116827595,0.06364818472866318,1,0.0,0.0,215.95805797989306,36,25606.033116827595,25821.99117480749,experiment,FIFO,0.28,0,variant_6
7281,ASSEMBLY_1_2,LINE_2_ASSEMBLY1,25631.309642688702,17.29346923336925,2,25.276525861107075,25.276525861107075,190.68153211878598,39,25606.033116827595,25821.99117480749,experiment,FIFO,0.28,0,variant_6
7281,ASSEMBLY_2_1,ASSEMBLY2_LINE_1,25781.38785594319,1.5164453198194678,3,150.07821325448822,175.3547391155953,40.60331886429776,60,25606.033116827595,25821.99117480749,experiment,FIFO,0.28,0,variant_6
7281,SORTING,SORTING_ROBOT_1,25807.095806486574,1.1863766336282424,4,25.70795054338305,201.06268965897834,14.895368320914713,58,25606.033116827595,25821.99117480749,experiment,FIFO,0.28,0,variant_6
7281,PACKAGING_1,PACKAGING_LINE_1,25813.0660200907,3.0708912109148514,5,5.970213604126911,207.03290326310525,8.925154716787802,58,25606.033116827595,25821.99117480749,experiment,FIFO,0.28,0,variant_6
7281,INSPECTION_2_1,INSPECTION_2_1_LINE,25813.39090879503,0.3248887043300783,6,0.3248887043300783,207.35779196743533,8.600266012457723,58,25606.033116827595,25821.99117480749,experiment,FIFO,0.28,0,variant_6
7281,INSPECTION_2_2,INSPECTION_2_2_LINE,25817.298426658406,3.7442077018058626,7,3.9075178633756877,211.26530983081102,4.6927481490820355,59,25606.033116827595,25821.99117480749,experiment,FIFO,0.28,0,variant_6
7281,INSPECTION_2_3,INSPECTION_2_3_LINE,25817.55006684656,0.2516401881548518,8,0.2516401881548518,211.51695001896587,4.441107960927184,59,25606.033116827595,25821.99117480749,experiment,FIFO,0.28,0,variant_6
7281,INSPECTION_2_4,INSPECTION_2_4_LINE,25819.489989314,1.9399224674380093,9,1.9399224674380093,213.45687248640388,2.5011854934891744,57,25606.033116827595,25821.99117480749,experiment,FIFO,0.28,0,variant_6
7281,INSPECTION_2_5,INSPECTION_2_5_LINE,25819.563778997755,0.07378968375633121,10,0.07378968375633121,213.5306621701602,2.427395809732843,57,25606.033116827595,25821.99117480749,experiment,FIFO,0.28,0,variant_6
7281,INSPECTION_2_6,INSPECTION_2_6_LINE,25820.788447163883,1.2246681661272305,11,1.2246681661272305,214.75533033628744,1.2027276436056127,56,25606.033116827595,25821.99117480749,experiment,FIFO,0.28,0,variant_6
7281,INSPECTION_2_7,INSPECTION_2_7_LINE,25821.99117480749,1.2027276436056127,12,1.2027276436056127,215.95805797989306,0.0,55,25606.033116827595,25821.99117480749,experiment,FIFO,0.28,0,variant_6
7282,MOULDING_5,MOULDING_MACHINE_5,25609.246832122342,0.6412560072931228,1,0.0,0.0,76.04043615781848,38,25609.246832122342,25685.28726828016,experiment,FIFO,0.28,0,variant_1
7282,ASSEMBLY_1_2,LINE_2_ASSEMBLY1,25631.418747196127,0.1091045074244903,2,22.171915073784476,22.171915073784476,53.868521084034,39,25609.246832122342,25685.28726828016,experiment,FIFO,0.28,0,variant_1
7282,ASSEMBLY_1_2,LINE_2_ASSEMBLY1,25644.455599807123,6.904598813911434,3,13.036852610995993,35.20876768478047,40.83166847303801,35,25609.246832122342,25685.28726828016,experiment,FIFO,0.28,0,variant_1
7282,ASSEMBLY_2_2,ASSEMBLY2_LINE_2,25669.97076027203,6.572148414525145,4,25.51516046490724,60.72392814968771,15.316508008130768,43,25609.246832122342,25685.28726828016,experiment,FIFO,0.28,0,variant_1
7282,SORTING,SORTING_ROBOT_1,25670.811174779374,0.8404145073436666,5,0.8404145073436666,61.564342657031375,14.476093500787101,43,25609.246832122342,25685.28726828016,experiment,FIFO,0.28,0,variant_1
7282,PACKAGING_2,PACKAGING_LINE_2,25675.2510858124,4.439911033026874,6,4.439911033026874,66.00425369005825,10.036182467760227,44,25609.246832122342,25685.28726828016,experiment,FIFO,0.28,0,variant_1
7282,INSPECTION_1_1,INSPECTION_1_1_LINE,25675.56186983712,0.31078402472121525,7,0.31078402472121525,66.31503771477946,9.725398443039012,44,25609.246832122342,25685.28726828016,experiment,FIFO,0.28,0,variant_1
7282,INSPECTION_1_2,INSPECTION_1_2_LINE,25678.405334774856,1.70370022473071,8,2.8434649377340975,69.15850265251356,6.881933505304914,45,25609.246832122342,25685.28726828016,experiment,FIFO,0.28,0,variant_1
7282,INSPECTION_1_3,INSPECTION_1_3_LINE,25679.4146731513,1.0093383764433383,9,1.0093383764433383,70.1678410289569,5.872595128861576,46,25609.246832122342,25685.28726828016,experiment,FIFO,0.28,0,variant_1
7282,INSPECTION_1_4,INSPECTION_1_4_LINE,25682.62085620668,0.8832080839238188,10,3.2061830553793698,73.37402408433627,2.6664120734822063,46,25609.246832122342,25685.28726828016,experiment,FIFO,0.28,0,variant_1
7282,INSPECTION_1_5,INSPECTION_1_5_LINE,25683.55456002552,0.9337038188423321,11,0.9337038188423321,74.3077279031786,1.7327082546398742,47,25609.246832122342,25685.28726828016,experiment,FIFO,0.28,0,variant_1
7282,INSPECTION_1_6,INSPECTION_1_6_LINE,25685.094429053734,1.5398690282127063,12,1.5398690282127063,75.84759693139131,0.1928392264271679,47,25609.246832122342,25685.28726828016,experiment,FIFO,0.28,0,variant_1
7282,INSPECTION_1_7,INSPECTION_1_7_LINE,25685.28726828016,0.1928392264271679,13,0.1928392264271679,76.04043615781848,0.0,46,25609.246832122342,25685.28726828016,experiment,FIFO,0.28,0,variant_1
7283,MOULDING_4,MOULDING_MACHINE_4,25613.21335270901,4.264126326459518,1,0.0,0.0,247.36201879271903,40,25613.21335270901,25860.57537150173,experiment,FIFO,0.28,0,variant_5
7283,ASSEMBLY_1_4,LINE_4_ASSEMBLY1,25653.6594182078,24.916534039439284,2,40.44606549878881,40.44606549878881,206.91595329393022,37,25613.21335270901,25860.57537150173,experiment,FIFO,0.28,0,variant_5
7283,ASSEMBLY_2_1,ASSEMBLY2_LINE_1,25800.08158507627,5.117398807749851,3,146.4221668684695,186.86823236725832,60.49378642546071,58,25613.21335270901,25860.57537150173,experiment,FIFO,0.28,0,variant_5
7283,SORTING,SORTING_ROBOT_1,25836.653117224483,3.0530359734693775,4,36.57153214821301,223.43976451547132,23.922254277247703,54,25613.21335270901,25860.57537150173,experiment,FIFO,0.28,0,variant_5
7283,PACKAGING_3,PACKAGING_LINE_3,25846.58660266449,1.1093575432496436,5,9.933485440007644,233.37324995547897,13.988768837240059,53,25613.21335270901,25860.57537150173,experiment,FIFO,0.28,0,variant_5
7283,INSPECTION_2_1,INSPECTION_2_1_LINE,25847.474844368942,0.4861692755148397,6,0.8882417044515023,234.26149165993047,13.100527132788557,53,25613.21335270901,25860.57537150173,experiment,FIFO,0.28,0,variant_5
7283,INSPECTION_2_2,INSPECTION_2_2_LINE,25851.536843795704,0.5650332104232803,7,4.0619994267617585,238.32349108669223,9.038527706026798,52,25613.21335270901,25860.57537150173,experiment,FIFO,0.28,0,variant_5
7283,INSPECTION_2_3,INSPECTION_2_3_LINE,25853.855486915007,1.2251824768427468,8,2.3186431193025783,240.6421342059948,6.71988458672422,52,25613.21335270901,25860.57537150173,experiment,FIFO,0.28,0,variant_5
7283,INSPECTION_2_4,INSPECTION_2_4_LINE,25857.26009634344,0.25642054483978427,9,3.4046094284349238,244.04674363442973,3.315275158289296,52,25613.21335270901,25860.57537150173,experiment,FIFO,0.28,0,variant_5
7283,INSPECTION_2_5,INSPECTION_2_5_LINE,25857.27405164444,0.013955300997622544,10,0.013955300997622544,244.06069893542735,3.3013198572916735,52,25613.21335270901,25860.57537150173,experiment,FIFO,0.28,0,variant_5
7283,INSPECTION_2_6,INSPECTION_2_6_LINE,25859.61091984659,1.1381977101300436,11,2.3368682021500717,246.39756713757743,0.9644516551416018,50,25613.21335270901,25860.57537150173,experiment,FIFO,0.28,0,variant_5
7283,INSPECTION_2_7,INSPECTION_2_7_LINE,25860.57537150173,0.9644516551416018,12,0.9644516551416018,247.36201879271903,0.0,49,25613.21335270901,25860.57537150173,experiment,FIFO,0.28,0,variant_5
7284,MOULDING_3,MOULDING_MACHINE_3,25612.57472416544,2.586233418471238,1,0.0,0.0,60.273878917028924,39,25612.57472416544,25672.848603082468,experiment,FIFO,0.28,0,variant_6
7284,ASSEMBLY_1_1,LINE_1_ASSEMBLY1,25642.69347804613,5.893268297753821,2,30.118753880691656,30.118753880691656,30.155125036337267,35,25612.57472416544,25672.848603082468,experiment,FIFO,0.28,0,variant_6
7284,ASSEMBLY_2_2,ASSEMBLY2_LINE_2,25663.398611857505,2.5031157432022155,3,20.705133811374253,50.82388769206591,9.449991224963014,42,25612.57472416544,25672.848603082468,experiment,FIFO,0.28,0,variant_6
7284,SORTING,SORTING_ROBOT_1,25663.83224359296,0.4336317354536732,4,0.4336317354536732,51.25751942751958,9.016359489509341,42,25612.57472416544,25672.848603082468,experiment,FIFO,0.28,0,variant_6
7284,PACKAGING_2,PACKAGING_LINE_2,25665.509165856765,1.6769222638067731,5,1.6769222638067731,52.934441691326356,7.339437225702568,41,25612.57472416544,25672.848603082468,experiment,FIFO,0.28,0,variant_6
7284,INSPECTION_2_1,INSPECTION_2_1_LINE,25665.93338611357,0.42422025680571096,6,0.42422025680571096,53.35866194813207,6.915216968896857,42,25612.57472416544,25672.848603082468,experiment,FIFO,0.28,0,variant_6
7284,INSPECTION_2_2,INSPECTION_2_2_LINE,25666.5887799674,0.6553938538272632,7,0.6553938538272632,54.01405580195933,6.259823115069594,42,25612.57472416544,25672.848603082468,experiment,FIFO,0.28,0,variant_6
7284,INSPECTION_2_3,INSPECTION_2_3_LINE,25667.45302860212,0.8642486347234808,8,0.8642486347234808,54.87830443668281,5.395574480346113,42,25612.57472416544,25672.848603082468,experiment,FIFO,0.28,0,variant_6
7284,INSPECTION_2_4,INSPECTION_2_4_LINE,25669.48642306825,2.0333944661288115,9,2.0333944661288115,56.91169890281162,3.3621800142173015,43,25612.57472416544,25672.848603082468,experiment,FIFO,0.28,0,variant_6
7284,INSPECTION_2_5,INSPECTION_2_5_LINE,25671.5252052598,2.0387821915501263,10,2.0387821915501263,58.95048109436175,1.3233978226671752,43,25612.57472416544,25672.848603082468,experiment,FIFO,0.28,0,variant_6
7284,INSPECTION_2_6,INSPECTION_2_6_LINE,25672.25966862596,0.7344633661596163,11,0.7344633661596163,59.684944460521365,0.5889344565075589,43,25612.57472416544,25672.848603082468,experiment,FIFO,0.28,0,variant_6
7284,INSPECTION_2_7,INSPECTION_2_7_LINE,25672.848603082468,0.5889344565075589,12,0.5889344565075589,60.273878917028924,0.0,43,25612.57472416544,25672.848603082468,experiment,FIFO,0.28,0,variant_6
7285,MOULDING_5,MOULDING_MACHINE_5,25619.701420301422,8.47574742757206,1,0.0,0.0,215.94969140704052,39,25619.701420301422,25835.651111708463,experiment,FIFO,0.28,0,variant_6
7285,ASSEMBLY_1_5,LINE_5_ASSEMBLY1,25626.02096595528,6.319545653856039,2,6.319545653856039,6.319545653856039,209.63014575318448,38,25619.701420301422,25835.651111708463,experiment,FIFO,0.28,0,variant_6
7285,ASSEMBLY_2_1,ASSEMBLY2_LINE_1,25779.372364740266,6.7396375656171585,3,153.3513987849874,159.67094443884343,56.27874696819708,62,25619.701420301422,25835.651111708463,experiment,FIFO,0.28,0,variant_6
7285,SORTING,SORTING_ROBOT_1,25804.192776407435,1.5465191672265064,4,24.820411667169537,184.49135610601297,31.458335301027546,58,25619.701420301422,25835.651111708463,experiment,FIFO,0.28,0,variant_6
7285,PACKAGING_1,PACKAGING_LINE_1,25809.995128879786,0.7194538318981358,5,5.8023524723503215,190.2937085783633,25.655982828677224,59,25619.701420301422,25835.651111708463,experiment,FIFO,0.28,0,variant_6
7285,INSPECTION_1_1,INSPECTION_1_1_LINE,25820.13127591248,0.04064531362746493,6,10.13614703269559,200.42985561105888,15.519835795981635,56,25619.701420301422,25835.651111708463,experiment,FIFO,0.28,0,variant_6
7285,INSPECTION_1_2,INSPECTION_1_2_LINE,25823.512376958704,0.3111245350301033,7,3.3811010462231934,203.81095665728208,12.138734749758441,55,25619.701420301422,25835.651111708463,experiment,FIFO,0.28,0,variant_6
7285,INSPECTION_1_3,INSPECTION_1_3_LINE,25828.82016442649,0.13170872362388764,8,5.307787467783783,209.11874412506586,6.830947281974659,54,25619.701420301422,25835.651111708463,experiment,FIFO,0.28,0,variant_6
7285,INSPECTION_1_4,INSPECTION_1_4_LINE,25831.088446964,0.16777667969290633,9,2.2682825375122775,211.38702666257814,4.562664744462381,53,25619.701420301422,25835.651111708463,experiment,FIFO,0.28,0,variant_6
7285,INSPECTION_1_5,INSPECTION_1_5_LINE,25831.97285397596,0.5543005214130972,10,0.8844070119594107,212.27143367453755,3.6782577325029706,53,25619.701420301422,25835.651111708463,experiment,FIFO,0.28,0,variant_6
7285,INSPECTION_1_6,INSPECTION_1_6_LINE,25833.916252795905,0.20017176751571242,11,1.943398819945287,214.21483249448283,1.7348589125576837,54,25619.701420301422,25835.651111708463,experiment,FIFO,0.28,0,variant_6
7285,INSPECTION_1_7,INSPECTION_1_7_LINE,25835.651111708463,0.43895153439370915,12,1.7348589125576837,215.94969140704052,0.0,54,25619.701420301422,25835.651111708463,experiment,FIFO,0.28,0,variant_6
7286,MOULDING_1,MOULDING_MACHINE_1,25618.429841823883,3.4130428517346445,1,0.0,0.0,96.67918076846036,39,25618.429841823883,25715.109022592344,experiment,FIFO,0.28,0,variant_2
7286,ASSEMBLY_1_3,LINE_3_ASSEMBLY1,25673.91457956788,44.72089646273889,2,55.48473774399827,55.48473774399827,41.19444302446209,43,25618.429841823883,25715.109022592344,experiment,FIFO,0.28,0,variant_2
7286,ASSEMBLY_2_2,ASSEMBLY2_LINE_2,25692.40453938062,6.121823663019313,3,18.489959812737652,73.97469755673592,22.704483211724437,46,25618.429841823883,25715.109022592344,experiment,FIFO,0.28,0,variant_2
7286,SORTING,SORTING_ROBOT_1,25709.71709372099,1.4591814176201297,4,17.31255434036939,91.2872518971053,5.391928871355049,47,25618.429841823883,25715.109022592344,experiment,FIFO,0.28,0,variant_2
7286,PACKAGING_3,PACKAGING_LINE_3,25711.17715998644,1.460066265452042,5,1.460066265452042,92.74731816255735,3.9318626059030066,47,25618.429841823883,25715.109022592344,experiment,FIFO,0.28,0,variant_2
7286,INSPECTION_1_1,INSPECTION_1_1_LINE,25712.25869696192,1.0815369754782296,6,1.0815369754782296,93.82885513803558,2.850325630424777,47,25618.429841823883,25715.109022592344,experiment,FIFO,0.28,0,variant_2
7286,INSPECTION_1_2,INSPECTION_1_2_LINE,25713.39230087969,1.1336039177695056,7,1.1336039177695056,94.96245905580508,1.7167217126552714,48,25618.429841823883,25715.109022592344,experiment,FIFO,0.28,0,variant_2
7286,INSPECTION_1_3,INSPECTION_1_3_LINE,25713.477668514428,0.08536763473966857,8,0.08536763473966857,95.04782669054475,1.6313540779156028,48,25618.429841823883,25715.109022592344,experiment,FIFO,0.28,0,variant_2
7286,INSPECTION_1_4,INSPECTION_1_4_LINE,25713.589525188847,0.1118566744189593,9,0.1118566744189593,95.15968336496371,1.5194974034966435,48,25618.429841823883,25715.109022592344,experiment,FIFO,0.28,0,variant_2
7286,INSPECTION_1_5,INSPECTION_1_5_LINE,25714.43220020713,0.8426750182843534,10,0.8426750182843534,96.00235838324807,0.6768223852122901,49,25618.429841823883,25715.109022592344,experiment,FIFO,0.28,0,variant_2
7286,INSPECTION_1_6,INSPECTION_1_6_LINE,25714.4635604746,0.03136026746869902,11,0.03136026746869902,96.03371865071676,0.6454621177435911,49,25618.429841823883,25715.109022592344,experiment,FIFO,0.28,0,variant_2
7286,INSPECTION_1_7,INSPECTION_1_7_LINE,25715.109022592344,0.6454621177435911,12,0.6454621177435911,96.67918076846036,0.0,48,25618.429841823883,25715.109022592344,experiment,FIFO,0.28,0,variant_2
7287,MOULDING_1,MOULDING_MACHINE_1,25623.77933597199,5.349494148107624,1,0.0,0.0,44.80099689956114,38,25623.77933597199,25668.580332871552,experiment,FIFO,0.28,0,variant_2
7287,ASSEMBLY_1_2,LINE_2_ASSEMBLY1,25637.55100099321,6.132253797084559,2,13.771665021220542,13.771665021220542,31.0293318783406,36,25623.77933597199,25668.580332871552,experiment,FIFO,0.28,0,variant_2
7287,ASSEMBLY_2_2,ASSEMBLY2_LINE_2,25660.895496114303,3.7151719573666924,3,23.344495121091313,37.116160142311855,7.684836757249286,43,25623.77933597199,25668.580332871552,experiment,FIFO,0.28,0,variant_2
7287,SORTING,SORTING_ROBOT_1,25662.65852742012,0.8867130261314742,4,1.7630313058180036,38.87919144812986,5.921805451431283,42,25623.77933597199,25668.580332871552,experiment,FIFO,0.28,0,variant_2
7287,PACKAGING_1,PACKAGING_LINE_1,25664.779120109928,2.1205926898073812,5,2.1205926898073812,40.99978413793724,3.8012127616239013,42,25623.77933597199,25668.580332871552,experiment,FIFO,0.28,0,variant_2
7287,INSPECTION_1_1,INSPECTION_1_1_LINE,25664.948002678608,0.16888256867969176,6,0.16888256867969176,41.16866670661693,3.6323301929442096,42,25623.77933597199,25668.580332871552,experiment,FIFO,0.28,0,variant_2
7287,INSPECTION_1_2,INSPECTION_1_2_LINE,25666.20719612641,1.2591934478004987,7,1.2591934478004987,42.42786015441743,2.373136745143711,42,25623.77933597199,25668.580332871552,experiment,FIFO,0.28,0,variant_2
7287,INSPECTION_1_3,INSPECTION_1_3_LINE,25666.48001707757,0.27282095116243,8,0.27282095116243,42.70068110557986,2.100315793981281,42,25623.77933597199,25668.580332871552,experiment,FIFO,0.28,0,variant_2
7287,INSPECTION_1_4,INSPECTION_1_4_LINE,25667.058915283123,0.5788982055528322,9,0.5788982055528322,43.27957931113269,1.5214175884284487,42,25623.77933597199,25668.580332871552,experiment,FIFO,0.28,0,variant_2
7287,INSPECTION_1_5,INSPECTION_1_5_LINE,25667.708276454097,0.6493611709738616,10,0.6493611709738616,43.928940482106555,0.8720564174545871,43,25623.77933597199,25668.580332871552,experiment,FIFO,0.28,0,variant_2
7287,INSPECTION_1_6,INSPECTION_1_6_LINE,25668.26290748469,0.5546310305908264,11,0.5546310305908264,44.48357151269738,0.31742538686376065,43,25623.77933597199,25668.580332871552,experiment,FIFO,0.28,0,variant_2
7287,INSPECTION_1_7,INSPECTION_1_7_LINE,25668.580332871552,0.31742538686376065,12,0.31742538686376065,44.80099689956114,0.0,43,25623.77933597199,25668.580332871552,experiment,FIFO,0.28,0,variant_2
7288,MOULDING_4,MOULDING_MACHINE_4,25622.27874469243,0.4780067900319409,1,0.0,0.0,251.75361036429967,37,25622.27874469243,25874.03235505673,experiment,FIFO,0.28,0,variant_6
7288,ASSEMBLY_1_3,LINE_3_ASSEMBLY1,25707.555123154783,33.64054358690191,2,85.27637846235302,85.27637846235302,166.47723190194665,44,25622.27874469243,25874.03235505673,experiment,FIFO,0.28,0,variant_6
7288,ASSEMBLY_2_1,ASSEMBLY2_LINE_1,25840.104334283456,6.579986022752564,3,132.54921112867305,217.82558959102607,33.9280207732736,52,25622.27874469243,25874.03235505673,experiment,FIFO,0.28,0,variant_6
7288,SORTING,SORTING_ROBOT_1,25867.22971769096,2.7449166766637063,4,27.12538340750325,244.95097299852932,6.802637365770352,52,25622.27874469243,25874.03235505673,experiment,FIFO,0.28,0,variant_6
7288,PACKAGING_3,PACKAGING_LINE_3,25869.59317480064,2.363457109680894,5,2.363457109680894,247.31443010821022,4.4391802560894575,52,25622.27874469243,25874.03235505673,experiment,FIFO,0.28,0,variant_6
7288,INSPECTION_2_1,INSPECTION_2_1_LINE,25871.105628294943,1.5124534943024628,6,1.5124534943024628,248.82688360251268,2.9267267617869948,51,25622.27874469243,25874.03235505673,experiment,FIFO,0.28,0,variant_6
7288,INSPECTION_2_2,INSPECTION_2_2_LINE,25871.52005967995,0.4144313850083563,7,0.4144313850083563,249.24131498752104,2.5122953767786385,51,25622.27874469243,25874.03235505673,experiment,FIFO,0.28,0,variant_6
7288,INSPECTION_2_3,INSPECTION_2_3_LINE,25872.07966326448,0.559603584530123,8,0.559603584530123,249.80091857205116,1.9526917922485154,51,25622.27874469243,25874.03235505673,experiment,FIFO,0.28,0,variant_6
7288,INSPECTION_2_4,INSPECTION_2_4_LINE,25872.490743541308,0.4110802768263966,9,0.4110802768263966,250.21199884887756,1.5416115154221188,52,25622.27874469243,25874.03235505673,experiment,FIFO,0.28,0,variant_6
7288,INSPECTION_2_5,INSPECTION_2_5_LINE,25872.587242137608,0.09649859630007995,10,0.09649859630007995,250.30849744517764,1.4451129191220389,52,25622.27874469243,25874.03235505673,experiment,FIFO,0.28,0,variant_6
7288,INSPECTION_2_6,INSPECTION_2_6_LINE,25872.79625044781,0.2090083102011704,11,0.2090083102011704,250.5175057553788,1.2361046089208685,52,25622.27874469243,25874.03235505673,experiment,FIFO,0.28,0,variant_6
7288,INSPECTION_2_7,INSPECTION_2_7_LINE,25874.03235505673,1.2361046089208685,12,1.2361046089208685,251.75361036429967,0.0,52,25622.27874469243,25874.03235505673,experiment,FIFO,0.28,0,variant_6
7289,MOULDING_4,MOULDING_MACHINE_4,25624.087810761062,0.972773383702588,1,0.0,0.0,279.54567497318203,39,25624.087810761062,25903.633485734244,experiment,FIFO,0.28,0,variant_3
7289,ASSEMBLY_1_3,LINE_3_ASSEMBLY1,25708.83711298232,1.2819898275374726,2,84.7493022212584,84.7493022212584,194.79637275192363,47,25624.087810761062,25903.633485734244,experiment,FIFO,0.28,0,variant_3
7289,ASSEMBLY_2_1,ASSEMBLY2_LINE_1,25843.875616749603,3.7712824661466584,3,135.03850376728224,219.78780598854064,59.75786898464139,52,25624.087810761062,25903.633485734244,experiment,FIFO,0.28,0,variant_3
7289,SORTING,SORTING_ROBOT_1,25870.873307166294,0.5847376000056101,4,26.997690416690602,246.78549640523124,32.76017856795079,52,25624.087810761062,25903.633485734244,experiment,FIFO,0.28,0,variant_3
7289,PACKAGING_1,PACKAGING_LINE_1,25898.78348880216,3.125226716409088,5,27.910181635867048,274.6956780410983,4.849996932083741,49,25624.087810761062,25903.633485734244,experiment,FIFO,0.28,0,variant_3
7289,INSPECTION_2_1,INSPECTION_2_1_LINE,25899.69576223714,0.9122734349803068,6,0.9122734349803068,275.6079514760786,3.937723497103434,48,25624.087810761062,25903.633485734244,experiment,FIFO,0.28,0,variant_3
7289,INSPECTION_2_2,INSPECTION_2_2_LINE,25899.851300567258,0.15553833011654206,7,0.15553833011654206,275.76348980619514,3.782185166986892,47,25624.087810761062,25903.633485734244,experiment,FIFO,0.28,0,variant_3
7289,INSPECTION_2_3,INSPECTION_2_3_LINE,25900.342980669226,0.4916801019680861,8,0.4916801019680861,276.2551699081632,3.290505065018806,47,25624.087810761062,25903.633485734244,experiment,FIFO,0.28,0,variant_3
7289,INSPECTION_2_4,INSPECTION_2_4_LINE,25901.489228050184,1.1462473809588118,9,1.1462473809588118,277.40141728912204,2.144257684059994,47,25624.087810761062,25903.633485734244,experiment,FIFO,0.28,0,variant_3
7289,INSPECTION_2_5,INSPECTION_2_5_LINE,25902.224127913385,0.7348998632005532,10,0.7348998632005532,278.1363171523226,1.4093578208594408,47,25624.087810761062,25903.633485734244,experiment,FIFO,0.28,0,variant_3
7289,INSPECTION_2_6,INSPECTION_2_6_LINE,25903.161893734272,0.9377658208868525,11,0.9377658208868525,279.07408297320944,0.4715919999725884,47,25624.087810761062,25903.633485734244,experiment,FIFO,0.28,0,variant_3
7289,INSPECTION_2_7,INSPECTION_2_7_LINE,25903.633485734244,0.4715919999725884,12,0.4715919999725884,279.54567497318203,0.0,46,25624.087810761062,25903.633485734244,experiment,FIFO,0.28,0,variant_3
7290,MOULDING_4,MOULDING_MACHINE_4,25629.93400179045,2.447860538639361,1,0.0,0.0,61.368842252104514,38,25629.93400179045,25691.302844042555,experiment,FIFO,0.28,0,variant_4
7290,ASSEMBLY_1_5,LINE_5_ASSEMBLY1,25631.814500111013,1.880498320562765,2,1.880498320562765,1.880498320562765,59.48834393154175,39,25629.93400179045,25691.302844042555,experiment,FIFO,0.28,0,variant_4
7290,ASSEMBLY_2_2,ASSEMBLY2_LINE_2,25657.180324156936,6.002879253908759,3,25.365824045922636,27.2463223664854,34.12251988561911,39,25629.93400179045,25691.302844042555,experiment,FIFO,0.28,0,variant_4
7290,SORTING,SORTING_ROBOT_1,25661.77181439399,0.8021307660601451,4,4.591490237053222,31.837812603538623,29.53102964856589,43,25629.93400179045,25691.302844042555,experiment,FIFO,0.28,0,variant_4
7290,PACKAGING_3,PACKAGING_LINE_3,25682.391918560184,11.93604748348298,5,20.620104166195233,52.457916769733856,8.910925482370658,46,25629.93400179045,25691.302844042555,experiment,FIFO,0.28,0,variant_4
7290,INSPECTION_1_1,INSPECTION_1_1_LINE,25683.20455156612,0.8126330059349129,6,0.8126330059349129,53.27054977566877,8.098292476435745,47,25629.93400179045,25691.302844042555,experiment,FIFO,0.28,0,variant_4
7290,INSPECTION_1_2,INSPECTION_1_2_LINE,25685.617042655584,2.412491089464311,7,2.412491089464311,55.68304086513308,5.685801386971434,46,25629.93400179045,25691.302844042555,experiment,FIFO,0.28,0,variant_4
7290,INSPECTION_1_3,INSPECTION_1_3_LINE,25685.938872839342,0.3218301837587205,8,0.3218301837587205,56.0048710488918,5.363971203212714,46,25629.93400179045,25691.302844042555,experiment,FIFO,0.28,0,variant_4
7290,INSPECTION_1_4,INSPECTION_1_4_LINE,25686.141081934988,0.20220909564523026,9,0.20220909564523026,56.20708014453703,5.161762107567483,46,25629.93400179045,25691.302844042555,experiment,FIFO,0.28,0,variant_4
7290,INSPECTION_1_5,INSPECTION_1_5_LINE,25686.53374351252,0.39266157753081643,10,0.39266157753081643,56.59974172206785,4.769100530036667,46,25629.93400179045,25691.302844042555,experiment,FIFO,0.28,0,variant_4
7290,INSPECTION_1_6,INSPECTION_1_6_LINE,25687.28683589262,0.7530923801023164,11,0.7530923801023164,57.35283410217016,4.0160081499343505,46,25629.93400179045,25691.302844042555,experiment,FIFO,0.28,0,variant_4
7290,INSPECTION_1_7,INSPECTION_1_7_LINE,25691.302844042555,4.0160081499343505,12,4.0160081499343505,61.368842252104514,0.0,45,25629.93400179045,25691.302844042555,experiment,FIFO,0.28,0,variant_4
7291,MOULDING_3,MOULDING_MACHINE_3,25631.27923771552,0.35701461775170173,1,0.0,0.0,217.6552799994206,39,25631.27923771552,25848.93451771494,experiment,FIFO,0.28,0,variant_5
7291,ASSEMBLY_1_4,LINE_4_ASSEMBLY1,25657.559851131187,3.9004329233866883,2,26.280613415667176,26.280613415667176,191.37466658375342,39,25631.27923771552,25848.93451771494,experiment,FIFO,0.28,0,variant_5
7291,ASSEMBLY_2_1,ASSEMBLY2_LINE_1,25800.37766786979,0.29608279352032696,3,142.81781673860314,169.09843015427032,48.55684984515028,58,25631.27923771552,25848.93451771494,experiment,FIFO,0.28,0,variant_5
7291,SORTING,SORTING_ROBOT_1,25836.78495600308,0.1318387785977393,4,36.40728813329042,205.50571828756074,12.14956171185986,54,25631.27923771552,25848.93451771494,experiment,FIFO,0.28,0,variant_5
7291,PACKAGING_2,PACKAGING_LINE_2,25845.805480611467,0.7725978566668346,5,9.02052460838604,214.52624289594678,3.12903710347382,53,25631.27923771552,25848.93451771494,experiment,FIFO,0.28,0,variant_5
7291,INSPECTION_1_1,INSPECTION_1_1_LINE,25845.884496876584,0.07901626511738868,6,0.07901626511738868,214.60525916106417,3.0500208383564313,53,25631.27923771552,25848.93451771494,experiment,FIFO,0.28,0,variant_5
7291,INSPECTION_1_2,INSPECTION_1_2_LINE,25846.00604085933,0.12154398274651612,7,0.12154398274651612,214.72680314381068,2.928476855609915,53,25631.27923771552,25848.93451771494,experiment,FIFO,0.28,0,variant_5
7291,INSPECTION_1_3,INSPECTION_1_3_LINE,25846.845855783053,0.8398149237218604,8,0.8398149237218604,215.56661806753254,2.088661931888055,53,25631.27923771552,25848.93451771494,experiment,FIFO,0.28,0,variant_5
7291,INSPECTION_1_4,INSPECTION_1_4_LINE,25847.007067981027,0.16121219797423691,9,0.16121219797423691,215.72783026550678,1.927449733913818,53,25631.27923771552,25848.93451771494,experiment,FIFO,0.28,0,variant_5
7291,INSPECTION_1_5,INSPECTION_1_5_LINE,25847.214006297265,0.20693831623793812,10,0.20693831623793812,215.93476858174472,1.7205114176758798,53,25631.27923771552,25848.93451771494,experiment,FIFO,0.28,0,variant_5
7291,INSPECTION_1_6,INSPECTION_1_6_LINE,25848.017865522303,0.8038592250377405,11,0.8038592250377405,216.73862780678246,0.9166521926381392,53,25631.27923771552,25848.93451771494,experiment,FIFO,0.28,0,variant_5
7291,INSPECTION_1_7,INSPECTION_1_7_LINE,25848.93451771494,0.9166521926381392,12,0.9166521926381392,217.6552799994206,0.0,52,25631.27923771552,25848.93451771494,experiment,FIFO,0.28,0,variant_5
7292,MOULDING_3,MOULDING_MACHINE_3,25642.90694057992,10.453873697377276,1,0.0,0.0,197.67636323810075,36,25642.90694057992,25840.58330381802,experiment,FIFO,0.28,0,variant_5
7292,ASSEMBLY_1_2,LINE_2_ASSEMBLY1,25651.706584892352,7.147132011643407,2,8.799644312432065,8.799644312432065,188.87671892566868,37,25642.90694057992,25840.58330381802,experiment,FIFO,0.28,0,variant_5
7292,ASSEMBLY_2_1,ASSEMBLY2_LINE_1,25794.96418626852,0.4529521063195716,3,143.25760137616817,152.05724568860023,45.619117549500515,59,25642.90694057992,25840.58330381802,experiment,FIFO,0.28,0,variant_5
7292,SORTING,SORTING_ROBOT_1,25832.02578634238,9.01106251571764,4,37.061600073859154,189.1188457624594,8.557517475641362,53,25642.90694057992,25840.58330381802,experiment,FIFO,0.28,0,variant_5
7292,PACKAGING_3,PACKAGING_LINE_3,25833.851471177542,1.8256848351629742,5,1.8256848351629742,190.94453059762236,6.7318326404783875,54,25642.90694057992,25840.58330381802,experiment,FIFO,0.28,0,variant_5
7292,INSPECTION_1_1,INSPECTION_1_1_LINE,25833.96669384499,0.11522266744577792,6,0.11522266744577792,191.05975326506814,6.61660997303261,54,25642.90694057992,25840.58330381802,experiment,FIFO,0.28,0,variant_5
7292,INSPECTION_1_2,INSPECTION_1_2_LINE,25836.65918078144,2.692486936452042,7,2.692486936452042,193.75224020152018,3.9241230365805677,54,25642.90694057992,25840.58330381802,experiment,FIFO,0.28,0,variant_5
7292,INSPECTION_1_3,INSPECTION_1_3_LINE,25837.614641740423,0.9554609589831671,8,0.9554609589831671,194.70770116050335,2.9686620775974006,54,25642.90694057992,25840.58330381802,experiment,FIFO,0.28,0,variant_5
7292,INSPECTION_1_4,INSPECTION_1_4_LINE,25838.514768051013,0.9001263105892576,9,0.9001263105892576,195.6078274710926,2.068535767008143,54,25642.90694057992,25840.58330381802,experiment,FIFO,0.28,0,variant_5
7292,INSPECTION_1_5,INSPECTION_1_5_LINE,25838.58294046033,0.06817240931559354,10,0.06817240931559354,195.6759998804082,2.0003633576925495,54,25642.90694057992,25840.58330381802,experiment,FIFO,0.28,0,variant_5
7292,INSPECTION_1_6,INSPECTION_1_6_LINE,25838.62028982105,0.03734936072214623,11,0.03734936072214623,195.71334924113035,1.9630139969704032,54,25642.90694057992,25840.58330381802,experiment,FIFO,0.28,0,variant_5
7292,INSPECTION_1_6,INSPECTION_1_6_LINE,25839.66497718665,1.0446873656001117,12,1.0446873656001117,196.75803660673046,0.9183266313702916,52,25642.90694057992,25840.58330381802,experiment,FIFO,0.28,0,variant_5
7292,INSPECTION_1_7,INSPECTION_1_7_LINE,25840.58330381802,0.9183266313702916,13,0.9183266313702916,197.67636323810075,0.0,51,25642.90694057992,25840.58330381802,experiment,FIFO,0.28,0,variant_5
7293,MOULDING_1,MOULDING_MACHINE_1,25636.504828077985,0.6410306467005285,1,0.0,0.0,202.79427099234454,36,25636.504828077985,25839.29909907033,experiment,FIFO,0.28,0,variant_4
7293,ASSEMBLY_1_2,LINE_2_ASSEMBLY1,25644.55945288071,0.103853073585924,2,8.054624802723993,8.054624802723993,194.73964618962054,35,25636.504828077985,25839.29909907033,experiment,FIFO,0.28,0,variant_4
7293,ASSEMBLY_2_1,ASSEMBLY2_LINE_1,25794.5112341622,6.1401684871379985,3,149.951781281492,158.006406084216,44.78786490812854,59,25636.504828077985,25839.29909907033,experiment,FIFO,0.28,0,variant_4
7293,SORTING,SORTING_ROBOT_1,25823.01472382666,2.9463071557584044,4,28.503489664461085,186.50989574867708,16.284375243667455,55,25636.504828077985,25839.29909907033,experiment,FIFO,0.28,0,variant_4
7293,PACKAGING_1,PACKAGING_LINE_1,25826.496161931875,3.481438105212874,5,3.481438105212874,189.99133385388996,12.802937138454581,54,25636.504828077985,25839.29909907033,experiment,FIFO,0.28,0,variant_4
7293,INSPECTION_1_1,INSPECTION_1_1_LINE,25827.23601942524,0.7398574933649797,6,0.7398574933649797,190.73119134725493,12.063079645089601,54,25636.504828077985,25839.29909907033,experiment,FIFO,0.28,0,variant_4
7293,INSPECTION_1_2,INSPECTION_1_2_LINE,25827.92579539984,0.6897759745988878,7,0.6897759745988878,191.42096732185382,11.373303670490714,54,25636.504828077985,25839.29909907033,experiment,FIFO,0.28,0,variant_4
7293,INSPECTION_1_3,INSPECTION_1_3_LINE,25829.79996119961,0.5865599053104233,8,1.874165799770708,193.29513312162453,9.499137870720006,54,25636.504828077985,25839.29909907033,experiment,FIFO,0.28,0,variant_4
7293,INSPECTION_1_4,INSPECTION_1_4_LINE,25833.23485320198,0.08362948296780814,9,3.434892002369452,196.73002512399398,6.064245868350554,55,25636.504828077985,25839.29909907033,experiment,FIFO,0.28,0,variant_4
7293,INSPECTION_1_5,INSPECTION_1_5_LINE,25835.6608630816,1.8623423314602405,10,2.4260098796221428,199.15603500361613,3.638235988728411,54,25636.504828077985,25839.29909907033,experiment,FIFO,0.28,0,variant_4
7293,INSPECTION_1_6,INSPECTION_1_6_LINE,25836.79093152828,1.130068446680525,11,1.130068446680525,200.28610345029665,2.508167542047886,54,25636.504828077985,25839.29909907033,experiment,FIFO,0.28,0,variant_4
7293,INSPECTION_1_7,INSPECTION_1_7_LINE,25839.29909907033,0.43684502681935555,12,2.508167542047886,202.79427099234454,0.0,51,25636.504828077985,25839.29909907033,experiment,FIFO,0.28,0,variant_4
7294,MOULDING_1,MOULDING_MACHINE_1,25645.87612629993,8.376211297363625,1,0.0,0.0,216.93671324662137,36,25645.87612629993,25862.81283954655,experiment,FIFO,0.28,0,variant_6
7294,ASSEMBLY_1_2,LINE_2_ASSEMBLY1,25664.279519650783,12.572934758431074,2,18.403393350854458,18.403393350854458,198.5333198957669,42,25645.87612629993,25862.81283954655,experiment,FIFO,0.28,0,variant_6
7294,ASSEMBLY_2_1,ASSEMBLY2_LINE_1,25803.23677833503,2.8591104652405193,3,138.9572586842478,157.36065203510225,59.57606121151912,58,25645.87612629993,25862.81283954655,experiment,FIFO,0.28,0,variant_6
7294,SORTING,SORTING_ROBOT_1,25839.31053201833,2.4207855869681225,4,36.07375368330031,193.43440571840256,23.502307528218807,51,25645.87612629993,25862.81283954655,experiment,FIFO,0.28,0,variant_6
7294,PACKAGING_1,PACKAGING_LINE_1,25851.170185286486,9.798901948099228,5,11.859653268154943,205.2940589865575,11.642654260063864,52,25645.87612629993,25862.81283954655,experiment,FIFO,0.28,0,variant_6
7294,INSPECTION_2_1,INSPECTION_2_1_LINE,25853.10364007601,1.933454789523239,6,1.933454789523239,207.22751377608074,9.709199470540625,52,25645.87612629993,25862.81283954655,experiment,FIFO,0.28,0,variant_6
7294,INSPECTION_2_2,INSPECTION_2_2_LINE,25854.05066508828,0.9470250122722064,7,0.9470250122722064,208.17453878835295,8.762174458268419,52,25645.87612629993,25862.81283954655,experiment,FIFO,0.28,0,variant_6
7294,INSPECTION_2_3,INSPECTION_2_3_LINE,25854.07809353396,0.027428445679106517,8,0.027428445679106517,208.20196723403205,8.734746012589312,52,25645.87612629993,25862.81283954655,experiment,FIFO,0.28,0,variant_6
7294,INSPECTION_2_4,INSPECTION_2_4_LINE,25857.36366139864,0.10356505519666825,9,3.2855678646774322,211.4875350987095,5.44917814791188,52,25645.87612629993,25862.81283954655,experiment,FIFO,0.28,0,variant_6
7294,INSPECTION_2_5,INSPECTION_2_5_LINE,25857.746666312843,0.3830049142052303,10,0.3830049142052303,211.87054001291472,5.06617323370665,51,25645.87612629993,25862.81283954655,experiment,FIFO,0.28,0,variant_6
7294,INSPECTION_2_6,INSPECTION_2_6_LINE,25859.7400795681,0.12915972150949528,11,1.993413255255291,213.86395326817,3.0727599784513586,50,25645.87612629993,25862.81283954655,experiment,FIFO,0.28,0,variant_6
7294,INSPECTION_2_7,INSPECTION_2_7_LINE,25862.81283954655,2.237468044819252,12,3.0727599784513586,216.93671324662137,0.0,50,25645.87612629993,25862.81283954655,experiment,FIFO,0.28,0,variant_6
7295,MOULDING_2,MOULDING_MACHINE_2,25642.963269715805,0.33855460074482835,1,0.0,0.0,52.374744607364846,37,25642.963269715805,25695.33801432317,experiment,FIFO,0.28,0,variant_3
7295,ASSEMBLY_1_4,LINE_4_ASSEMBLY1,25658.069445854573,0.5095947233858169,2,15.106176138768205,15.106176138768205,37.26856846859664,41,25642.963269715805,25695.33801432317,experiment,FIFO,0.28,0,variant_3
7295,ASSEMBLY_2_2,ASSEMBLY2_LINE_2,25677.62157389414,1.545040272998449,3,19.552128039566014,34.65830417833422,17.716440429030627,44,25642.963269715805,25695.33801432317,experiment,FIFO,0.28,0,variant_3
7295,SORTING,SORTING_ROBOT_1,25683.36671711295,1.7243105780289625,4,5.745143218809972,40.40344739714419,11.971297210220655,47,25642.963269715805,25695.33801432317,experiment,FIFO,0.28,0,variant_3
7295,PACKAGING_1,PACKAGING_LINE_1,25688.75465805415,2.3836356225765485,5,5.387940941200213,45.791388338344404,6.583356269020442,46,25642.963269715805,25695.33801432317,experiment,FIFO,0.28,0,variant_3
7295,INSPECTION_1_1,INSPECTION_1_1_LINE,25689.65584111359,0.9011830594390631,6,0.9011830594390631,46.69257139778347,5.682173209581379,46,25642.963269715805,25695.33801432317,experiment,FIFO,0.28,0,variant_3
7295,INSPECTION_1_2,INSPECTION_1_2_LINE,25693.027210142267,1.876138672731031,7,3.3713690286786004,50.06394042646207,2.310804180902778,47,25642.963269715805,25695.33801432317,experiment,FIFO,0.28,0,variant_3
7295,INSPECTION_1_3,INSPECTION_1_3_LINE,25693.097748419168,0.07053827690106118,8,0.07053827690106118,50.13447870336313,2.240265904001717,47,25642.963269715805,25695.33801432317,experiment,FIFO,0.28,0,variant_3
7295,INSPECTION_1_4,INSPECTION_1_4_LINE,25693.230544349364,0.13279593019615277,9,0.13279593019615277,50.26727463355928,2.1074699738055642,46,25642.963269715805,25695.33801432317,experiment,FIFO,0.28,0,variant_3
7295,INSPECTION_1_5,INSPECTION_1_5_LINE,25693.300541505927,0.0699971565627493,10,0.0699971565627493,50.33727179012203,2.037472817242815,46,25642.963269715805,25695.33801432317,experiment,FIFO,0.28,0,variant_3
7295,INSPECTION_1_6,INSPECTION_1_6_LINE,25693.66193522407,0.3613937181435176,11,0.3613937181435176,50.69866550826555,1.6760790990992973,46,25642.963269715805,25695.33801432317,experiment,FIFO,0.28,0,variant_3
7295,INSPECTION_1_7,INSPECTION_1_7_LINE,25695.33801432317,1.6760790990992973,12,1.6760790990992973,52.374744607364846,0.0,44,25642.963269715805,25695.33801432317,experiment,FIFO,0.28,0,variant_3
7296,MOULDING_3,MOULDING_MACHINE_3,25646.71945900592,3.4277983718893665,1,0.0,0.0,48.10075624196179,37,25646.71945900592,25694.82021524788,experiment,FIFO,0.28,0,variant_2
7296,ASSEMBLY_1_1,LINE_1_ASSEMBLY1,25648.94315762313,2.223698617210175,2,2.223698617210175,2.223698617210175,45.877057624751615,37,25646.71945900592,25694.82021524788,experiment,FIFO,0.28,0,variant_2
7296,ASSEMBLY_2_2,ASSEMBLY2_LINE_2,25672.67534740132,2.704587129290303,3,23.73218977819124,25.955888395401416,22.144867846560373,44,25646.71945900592,25694.82021524788,experiment,FIFO,0.28,0,variant_2
7296,SORTING,SORTING_ROBOT_1,25674.770835498755,2.095488097435009,4,2.095488097435009,28.051376492836425,20.049379749125364,43,25646.71945900592,25694.82021524788,experiment,FIFO,0.28,0,variant_2
7296,PACKAGING_1,PACKAGING_LINE_1,25679.102097847164,4.331262348408927,5,4.331262348408927,32.38263884124535,15.718117400716437,46,25646.71945900592,25694.82021524788,experiment,FIFO,0.28,0,variant_2
7296,INSPECTION_2_1,INSPECTION_2_1_LINE,25679.55254269174,0.4504448445768503,6,0.4504448445768503,32.8330836858222,15.267672556139587,46,25646.71945900592,25694.82021524788,experiment,FIFO,0.28,0,variant_2
7296,INSPECTION_2_2,INSPECTION_2_2_LINE,25681.79686592481,2.2443232330697356,7,2.2443232330697356,35.07740691889194,13.023349323069851,46,25646.71945900592,25694.82021524788,experiment,FIFO,0.28,0,variant_2
7296,INSPECTION_2_3,INSPECTION_2_3_LINE,25682.311730625985,0.5148647011737921,8,0.5148647011737921,35.59227162006573,12.50848462189606,46,25646.71945900592,25694.82021524788,experiment,FIFO,0.28,0,variant_2
7296,INSPECTION_2_4,INSPECTION_2_4_LINE,25683.386078947427,1.0743483214428124,9,1.0743483214428124,36.66661994150854,11.434136300453247,47,25646.71945900592,25694.82021524788,experiment,FIFO,0.28,0,variant_2
7296,INSPECTION_2_5,INSPECTION_2_5_LINE,25691.057109261223,7.6710303137952,10,7.6710303137952,44.33765025530374,3.763105986658047,46,25646.71945900592,25694.82021524788,experiment,FIFO,0.28,0,variant_2
7296,INSPECTION_2_6,INSPECTION_2_6_LINE,25691.290383976808,0.23327471558513935,11,0.23327471558513935,44.57092497088888,3.529831271072908,46,25646.71945900592,25694.82021524788,experiment,FIFO,0.28,0,variant_2
7296,INSPECTION_2_7,INSPECTION_2_7_LINE,25694.82021524788,3.529831271072908,12,3.529831271072908,48.10075624196179,0.0,45,25646.71945900592,25694.82021524788,experiment,FIFO,0.28,0,variant_2
7297,MOULDING_1,MOULDING_MACHINE_1,25654.85932824056,8.983201940631261,1,0.0,0.0,61.215417682182306,38,25654.85932824056,25716.074745922742,experiment,FIFO,0.28,0,variant_1
7297,ASSEMBLY_1_2,LINE_2_ASSEMBLY1,25669.63772351733,5.358203866548138,2,14.778395276771334,14.778395276771334,46.43702240541097,43,25654.85932824056,25716.074745922742,experiment,FIFO,0.28,0,variant_1
7297,ASSEMBLY_2_2,ASSEMBLY2_LINE_2,25681.20816369837,1.3967797269215225,3,11.570440181039885,26.34883545781122,34.866582224371086,46,25654.85932824056,25716.074745922742,experiment,FIFO,0.28,0,variant_1
7297,SORTING,SORTING_ROBOT_1,25698.360301513392,4.19424556143349,4,17.15213781502098,43.5009732728322,17.714444409350108,44,25654.85932824056,25716.074745922742,experiment,FIFO,0.28,0,variant_1
7297,PACKAGING_1,PACKAGING_LINE_1,25704.9218832604,6.56158174700613,5,6.56158174700613,50.06255501983833,11.152862662343978,45,25654.85932824056,25716.074745922742,experiment,FIFO,0.28,0,variant_1
7297,INSPECTION_2_1,INSPECTION_2_1_LINE,25707.331662892146,2.4097796317473694,6,2.4097796317473694,52.4723346515857,8.743083030596608,44,25654.85932824056,25716.074745922742,experiment,FIFO,0.28,0,variant_1
7297,INSPECTION_2_2,INSPECTION_2_2_LINE,25709.51007150921,2.1784086170628143,7,2.1784086170628143,54.65074326864851,6.564674413533794,47,25654.85932824056,25716.074745922742,experiment,FIFO,0.28,0,variant_1
7297,INSPECTION_2_3,INSPECTION_2_3_LINE,25711.56777626154,2.0577047523329384,8,2.0577047523329384,56.70844802098145,4.506969661200856,47,25654.85932824056,25716.074745922742,experiment,FIFO,0.28,0,variant_1
7297,INSPECTION_2_4,INSPECTION_2_4_LINE,25713.471942465585,1.9041662040435767,9,1.9041662040435767,58.61261422502503,2.602803457157279,48,25654.85932824056,25716.074745922742,experiment,FIFO,0.28,0,variant_1
7297,INSPECTION_2_5,INSPECTION_2_5_LINE,25714.58613605831,1.1141935927262239,10,1.1141935927262239,59.72680781775125,1.488609864431055,49,25654.85932824056,25716.074745922742,experiment,FIFO,0.28,0,variant_1
7297,INSPECTION_2_6,INSPECTION_2_6_LINE,25714.987472236266,0.40133617795436294,11,0.40133617795436294,60.128143995705614,1.087273686476692,49,25654.85932824056,25716.074745922742,experiment,FIFO,0.28,0,variant_1
7297,INSPECTION_2_7,INSPECTION_2_7_LINE,25716.074745922742,1.087273686476692,12,1.087273686476692,61.215417682182306,0.0,47,25654.85932824056,25716.074745922742,experiment,FIFO,0.28,0,variant_1
7298,MOULDING_5,MOULDING_MACHINE_5,25648.11099214754,2.5761248037561018,1,0.0,0.0,250.97500533330094,38,25648.11099214754,25899.08599748084,experiment,FIFO,0.28,0,variant_6
7298,ASSEMBLY_1_3,LINE_3_ASSEMBLY1,25715.16052777732,6.3234147949988255,2,67.04953562977971,67.04953562977971,183.92546970352123,48,25648.11099214754,25899.08599748084,experiment,FIFO,0.28,0,variant_6
7298,ASSEMBLY_2_1,ASSEMBLY2_LINE_1,25847.469845975487,3.298955741476675,3,132.3093181981676,199.3588538279473,51.61615150535363,53,25648.11099214754,25899.08599748084,experiment,FIFO,0.28,0,variant_6
7298,SORTING,SORTING_ROBOT_1,25874.05805292181,1.1573313951848831,4,26.588206946322316,225.94706077426963,25.02794455903131,52,25648.11099214754,25899.08599748084,experiment,FIFO,0.28,0,variant_6
7298,PACKAGING_2,PACKAGING_LINE_2,25881.970970780912,7.91291785910289,5,7.91291785910289,233.85997863337252,17.11502669992842,52,25648.11099214754,25899.08599748084,experiment,FIFO,0.28,0,variant_6
7298,PACKAGING_2,PACKAGING_LINE_2,25883.773296274143,1.1722683092993975,6,1.8023254932304553,235.66230412660298,15.312701206697966,52,25648.11099214754,25899.08599748084,experiment,FIFO,0.28,0,variant_6
7298,INSPECTION_1_1,INSPECTION_1_1_LINE,25884.650961922744,0.8776656486006686,7,0.8776656486006686,236.53996977520364,14.435035558097297,52,25648.11099214754,25899.08599748084,experiment,FIFO,0.28,0,variant_6
7298,INSPECTION_1_2,INSPECTION_1_2_LINE,25886.44194948563,1.7909875628865848,8,1.7909875628865848,238.33095733809023,12.644047995210713,52,25648.11099214754,25899.08599748084,experiment,FIFO,0.28,0,variant_6
7298,INSPECTION_1_3,INSPECTION_1_3_LINE,25887.815816425184,1.3738669395534089,9,1.3738669395534089,239.70482427764364,11.270181055657304,54,25648.11099214754,25899.08599748084,experiment,FIFO,0.28,0,variant_6
7298,INSPECTION_1_4,INSPECTION_1_4_LINE,25888.38888690067,0.5730704754860199,10,0.5730704754860199,240.27789475312966,10.697110580171284,54,25648.11099214754,25899.08599748084,experiment,FIFO,0.28,0,variant_6
7298,INSPECTION_1_5,INSPECTION_1_5_LINE,25889.80089736551,1.4120104648391134,11,1.4120104648391134,241.68990521796877,9.28510011533217,53,25648.11099214754,25899.08599748084,experiment,FIFO,0.28,0,variant_6
7298,INSPECTION_1_6,INSPECTION_1_6_LINE,25890.77859033136,0.9776929658510198,12,0.9776929658510198,242.6675981838198,8.30740714948115,52,25648.11099214754,25899.08599748084,experiment,FIFO,0.28,0,variant_6
7298,INSPECTION_1_7,INSPECTION_1_7_LINE,25899.08599748084,8.30740714948115,13,8.30740714948115,250.97500533330094,0.0,48,25648.11099214754,25899.08599748084,experiment,FIFO,0.28,0,variant_6
7299,MOULDING_5,MOULDING_MACHINE_5,25655.19649163416,7.085499486620392,1,0.0,0.0,144.55342279440447,39,25655.19649163416,25799.749914428565,experiment,FIFO,0.28,0,variant_2
7299,ASSEMBLY_1_3,LINE_3_ASSEMBLY1,25740.28460282197,25.124075044648635,2,85.08811118780795,85.08811118780795,59.465311606596515,54,25655.19649163416,25799.749914428565,experiment,FIFO,0.28,0,variant_2
7299,ASSEMBLY_2_2,ASSEMBLY2_LINE_2,25761.47088776304,10.842132364188728,3,21.18628494107179,106.27439612887974,38.279026665524725,59,25655.19649163416,25799.749914428565,experiment,FIFO,0.28,0,variant_2
7299,SORTING,SORTING_ROBOT_1,25788.960805344537,5.282826124395797,4,27.48991758149714,133.76431371037688,10.789109084027587,60,25655.19649163416,25799.749914428565,experiment,FIFO,0.28,0,variant_2
7299,PACKAGING_3,PACKAGING_LINE_3,25792.303211361832,3.3424060172947065,5,3.3424060172947065,137.1067197276716,7.44670306673288,60,25655.19649163416,25799.749914428565,experiment,FIFO,0.28,0,variant_2
7299,INSPECTION_1_1,INSPECTION_1_1_LINE,25794.10100344289,1.797792081059015,6,1.797792081059015,138.9045118087306,5.648910985673865,60,25655.19649163416,25799.749914428565,experiment,FIFO,0.28,0,variant_2
7299,INSPECTION_1_2,INSPECTION_1_2_LINE,25794.468128656623,0.3671252137319243,7,0.3671252137319243,139.27163702246253,5.281785771941941,59,25655.19649163416,25799.749914428565,experiment,FIFO,0.28,0,variant_2
7299,INSPECTION_1_3,INSPECTION_1_3_LINE,25795.398693802577,0.9305651459544606,8,0.9305651459544606,140.202202168417,4.35122062598748,59,25655.19649163416,25799.749914428565,experiment,FIFO,0.28,0,variant_2
7299,INSPECTION_1_4,INSPECTION_1_4_LINE,25796.05668119635,0.6579873937735101,9,0.6579873937735101,140.8601895621905,3.69323323221397,59,25655.19649163416,25799.749914428565,experiment,FIFO,0.28,0,variant_2
7299,INSPECTION_1_5,INSPECTION_1_5_LINE,25797.04803224463,0.9913510482801939,10,0.9913510482801939,141.8515406104707,2.701882183933776,59,25655.19649163416,25799.749914428565,experiment,FIFO,0.28,0,variant_2
7299,INSPECTION_1_6,INSPECTION_1_6_LINE,25798.16441170309,1.1163794584572315,11,1.1163794584572315,142.96792006892792,1.5855027254765446,59,25655.19649163416,25799.749914428565,experiment,FIFO,0.28,0,variant_2
7299,INSPECTION_1_7,INSPECTION_1_7_LINE,25799.749914428565,1.5855027254765446,12,1.5855027254765446,144.55342279440447,0.0,58,25655.19649163416,25799.749914428565,experiment,FIFO,0.28,0,variant_2
7300,MOULDING_4,MOULDING_MACHINE_4,25649.97554488236,0.40212328279812937,1,0.0,0.0,43.22341023050467,37,25649.97554488236,25693.198955112864,experiment,FIFO,0.28,0,variant_4
7300,ASSEMBLY_1_5,LINE_5_ASSEMBLY1,25651.77267324069,1.7971283583319746,2,1.7971283583319746,1.7971283583319746,41.426281872172694,37,25649.97554488236,25693.198955112864,experiment,FIFO,0.28,0,variant_4
7300,ASSEMBLY_2_2,ASSEMBLY2_LINE_2,25676.07653362114,3.4011862198203744,3,24.303860380448896,26.10098873878087,17.1224214917238,44,25649.97554488236,25693.198955112864,experiment,FIFO,0.28,0,variant_4
7300,SORTING,SORTING_ROBOT_1,25681.64240653492,5.565872913779458,4,5.565872913779458,31.66686165256033,11.55654857794434,46,25649.97554488236,25693.198955112864,experiment,FIFO,0.28,0,variant_4
7300,PACKAGING_1,PACKAGING_LINE_1,25686.371022431573,4.728615896652627,5,4.728615896652627,36.395477549212956,6.827932681291713,46,25649.97554488236,25693.198955112864,experiment,FIFO,0.28,0,variant_4
7300,INSPECTION_1_1,INSPECTION_1_1_LINE,25686.38554384096,0.014521409386361483,6,0.014521409386361483,36.40999895859932,6.813411271905352,46,25649.97554488236,25693.198955112864,experiment,FIFO,0.28,0,variant_4
7300,INSPECTION_1_2,INSPECTION_1_2_LINE,25691.151071469536,4.7655276285768196,7,4.7655276285768196,41.17552658717614,2.0478836433285323,46,25649.97554488236,25693.198955112864,experiment,FIFO,0.28,0,variant_4
7300,INSPECTION_1_3,INSPECTION_1_3_LINE,25692.34078262804,1.1897111585058155,8,1.1897111585058155,42.36523774568195,0.8581724848227168,46,25649.97554488236,25693.198955112864,experiment,FIFO,0.28,0,variant_4
7300,INSPECTION_1_4,INSPECTION_1_4_LINE,25692.8102507504,0.4694681223591033,9,0.4694681223591033,42.834705868041056,0.3887043624636135,46,25649.97554488236,25693.198955112864,experiment,FIFO,0.28,0,variant_4
7300,INSPECTION_1_5,INSPECTION_1_5_LINE,25693.008315928444,0.1980651780431799,10,0.1980651780431799,43.032771046084235,0.1906391844204336,47,25649.97554488236,25693.198955112864,experiment,FIFO,0.28,0,variant_4
7300,INSPECTION_1_6,INSPECTION_1_6_LINE,25693.092089089296,0.08377316085170605,11,0.08377316085170605,43.11654420693594,0.10686602356872754,47,25649.97554488236,25693.198955112864,experiment,FIFO,0.28,0,variant_4
7300,INSPECTION_1_7,INSPECTION_1_7_LINE,25693.198955112864,0.10686602356872754,12,0.10686602356872754,43.22341023050467,0.0,46,25649.97554488236,25693.198955112864,experiment,FIFO,0.28,0,variant_4
7301,MOULDING_1,MOULDING_MACHINE_1,25657.848454441515,2.98912620095507,1,0.0,0.0,230.74510624043978,41,25657.848454441515,25888.593560681955,experiment,FIFO,0.28,0,variant_1
7301,ASSEMBLY_1_2,LINE_2_ASSEMBLY1,25676.750018575287,7.1122950579556345,2,18.9015641337719,18.9015641337719,211.84354210666788,44,25657.848454441515,25888.593560681955,experiment,FIFO,0.28,0,variant_1
7301,ASSEMBLY_2_1,ASSEMBLY2_LINE_1,25810.401841287094,4.315054354396125,3,133.65182271180674,152.55338684557864,78.19171939486114,59,25657.848454441515,25888.593560681955,experiment,FIFO,0.28,0,variant_1
7301,SORTING,SORTING_ROBOT_1,25859.92451309459,1.219003873917245,4,49.5226718074955,202.07605865307414,28.66904758736564,50,25657.848454441515,25888.593560681955,experiment,FIFO,0.28,0,variant_1
7301,PACKAGING_1,PACKAGING_LINE_1,25872.59007340811,5.09157031918221,5,12.665560313522292,214.74161896659643,16.003487273843348,52,25657.848454441515,25888.593560681955,experiment,FIFO,0.28,0,variant_1
7301,INSPECTION_2_1,INSPECTION_2_1_LINE,25875.7117413897,0.05101068101430428,6,3.1216679815879615,217.8632869481844,12.881819292255386,51,25657.848454441515,25888.593560681955,experiment,FIFO,0.28,0,variant_1
7301,INSPECTION_2_2,INSPECTION_2_2_LINE,25878.80326191951,1.0967141307301063,7,3.0915205298115325,220.95480747799593,9.790298762443854,51,25657.848454441515,25888.593560681955,experiment,FIFO,0.28,0,variant_1
7301,INSPECTION_2_3,INSPECTION_2_3_LINE,25879.265667050506,0.462405130994739,8,0.462405130994739,221.41721260899067,9.327893631449115,51,25657.848454441515,25888.593560681955,experiment,FIFO,0.28,0,variant_1
7301,INSPECTION_2_4,INSPECTION_2_4_LINE,25884.44451844994,0.5506514622902614,9,5.17885139943246,226.59606400842313,4.1490422320166545,52,25657.848454441515,25888.593560681955,experiment,FIFO,0.28,0,variant_1
7301,INSPECTION_2_5,INSPECTION_2_5_LINE,25886.761044015053,0.7779811673535733,10,2.3165255651147163,228.91258957353784,1.8325166669019382,52,25657.848454441515,25888.593560681955,experiment,FIFO,0.28,0,variant_1
7301,INSPECTION_2_6,INSPECTION_2_6_LINE,25887.3674243438,0.6063803287470364,11,0.6063803287470364,229.51896990228488,1.2261363381549018,54,25657.848454441515,25888.593560681955,experiment,FIFO,0.28,0,variant_1
7301,INSPECTION_2_7,INSPECTION_2_7_LINE,25888.593560681955,1.2261363381549018,12,1.2261363381549018,230.74510624043978,0.0,52,25657.848454441515,25888.593560681955,experiment,FIFO,0.28,0,variant_1
7302,MOULDING_3,MOULDING_MACHINE_3,25657.68623085708,1.9884926302620443,1,0.0,0.0,70.60383509074381,40,25657.68623085708,25728.290065947825,experiment,FIFO,0.28,0,variant_6
7302,ASSEMBLY_1_4,LINE_4_ASSEMBLY1,25680.66383816378,22.594392309205432,2,22.977607306696882,22.977607306696882,47.62622778404693,46,25657.68623085708,25728.290065947825,experiment,FIFO,0.28,0,variant_6
7302,ASSEMBLY_2_2,ASSEMBLY2_LINE_2,25694.58254866784,2.1780092872213572,3,13.918710504061892,36.896317810758774,33.70751727998504,46,25657.68623085708,25728.290065947825,experiment,FIFO,0.28,0,variant_6
7302,SORTING,SORTING_ROBOT_1,25714.731193024243,5.014099303254625,4,20.148644356402656,57.04496216716143,13.558872923582385,49,25657.68623085708,25728.290065947825,experiment,FIFO,0.28,0,variant_6
7302,PACKAGING_3,PACKAGING_LINE_3,25718.79845585727,4.067262833028508,5,4.067262833028508,61.11222500018994,9.491610090553877,49,25657.68623085708,25728.290065947825,experiment,FIFO,0.28,0,variant_6
7302,INSPECTION_1_1,INSPECTION_1_1_LINE,25719.01674949701,0.2182936397366575,6,0.2182936397366575,61.330518639926595,9.27331645081722,49,25657.68623085708,25728.290065947825,experiment,FIFO,0.28,0,variant_6
7302,INSPECTION_1_2,INSPECTION_1_2_LINE,25721.021862257123,2.005112760114571,7,2.005112760114571,63.335631400041166,7.268203690702649,49,25657.68623085708,25728.290065947825,experiment,FIFO,0.28,0,variant_6
7302,INSPECTION_1_3,INSPECTION_1_3_LINE,25724.48381485863,3.4619526015085285,8,3.4619526015085285,66.7975840015497,3.80625108919412,50,25657.68623085708,25728.290065947825,experiment,FIFO,0.28,0,variant_6
7302,INSPECTION_1_4,INSPECTION_1_4_LINE,25725.548993636592,1.065178777960682,9,1.065178777960682,67.86276277951038,2.741072311233438,51,25657.68623085708,25728.290065947825,experiment,FIFO,0.28,0,variant_6
7302,INSPECTION_1_5,INSPECTION_1_5_LINE,25725.80174751398,0.2527538773865672,10,0.2527538773865672,68.11551665689694,2.488318433846871,51,25657.68623085708,25728.290065947825,experiment,FIFO,0.28,0,variant_6
7302,INSPECTION_1_6,INSPECTION_1_6_LINE,25726.82550913452,1.023761620541336,11,1.023761620541336,69.13927827743828,1.4645568133055349,52,25657.68623085708,25728.290065947825,experiment,FIFO,0.28,0,variant_6
7302,INSPECTION_1_7,INSPECTION_1_7_LINE,25728.290065947825,1.4645568133055349,12,1.4645568133055349,70.60383509074381,0.0,51,25657.68623085708,25728.290065947825,experiment,FIFO,0.28,0,variant_6
7303,MOULDING_1,MOULDING_MACHINE_1,25659.07362139533,1.2251669538163696,1,0.0,0.0,223.71134368200728,42,25659.07362139533,25882.78496507734,experiment,FIFO,0.28,0,variant_1
7303,ASSEMBLY_1_1,LINE_1_ASSEMBLY1,25694.736331501867,35.66271010653509,2,35.66271010653509,35.66271010653509,188.0486335754722,46,25659.07362139533,25882.78496507734,experiment,FIFO,0.28,0,variant_1
7303,ASSEMBLY_2_1,ASSEMBLY2_LINE_1,25831.10823043523,14.612048479881196,3,136.37189893336472,172.0346090398998,51.676734642107476,53,25659.07362139533,25882.78496507734,experiment,FIFO,0.28,0,variant_1
7303,SORTING,SORTING_ROBOT_1,25863.57242828837,0.030260664545494365,4,32.46419785313992,204.49880689303973,19.212536788967554,50,25659.07362139533,25882.78496507734,experiment,FIFO,0.28,0,variant_1
7303,PACKAGING_1,PACKAGING_LINE_1,25878.838031129035,1.224880573230621,5,15.265602840663632,219.76440973370336,3.946933948303922,51,25659.07362139533,25882.78496507734,experiment,FIFO,0.28,0,variant_1
7303,INSPECTION_1_1,INSPECTION_1_1_LINE,25880.11474135926,1.2767102302241256,6,1.2767102302241256,221.04111996392749,2.6702237180797965,51,25659.07362139533,25882.78496507734,experiment,FIFO,0.28,0,variant_1
7303,INSPECTION_1_2,INSPECTION_1_2_LINE,25880.57972180856,0.4649804493019474,7,0.4649804493019474,221.50610041322943,2.205243268777849,51,25659.07362139533,25882.78496507734,experiment,FIFO,0.28,0,variant_1
7303,INSPECTION_1_3,INSPECTION_1_3_LINE,25880.72150874307,0.14178693450958235,8,0.14178693450958235,221.64788734773902,2.063456334268267,51,25659.07362139533,25882.78496507734,experiment,FIFO,0.28,0,variant_1
7303,INSPECTION_1_4,INSPECTION_1_4_LINE,25881.495707565264,0.7741988221932843,9,0.7741988221932843,222.4220861699323,1.2892575120749825,51,25659.07362139533,25882.78496507734,experiment,FIFO,0.28,0,variant_1
7303,INSPECTION_1_5,INSPECTION_1_5_LINE,25882.21574996041,0.7200423951471748,10,0.7200423951471748,223.14212856507947,0.5692151169278077,52,25659.07362139533,25882.78496507734,experiment,FIFO,0.28,0,variant_1
7303,INSPECTION_1_6,INSPECTION_1_6_LINE,25882.42671628737,0.21096632695844164,11,0.21096632695844164,223.35309489203792,0.35824878996936604,52,25659.07362139533,25882.78496507734,experiment,FIFO,0.28,0,variant_1
7303,INSPECTION_1_7,INSPECTION_1_7_LINE,25882.78496507734,0.35824878996936604,12,0.35824878996936604,223.71134368200728,0.0,51,25659.07362139533,25882.78496507734,experiment,FIFO,0.28,0,variant_1
7304,MOULDING_5,MOULDING_MACHINE_5,25660.66427681275,0.975673607976205,1,0.0,0.0,46.43424303834399,43,25660.66427681275,25707.098519851093,experiment,FIFO,0.28,0,variant_2
7304,ASSEMBLY_1_5,LINE_5_ASSEMBLY1,25666.20671117102,5.542434358270839,2,5.542434358270839,5.542434358270839,40.891808680073154,42,25660.66427681275,25707.098519851093,experiment,FIFO,0.28,0,variant_2
7304,ASSEMBLY_2_2,ASSEMBLY2_LINE_2,25679.81138397145,2.18981007731054,3,13.604672800429398,19.147107158700237,27.287135879643756,46,25660.66427681275,25707.098519851093,experiment,FIFO,0.28,0,variant_2
7304,SORTING,SORTING_ROBOT_1,25694.16605595196,10.799338839009579,4,14.35467198050901,33.50177913920925,12.932463899134746,46,25660.66427681275,25707.098519851093,experiment,FIFO,0.28,0,variant_2
7304,PACKAGING_3,PACKAGING_LINE_3,25696.7637409943,2.5976850423430733,5,2.5976850423430733,36.09946418155232,10.334778856791672,44,25660.66427681275,25707.098519851093,experiment,FIFO,0.28,0,variant_2
7304,INSPECTION_2_1,INSPECTION_2_1_LINE,25698.135822439664,1.37208144536271,6,1.37208144536271,37.47154562691503,8.962697411428962,44,25660.66427681275,25707.098519851093,experiment,FIFO,0.28,0,variant_2
7304,INSPECTION_2_2,INSPECTION_2_2_LINE,25698.37089147545,0.23506903578527272,7,0.23506903578527272,37.706614662700304,8.72762837564369,44,25660.66427681275,25707.098519851093,experiment,FIFO,0.28,0,variant_2
7304,INSPECTION_2_3,INSPECTION_2_3_LINE,25701.074406114003,2.7035146385533153,8,2.7035146385533153,40.41012930125362,6.024113737090374,44,25660.66427681275,25707.098519851093,experiment,FIFO,0.28,0,variant_2
7304,INSPECTION_2_4,INSPECTION_2_4_LINE,25701.309384858512,0.23497874450913514,9,0.23497874450913514,40.645108045762754,5.789134992581239,44,25660.66427681275,25707.098519851093,experiment,FIFO,0.28,0,variant_2
7304,INSPECTION_2_5,INSPECTION_2_5_LINE,25703.4473140562,2.1379291976882087,10,2.1379291976882087,42.78303724345096,3.6512057948930305,45,25660.66427681275,25707.098519851093,experiment,FIFO,0.28,0,variant_2
7304,INSPECTION_2_6,INSPECTION_2_6_LINE,25704.20202107738,0.7547070211803657,11,0.7547070211803657,43.53774426463133,2.896498773712665,45,25660.66427681275,25707.098519851093,experiment,FIFO,0.28,0,variant_2
7304,INSPECTION_2_7,INSPECTION_2_7_LINE,25707.098519851093,2.896498773712665,12,2.896498773712665,46.43424303834399,0.0,44,25660.66427681275,25707.098519851093,experiment,FIFO,0.28,0,variant_2
7305,MOULDING_2,MOULDING_MACHINE_2,25665.53436074925,5.562725205760216,1,0.0,0.0,208.99948322204727,42,25665.53436074925,25874.533843971298,experiment,FIFO,0.28,0,variant_2
7305,ASSEMBLY_1_5,LINE_5_ASSEMBLY1,25669.7434212136,3.536710042579216,2,4.209060464349022,4.209060464349022,204.79042275769825,43,25665.53436074925,25874.533843971298,experiment,FIFO,0.28,0,variant_2
7305,ASSEMBLY_2_1,ASSEMBLY2_LINE_1,25806.086786932698,2.8500085976666014,3,136.34336571909807,140.5524261834471,68.44705703860018,58,25665.53436074925,25874.533843971298,experiment,FIFO,0.28,0,variant_2
7305,SORTING,SORTING_ROBOT_1,25858.705509220672,19.39497720234067,4,52.61872228797438,193.17114847142147,15.8283347506258,51,25665.53436074925,25874.533843971298,experiment,FIFO,0.28,0,variant_2
7305,PACKAGING_1,PACKAGING_LINE_1,25867.49850308893,8.792993868257327,5,8.792993868257327,201.9641423396788,7.035340882368473,52,25665.53436074925,25874.533843971298,experiment,FIFO,0.28,0,variant_2
7305,INSPECTION_1_1,INSPECTION_1_1_LINE,25868.515606954777,1.0171038658481848,6,1.0171038658481848,202.981246205527,6.018237016520288,52,25665.53436074925,25874.533843971298,experiment,FIFO,0.28,0,variant_2
7305,INSPECTION_1_2,INSPECTION_1_2_LINE,25868.5833627526,0.06775579782333807,7,0.06775579782333807,203.04900200335032,5.95048121869695,52,25665.53436074925,25874.533843971298,experiment,FIFO,0.28,0,variant_2
7305,INSPECTION_1_3,INSPECTION_1_3_LINE,25872.27016563612,3.6868028835197038,8,3.6868028835197038,206.73580488687003,2.2636783351772465,52,25665.53436074925,25874.533843971298,experiment,FIFO,0.28,0,variant_2
7305,INSPECTION_1_4,INSPECTION_1_4_LINE,25873.2211990653,0.9510334291808249,9,0.9510334291808249,207.68683831605085,1.3126449059964216,53,25665.53436074925,25874.533843971298,experiment,FIFO,0.28,0,variant_2
7305,INSPECTION_1_5,INSPECTION_1_5_LINE,25873.460743472424,0.23954440712259384,10,0.23954440712259384,207.92638272317345,1.0731004988738277,53,25665.53436074925,25874.533843971298,experiment,FIFO,0.28,0,variant_2
7305,INSPECTION_1_6,INSPECTION_1_6_LINE,25874.132698210324,0.6719547378997959,11,0.6719547378997959,208.59833746107324,0.4011457609740319,52,25665.53436074925,25874.533843971298,experiment,FIFO,0.28,0,variant_2
7305,INSPECTION_1_7,INSPECTION_1_7_LINE,25874.533843971298,0.4011457609740319,12,0.4011457609740319,208.99948322204727,0.0,51,25665.53436074925,25874.533843971298,experiment,FIFO,0.28,0,variant_2
7306,MOULDING_2,MOULDING_MACHINE_2,25672.590209518487,7.055848769236036,1,0.0,0.0,51.227693373988586,44,25672.590209518487,25723.817902892475,experiment,FIFO,0.28,0,variant_2
7306,ASSEMBLY_1_5,LINE_5_ASSEMBLY1,25673.33175758921,0.7415480707240931,2,0.7415480707240931,0.7415480707240931,50.48614530326449,43,25672.590209518487,25723.817902892475,experiment,FIFO,0.28,0,variant_2
7306,ASSEMBLY_2_2,ASSEMBLY2_LINE_2,25686.2827157176,5.074552019228577,3,12.950958128389175,13.692506199113268,37.53518717487532,46,25672.590209518487,25723.817902892475,experiment,FIFO,0.28,0,variant_2
7306,SORTING,SORTING_ROBOT_1,25708.25791230337,9.89761078997617,4,21.975196585768572,35.66770278488184,15.559990589106746,45,25672.590209518487,25723.817902892475,experiment,FIFO,0.28,0,variant_2
7306,PACKAGING_1,PACKAGING_LINE_1,25717.24098710356,8.983074800191389,5,8.983074800191389,44.65077758507323,6.5769157889153576,47,25672.590209518487,25723.817902892475,experiment,FIFO,0.28,0,variant_2
7306,INSPECTION_2_1,INSPECTION_2_1_LINE,25718.05925349824,0.8182663946790854,6,0.8182663946790854,45.469043979752314,5.758649394236272,48,25672.590209518487,25723.817902892475,experiment,FIFO,0.28,0,variant_2
7306,INSPECTION_2_2,INSPECTION_2_2_LINE,25720.10076639314,2.041512894902553,7,2.041512894902553,47.51055687465487,3.7171364993337193,49,25672.590209518487,25723.817902892475,experiment,FIFO,0.28,0,variant_2
7306,INSPECTION_2_3,INSPECTION_2_3_LINE,25720.5388142998,0.4380479066603584,8,0.4380479066603584,47.948604781315225,3.279088592673361,49,25672.590209518487,25723.817902892475,experiment,FIFO,0.28,0,variant_2
7306,INSPECTION_2_4,INSPECTION_2_4_LINE,25720.599570262184,0.06075596238224534,9,0.06075596238224534,48.00936074369747,3.2183326302911155,49,25672.590209518487,25723.817902892475,experiment,FIFO,0.28,0,variant_2
7306,INSPECTION_2_5,INSPECTION_2_5_LINE,25720.726367150044,0.12679688786010956,10,0.12679688786010956,48.13615763155758,3.091535742431006,49,25672.590209518487,25723.817902892475,experiment,FIFO,0.28,0,variant_2
7306,INSPECTION_2_6,INSPECTION_2_6_LINE,25721.58563966486,0.8592725148155296,11,0.8592725148155296,48.99543014637311,2.2322632276154764,50,25672.590209518487,25723.817902892475,experiment,FIFO,0.28,0,variant_2
7306,INSPECTION_2_7,INSPECTION_2_7_LINE,25723.817902892475,2.2322632276154764,12,2.2322632276154764,51.227693373988586,0.0,49,25672.590209518487,25723.817902892475,experiment,FIFO,0.28,0,variant_2
7307,MOULDING_5,MOULDING_MACHINE_5,25668.545203286176,4.810164875434566,1,0.0,0.0,252.65661570420343,44,25668.545203286176,25921.20181899038,experiment,FIFO,0.28,0,variant_4
7307,ASSEMBLY_1_4,LINE_4_ASSEMBLY1,25718.06984465216,37.406006488381536,2,49.52464136598428,49.52464136598428,203.13197433821915,48,25668.545203286176,25921.20181899038,experiment,FIFO,0.28,0,variant_4
7307,ASSEMBLY_2_1,ASSEMBLY2_LINE_1,25855.843167026127,3.2400109156042163,3,137.77332237396695,187.29796373995123,65.3586519642522,53,25668.545203286176,25921.20181899038,experiment,FIFO,0.28,0,variant_4
7307,SORTING,SORTING_ROBOT_1,25877.57345001096,1.4306559528740763,4,21.730282984834048,209.02824672478528,43.628368979418156,51,25668.545203286176,25921.20181899038,experiment,FIFO,0.28,0,variant_4
7307,PACKAGING_1,PACKAGING_LINE_1,25911.431246025462,2.410859773543052,5,33.85779601450122,242.8860427392865,9.770572964916937,45,25668.545203286176,25921.20181899038,experiment,FIFO,0.28,0,variant_4
7307,INSPECTION_2_1,INSPECTION_2_1_LINE,25913.07173575629,1.0563230257903342,6,1.6404897308275395,244.52653247011403,8.130083234089398,47,25668.545203286176,25921.20181899038,experiment,FIFO,0.28,0,variant_4
7307,INSPECTION_2_2,INSPECTION_2_2_LINE,25915.16032638127,2.0885906249786785,7,2.0885906249786785,246.6151230950927,6.041492609110719,47,25668.545203286176,25921.20181899038,experiment,FIFO,0.28,0,variant_4
7307,INSPECTION_2_3,INSPECTION_2_3_LINE,25916.67923396723,1.5189075859598233,8,1.5189075859598233,248.13403068105254,4.522585023150896,45,25668.545203286176,25921.20181899038,experiment,FIFO,0.28,0,variant_4
7307,INSPECTION_2_4,INSPECTION_2_4_LINE,25917.82214624109,1.1429122738627484,9,1.1429122738627484,249.27694295491528,3.3796727492881473,45,25668.545203286176,25921.20181899038,experiment,FIFO,0.28,0,variant_4
7307,INSPECTION_2_5,INSPECTION_2_5_LINE,25918.06241829844,0.2402720573481929,10,0.2402720573481929,249.51721501226348,3.1394006919399544,45,25668.545203286176,25921.20181899038,experiment,FIFO,0.28,0,variant_4
7307,INSPECTION_2_6,INSPECTION_2_6_LINE,25918.44545101401,0.3830327155701525,11,0.3830327155701525,249.90024772783363,2.756367976369802,45,25668.545203286176,25921.20181899038,experiment,FIFO,0.28,0,variant_4
7307,INSPECTION_2_7,INSPECTION_2_7_LINE,25921.20181899038,2.756367976369802,12,2.756367976369802,252.65661570420343,0.0,46,25668.545203286176,25921.20181899038,experiment,FIFO,0.28,0,variant_4
7308,MOULDING_5,MOULDING_MACHINE_5,25684.06357874592,15.518375459745585,1,0.0,0.0,209.62484452694844,48,25684.06357874592,25893.68842327287,experiment,FIFO,0.28,0,variant_4
7308,ASSEMBLY_1_5,LINE_5_ASSEMBLY1,25705.3052866737,13.485788446851075,2,21.241707927780226,21.241707927780226,188.3831365991682,45,25684.06357874592,25893.68842327287,experiment,FIFO,0.28,0,variant_4
7308,ASSEMBLY_2_1,ASSEMBLY2_LINE_1,25833.524348260704,2.416117825472611,3,128.21906158700222,149.46076951478244,60.164075012165995,54,25684.06357874592,25893.68842327287,experiment,FIFO,0.28,0,variant_4
7308,SORTING,SORTING_ROBOT_1,25864.47597913338,0.9035508450106136,4,30.951630872677924,180.41240038746037,29.21244413948807,50,25684.06357874592,25893.68842327287,experiment,FIFO,0.28,0,variant_4
7308,PACKAGING_1,PACKAGING_LINE_1,25879.814160405203,0.9761292761686491,5,15.338181271821668,195.75058165928203,13.874262867666403,50,25684.06357874592,25893.68842327287,experiment,FIFO,0.28,0,variant_4
7308,INSPECTION_2_1,INSPECTION_2_1_LINE,25881.315236239403,1.1836007476267696,6,1.5010758341995825,197.25165749348162,12.37318703346682,51,25684.06357874592,25893.68842327287,experiment,FIFO,0.28,0,variant_4
7308,INSPECTION_2_2,INSPECTION_2_2_LINE,25882.611898899933,0.5896254923245579,7,1.2966626605302736,198.5483201540119,11.076524372936547,52,25684.06357874592,25893.68842327287,experiment,FIFO,0.28,0,variant_4
7308,INSPECTION_2_3,INSPECTION_2_3_LINE,25883.0908234961,0.4789245961655979,8,0.4789245961655979,199.0272447501775,10.597599776770949,51,25684.06357874592,25893.68842327287,experiment,FIFO,0.28,0,variant_4
7308,INSPECTION_2_4,INSPECTION_2_4_LINE,25889.99675060551,2.057974292871222,9,6.905927109412005,205.9331718595895,3.6916726673589437,53,25684.06357874592,25893.68842327287,experiment,FIFO,0.28,0,variant_4
7308,INSPECTION_2_5,INSPECTION_2_5_LINE,25892.111090564336,2.1143399588254397,10,2.1143399588254397,208.04751181841493,1.577332708533504,51,25684.06357874592,25893.68842327287,experiment,FIFO,0.28,0,variant_4
7308,INSPECTION_2_6,INSPECTION_2_6_LINE,25892.546913520324,0.4358229559875326,11,0.4358229559875326,208.48333477440246,1.1415097525459714,51,25684.06357874592,25893.68842327287,experiment,FIFO,0.28,0,variant_4
7308,INSPECTION_2_7,INSPECTION_2_7_LINE,25892.92628894502,0.09958068403284415,12,0.3793754246944445,208.8627101990969,0.7621343278515269,50,25684.06357874592,25893.68842327287,experiment,FIFO,0.28,0,variant_4
7308,INSPECTION_2_7,INSPECTION_2_7_LINE,25893.68842327287,0.7621343278515269,13,0.7621343278515269,209.62484452694844,0.0,50,25684.06357874592,25893.68842327287,experiment,FIFO,0.28,0,variant_4
7309,MOULDING_1,MOULDING_MACHINE_1,25667.67190290988,2.6601996828321717,1,0.0,0.0,89.8551325718363,43,25667.67190290988,25757.527035481715,experiment,FIFO,0.28,0,variant_5
7309,ASSEMBLY_1_1,LINE_1_ASSEMBLY1,25695.09428699006,0.35795548819442047,2,27.422384080182383,27.422384080182383,62.43274849165391,45,25667.67190290988,25757.527035481715,experiment,FIFO,0.28,0,variant_5
7309,ASSEMBLY_2_2,ASSEMBLY2_LINE_2,25709.776111998573,9.645289564014092,3,14.681825008512533,42.104209088694915,47.75092348314138,47,25667.67190290988,25757.527035481715,experiment,FIFO,0.28,0,variant_5
7309,SORTING,SORTING_ROBOT_1,25738.278292948005,4.2027421952698205,4,28.50218094943193,70.60639003812685,19.248742533709446,54,25667.67190290988,25757.527035481715,experiment,FIFO,0.28,0,variant_5
7309,PACKAGING_1,PACKAGING_LINE_1,25747.58749934308,1.8738094186519447,5,9.309206395075307,79.91559643320215,9.93953613863414,57,25667.67190290988,25757.527035481715,experiment,FIFO,0.28,0,variant_5
7309,INSPECTION_2_1,INSPECTION_2_1_LINE,25748.293416920584,0.7059175775029871,6,0.7059175775029871,80.62151401070514,9.233618561131152,57,25667.67190290988,25757.527035481715,experiment,FIFO,0.28,0,variant_5
7309,INSPECTION_2_2,INSPECTION_2_2_LINE,25751.31745392104,3.0240370004576107,7,3.0240370004576107,83.64555101116275,6.209581560673541,58,25667.67190290988,25757.527035481715,experiment,FIFO,0.28,0,variant_5
7309,INSPECTION_2_3,INSPECTION_2_3_LINE,25751.75071696077,0.4332630397293542,8,0.4332630397293542,84.0788140508921,5.776318520944187,58,25667.67190290988,25757.527035481715,experiment,FIFO,0.28,0,variant_5
7309,INSPECTION_2_4,INSPECTION_2_4_LINE,25752.197110060308,0.44639309953709017,9,0.44639309953709017,84.5252071504292,5.329925421407097,58,25667.67190290988,25757.527035481715,experiment,FIFO,0.28,0,variant_5
7309,INSPECTION_2_5,INSPECTION_2_5_LINE,25754.230542203288,2.0334321429800184,10,2.0334321429800184,86.55863929340921,3.2964932784270786,58,25667.67190290988,25757.527035481715,experiment,FIFO,0.28,0,variant_5
7309,INSPECTION_2_6,INSPECTION_2_6_LINE,25756.64346477765,2.41292257436362,11,2.41292257436362,88.97156186777283,0.8835707040634588,59,25667.67190290988,25757.527035481715,experiment,FIFO,0.28,0,variant_5
7309,INSPECTION_2_7,INSPECTION_2_7_LINE,25757.527035481715,0.8835707040634588,12,0.8835707040634588,89.8551325718363,0.0,57,25667.67190290988,25757.527035481715,experiment,FIFO,0.28,0,variant_5
7310,MOULDING_2,MOULDING_MACHINE_2,25675.198053986573,2.607844468086114,1,0.0,0.0,57.67792432234637,44,25675.198053986573,25732.87597830892,experiment,FIFO,0.28,0,variant_6
7310,ASSEMBLY_1_2,LINE_2_ASSEMBLY1,25681.11602651185,4.3660079365618,2,5.917972525276127,5.917972525276127,51.759951797070244,46,25675.198053986573,25732.87597830892,experiment,FIFO,0.28,0,variant_6
7310,ASSEMBLY_2_2,ASSEMBLY2_LINE_2,25700.13082243456,5.548273766718921,3,19.01479592271062,24.932768447986746,32.745155874359625,44,25675.198053986573,25732.87597830892,experiment,FIFO,0.28,0,variant_6
7310,SORTING,SORTING_ROBOT_1,25725.581798784635,5.778342995236017,4,25.450976350075507,50.38374479806225,7.294179524284118,51,25675.198053986573,25732.87597830892,experiment,FIFO,0.28,0,variant_6
7310,PACKAGING_1,PACKAGING_LINE_1,25726.155159073067,0.5733602884320135,5,0.5733602884320135,50.957105086494266,6.720819235852105,52,25675.198053986573,25732.87597830892,experiment,FIFO,0.28,0,variant_6
7310,INSPECTION_2_1,INSPECTION_2_1_LINE,25727.495119974268,1.339960901201266,6,1.339960901201266,52.29706598769553,5.3808583346508385,52,25675.198053986573,25732.87597830892,experiment,FIFO,0.28,0,variant_6
7310,INSPECTION_2_2,INSPECTION_2_2_LINE,25727.86286322139,0.3677432471231441,7,0.3677432471231441,52.66480923481868,5.013115087527694,52,25675.198053986573,25732.87597830892,experiment,FIFO,0.28,0,variant_6
7310,INSPECTION_2_3,INSPECTION_2_3_LINE,25728.95949741334,1.0966341919483966,8,1.0966341919483966,53.76144342676707,3.916480895579298,50,25675.198053986573,25732.87597830892,experiment,FIFO,0.28,0,variant_6
7310,INSPECTION_2_4,INSPECTION_2_4_LINE,25731.705463113805,2.7459657004656037,9,2.7459657004656037,56.50740912723268,1.170515195113694,50,25675.198053986573,25732.87597830892,experiment,FIFO,0.28,0,variant_6
7310,INSPECTION_2_5,INSPECTION_2_5_LINE,25732.39844227192,0.6929791581133031,10,0.6929791581133031,57.20038828534598,0.47753603700039093,51,25675.198053986573,25732.87597830892,experiment,FIFO,0.28,0,variant_6
7310,INSPECTION_2_6,INSPECTION_2_6_LINE,25732.585365462783,0.18692319086403586,11,0.18692319086403586,57.387311476210016,0.2906128461363551,52,25675.198053986573,25732.87597830892,experiment,FIFO,0.28,0,variant_6
7310,INSPECTION_2_7,INSPECTION_2_7_LINE,25732.87597830892,0.2906128461363551,12,0.2906128461363551,57.67792432234637,0.0,51,25675.198053986573,25732.87597830892,experiment,FIFO,0.28,0,variant_6
7311,MOULDING_4,MOULDING_MACHINE_4,25677.695539796783,7.414331794872851,1,0.0,0.0,259.58836458523,45,25677.695539796783,25937.283904382013,experiment,FIFO,0.28,0,variant_4
7311,ASSEMBLY_1_3,LINE_3_ASSEMBLY1,25754.72091275337,14.43630993140323,2,77.0253729565884,77.0253729565884,182.5629916286416,58,25677.695539796783,25937.283904382013,experiment,FIFO,0.28,0,variant_4
7311,ASSEMBLY_2_1,ASSEMBLY2_LINE_1,25888.613045206595,7.166595683134801,3,133.8921324532239,210.9175054098123,48.67085917541772,52,25677.695539796783,25937.283904382013,experiment,FIFO,0.28,0,variant_4
7311,SORTING,SORTING_ROBOT_1,25909.43689595569,1.3751640553637117,4,20.823850749093253,231.74135615890555,27.847008426324464,44,25677.695539796783,25937.283904382013,experiment,FIFO,0.28,0,variant_4
7311,PACKAGING_1,PACKAGING_LINE_1,25926.65779277816,5.38781028259109,5,17.220896822469513,248.96225298137506,10.626111603854952,44,25677.695539796783,25937.283904382013,experiment,FIFO,0.28,0,variant_4
7311,INSPECTION_1_1,INSPECTION_1_1_LINE,25927.059507837734,0.40171505957550835,6,0.40171505957550835,249.36396804095057,10.224396544279443,43,25677.695539796783,25937.283904382013,experiment,FIFO,0.28,0,variant_4
7311,INSPECTION_1_2,INSPECTION_1_2_LINE,25927.93990751541,0.8803996776769054,7,0.8803996776769054,250.24436771862747,9.343996866602538,43,25677.695539796783,25937.283904382013,experiment,FIFO,0.28,0,variant_4
7311,INSPECTION_1_3,INSPECTION_1_3_LINE,25928.47998536656,0.5400778511502722,8,0.5400778511502722,250.78444556977774,8.803919015452266,43,25677.695539796783,25937.283904382013,experiment,FIFO,0.28,0,variant_4
7311,INSPECTION_1_4,INSPECTION_1_4_LINE,25930.20401207584,1.7240267092784052,9,1.7240267092784052,252.50847227905615,7.079892306173861,43,25677.695539796783,25937.283904382013,experiment,FIFO,0.28,0,variant_4
7311,INSPECTION_1_5,INSPECTION_1_5_LINE,25933.99587035019,0.4385625124523358,10,3.791858274351398,256.30033055340755,3.2880340318224626,43,25677.695539796783,25937.283904382013,experiment,FIFO,0.28,0,variant_4
7311,INSPECTION_1_6,INSPECTION_1_6_LINE,25936.75664505748,1.570913251991442,11,2.760774707290693,259.06110526069824,0.5272593245317694,41,25677.695539796783,25937.283904382013,experiment,FIFO,0.28,0,variant_4
7311,INSPECTION_1_7,INSPECTION_1_7_LINE,25937.283904382013,0.5272593245317694,12,0.5272593245317694,259.58836458523,0.0,39,25677.695539796783,25937.283904382013,experiment,FIFO,0.28,0,variant_4
7312,MOULDING_4,MOULDING_MACHINE_4,25678.907800193487,1.2122603967036412,1,0.0,0.0,213.9189080674987,46,25678.907800193487,25892.826708260985,experiment,FIFO,0.28,0,variant_2
7312,ASSEMBLY_1_5,LINE_5_ASSEMBLY1,25691.81949822685,12.911698033363791,2,12.911698033363791,12.911698033363791,201.0072100341349,45,25678.907800193487,25892.826708260985,experiment,FIFO,0.28,0,variant_2
7312,ASSEMBLY_2_1,ASSEMBLY2_LINE_1,25816.49618195535,2.9403064587386325,3,124.67668372849948,137.58838176186327,76.33052630563543,59,25678.907800193487,25892.826708260985,experiment,FIFO,0.28,0,variant_2
7312,SORTING,SORTING_ROBOT_1,25863.542167623826,2.3140686259794165,4,47.04598566847562,184.6343674303389,29.284540637159807,50,25678.907800193487,25892.826708260985,experiment,FIFO,0.28,0,variant_2
7312,PACKAGING_1,PACKAGING_LINE_1,25877.613150555804,1.5355810436740285,5,14.070982931978506,198.7053503623174,15.213557705181302,51,25678.907800193487,25892.826708260985,experiment,FIFO,0.28,0,variant_2
7312,INSPECTION_2_1,INSPECTION_2_1_LINE,25880.131635491776,0.0968262102578592,6,2.518484935972083,201.2238352982895,12.695072769209219,51,25678.907800193487,25892.826708260985,experiment,FIFO,0.28,0,variant_2
7312,INSPECTION_2_2,INSPECTION_2_2_LINE,25882.02227340761,1.3805349759059027,7,1.8906379158324853,203.11447321412197,10.804434853376733,52,25678.907800193487,25892.826708260985,experiment,FIFO,0.28,0,variant_2
7312,INSPECTION_2_3,INSPECTION_2_3_LINE,25882.125568331023,0.10329492341406876,8,0.10329492341406876,203.21776813753604,10.701139929962665,52,25678.907800193487,25892.826708260985,experiment,FIFO,0.28,0,variant_2
7312,INSPECTION_2_4,INSPECTION_2_4_LINE,25887.93877631264,2.5937380599025346,9,5.81320798161687,209.0309761191529,4.887931948345795,54,25678.907800193487,25892.826708260985,experiment,FIFO,0.28,0,variant_2
7312,INSPECTION_2_5,INSPECTION_2_5_LINE,25888.743873776577,0.8050974639372726,10,0.8050974639372726,209.83607358309018,4.082834484408522,52,25678.907800193487,25892.826708260985,experiment,FIFO,0.28,0,variant_2
7312,INSPECTION_2_6,INSPECTION_2_6_LINE,25890.207819620297,1.4639458437195572,11,1.4639458437195572,211.30001942680974,2.618888640688965,52,25678.907800193487,25892.826708260985,experiment,FIFO,0.28,0,variant_2
7312,INSPECTION_2_7,INSPECTION_2_7_LINE,25892.826708260985,1.2677204843021173,12,2.618888640688965,213.9189080674987,0.0,50,25678.907800193487,25892.826708260985,experiment,FIFO,0.28,0,variant_2
7313,MOULDING_3,MOULDING_MACHINE_3,25682.97981872097,0.18535953936952865,1,0.0,0.0,207.04175217323063,47,25682.97981872097,25890.0215708942,experiment,FIFO,0.28,0,variant_6
7313,ASSEMBLY_1_2,LINE_2_ASSEMBLY1,25688.7463573122,5.766538591229619,2,5.766538591229619,5.766538591229619,201.27521358200102,46,25682.97981872097,25890.0215708942,experiment,FIFO,0.28,0,variant_6
7313,ASSEMBLY_2_1,ASSEMBLY2_LINE_1,25813.55587549661,3.154034209517704,3,124.80951818441099,130.5760567756406,76.46569539759003,58,25682.97981872097,25890.0215708942,experiment,FIFO,0.28,0,variant_6
7313,SORTING,SORTING_ROBOT_1,25861.228098997846,1.3035859032570443,4,47.67222350123484,178.24828027687545,28.793471896355186,50,25682.97981872097,25890.0215708942,experiment,FIFO,0.28,0,variant_6
7313,PACKAGING_1,PACKAGING_LINE_1,25876.07756951213,3.4874961040186463,5,14.849470514283894,193.09775079115934,13.944001382071292,51,25682.97981872097,25890.0215708942,experiment,FIFO,0.28,0,variant_6
7313,INSPECTION_2_1,INSPECTION_2_1_LINE,25880.03480928152,3.957239769388252,6,3.957239769388252,197.0549905605476,9.98676161268304,50,25682.97981872097,25890.0215708942,experiment,FIFO,0.28,0,variant_6
7313,INSPECTION_2_2,INSPECTION_2_2_LINE,25880.641738431703,0.6069291501844418,7,0.6069291501844418,197.66191971073204,9.379832462498598,51,25682.97981872097,25890.0215708942,experiment,FIFO,0.28,0,variant_6
7313,INSPECTION_2_3,INSPECTION_2_3_LINE,25881.132242029813,0.49050359811008093,8,0.49050359811008093,198.15242330884212,8.889328864388517,51,25682.97981872097,25890.0215708942,experiment,FIFO,0.28,0,variant_6
7313,INSPECTION_2_4,INSPECTION_2_4_LINE,25885.345038252737,0.9005198027989536,9,4.212796222924226,202.36521953176634,4.676532641464291,52,25682.97981872097,25890.0215708942,experiment,FIFO,0.28,0,variant_6
7313,INSPECTION_2_5,INSPECTION_2_5_LINE,25887.0954915118,0.3344474967489077,10,1.7504532590646704,204.115672790831,2.926079382399621,54,25682.97981872097,25890.0215708942,experiment,FIFO,0.28,0,variant_6
7313,INSPECTION_2_6,INSPECTION_2_6_LINE,25887.52852672044,0.16110237664179294,11,0.4330352086399216,204.54870799947093,2.4930441737596993,54,25682.97981872097,25890.0215708942,experiment,FIFO,0.28,0,variant_6
7313,INSPECTION_2_7,INSPECTION_2_7_LINE,25890.0215708942,1.4280102122465905,12,2.4930441737596993,207.04175217323063,0.0,52,25682.97981872097,25890.0215708942,experiment,FIFO,0.28,0,variant_6
7314,MOULDING_2,MOULDING_MACHINE_2,25693.002866717827,5.261004440366378,1,0.0,0.0,70.44672469353463,47,25693.002866717827,25763.44959141136,experiment,FIFO,0.28,0,variant_1
7314,ASSEMBLY_1_2,LINE_2_ASSEMBLY1,25709.504352004024,16.50148528619684,2,16.50148528619684,16.50148528619684,53.945239407337795,47,25693.002866717827,25763.44959141136,experiment,FIFO,0.28,0,variant_1
7314,ASSEMBLY_2_2,ASSEMBLY2_LINE_2,25721.730642392573,11.954530393999448,3,12.226290388549387,28.727775674746226,41.71894901878841,50,25693.002866717827,25763.44959141136,experiment,FIFO,0.28,0,variant_1
7314,SORTING,SORTING_ROBOT_1,25755.528478504715,16.546961052874394,4,33.79783611214225,62.525611786888476,7.921112906646158,59,25693.002866717827,25763.44959141136,experiment,FIFO,0.28,0,variant_1
7314,PACKAGING_3,PACKAGING_LINE_3,25758.700083246087,3.1716047413719934,5,3.1716047413719934,65.69721652826047,4.749508165274165,59,25693.002866717827,25763.44959141136,experiment,FIFO,0.28,0,variant_1
7314,INSPECTION_2_1,INSPECTION_2_1_LINE,25760.05145314008,1.351369893993251,6,1.351369893993251,67.04858642225372,3.3981382712809136,59,25693.002866717827,25763.44959141136,experiment,FIFO,0.28,0,variant_1
7314,INSPECTION_2_2,INSPECTION_2_2_LINE,25760.476650515448,0.42519737536713365,7,0.42519737536713365,67.47378379762085,2.97294089591378,59,25693.002866717827,25763.44959141136,experiment,FIFO,0.28,0,variant_1
7314,INSPECTION_2_3,INSPECTION_2_3_LINE,25761.130061299253,0.6534107838051568,8,0.6534107838051568,68.12719458142601,2.319530112108623,59,25693.002866717827,25763.44959141136,experiment,FIFO,0.28,0,variant_1
7314,INSPECTION_2_4,INSPECTION_2_4_LINE,25761.279425759192,0.14936445993953384,9,0.14936445993953384,68.27655904136554,2.1701656521690893,59,25693.002866717827,25763.44959141136,experiment,FIFO,0.28,0,variant_1
7314,INSPECTION_2_5,INSPECTION_2_5_LINE,25761.53402111682,0.2545953576263855,10,0.2545953576263855,68.53115439899193,1.9155702945427038,59,25693.002866717827,25763.44959141136,experiment,FIFO,0.28,0,variant_1
7314,INSPECTION_2_6,INSPECTION_2_6_LINE,25763.445927578865,1.7109657752080238,11,1.9119064620463178,70.44306086103825,0.0036638324963860214,59,25693.002866717827,25763.44959141136,experiment,FIFO,0.28,0,variant_1
7314,INSPECTION_2_7,INSPECTION_2_7_LINE,25763.44959141136,0.0036638324963860214,12,0.0036638324963860214,70.44672469353463,0.0,58,25693.002866717827,25763.44959141136,experiment,FIFO,0.28,0,variant_1
7315,MOULDING_1,MOULDING_MACHINE_1,25692.303017605165,3.757386551686068,1,0.0,0.0,235.7586392735684,46,25692.303017605165,25928.061656878734,experiment,FIFO,0.28,0,variant_3
7315,ASSEMBLY_1_3,LINE_3_ASSEMBLY1,25754.9483639856,0.22745123222921393,2,62.64534638043551,62.64534638043551,173.1132928931329,58,25692.303017605165,25928.061656878734,experiment,FIFO,0.28,0,variant_3
7315,ASSEMBLY_2_1,ASSEMBLY2_LINE_1,25896.49280149164,7.879756285045005,3,141.54443750603969,204.1897838864752,31.56885538709321,49,25692.303017605165,25928.061656878734,experiment,FIFO,0.28,0,variant_3
7315,SORTING,SORTING_ROBOT_1,25918.591793429805,0.8135811355241458,4,22.098991938164545,226.28877582463974,9.469863448928663,45,25692.303017605165,25928.061656878734,experiment,FIFO,0.28,0,variant_3
7315,PACKAGING_2,PACKAGING_LINE_2,25919.08954416102,0.49775073121418245,5,0.49775073121418245,226.78652655585392,8.97211271771448,45,25692.303017605165,25928.061656878734,experiment,FIFO,0.28,0,variant_3
7315,INSPECTION_1_1,INSPECTION_1_1_LINE,25920.15582564045,1.0662814794304722,6,1.0662814794304722,227.8528080352844,7.905831238284009,46,25692.303017605165,25928.061656878734,experiment,FIFO,0.28,0,variant_3
7315,INSPECTION_1_2,INSPECTION_1_2_LINE,25921.150450007743,0.9946243672929995,7,0.9946243672929995,228.8474324025774,6.911206870991009,46,25692.303017605165,25928.061656878734,experiment,FIFO,0.28,0,variant_3
7315,INSPECTION_1_3,INSPECTION_1_3_LINE,25921.41994738652,0.26949737877657753,8,0.26949737877657753,229.11692978135397,6.6417094922144315,45,25692.303017605165,25928.061656878734,experiment,FIFO,0.28,0,variant_3
7315,INSPECTION_1_4,INSPECTION_1_4_LINE,25922.234032207954,0.8140848214352445,9,0.8140848214352445,229.93101460278922,5.827624670779187,45,25692.303017605165,25928.061656878734,experiment,FIFO,0.28,0,variant_3
7315,INSPECTION_1_5,INSPECTION_1_5_LINE,25925.32772679443,3.0936945864741574,10,3.0936945864741574,233.02470918926338,2.7339300843050296,44,25692.303017605165,25928.061656878734,experiment,FIFO,0.28,0,variant_3
7315,INSPECTION_1_6,INSPECTION_1_6_LINE,25927.61756280444,0.9111002382487641,11,2.2898360100116406,235.31454519927502,0.444094074293389,43,25692.303017605165,25928.061656878734,experiment,FIFO,0.28,0,variant_3
7315,INSPECTION_1_7,INSPECTION_1_7_LINE,25928.061656878734,0.444094074293389,12,0.444094074293389,235.7586392735684,0.0,42,25692.303017605165,25928.061656878734,experiment,FIFO,0.28,0,variant_3
7316,MOULDING_5,MOULDING_MACHINE_5,25701.883076205944,3.9514706309455505,1,0.0,0.0,66.98057712323498,45,25701.883076205944,25768.86365332918,experiment,FIFO,0.28,0,variant_6
7316,ASSEMBLY_1_2,LINE_2_ASSEMBLY1,25711.291440146146,1.7870881421222293,2,9.408363940201525,9.408363940201525,57.572213183033455,47,25701.883076205944,25768.86365332918,experiment,FIFO,0.28,0,variant_6
7316,ASSEMBLY_2_2,ASSEMBLY2_LINE_2,25727.053939444944,5.323297052371345,3,15.762499298798502,25.170863239000028,41.80971388423495,52,25701.883076205944,25768.86365332918,experiment,FIFO,0.28,0,variant_6
7316,SORTING,SORTING_ROBOT_1,25756.62266078704,1.0941822823260736,4,29.56872134209698,54.739584581097006,12.240992542137974,59,25701.883076205944,25768.86365332918,experiment,FIFO,0.28,0,variant_6
7316,PACKAGING_1,PACKAGING_LINE_1,25759.709888757872,3.087227970831009,5,3.087227970831009,57.826812551928015,9.153764571306965,59,25701.883076205944,25768.86365332918,experiment,FIFO,0.28,0,variant_6
7316,INSPECTION_2_1,INSPECTION_2_1_LINE,25760.66611127828,0.6146581381981377,6,0.9562225204062997,58.783035072334314,8.197542050900665,59,25701.883076205944,25768.86365332918,experiment,FIFO,0.28,0,variant_6
7316,INSPECTION_2_2,INSPECTION_2_2_LINE,25763.29415319269,2.6280419144131884,7,2.6280419144131884,61.4110769867475,5.569500136487477,59,25701.883076205944,25768.86365332918,experiment,FIFO,0.28,0,variant_6
7316,INSPECTION_2_3,INSPECTION_2_3_LINE,25763.505004060924,0.2108508682322281,8,0.2108508682322281,61.62192785497973,5.358649268255249,58,25701.883076205944,25768.86365332918,experiment,FIFO,0.28,0,variant_6
7316,INSPECTION_2_4,INSPECTION_2_4_LINE,25764.14280977087,0.6378057099464058,9,0.6378057099464058,62.25973356492614,4.720843558308843,58,25701.883076205944,25768.86365332918,experiment,FIFO,0.28,0,variant_6
7316,INSPECTION_2_5,INSPECTION_2_5_LINE,25765.15903985623,1.016230085358984,10,1.016230085358984,63.27596365028512,3.704613472949859,59,25701.883076205944,25768.86365332918,experiment,FIFO,0.28,0,variant_6
7316,INSPECTION_2_6,INSPECTION_2_6_LINE,25765.45073729615,0.2916974399195169,11,0.2916974399195169,63.56766109020464,3.412916033030342,59,25701.883076205944,25768.86365332918,experiment,FIFO,0.28,0,variant_6
7316,INSPECTION_2_7,INSPECTION_2_7_LINE,25768.86365332918,3.412916033030342,12,3.412916033030342,66.98057712323498,0.0,60,25701.883076205944,25768.86365332918,experiment,FIFO,0.28,0,variant_6
7317,MOULDING_4,MOULDING_MACHINE_4,25707.62908928272,6.595785552959569,1,0.0,0.0,254.43658047348072,45,25707.62908928272,25962.0656697562,experiment,FIFO,0.28,0,variant_4
7317,ASSEMBLY_1_3,LINE_3_ASSEMBLY1,25759.153553121025,4.205189135424007,2,51.524463838304655,51.524463838304655,202.91211663517606,59,25707.62908928272,25962.0656697562,experiment,FIFO,0.28,0,variant_4
7317,ASSEMBLY_2_1,ASSEMBLY2_LINE_1,25899.4077804017,0.09574326360962004,3,140.25422728067497,191.77869111897962,62.657889354501094,48,25707.62908928272,25962.0656697562,experiment,FIFO,0.28,0,variant_4
7317,SORTING,SORTING_ROBOT_1,25927.33967175759,0.8295404359596432,4,27.931891355889093,219.71058247486872,34.725997998612,43,25707.62908928272,25962.0656697562,experiment,FIFO,0.28,0,variant_4
7317,PACKAGING_1,PACKAGING_LINE_1,25945.30262023279,0.41934388583831606,5,17.962948475200392,237.6735309500691,16.76304952341161,42,25707.62908928272,25962.0656697562,experiment,FIFO,0.28,0,variant_4
7317,INSPECTION_2_1,INSPECTION_2_1_LINE,25945.82937954716,0.25901636037087883,6,0.5267593143726117,238.20029026444172,16.236290209038998,43,25707.62908928272,25962.0656697562,experiment,FIFO,0.28,0,variant_4
7317,INSPECTION_2_2,INSPECTION_2_2_LINE,25946.75217944533,0.9227998981696146,7,0.9227998981696146,239.12309016261133,15.313490310869383,43,25707.62908928272,25962.0656697562,experiment,FIFO,0.28,0,variant_4
7317,INSPECTION_2_3,INSPECTION_2_3_LINE,25953.57676832932,0.6136137393586978,8,6.824588883988326,245.94767904659966,8.488901426881057,43,25707.62908928272,25962.0656697562,experiment,FIFO,0.28,0,variant_4
7317,INSPECTION_2_4,INSPECTION_2_4_LINE,25954.24825054829,0.6714822189715051,9,0.6714822189715051,246.61916126557117,7.817419207909552,43,25707.62908928272,25962.0656697562,experiment,FIFO,0.28,0,variant_4
7317,INSPECTION_2_5,INSPECTION_2_5_LINE,25960.48539751822,5.072586915379361,10,6.23714696992829,252.85630823549945,1.5802722379812622,42,25707.62908928272,25962.0656697562,experiment,FIFO,0.28,0,variant_4
7317,INSPECTION_2_6,INSPECTION_2_6_LINE,25962.0248861524,1.5394886341819074,11,1.5394886341819074,254.39579686968136,0.04078360379935475,41,25707.62908928272,25962.0656697562,experiment,FIFO,0.28,0,variant_4
7317,INSPECTION_2_7,INSPECTION_2_7_LINE,25962.0656697562,0.04078360379935475,12,0.04078360379935475,254.43658047348072,0.0,40,25707.62908928272,25962.0656697562,experiment,FIFO,0.28,0,variant_4
7318,MOULDING_1,MOULDING_MACHINE_1,25708.677375789925,3.8070585089662927,1,0.0,0.0,207.37519516326574,47,25708.677375789925,25916.05257095319,experiment,FIFO,0.28,0,variant_6
7318,ASSEMBLY_1_2,LINE_2_ASSEMBLY1,25715.672109222087,4.380669075941114,2,6.99473343216232,6.99473343216232,200.38046173110342,48,25708.677375789925,25916.05257095319,experiment,FIFO,0.28,0,variant_6
7318,ASSEMBLY_2_1,ASSEMBLY2_LINE_1,25852.603156110523,5.133310135035572,3,136.93104688843596,143.92578032059828,63.449414842667466,52,25708.677375789925,25916.05257095319,experiment,FIFO,0.28,0,variant_6
7318,SORTING,SORTING_ROBOT_1,25875.52949102902,1.4714381072117249,4,22.92633491849847,166.85211523909675,40.523079924169,51,25708.677375789925,25916.05257095319,experiment,FIFO,0.28,0,variant_6
7318,PACKAGING_1,PACKAGING_LINE_1,25909.02038625192,9.491904678237916,5,33.49089522289796,200.3430104619947,7.032184701271035,44,25708.677375789925,25916.05257095319,experiment,FIFO,0.28,0,variant_6
7318,INSPECTION_2_1,INSPECTION_2_1_LINE,25909.137374887403,0.11698863548372174,6,0.11698863548372174,200.45999909747843,6.915196065787313,44,25708.677375789925,25916.05257095319,experiment,FIFO,0.28,0,variant_6
7318,INSPECTION_2_2,INSPECTION_2_2_LINE,25910.77944012017,1.6420652327688003,7,1.6420652327688003,202.10206433024723,5.273130833018513,45,25708.677375789925,25916.05257095319,experiment,FIFO,0.28,0,variant_6
7318,INSPECTION_2_3,INSPECTION_2_3_LINE,25912.55694330412,1.7775031839482835,8,1.7775031839482835,203.87956751419551,3.4956276490702294,45,25708.677375789925,25916.05257095319,experiment,FIFO,0.28,0,variant_6
7318,INSPECTION_2_4,INSPECTION_2_4_LINE,25912.98675426032,0.42981095620052656,9,0.42981095620052656,204.30937847039604,3.065816692869703,47,25708.677375789925,25916.05257095319,experiment,FIFO,0.28,0,variant_6
7318,INSPECTION_2_5,INSPECTION_2_5_LINE,25914.235421984067,1.248667723746621,10,1.248667723746621,205.55804619414266,1.8171489691230818,47,25708.677375789925,25916.05257095319,experiment,FIFO,0.28,0,variant_6
7318,INSPECTION_2_6,INSPECTION_2_6_LINE,25914.643771511342,0.40834952727527707,11,0.40834952727527707,205.96639572141794,1.4087994418478047,47,25708.677375789925,25916.05257095319,experiment,FIFO,0.28,0,variant_6
7318,INSPECTION_2_7,INSPECTION_2_7_LINE,25916.05257095319,1.4087994418478047,12,1.4087994418478047,207.37519516326574,0.0,46,25708.677375789925,25916.05257095319,experiment,FIFO,0.28,0,variant_6
7319,MOULDING_4,MOULDING_MACHINE_4,25708.52323393407,0.8941446513490519,1,0.0,0.0,198.65066408441635,46,25708.52323393407,25907.173898018485,experiment,FIFO,0.28,0,variant_4
7319,ASSEMBLY_1_1,LINE_1_ASSEMBLY1,25714.034776233635,5.511542299565917,2,5.511542299565917,5.511542299565917,193.13912178485043,49,25708.52323393407,25907.173898018485,experiment,FIFO,0.28,0,variant_4
7319,ASSEMBLY_2_1,ASSEMBLY2_LINE_1,25844.17089023401,0.29527348440751666,3,130.13611400037553,135.64765629994145,63.0030077844749,53,25708.52323393407,25907.173898018485,experiment,FIFO,0.28,0,variant_4
7319,SORTING,SORTING_ROBOT_1,25872.900721526625,1.7939037160213047,4,28.729831292614108,164.37748759255555,34.273176491860795,52,25708.52323393407,25907.173898018485,experiment,FIFO,0.28,0,variant_4
7319,PACKAGING_1,PACKAGING_LINE_1,25899.52848157368,0.7449927715206286,5,26.627760047056654,191.0052476396122,7.645416444804141,48,25708.52323393407,25907.173898018485,experiment,FIFO,0.28,0,variant_4
7319,INSPECTION_2_1,INSPECTION_2_1_LINE,25901.161372247057,1.4656100099164178,6,1.632890673376096,192.6381383129883,6.012525771428045,47,25708.52323393407,25907.173898018485,experiment,FIFO,0.28,0,variant_4
7319,INSPECTION_2_2,INSPECTION_2_2_LINE,25902.36921377082,1.2078415237629088,7,1.2078415237629088,193.8459798367512,4.804684247665136,47,25708.52323393407,25907.173898018485,experiment,FIFO,0.28,0,variant_4
7319,INSPECTION_2_3,INSPECTION_2_3_LINE,25903.165797495865,0.7965837250449113,8,0.7965837250449113,194.64256356179612,4.008100522620225,47,25708.52323393407,25907.173898018485,experiment,FIFO,0.28,0,variant_4
7319,INSPECTION_2_4,INSPECTION_2_4_LINE,25903.284858827672,0.1190613318067335,9,0.1190613318067335,194.76162489360286,3.8890391908134916,47,25708.52323393407,25907.173898018485,experiment,FIFO,0.28,0,variant_4
7319,INSPECTION_2_5,INSPECTION_2_5_LINE,25904.78077999733,1.4959211696586863,10,1.4959211696586863,196.25754606326154,2.3931180211548053,46,25708.52323393407,25907.173898018485,experiment,FIFO,0.28,0,variant_4
7319,INSPECTION_2_6,INSPECTION_2_6_LINE,25905.665893309226,0.8851133118951111,11,0.8851133118951111,197.14265937515665,1.5080047092596942,46,25708.52323393407,25907.173898018485,experiment,FIFO,0.28,0,variant_4
7319,INSPECTION_2_7,INSPECTION_2_7_LINE,25907.173898018485,1.5080047092596942,12,1.5080047092596942,198.65066408441635,0.0,46,25708.52323393407,25907.173898018485,experiment,FIFO,0.28,0,variant_4
7320,MOULDING_4,MOULDING_MACHINE_4,25713.72238041636,5.199146482289507,1,0.0,0.0,245.92348952822067,49,25713.72238041636,25959.64586994458,experiment,FIFO,0.28,0,variant_6
7320,ASSEMBLY_1_3,LINE_3_ASSEMBLY1,25777.62781677316,18.47426365213687,2,63.905436356802966,63.905436356802966,182.0180531714177,62,25713.72238041636,25959.64586994458,experiment,FIFO,0.28,0,variant_6
7320,ASSEMBLY_2_1,ASSEMBLY2_LINE_1,25904.13680745584,1.3307316809332406,3,126.50899068267972,190.4144270394827,55.50906248873798,46,25713.72238041636,25959.64586994458,experiment,FIFO,0.28,0,variant_6
7320,SORTING,SORTING_ROBOT_1,25943.798382654782,2.8895753586220962,4,39.66157519894114,230.07600223842383,15.847487289796845,41,25713.72238041636,25959.64586994458,experiment,FIFO,0.28,0,variant_6
7320,PACKAGING_2,PACKAGING_LINE_2,25943.94717508415,0.14879242936876835,5,0.14879242936876835,230.2247946677926,15.698694860428077,41,25713.72238041636,25959.64586994458,experiment,FIFO,0.28,0,variant_6
7320,INSPECTION_1_1,INSPECTION_1_1_LINE,25944.61555828685,0.6683832026974414,6,0.6683832026974414,230.89317787049004,15.030311657730635,41,25713.72238041636,25959.64586994458,experiment,FIFO,0.28,0,variant_6
7320,INSPECTION_1_2,INSPECTION_1_2_LINE,25952.14710710245,7.531548815601127,7,7.531548815601127,238.42472668609116,7.4987628421295085,43,25713.72238041636,25959.64586994458,experiment,FIFO,0.28,0,variant_6
7320,INSPECTION_1_3,INSPECTION_1_3_LINE,25953.264883432304,1.117776329854678,8,1.117776329854678,239.54250301594584,6.380986512274831,43,25713.72238041636,25959.64586994458,experiment,FIFO,0.28,0,variant_6
7320,INSPECTION_1_4,INSPECTION_1_4_LINE,25954.12554376909,0.8606603367843491,9,0.8606603367843491,240.4031633527302,5.5203261754904815,43,25713.72238041636,25959.64586994458,experiment,FIFO,0.28,0,variant_6
7320,INSPECTION_1_5,INSPECTION_1_5_LINE,25957.61954286912,3.4939991000319424,10,3.4939991000319424,243.89716245276213,2.026327075458539,43,25713.72238041636,25959.64586994458,experiment,FIFO,0.28,0,variant_6
7320,INSPECTION_1_6,INSPECTION_1_6_LINE,25958.48777009128,0.8682272221594758,11,0.8682272221594758,244.7653896749216,1.1580998532990634,44,25713.72238041636,25959.64586994458,experiment,FIFO,0.28,0,variant_6
7320,INSPECTION_1_7,INSPECTION_1_7_LINE,25959.64586994458,1.1580998532990634,12,1.1580998532990634,245.92348952822067,0.0,43,25713.72238041636,25959.64586994458,experiment,FIFO,0.28,0,variant_6
7321,MOULDING_5,MOULDING_MACHINE_5,25717.334764524054,7.978763822993642,1,0.0,0.0,176.80117196963693,48,25717.334764524054,25894.13593649369,experiment,FIFO,0.28,0,variant_3
7321,ASSEMBLY_1_1,LINE_1_ASSEMBLY1,25720.39778994424,3.0630254201860225,2,3.0630254201860225,3.0630254201860225,173.7381465494509,49,25717.334764524054,25894.13593649369,experiment,FIFO,0.28,0,variant_3
7321,ASSEMBLY_2_1,ASSEMBLY2_LINE_1,25856.458805350263,0.6156383241359435,3,136.06101540602322,139.12404082620924,37.67713114342769,53,25717.334764524054,25894.13593649369,experiment,FIFO,0.28,0,variant_3
7321,SORTING,SORTING_ROBOT_1,25879.94299385418,2.3695438432187075,4,23.484188503916812,162.60822933012605,14.192942639510875,50,25717.334764524054,25894.13593649369,experiment,FIFO,0.28,0,variant_3
7321,PACKAGING_3,PACKAGING_LINE_3,25884.828534194967,4.885540340786974,5,4.885540340786974,167.49376967091303,9.3074022987239,52,25717.334764524054,25894.13593649369,experiment,FIFO,0.28,0,variant_3
7321,INSPECTION_2_1,INSPECTION_2_1_LINE,25886.542526992376,1.7139927974094462,6,1.7139927974094462,169.20776246832247,7.593409501314454,52,25717.334764524054,25894.13593649369,experiment,FIFO,0.28,0,variant_3
7321,INSPECTION_2_2,INSPECTION_2_2_LINE,25886.81835477082,0.2758277784450911,7,0.2758277784450911,169.48359024676756,7.317581722869363,52,25717.334764524054,25894.13593649369,experiment,FIFO,0.28,0,variant_3
7321,INSPECTION_2_3,INSPECTION_2_3_LINE,25887.709508834203,0.8911540633816912,8,0.8911540633816912,170.37474431014925,6.426427659487672,54,25717.334764524054,25894.13593649369,experiment,FIFO,0.28,0,variant_3
7321,INSPECTION_2_4,INSPECTION_2_4_LINE,25892.677827643936,2.6810770384254283,9,4.968318809733319,175.34306311988257,1.4581088497543533,51,25717.334764524054,25894.13593649369,experiment,FIFO,0.28,0,variant_3
7321,INSPECTION_2_5,INSPECTION_2_5_LINE,25893.07685375488,0.39902611094294116,10,0.39902611094294116,175.7420892308255,1.0590827388114121,50,25717.334764524054,25894.13593649369,experiment,FIFO,0.28,0,variant_3
7321,INSPECTION_2_6,INSPECTION_2_6_LINE,25893.13822147617,0.06136772128957091,11,0.06136772128957091,175.80345695211508,0.9977150175218412,50,25717.334764524054,25894.13593649369,experiment,FIFO,0.28,0,variant_3
7321,INSPECTION_2_7,INSPECTION_2_7_LINE,25894.13593649369,0.4475132208208379,12,0.9977150175218412,176.80117196963693,0.0,49,25717.334764524054,25894.13593649369,experiment,FIFO,0.28,0,variant_3
7322,MOULDING_3,MOULDING_MACHINE_3,25718.348625720097,5.594432769747073,1,0.0,0.0,105.88644736772403,49,25718.348625720097,25824.23507308782,experiment,FIFO,0.28,0,variant_2
7322,ASSEMBLY_1_3,LINE_3_ASSEMBLY1,25781.24608829192,3.6182715187569556,2,62.89746257182196,62.89746257182196,42.98898479590207,60,25718.348625720097,25824.23507308782,experiment,FIFO,0.28,0,variant_2
7322,ASSEMBLY_2_2,ASSEMBLY2_LINE_2,25793.730664507995,12.484576216076675,3,12.484576216076675,75.38203878789864,30.504408579825395,60,25718.348625720097,25824.23507308782,experiment,FIFO,0.28,0,variant_2
7322,SORTING,SORTING_ROBOT_1,25820.068416670903,8.959935095252149,4,26.337752162908146,101.71979095080678,4.166656416917249,56,25718.348625720097,25824.23507308782,experiment,FIFO,0.28,0,variant_2
7322,PACKAGING_3,PACKAGING_LINE_3,25821.073803033003,1.0053863620996708,5,1.0053863620996708,102.72517731290645,3.161270054817578,56,25718.348625720097,25824.23507308782,experiment,FIFO,0.28,0,variant_2
7322,INSPECTION_2_1,INSPECTION_2_1_LINE,25821.677409885728,0.6036068527246243,6,0.6036068527246243,103.32878416563108,2.5576632020929537,56,25718.348625720097,25824.23507308782,experiment,FIFO,0.28,0,variant_2
7322,INSPECTION_2_2,INSPECTION_2_2_LINE,25821.810636988896,0.1332271031678829,7,0.1332271031678829,103.46201126879896,2.424436098925071,56,25718.348625720097,25824.23507308782,experiment,FIFO,0.28,0,variant_2
7322,INSPECTION_2_3,INSPECTION_2_3_LINE,25821.89849267504,0.08785568614621297,8,0.08785568614621297,103.54986695494517,2.336580412778858,56,25718.348625720097,25824.23507308782,experiment,FIFO,0.28,0,variant_2
7322,INSPECTION_2_4,INSPECTION_2_4_LINE,25822.36572440468,0.4672317296390247,9,0.4672317296390247,104.0170986845842,1.8693486831398332,55,25718.348625720097,25824.23507308782,experiment,FIFO,0.28,0,variant_2
7322,INSPECTION_2_5,INSPECTION_2_5_LINE,25822.604246547104,0.23852214242288028,10,0.23852214242288028,104.25562082700708,1.6308265407169529,55,25718.348625720097,25824.23507308782,experiment,FIFO,0.28,0,variant_2
7322,INSPECTION_2_6,INSPECTION_2_6_LINE,25823.87103455809,1.2667880109875114,11,1.2667880109875114,105.52240883799459,0.3640385297294415,55,25718.348625720097,25824.23507308782,experiment,FIFO,0.28,0,variant_2
7322,INSPECTION_2_7,INSPECTION_2_7_LINE,25824.23507308782,0.3640385297294415,12,0.3640385297294415,105.88644736772403,0.0,54,25718.348625720097,25824.23507308782,experiment,FIFO,0.28,0,variant_2
7323,MOULDING_2,MOULDING_MACHINE_2,25713.191246793904,0.16490598391465028,1,0.0,0.0,194.04687515437763,48,25713.191246793904,25907.23812194828,experiment,FIFO,0.28,0,variant_6
7323,ASSEMBLY_1_2,LINE_2_ASSEMBLY1,25729.87297282333,14.200863601243327,2,16.6817260294265,16.6817260294265,177.36514912495113,50,25713.191246793904,25907.23812194828,experiment,FIFO,0.28,0,variant_6
7323,ASSEMBLY_2_1,ASSEMBLY2_LINE_1,25860.44510151729,3.986296167026012,3,130.5721286939588,147.2538547233853,46.79302043099233,50,25713.191246793904,25907.23812194828,experiment,FIFO,0.28,0,variant_6
7323,SORTING,SORTING_ROBOT_1,25894.720561389146,9.72391997898012,4,34.27545987185658,181.52931459524189,12.517560559135745,49,25713.191246793904,25907.23812194828,experiment,FIFO,0.28,0,variant_6
7323,PACKAGING_2,PACKAGING_LINE_2,25899.22326289876,4.502701509612962,5,4.502701509612962,186.03201610485485,8.014859049522784,48,25713.191246793904,25907.23812194828,experiment,FIFO,0.28,0,variant_6
7323,INSPECTION_1_1,INSPECTION_1_1_LINE,25901.30876104255,2.085498143791483,6,2.085498143791483,188.11751424864633,5.929360905731301,47,25713.191246793904,25907.23812194828,experiment,FIFO,0.28,0,variant_6
7323,INSPECTION_1_2,INSPECTION_1_2_LINE,25902.41033381966,1.101572777108231,7,1.101572777108231,189.21908702575456,4.8277881286230695,47,25713.191246793904,25907.23812194828,experiment,FIFO,0.28,0,variant_6
7323,INSPECTION_1_3,INSPECTION_1_3_LINE,25902.97303299524,0.5626991755816562,8,0.5626991755816562,189.78178620133622,4.265088953041413,47,25713.191246793904,25907.23812194828,experiment,FIFO,0.28,0,variant_6
7323,INSPECTION_1_4,INSPECTION_1_4_LINE,25903.67449363878,0.7014606435404858,9,0.7014606435404858,190.4832468448767,3.5636283095009276,46,25713.191246793904,25907.23812194828,experiment,FIFO,0.28,0,variant_6
7323,INSPECTION_1_5,INSPECTION_1_5_LINE,25906.79881921531,3.1243255765293725,10,3.1243255765293725,193.60757242140608,0.4393027329715551,46,25713.191246793904,25907.23812194828,experiment,FIFO,0.28,0,variant_6
7323,INSPECTION_1_6,INSPECTION_1_6_LINE,25906.950722620542,0.15190340523258783,11,0.15190340523258783,193.75947582663866,0.28739932773896726,46,25713.191246793904,25907.23812194828,experiment,FIFO,0.28,0,variant_6
7323,INSPECTION_1_7,INSPECTION_1_7_LINE,25907.23812194828,0.28739932773896726,12,0.28739932773896726,194.04687515437763,0.0,45,25713.191246793904,25907.23812194828,experiment,FIFO,0.28,0,variant_6
7324,MOULDING_3,MOULDING_MACHINE_3,25721.06938727604,2.7207615559418628,1,0.0,0.0,58.965195492011844,50,25721.06938727604,25780.03458276805,experiment,FIFO,0.28,0,variant_6
7324,ASSEMBLY_1_4,LINE_4_ASSEMBLY1,25728.28308815322,7.2137008771824185,2,7.2137008771824185,7.2137008771824185,51.751494614829426,52,25721.06938727604,25780.03458276805,experiment,FIFO,0.28,0,variant_6
7324,ASSEMBLY_2_2,ASSEMBLY2_LINE_2,25741.75114125503,12.681541899270087,3,13.468053101809346,20.681753978991765,38.28344151302008,54,25721.06938727604,25780.03458276805,experiment,FIFO,0.28,0,variant_6
7324,SORTING,SORTING_ROBOT_1,25765.98322589448,1.367332685051224,4,24.232084639450477,44.91383861844224,14.051356873569603,59,25721.06938727604,25780.03458276805,experiment,FIFO,0.28,0,variant_6
7324,PACKAGING_2,PACKAGING_LINE_2,25768.196602908407,2.2133770139262197,5,2.2133770139262197,47.12721563236846,11.837979859643383,61,25721.06938727604,25780.03458276805,experiment,FIFO,0.28,0,variant_6
7324,INSPECTION_1_1,INSPECTION_1_1_LINE,25768.35678860303,0.16018569462175947,6,0.16018569462175947,47.28740132699022,11.677794165021623,61,25721.06938727604,25780.03458276805,experiment,FIFO,0.28,0,variant_6
7324,INSPECTION_1_2,INSPECTION_1_2_LINE,25768.75841066709,0.4016220640623942,7,0.4016220640623942,47.689023391052615,11.27617210095923,61,25721.06938727604,25780.03458276805,experiment,FIFO,0.28,0,variant_6
7324,INSPECTION_1_3,INSPECTION_1_3_LINE,25774.728489624147,5.970078957056103,8,5.970078957056103,53.65910234810872,5.3060931439031265,62,25721.06938727604,25780.03458276805,experiment,FIFO,0.28,0,variant_6
7324,INSPECTION_1_4,INSPECTION_1_4_LINE,25776.58669573358,1.858206109431194,9,1.858206109431194,55.51730845753991,3.4478870344719326,62,25721.06938727604,25780.03458276805,experiment,FIFO,0.28,0,variant_6
7324,INSPECTION_1_5,INSPECTION_1_5_LINE,25776.69828325764,0.11158752406117856,10,0.11158752406117856,55.62889598160109,3.336299510410754,62,25721.06938727604,25780.03458276805,experiment,FIFO,0.28,0,variant_6
7324,INSPECTION_1_6,INSPECTION_1_6_LINE,25778.518884722867,1.82060146522781,11,1.82060146522781,57.4494974468289,1.515698045182944,63,25721.06938727604,25780.03458276805,experiment,FIFO,0.28,0,variant_6
7324,INSPECTION_1_7,INSPECTION_1_7_LINE,25780.03458276805,1.515698045182944,12,1.515698045182944,58.965195492011844,0.0,61,25721.06938727604,25780.03458276805,experiment,FIFO,0.28,0,variant_6
7325,MOULDING_2,MOULDING_MACHINE_2,25732.51959984316,17.112875067279674,1,0.0,0.0,53.96311055009937,52,25732.51959984316,25786.48271039326,experiment,FIFO,0.28,0,variant_3
7325,ASSEMBLY_1_2,LINE_2_ASSEMBLY1,25736.0104964479,3.4908966047405556,2,3.4908966047405556,3.4908966047405556,50.47221394535882,53,25732.51959984316,25786.48271039326,experiment,FIFO,0.28,0,variant_3
7325,ASSEMBLY_2_2,ASSEMBLY2_LINE_2,25750.62875539885,0.5879241494330927,3,14.618258950951713,18.10915555569227,35.853954994407104,57,25732.51959984316,25786.48271039326,experiment,FIFO,0.28,0,variant_3
7325,SORTING,SORTING_ROBOT_1,25771.740456825904,0.4292667527770391,4,21.11170142705305,39.22085698274532,14.742253567354055,58,25732.51959984316,25786.48271039326,experiment,FIFO,0.28,0,variant_3
7325,PACKAGING_2,PACKAGING_LINE_2,25779.1240494512,7.3835926252941135,5,7.3835926252941135,46.60444960803943,7.358660942059942,62,25732.51959984316,25786.48271039326,experiment,FIFO,0.28,0,variant_3
7325,INSPECTION_1_1,INSPECTION_1_1_LINE,25779.42524320657,0.3011937553710595,6,0.3011937553710595,46.90564336341049,7.057467186688882,62,25732.51959984316,25786.48271039326,experiment,FIFO,0.28,0,variant_3
7325,INSPECTION_1_2,INSPECTION_1_2_LINE,25780.97371934708,1.5484761405095924,7,1.5484761405095924,48.45411950392008,5.50899104617929,61,25732.51959984316,25786.48271039326,experiment,FIFO,0.28,0,variant_3
7325,INSPECTION_1_3,INSPECTION_1_3_LINE,25781.190610774484,0.21689142740433454,8,0.21689142740433454,48.67101093132442,5.292099618774955,60,25732.51959984316,25786.48271039326,experiment,FIFO,0.28,0,variant_3
7325,INSPECTION_1_4,INSPECTION_1_4_LINE,25782.7766524475,0.06738830465474166,9,1.586041673017462,50.25705260434188,3.706057945757493,60,25732.51959984316,25786.48271039326,experiment,FIFO,0.28,0,variant_3
7325,INSPECTION_1_5,INSPECTION_1_5_LINE,25784.53697221369,0.22644959997705882,10,1.7603197661883314,52.01737237053021,1.9457381795691617,59,25732.51959984316,25786.48271039326,experiment,FIFO,0.28,0,variant_3
7325,INSPECTION_1_6,INSPECTION_1_6_LINE,25785.92214617357,0.857826318431762,11,1.3851739598794666,53.40254633040968,0.5605642196896952,60,25732.51959984316,25786.48271039326,experiment,FIFO,0.28,0,variant_3
7325,INSPECTION_1_7,INSPECTION_1_7_LINE,25786.48271039326,0.5605642196896952,12,0.5605642196896952,53.96311055009937,0.0,59,25732.51959984316,25786.48271039326,experiment,FIFO,0.28,0,variant_3
7326,MOULDING_3,MOULDING_MACHINE_3,25724.340520040125,1.530352524445334,1,0.0,0.0,46.293636406884616,50,25724.340520040125,25770.63415644701,experiment,FIFO,0.28,0,variant_1
7326,ASSEMBLY_1_1,LINE_1_ASSEMBLY1,25725.90280664617,1.5622866060439264,2,1.5622866060439264,1.5622866060439264,44.73134980084069,51,25724.340520040125,25770.63415644701,experiment,FIFO,0.28,0,variant_1
7326,ASSEMBLY_2_2,ASSEMBLY2_LINE_2,25729.06959935576,2.0156599108158844,3,3.166792709591391,4.7290793156353175,41.5645570912493,50,25724.340520040125,25770.63415644701,experiment,FIFO,0.28,0,variant_1
7326,SORTING,SORTING_ROBOT_1,25759.313738986664,2.691078199623007,4,30.2441396309041,34.97321894653942,11.320417460345197,59,25724.340520040125,25770.63415644701,experiment,FIFO,0.28,0,variant_1
7326,PACKAGING_1,PACKAGING_LINE_1,25761.08778690845,1.3778981505784031,5,1.774047921786405,36.74726686832582,9.546369538558793,59,25724.340520040125,25770.63415644701,experiment,FIFO,0.28,0,variant_1
7326,INSPECTION_2_1,INSPECTION_2_1_LINE,25762.071732139026,0.9839452305750456,6,0.9839452305750456,37.73121209890087,8.562424307983747,59,25724.340520040125,25770.63415644701,experiment,FIFO,0.28,0,variant_1
7326,INSPECTION_2_2,INSPECTION_2_2_LINE,25763.39237155752,0.09821836482660729,7,1.3206394184926467,39.051851517393516,7.2417848894911,59,25724.340520040125,25770.63415644701,experiment,FIFO,0.28,0,variant_1
7326,INSPECTION_2_3,INSPECTION_2_3_LINE,25765.91994353637,2.4149394754458626,8,2.5275719788514834,41.579423496245,4.714212910639617,59,25724.340520040125,25770.63415644701,experiment,FIFO,0.28,0,variant_1
7326,INSPECTION_2_4,INSPECTION_2_4_LINE,25766.11123962445,0.1912960880799801,9,0.1912960880799801,41.77071958432498,4.522916822559637,59,25724.340520040125,25770.63415644701,experiment,FIFO,0.28,0,variant_1
7326,INSPECTION_2_5,INSPECTION_2_5_LINE,25766.18438422833,0.07314460388079169,10,0.07314460388079169,41.84386418820577,4.449772218678845,59,25724.340520040125,25770.63415644701,experiment,FIFO,0.28,0,variant_1
7326,INSPECTION_2_6,INSPECTION_2_6_LINE,25767.49425883933,1.3098746110008506,11,1.3098746110008506,43.15373879920662,3.1398976076779945,61,25724.340520040125,25770.63415644701,experiment,FIFO,0.28,0,variant_1
7326,INSPECTION_2_7,INSPECTION_2_7_LINE,25770.63415644701,1.7705031178302306,12,3.1398976076779945,46.293636406884616,0.0,59,25724.340520040125,25770.63415644701,experiment,FIFO,0.28,0,variant_1
7327,MOULDING_2,MOULDING_MACHINE_2,25745.94071948917,13.421119646009174,1,0.0,0.0,72.12186242527969,57,25745.94071948917,25818.062581914448,experiment,FIFO,0.28,0,variant_3
7327,ASSEMBLY_1_5,LINE_5_ASSEMBLY1,25757.59210749785,11.651388008682261,2,11.651388008682261,11.651388008682261,60.470474416597426,57,25745.94071948917,25818.062581914448,experiment,FIFO,0.28,0,variant_3
7327,ASSEMBLY_2_2,ASSEMBLY2_LINE_2,25762.06768739175,0.596799628710869,3,4.475579893900431,16.12696790258269,55.994894522696995,59,25745.94071948917,25818.062581914448,experiment,FIFO,0.28,0,variant_3
7327,SORTING,SORTING_ROBOT_1,25790.19232556976,1.2315202252211748,4,28.124638178007444,44.251606080590136,27.87025634468955,61,25745.94071948917,25818.062581914448,experiment,FIFO,0.28,0,variant_3
7327,PACKAGING_3,PACKAGING_LINE_3,25804.39166033501,12.088448973179766,5,14.199334765253298,58.450940845843434,13.670921579436254,58,25745.94071948917,25818.062581914448,experiment,FIFO,0.28,0,variant_3
7327,INSPECTION_2_1,INSPECTION_2_1_LINE,25808.58318068657,4.19152035156003,6,4.19152035156003,62.64246119740346,9.479401227876224,59,25745.94071948917,25818.062581914448,experiment,FIFO,0.28,0,variant_3
7327,INSPECTION_2_2,INSPECTION_2_2_LINE,25812.213985723545,3.63080503697347,7,3.63080503697347,66.27326623437693,5.848596190902754,58,25745.94071948917,25818.062581914448,experiment,FIFO,0.28,0,variant_3
7327,INSPECTION_2_3,INSPECTION_2_3_LINE,25813.79395341201,1.5799676884635119,8,1.5799676884635119,67.85323392284045,4.268628502439242,58,25745.94071948917,25818.062581914448,experiment,FIFO,0.28,0,variant_3
7327,INSPECTION_2_4,INSPECTION_2_4_LINE,25814.05641547409,0.2624620620808855,9,0.2624620620808855,68.11569598492133,4.006166440358356,58,25745.94071948917,25818.062581914448,experiment,FIFO,0.28,0,variant_3
7327,INSPECTION_2_5,INSPECTION_2_5_LINE,25815.82423726477,1.7678217906795908,10,1.7678217906795908,69.88351777560092,2.2383446496787656,59,25745.94071948917,25818.062581914448,experiment,FIFO,0.28,0,variant_3
7327,INSPECTION_2_6,INSPECTION_2_6_LINE,25816.6817073962,0.85747013143191,11,0.85747013143191,70.74098790703283,1.3808745182468556,59,25745.94071948917,25818.062581914448,experiment,FIFO,0.28,0,variant_3
7327,INSPECTION_2_7,INSPECTION_2_7_LINE,25818.062581914448,1.3808745182468556,12,1.3808745182468556,72.12186242527969,0.0,57,25745.94071948917,25818.062581914448,experiment,FIFO,0.28,0,variant_3
7328,MOULDING_5,MOULDING_MACHINE_5,25724.94200134496,0.46241921153705334,1,0.0,0.0,191.13007285747153,51,25724.94200134496,25916.07207420243,experiment,FIFO,0.28,0,variant_6
7328,ASSEMBLY_1_1,LINE_1_ASSEMBLY1,25730.437818071943,4.535011425774428,2,5.495816726983321,5.495816726983321,185.6342561304882,50,25724.94200134496,25916.07207420243,experiment,FIFO,0.28,0,variant_6
7328,ASSEMBLY_2_1,ASSEMBLY2_LINE_1,25876.71812132577,16.273019808482786,3,146.2803032538286,151.77611998081193,39.353952876659605,51,25724.94200134496,25916.07207420243,experiment,FIFO,0.28,0,variant_6
7328,SORTING,SORTING_ROBOT_1,25897.25870334962,0.5428610066301189,4,20.5405820238484,172.31670200466033,18.813370852811204,49,25724.94200134496,25916.07207420243,experiment,FIFO,0.28,0,variant_6
7328,PACKAGING_3,PACKAGING_LINE_3,25911.125633646938,13.866930297317595,5,13.866930297317595,186.18363230197792,4.946440555493609,45,25724.94200134496,25916.07207420243,experiment,FIFO,0.28,0,variant_6
7328,INSPECTION_2_1,INSPECTION_2_1_LINE,25912.0154127305,0.8897790835617343,6,0.8897790835617343,187.07341138553966,4.056661471931875,45,25724.94200134496,25916.07207420243,experiment,FIFO,0.28,0,variant_6
7328,INSPECTION_2_2,INSPECTION_2_2_LINE,25912.53138029226,0.5159675617614994,7,0.5159675617614994,187.58937894730116,3.5406939101703756,45,25724.94200134496,25916.07207420243,experiment,FIFO,0.28,0,variant_6
7328,INSPECTION_2_3,INSPECTION_2_3_LINE,25913.538106258933,0.981162954813044,8,1.006725966672093,188.59610491397325,2.5339679434982827,47,25724.94200134496,25916.07207420243,experiment,FIFO,0.28,0,variant_6
7328,INSPECTION_2_4,INSPECTION_2_4_LINE,25913.557666425808,0.019560166874725837,9,0.019560166874725837,188.61566508084798,2.514407776623557,47,25724.94200134496,25916.07207420243,experiment,FIFO,0.28,0,variant_6
7328,INSPECTION_2_5,INSPECTION_2_5_LINE,25915.1350862395,0.8996642554338905,10,1.5774198136932682,190.19308489454124,0.9369879629302886,47,25724.94200134496,25916.07207420243,experiment,FIFO,0.28,0,variant_6
7328,INSPECTION_2_6,INSPECTION_2_6_LINE,25915.165501469983,0.030415230481594335,11,0.030415230481594335,190.22350012502284,0.9065727324486943,47,25724.94200134496,25916.07207420243,experiment,FIFO,0.28,0,variant_6
7328,INSPECTION_2_7,INSPECTION_2_7_LINE,25916.07207420243,0.019503249241097365,12,0.9065727324486943,191.13007285747153,0.0,45,25724.94200134496,25916.07207420243,experiment,FIFO,0.28,0,variant_6
7329,MOULDING_4,MOULDING_MACHINE_4,25726.090122221864,0.9790552633166953,1,0.0,0.0,58.193076813775406,52,25726.090122221864,25784.28319903564,experiment,FIFO,0.28,0,variant_3
7329,ASSEMBLY_1_4,LINE_4_ASSEMBLY1,25728.337878541643,0.05479038842167938,2,2.2477563197790005,2.2477563197790005,55.945320493996405,51,25726.090122221864,25784.28319903564,experiment,FIFO,0.28,0,variant_3
7329,ASSEMBLY_2_2,ASSEMBLY2_LINE_2,25746.2835819492,4.532440694169054,3,17.94570340755672,20.19345972733572,37.999617086439684,56,25726.090122221864,25784.28319903564,experiment,FIFO,0.28,0,variant_3
7329,SORTING,SORTING_ROBOT_1,25766.613862320675,0.6306364261945419,4,20.330280371475965,40.523740098811686,17.66933671496372,59,25726.090122221864,25784.28319903564,experiment,FIFO,0.28,0,variant_3
7329,PACKAGING_3,PACKAGING_LINE_3,25774.306454790727,1.7391901250484807,5,7.69259247005175,48.216332568863436,9.97674424491197,61,25726.090122221864,25784.28319903564,experiment,FIFO,0.28,0,variant_3
7329,INSPECTION_1_1,INSPECTION_1_1_LINE,25774.8116359714,0.5051811806733895,6,0.5051811806733895,48.721513749536825,9.47156306423858,62,25726.090122221864,25784.28319903564,experiment,FIFO,0.28,0,variant_3
7329,INSPECTION_1_2,INSPECTION_1_2_LINE,25775.43207631977,0.6204403483679926,7,0.6204403483679926,49.34195409790482,8.851122715870588,62,25726.090122221864,25784.28319903564,experiment,FIFO,0.28,0,variant_3
7329,INSPECTION_1_3,INSPECTION_1_3_LINE,25775.832629608416,0.40055328864764306,8,0.40055328864764306,49.74250738655246,8.450569427222945,62,25726.090122221864,25784.28319903564,experiment,FIFO,0.28,0,variant_3
7329,INSPECTION_1_4,INSPECTION_1_4_LINE,25777.1648556683,0.3222001117792388,9,1.3322260598833964,51.07473344643586,7.118343367339548,62,25726.090122221864,25784.28319903564,experiment,FIFO,0.28,0,variant_3
7329,INSPECTION_1_5,INSPECTION_1_5_LINE,25778.72573627644,0.39990250609844225,10,1.5608806081399962,52.63561405457585,5.557462759199552,62,25726.090122221864,25784.28319903564,experiment,FIFO,0.28,0,variant_3
7329,INSPECTION_1_6,INSPECTION_1_6_LINE,25779.686553193336,0.44270155752747087,11,0.9608169168968743,53.59643097147273,4.596645842302678,62,25726.090122221864,25784.28319903564,experiment,FIFO,0.28,0,variant_3
7329,INSPECTION_1_7,INSPECTION_1_7_LINE,25784.28319903564,3.22872761679173,12,4.596645842302678,58.193076813775406,0.0,59,25726.090122221864,25784.28319903564,experiment,FIFO,0.28,0,variant_3
7330,MOULDING_1,MOULDING_MACHINE_1,25732.22755191232,2.604800178160076,1,0.0,0.0,52.87385447118868,51,25732.22755191232,25785.10140638351,experiment,FIFO,0.28,0,variant_6
7330,ASSEMBLY_1_4,LINE_4_ASSEMBLY1,25733.94068483001,1.713132917688199,2,1.713132917688199,1.713132917688199,51.16072155350048,51,25732.22755191232,25785.10140638351,experiment,FIFO,0.28,0,variant_6
7330,ASSEMBLY_2_2,ASSEMBLY2_LINE_2,25750.04083124942,3.757249300218973,3,16.100146419408702,17.8132793370969,35.06057513409178,57,25732.22755191232,25785.10140638351,experiment,FIFO,0.28,0,variant_6
7330,SORTING,SORTING_ROBOT_1,25771.311190073127,4.284320252427278,4,21.270358823709103,39.083638160806004,13.790216310382675,59,25732.22755191232,25785.10140638351,experiment,FIFO,0.28,0,variant_6
7330,PACKAGING_1,PACKAGING_LINE_1,25774.654541003503,3.343350930375891,5,3.343350930375891,42.426989091181895,10.446865380006784,61,25732.22755191232,25785.10140638351,experiment,FIFO,0.28,0,variant_6
7330,INSPECTION_1_1,INSPECTION_1_1_LINE,25774.96788220587,0.15624623447001795,6,0.31334120236715535,42.74033029354905,10.133524177639629,62,25732.22755191232,25785.10140638351,experiment,FIFO,0.28,0,variant_6
7330,INSPECTION_1_2,INSPECTION_1_2_LINE,25778.28290750556,2.8508311857913213,7,3.315025299689296,46.055355593238346,6.818498877950333,63,25732.22755191232,25785.10140638351,experiment,FIFO,0.28,0,variant_6
7330,INSPECTION_1_3,INSPECTION_1_3_LINE,25778.713693124293,0.43078561873335275,8,0.43078561873335275,46.4861412119717,6.38771325921698,62,25732.22755191232,25785.10140638351,experiment,FIFO,0.28,0,variant_6
7330,INSPECTION_1_4,INSPECTION_1_4_LINE,25782.709264142846,3.9955710185531643,9,3.9955710185531643,50.48171223052486,2.3921422406638158,60,25732.22755191232,25785.10140638351,experiment,FIFO,0.28,0,variant_6
7330,INSPECTION_1_5,INSPECTION_1_5_LINE,25784.310522613712,1.6012584708660142,10,1.6012584708660142,52.08297070139088,0.7908837697978015,59,25732.22755191232,25785.10140638351,experiment,FIFO,0.28,0,variant_6
7330,INSPECTION_1_6,INSPECTION_1_6_LINE,25785.064319855137,0.7537972414247633,11,0.7537972414247633,52.83676794281564,0.03708652837303816,61,25732.22755191232,25785.10140638351,experiment,FIFO,0.28,0,variant_6
7330,INSPECTION_1_7,INSPECTION_1_7_LINE,25785.10140638351,0.03708652837303816,12,0.03708652837303816,52.87385447118868,0.0,60,25732.22755191232,25785.10140638351,experiment,FIFO,0.28,0,variant_6
7331,MOULDING_5,MOULDING_MACHINE_5,25734.64700569533,2.087771179238189,1,0.0,0.0,203.87713662740134,52,25734.64700569533,25938.52414232273,experiment,FIFO,0.28,0,variant_1
7331,ASSEMBLY_1_1,LINE_1_ASSEMBLY1,25755.055657048288,20.40865135295826,2,20.40865135295826,20.40865135295826,183.46848527444308,59,25734.64700569533,25938.52414232273,experiment,FIFO,0.28,0,variant_1
7331,ASSEMBLY_2_1,ASSEMBLY2_LINE_1,25896.888864653443,0.3960631618028856,3,141.83320760515562,162.24185895811388,41.63527766928746,49,25734.64700569533,25938.52414232273,experiment,FIFO,0.28,0,variant_1
7331,SORTING,SORTING_ROBOT_1,25921.419447926703,2.827654496897594,4,24.530583273259253,186.77244223137313,17.104694396028208,45,25734.64700569533,25938.52414232273,experiment,FIFO,0.28,0,variant_1
7331,PACKAGING_1,PACKAGING_LINE_1,25932.06203916214,2.3689977845460817,5,10.642591235438886,197.41503346681202,6.462103160589322,43,25734.64700569533,25938.52414232273,experiment,FIFO,0.28,0,variant_1
7331,INSPECTION_2_1,INSPECTION_2_1_LINE,25932.43760725431,0.3755680921676685,6,0.3755680921676685,197.7906015589797,6.086535068421654,43,25734.64700569533,25938.52414232273,experiment,FIFO,0.28,0,variant_1
7331,INSPECTION_2_2,INSPECTION_2_2_LINE,25933.635484177965,0.4448408452044532,7,1.1978769236557127,198.9884784826354,4.888658144765941,43,25734.64700569533,25938.52414232273,experiment,FIFO,0.28,0,variant_1
7331,INSPECTION_2_3,INSPECTION_2_3_LINE,25933.965387513254,0.32990333528869087,8,0.32990333528869087,199.3183818179241,4.55875480947725,43,25734.64700569533,25938.52414232273,experiment,FIFO,0.28,0,variant_1
7331,INSPECTION_2_4,INSPECTION_2_4_LINE,25936.9482418771,1.763791776560538,9,2.9828543638468545,202.30123618177095,1.5759004456303956,41,25734.64700569533,25938.52414232273,experiment,FIFO,0.28,0,variant_1
7331,INSPECTION_2_5,INSPECTION_2_5_LINE,25937.42431315358,0.4760712764800701,10,0.4760712764800701,202.77730745825102,1.0998291691503255,40,25734.64700569533,25938.52414232273,experiment,FIFO,0.28,0,variant_1
7331,INSPECTION_2_6,INSPECTION_2_6_LINE,25937.808035195896,0.38372204231563956,11,0.38372204231563956,203.16102950056666,0.7161071268346859,40,25734.64700569533,25938.52414232273,experiment,FIFO,0.28,0,variant_1
7331,INSPECTION_2_7,INSPECTION_2_7_LINE,25938.52414232273,0.48656312730236095,12,0.7161071268346859,203.87713662740134,0.0,38,25734.64700569533,25938.52414232273,experiment,FIFO,0.28,0,variant_1
7332,MOULDING_1,MOULDING_MACHINE_1,25735.231234828352,2.151695096446929,1,0.0,0.0,225.04611795689925,53,25735.231234828352,25960.27735278525,experiment,FIFO,0.28,0,variant_4
7332,ASSEMBLY_1_1,LINE_1_ASSEMBLY1,25766.56188767902,11.506230630733626,2,31.33065285066914,31.33065285066914,193.7154651062301,59,25735.231234828352,25960.27735278525,experiment,FIFO,0.28,0,variant_4
7332,ASSEMBLY_2_1,ASSEMBLY2_LINE_1,25902.806075774908,0.8122531335247913,3,136.24418809588678,167.57484094655592,57.47127701034333,47,25735.231234828352,25960.27735278525,experiment,FIFO,0.28,0,variant_4
7332,SORTING,SORTING_ROBOT_1,25940.90880729616,0.48161072229777346,4,38.10273152125228,205.6775724678082,19.368545489091048,40,25735.231234828352,25960.27735278525,experiment,FIFO,0.28,0,variant_4
7332,PACKAGING_3,PACKAGING_LINE_3,25949.132858267123,8.224050970962708,5,8.224050970962708,213.9016234387709,11.14449451812834,44,25735.231234828352,25960.27735278525,experiment,FIFO,0.28,0,variant_4
7332,INSPECTION_1_1,INSPECTION_1_1_LINE,25950.9957479564,1.8628896892769262,6,1.8628896892769262,215.76451312804784,9.281604828851414,42,25735.231234828352,25960.27735278525,experiment,FIFO,0.28,0,variant_4
7332,INSPECTION_1_2,INSPECTION_1_2_LINE,25952.76205979177,0.42684570320489,7,1.7663118353702885,217.53082496341813,7.5152929934811254,43,25735.231234828352,25960.27735278525,experiment,FIFO,0.28,0,variant_4
7332,INSPECTION_1_3,INSPECTION_1_3_LINE,25956.21475150389,0.31836277401816915,8,3.452691712118394,220.98351667553652,4.062601281362731,43,25735.231234828352,25960.27735278525,experiment,FIFO,0.28,0,variant_4
7332,INSPECTION_1_4,INSPECTION_1_4_LINE,25956.33644962887,0.12169812498177635,9,0.12169812498177635,221.1052148005183,3.940903156380955,43,25735.231234828352,25960.27735278525,experiment,FIFO,0.28,0,variant_4
7332,INSPECTION_1_5,INSPECTION_1_5_LINE,25958.20038122969,0.5808383605690324,10,1.8639316008193418,222.96914640133764,2.076971555561613,44,25735.231234828352,25960.27735278525,experiment,FIFO,0.28,0,variant_4
7332,INSPECTION_1_6,INSPECTION_1_6_LINE,25958.976588748843,0.4888186575626605,11,0.7762075191531039,223.74535392049074,1.3007640364085091,44,25735.231234828352,25960.27735278525,experiment,FIFO,0.28,0,variant_4
7332,INSPECTION_1_7,INSPECTION_1_7_LINE,25960.27735278525,0.6314828406721062,12,1.3007640364085091,225.04611795689925,0.0,42,25735.231234828352,25960.27735278525,experiment,FIFO,0.28,0,variant_4
7333,MOULDING_3,MOULDING_MACHINE_3,25743.046571736137,8.11879150785171,1,0.0,0.0,164.8618163051251,55,25743.046571736137,25907.90838804126,experiment,FIFO,0.28,0,variant_4
7333,ASSEMBLY_1_5,LINE_5_ASSEMBLY1,25744.775012102084,1.7284403659468808,2,1.7284403659468808,1.7284403659468808,163.13337593917822,56,25743.046571736137,25907.90838804126,experiment,FIFO,0.28,0,variant_4
7333,ASSEMBLY_2_1,ASSEMBLY2_LINE_1,25881.431716938587,4.546475682527671,3,136.6567048365032,138.38514520245008,26.476671102675027,51,25743.046571736137,25907.90838804126,experiment,FIFO,0.28,0,variant_4
7333,SORTING,SORTING_ROBOT_1,25898.230424256475,0.9154997750301845,4,16.79870731788833,155.1838525203384,9.677963784786698,49,25743.046571736137,25907.90838804126,experiment,FIFO,0.28,0,variant_4
7333,PACKAGING_2,PACKAGING_LINE_2,25900.45137250004,1.2281096012811759,5,2.220948243564635,157.40480076390304,7.457015541222063,47,25743.046571736137,25907.90838804126,experiment,FIFO,0.28,0,variant_4
7333,INSPECTION_2_1,INSPECTION_2_1_LINE,25901.98943560792,0.8280633608628705,6,1.538063107880589,158.94286387178363,5.918952433341474,47,25743.046571736137,25907.90838804126,experiment,FIFO,0.28,0,variant_4
7333,INSPECTION_2_2,INSPECTION_2_2_LINE,25902.40321581841,0.0340020475887286,7,0.4137802104887669,159.3566440822724,5.505172222852707,47,25743.046571736137,25907.90838804126,experiment,FIFO,0.28,0,variant_4
7333,INSPECTION_2_3,INSPECTION_2_3_LINE,25903.30633189402,0.14053439815324964,8,0.9031160756094323,160.25976015788183,4.602056147243275,47,25743.046571736137,25907.90838804126,experiment,FIFO,0.28,0,variant_4
7333,INSPECTION_2_4,INSPECTION_2_4_LINE,25903.603354582145,0.2970226881261624,9,0.2970226881261624,160.556782846008,4.305033459117112,47,25743.046571736137,25907.90838804126,experiment,FIFO,0.28,0,variant_4
7333,INSPECTION_2_5,INSPECTION_2_5_LINE,25906.38111521344,1.60033521610967,10,2.7777606312956777,163.33454347730367,1.5272728278214345,46,25743.046571736137,25907.90838804126,experiment,FIFO,0.28,0,variant_4
7333,INSPECTION_2_6,INSPECTION_2_6_LINE,25906.738347982147,0.3572327687070356,11,0.3572327687070356,163.6917762460107,1.170040059114399,46,25743.046571736137,25907.90838804126,experiment,FIFO,0.28,0,variant_4
7333,INSPECTION_2_7,INSPECTION_2_7_LINE,25907.90838804126,0.7344900227762992,12,1.170040059114399,164.8618163051251,0.0,44,25743.046571736137,25907.90838804126,experiment,FIFO,0.28,0,variant_4
7334,MOULDING_4,MOULDING_MACHINE_4,25736.229175573742,0.6406227543666319,1,0.0,0.0,186.30477740674178,54,25736.229175573742,25922.533952980484,experiment,FIFO,0.28,0,variant_5
7334,ASSEMBLY_1_2,LINE_2_ASSEMBLY1,25737.02102419342,0.7918486196758749,2,0.7918486196758749,0.7918486196758749,185.5129287870659,54,25736.229175573742,25922.533952980484,experiment,FIFO,0.28,0,variant_5
7334,ASSEMBLY_2_1,ASSEMBLY2_LINE_1,25876.88524125606,0.1671199302872992,3,139.86421706264082,140.6560656823167,45.648711724425084,51,25736.229175573742,25922.533952980484,experiment,FIFO,0.28,0,variant_5
7334,SORTING,SORTING_ROBOT_1,25897.314924481445,0.056221131824713666,4,20.429683225385816,161.0857489077025,25.21902849903927,49,25736.229175573742,25922.533952980484,experiment,FIFO,0.28,0,variant_5
7334,PACKAGING_3,PACKAGING_LINE_3,25913.44034639752,2.314712750583567,5,16.125421916076448,177.21117082377896,9.09360658296282,47,25736.229175573742,25922.533952980484,experiment,FIFO,0.28,0,variant_5
7334,INSPECTION_1_1,INSPECTION_1_1_LINE,25914.472974147902,1.0326277503809251,6,1.0326277503809251,178.24379857415988,8.060978832581895,47,25736.229175573742,25922.533952980484,experiment,FIFO,0.28,0,variant_5
7334,INSPECTION_1_2,INSPECTION_1_2_LINE,25914.846418538007,0.37344439010485075,7,0.37344439010485075,178.61724296426473,7.687534442477045,47,25736.229175573742,25922.533952980484,experiment,FIFO,0.28,0,variant_5
7334,INSPECTION_1_3,INSPECTION_1_3_LINE,25915.99601857484,1.1496000368315435,8,1.1496000368315435,179.76684300109628,6.537934405645501,47,25736.229175573742,25922.533952980484,experiment,FIFO,0.28,0,variant_5
7334,INSPECTION_1_4,INSPECTION_1_4_LINE,25916.46429385892,0.46827528408175567,9,0.46827528408175567,180.23511828517803,6.069659121563745,45,25736.229175573742,25922.533952980484,experiment,FIFO,0.28,0,variant_5
7334,INSPECTION_1_5,INSPECTION_1_5_LINE,25918.98306751559,1.5434177695788094,10,2.5187736566695094,182.75389194184754,3.550885464894236,45,25736.229175573742,25922.533952980484,experiment,FIFO,0.28,0,variant_5
7334,INSPECTION_1_6,INSPECTION_1_6_LINE,25920.67059280253,1.462140320778417,11,1.6875252869394899,184.44141722878703,1.8633601779547462,46,25736.229175573742,25922.533952980484,experiment,FIFO,0.28,0,variant_5
7334,INSPECTION_1_7,INSPECTION_1_7_LINE,25922.533952980484,1.2806715706647083,12,1.8633601779547462,186.30477740674178,0.0,44,25736.229175573742,25922.533952980484,experiment,FIFO,0.28,0,variant_5
7335,MOULDING_3,MOULDING_MACHINE_3,25743.195416260445,0.14884452430851525,1,0.0,0.0,192.41349688837727,56,25743.195416260445,25935.608913148822,experiment,FIFO,0.28,0,variant_3
7335,ASSEMBLY_1_2,LINE_2_ASSEMBLY1,25754.476545524863,11.281129264418269,2,11.281129264418269,11.281129264418269,181.132367623959,58,25743.195416260445,25935.608913148822,experiment,FIFO,0.28,0,variant_3
7335,ASSEMBLY_2_1,ASSEMBLY2_LINE_1,25881.44644952346,0.014732584873854648,3,126.96990399859715,138.25103326301542,54.16246362536185,51,25743.195416260445,25935.608913148822,experiment,FIFO,0.28,0,variant_3
7335,SORTING,SORTING_ROBOT_1,25904.74576327005,6.515339013574703,4,23.299313746589178,161.5503470096046,30.863149878772674,46,25743.195416260445,25935.608913148822,experiment,FIFO,0.28,0,variant_3
7335,PACKAGING_1,PACKAGING_LINE_1,25921.269982495567,0.7907712062660721,5,16.5242192255173,178.0745662351219,14.338930653255375,45,25743.195416260445,25935.608913148822,experiment,FIFO,0.28,0,variant_3
7335,INSPECTION_1_1,INSPECTION_1_1_LINE,25922.34503159856,1.075049102993944,6,1.075049102993944,179.14961533811584,13.26388155026143,45,25743.195416260445,25935.608913148822,experiment,FIFO,0.28,0,variant_3
7335,INSPECTION_1_2,INSPECTION_1_2_LINE,25923.34175357238,0.9967219738173299,7,0.9967219738173299,180.14633731193317,12.2671595764441,44,25743.195416260445,25935.608913148822,experiment,FIFO,0.28,0,variant_3
7335,INSPECTION_1_3,INSPECTION_1_3_LINE,25924.38631417801,1.044560605630977,8,1.044560605630977,181.19089791756414,11.222598970813124,44,25743.195416260445,25935.608913148822,experiment,FIFO,0.28,0,variant_3
7335,INSPECTION_1_4,INSPECTION_1_4_LINE,25925.02193972769,0.6356255496793892,9,0.6356255496793892,181.82652346724353,10.586973421133735,44,25743.195416260445,25935.608913148822,experiment,FIFO,0.28,0,variant_3
7335,INSPECTION_1_5,INSPECTION_1_5_LINE,25933.55730783774,2.5606863513785356,10,8.535368110049603,190.36189157729314,2.0516053110841312,43,25743.195416260445,25935.608913148822,experiment,FIFO,0.28,0,variant_3
7335,INSPECTION_1_6,INSPECTION_1_6_LINE,25935.18573180549,0.3485665795415116,11,1.628423967751587,191.99031554504472,0.4231813433325442,43,25743.195416260445,25935.608913148822,experiment,FIFO,0.28,0,variant_3
7335,INSPECTION_1_7,INSPECTION_1_7_LINE,25935.608913148822,0.11324607151982491,12,0.4231813433325442,192.41349688837727,0.0,41,25743.195416260445,25935.608913148822,experiment,FIFO,0.28,0,variant_3
7336,MOULDING_2,MOULDING_MACHINE_2,25750.97751856581,5.036799076642637,1,0.0,0.0,209.5432037628816,58,25750.97751856581,25960.520722328693,experiment,FIFO,0.28,0,variant_5
7336,ASSEMBLY_1_2,LINE_2_ASSEMBLY1,25758.922998972856,4.4464534479920985,2,7.94548040704467,7.94548040704467,201.59772335583693,59,25750.97751856581,25960.520722328693,experiment,FIFO,0.28,0,variant_5
7336,ASSEMBLY_2_1,ASSEMBLY2_LINE_1,25899.31203713809,2.423172484646784,3,140.38903816523452,148.3345185722792,61.20868519060241,48,25750.97751856581,25960.520722328693,experiment,FIFO,0.28,0,variant_5
7336,SORTING,SORTING_ROBOT_1,25926.51013132163,5.0906833949266,4,27.19809418353907,175.53261275581826,34.01059100706334,44,25750.97751856581,25960.520722328693,experiment,FIFO,0.28,0,variant_5
7336,PACKAGING_1,PACKAGING_LINE_1,25944.88327634695,12.821237184809434,5,18.37314502532172,193.90575778113998,15.637445981741621,41,25750.97751856581,25960.520722328693,experiment,FIFO,0.28,0,variant_5
7336,INSPECTION_2_1,INSPECTION_2_1_LINE,25945.57036318679,0.6870868398400489,6,0.6870868398400489,194.59284462098003,14.950359141901572,43,25750.97751856581,25960.520722328693,experiment,FIFO,0.28,0,variant_5
7336,INSPECTION_2_2,INSPECTION_2_2_LINE,25945.58083502191,0.010471835117641604,7,0.010471835117641604,194.60331645609767,14.93988730678393,43,25750.97751856581,25960.520722328693,experiment,FIFO,0.28,0,variant_5
7336,INSPECTION_2_3,INSPECTION_2_3_LINE,25952.96315458996,5.942947680759971,8,7.3823195680524805,201.98563602415015,7.55756773873145,43,25750.97751856581,25960.520722328693,experiment,FIFO,0.28,0,variant_5
7336,INSPECTION_2_4,INSPECTION_2_4_LINE,25953.23504415018,0.2718895602192788,9,0.2718895602192788,202.25752558436943,7.285678178512171,43,25750.97751856581,25960.520722328693,experiment,FIFO,0.28,0,variant_5
7336,INSPECTION_2_5,INSPECTION_2_5_LINE,25955.41281060284,2.177766452659853,10,2.177766452659853,204.43529203702928,5.107911725852318,43,25750.97751856581,25960.520722328693,experiment,FIFO,0.28,0,variant_5
7336,INSPECTION_2_6,INSPECTION_2_6_LINE,25957.352905490687,1.9400948878464988,11,1.9400948878464988,206.37538692487578,3.1678168380058196,43,25750.97751856581,25960.520722328693,experiment,FIFO,0.28,0,variant_5
7336,INSPECTION_2_7,INSPECTION_2_7_LINE,25960.520722328693,3.1678168380058196,12,3.1678168380058196,209.5432037628816,0.0,41,25750.97751856581,25960.520722328693,experiment,FIFO,0.28,0,variant_5
7337,MOULDING_2,MOULDING_MACHINE_2,25758.41835123914,7.440832673328259,1,0.0,0.0,72.18822896770143,59,25758.41835123914,25830.60658020684,experiment,FIFO,0.28,0,variant_6
7337,ASSEMBLY_1_1,LINE_1_ASSEMBLY1,25768.38681306576,1.8249253867397783,2,9.968461826621933,9.968461826621933,62.2197671410795,61,25758.41835123914,25830.60658020684,experiment,FIFO,0.28,0,variant_6
7337,ASSEMBLY_2_2,ASSEMBLY2_LINE_2,25771.10364283191,2.716829766148294,3,2.716829766148294,12.685291592770227,59.50293737493121,59,25758.41835123914,25830.60658020684,experiment,FIFO,0.28,0,variant_6
7337,SORTING,SORTING_ROBOT_1,25798.000940749203,3.8046538464732294,4,26.897297917294054,39.58258951006428,32.60563945763715,59,25758.41835123914,25830.60658020684,experiment,FIFO,0.28,0,variant_6
7337,PACKAGING_3,PACKAGING_LINE_3,25808.34888090883,0.15390507329357206,5,10.347940159626887,49.93052966969117,22.257699298010266,58,25758.41835123914,25830.60658020684,experiment,FIFO,0.28,0,variant_6
7337,INSPECTION_1_1,INSPECTION_1_1_LINE,25813.554280803604,2.477174270654359,6,5.205399894774018,55.13592956446519,17.052299403236248,58,25758.41835123914,25830.60658020684,experiment,FIFO,0.28,0,variant_6
7337,INSPECTION_1_2,INSPECTION_1_2_LINE,25815.77545653477,2.2211757311670226,7,2.2211757311670226,57.35710529563221,14.831123672069225,59,25758.41835123914,25830.60658020684,experiment,FIFO,0.28,0,variant_6
7337,INSPECTION_1_3,INSPECTION_1_3_LINE,25817.85732339819,2.081866863420146,8,2.081866863420146,59.438972159052355,12.74925680864908,59,25758.41835123914,25830.60658020684,experiment,FIFO,0.28,0,variant_6
7337,INSPECTION_1_3,INSPECTION_1_3_LINE,25825.97438386838,8.117060470187425,9,8.117060470187425,67.55603262923978,4.632196338461654,54,25758.41835123914,25830.60658020684,experiment,FIFO,0.28,0,variant_6
7337,INSPECTION_1_4,INSPECTION_1_4_LINE,25828.29449130224,2.320107433861267,10,2.320107433861267,69.87614006310105,2.3120889046003867,54,25758.41835123914,25830.60658020684,experiment,FIFO,0.28,0,variant_6
7337,INSPECTION_1_5,INSPECTION_1_5_LINE,25828.808994276093,0.514502973852359,11,0.514502973852359,70.3906430369534,1.7975859307480277,54,25758.41835123914,25830.60658020684,experiment,FIFO,0.28,0,variant_6
7337,INSPECTION_1_6,INSPECTION_1_6_LINE,25829.011203401173,0.2022091250801168,12,0.2022091250801168,70.59285216203352,1.595376805667911,54,25758.41835123914,25830.60658020684,experiment,FIFO,0.28,0,variant_6
7337,INSPECTION_1_7,INSPECTION_1_7_LINE,25830.60658020684,1.595376805667911,13,1.595376805667911,72.18822896770143,0.0,53,25758.41835123914,25830.60658020684,experiment,FIFO,0.28,0,variant_6
7338,MOULDING_5,MOULDING_MACHINE_5,25746.990122679133,4.77326423782506,1,0.0,0.0,203.6179810068279,57,25746.990122679133,25950.60810368596,experiment,FIFO,0.28,0,variant_1
7338,ASSEMBLY_1_5,LINE_5_ASSEMBLY1,25762.073971674323,4.4818641764723,2,15.083848995189328,15.083848995189328,188.53413201163858,59,25746.990122679133,25950.60810368596,experiment,FIFO,0.28,0,variant_1
7338,ASSEMBLY_2_1,ASSEMBLY2_LINE_1,25901.53587018317,2.1280897814685886,3,139.46189850884548,154.5457475040348,49.0722335027931,47,25746.990122679133,25950.60810368596,experiment,FIFO,0.28,0,variant_1
7338,SORTING,SORTING_ROBOT_1,25932.44317343584,5.103501678251632,4,30.907303252672136,185.45305075670694,18.16493025012096,43,25746.990122679133,25950.60810368596,experiment,FIFO,0.28,0,variant_1
7338,PACKAGING_3,PACKAGING_LINE_3,25937.71677913649,5.2736057006477495,5,5.2736057006477495,190.7266564573547,12.891324549473211,40,25746.990122679133,25950.60810368596,experiment,FIFO,0.28,0,variant_1
7338,INSPECTION_1_1,INSPECTION_1_1_LINE,25938.61457037409,0.8977912376030872,6,0.8977912376030872,191.62444769495778,11.993533311870124,39,25746.990122679133,25950.60810368596,experiment,FIFO,0.28,0,variant_1
7338,INSPECTION_1_2,INSPECTION_1_2_LINE,25939.59440791304,0.9798375389473222,7,0.9798375389473222,192.6042852339051,11.013695772922802,40,25746.990122679133,25950.60810368596,experiment,FIFO,0.28,0,variant_1
7338,INSPECTION_1_3,INSPECTION_1_3_LINE,25939.95040984262,0.35600192958008847,8,0.35600192958008847,192.9602871634852,10.657693843342713,40,25746.990122679133,25950.60810368596,experiment,FIFO,0.28,0,variant_1
7338,INSPECTION_1_4,INSPECTION_1_4_LINE,25940.63365162418,0.6832417815603549,9,0.6832417815603549,193.64352894504555,9.974452061782358,40,25746.990122679133,25950.60810368596,experiment,FIFO,0.28,0,variant_1
7338,INSPECTION_1_5,INSPECTION_1_5_LINE,25943.99127662749,3.3576250033111137,10,3.3576250033111137,197.00115394835666,6.6168270584712445,41,25746.990122679133,25950.60810368596,experiment,FIFO,0.28,0,variant_1
7338,INSPECTION_1_6,INSPECTION_1_6_LINE,25945.319208215067,1.3279315875770408,11,1.3279315875770408,198.3290855359337,5.288895470894204,42,25746.990122679133,25950.60810368596,experiment,FIFO,0.28,0,variant_1
7338,INSPECTION_1_7,INSPECTION_1_7_LINE,25950.60810368596,5.288895470894204,12,5.288895470894204,203.6179810068279,0.0,42,25746.990122679133,25950.60810368596,experiment,FIFO,0.28,0,variant_1
7339,MOULDING_4,MOULDING_MACHINE_4,25755.01041995276,0.4392948833738046,1,0.0,0.0,194.33832170439928,59,25755.01041995276,25949.34874165716,experiment,FIFO,0.28,0,variant_2
7339,ASSEMBLY_1_5,LINE_5_ASSEMBLY1,25765.33866790118,3.264696226855449,2,10.32824794841872,10.32824794841872,184.01007375598056,59,25755.01041995276,25949.34874165716,experiment,FIFO,0.28,0,variant_2
7339,ASSEMBLY_2_1,ASSEMBLY2_LINE_1,25901.993822641383,0.4579524582150043,3,136.65515474020503,146.98340268862376,47.35491901577552,47,25755.01041995276,25949.34874165716,experiment,FIFO,0.28,0,variant_2
7339,SORTING,SORTING_ROBOT_1,25940.427196573863,7.903370059939334,4,38.4333739324793,185.41677662110305,8.921545083296223,40,25755.01041995276,25949.34874165716,experiment,FIFO,0.28,0,variant_2
7339,PACKAGING_2,PACKAGING_LINE_2,25942.43175340836,2.0045568344976346,5,2.0045568344976346,187.4213334556007,6.916988248798589,41,25755.01041995276,25949.34874165716,experiment,FIFO,0.28,0,variant_2
7339,INSPECTION_2_1,INSPECTION_2_1_LINE,25944.11553800216,1.6837845937989186,6,1.6837845937989186,189.1051180493996,5.23320365499967,41,25755.01041995276,25949.34874165716,experiment,FIFO,0.28,0,variant_2
7339,INSPECTION_2_2,INSPECTION_2_2_LINE,25944.41140130336,0.2958633012021892,7,0.2958633012021892,189.4009813506018,4.937340353797481,41,25755.01041995276,25949.34874165716,experiment,FIFO,0.28,0,variant_2
7339,INSPECTION_2_3,INSPECTION_2_3_LINE,25947.0202069092,2.608805605839734,8,2.608805605839734,192.00978695644153,2.3285347479577467,43,25755.01041995276,25949.34874165716,experiment,FIFO,0.28,0,variant_2
7339,INSPECTION_2_4,INSPECTION_2_4_LINE,25947.692283563545,0.6720766543439822,9,0.6720766543439822,192.6818636107855,1.6564580936137645,43,25755.01041995276,25949.34874165716,experiment,FIFO,0.28,0,variant_2
7339,INSPECTION_2_4,INSPECTION_2_4_LINE,25947.990397203,0.2981136394555506,10,0.2981136394555506,192.97997725024106,1.358344454158214,43,25755.01041995276,25949.34874165716,experiment,FIFO,0.28,0,variant_2
7339,INSPECTION_2_5,INSPECTION_2_5_LINE,25948.872766220884,0.8823690178833203,11,0.8823690178833203,193.86234626812438,0.4759754362748936,43,25755.01041995276,25949.34874165716,experiment,FIFO,0.28,0,variant_2
7339,INSPECTION_2_6,INSPECTION_2_6_LINE,25949.216243527488,0.3434773066037451,12,0.3434773066037451,194.20582357472813,0.1324981296711485,44,25755.01041995276,25949.34874165716,experiment,FIFO,0.28,0,variant_2
7339,INSPECTION_2_7,INSPECTION_2_7_LINE,25949.34874165716,0.1324981296711485,13,0.1324981296711485,194.33832170439928,0.0,43,25755.01041995276,25949.34874165716,experiment,FIFO,0.28,0,variant_2
7340,MOULDING_1,MOULDING_MACHINE_1,25758.089710463075,2.6721175590173516,1,0.0,0.0,101.04429760672429,57,25758.089710463075,25859.1340080698,experiment,FIFO,0.28,0,variant_5
7340,ASSEMBLY_1_3,LINE_3_ASSEMBLY1,25791.42509110513,10.179002813212719,2,33.33538064205641,33.33538064205641,67.70891696466788,61,25758.089710463075,25859.1340080698,experiment,FIFO,0.28,0,variant_5
7340,ASSEMBLY_2_2,ASSEMBLY2_LINE_2,25799.8608160798,3.645241353278834,3,8.435724974668119,41.771105616724526,59.27319198999976,58,25758.089710463075,25859.1340080698,experiment,FIFO,0.28,0,variant_5
7340,SORTING,SORTING_ROBOT_1,25833.600081251014,0.8115858202327217,4,33.739265171214356,75.51037078793888,25.533926818785403,54,25758.089710463075,25859.1340080698,experiment,FIFO,0.28,0,variant_5
7340,PACKAGING_3,PACKAGING_LINE_3,25845.47724512124,11.625773943698732,5,11.877163870227378,87.38753465816626,13.656762948558026,53,25758.089710463075,25859.1340080698,experiment,FIFO,0.28,0,variant_5
7340,INSPECTION_2_1,INSPECTION_2_1_LINE,25846.988675093427,0.03915731301094638,6,1.5114299721863063,88.89896463035257,12.14533297637172,53,25758.089710463075,25859.1340080698,experiment,FIFO,0.28,0,variant_5
7340,INSPECTION_2_2,INSPECTION_2_2_LINE,25850.97181058528,1.097662030493666,7,3.983135491853318,92.88210012220588,8.162197484518401,52,25758.089710463075,25859.1340080698,experiment,FIFO,0.28,0,variant_5
7340,INSPECTION_2_3,INSPECTION_2_3_LINE,25852.630304438164,1.5212867922855366,8,1.6584938528831117,94.540593975089,6.50370363163529,52,25758.089710463075,25859.1340080698,experiment,FIFO,0.28,0,variant_5
7340,INSPECTION_2_4,INSPECTION_2_4_LINE,25857.0036757986,1.1278271711344132,9,4.373371360437886,98.91396533552688,2.1303322711974033,52,25758.089710463075,25859.1340080698,experiment,FIFO,0.28,0,variant_5
7340,INSPECTION_2_5,INSPECTION_2_5_LINE,25857.11450702984,0.11083123123898986,10,0.11083123123898986,99.02479656676587,2.0195010399584135,52,25758.089710463075,25859.1340080698,experiment,FIFO,0.28,0,variant_5
7340,INSPECTION_2_6,INSPECTION_2_6_LINE,25858.47272213646,1.3582151066184451,11,1.3582151066184451,100.38301167338432,0.6612859333399683,51,25758.089710463075,25859.1340080698,experiment,FIFO,0.28,0,variant_5
7340,INSPECTION_2_7,INSPECTION_2_7_LINE,25859.1340080698,0.6612859333399683,12,0.6612859333399683,101.04429760672429,0.0,50,25758.089710463075,25859.1340080698,experiment,FIFO,0.28,0,variant_5
7341,MOULDING_1,MOULDING_MACHINE_1,25758.19497240656,0.10526194348494755,1,0.0,0.0,216.13661412678266,58,25758.19497240656,25974.331586533342,experiment,FIFO,0.28,0,variant_2
7341,ASSEMBLY_1_3,LINE_3_ASSEMBLY1,25794.382638496296,2.957547391164553,2,36.18766608973601,36.18766608973601,179.94894803704665,60,25758.19497240656,25974.331586533342,experiment,FIFO,0.28,0,variant_2
7341,ASSEMBLY_2_1,ASSEMBLY2_LINE_1,25936.962796225394,19.020252185189747,3,142.58015772909857,178.7678238188346,37.368790307948075,41,25758.19497240656,25974.331586533342,experiment,FIFO,0.28,0,variant_2
7341,SORTING,SORTING_ROBOT_1,25961.12981415036,5.254414451199409,4,24.167017924966785,202.93484174380137,13.20177238298129,41,25758.19497240656,25974.331586533342,experiment,FIFO,0.28,0,variant_2
7341,PACKAGING_1,PACKAGING_LINE_1,25971.69430567252,6.866254874381411,5,10.564491522160097,213.49933326596147,2.6372808608211926,36,25758.19497240656,25974.331586533342,experiment,FIFO,0.28,0,variant_2
7341,INSPECTION_1_1,INSPECTION_1_1_LINE,25971.697343107444,0.003037434922589455,6,0.003037434922589455,213.50237070088406,2.634243425898603,36,25758.19497240656,25974.331586533342,experiment,FIFO,0.28,0,variant_2
7341,INSPECTION_1_2,INSPECTION_1_2_LINE,25972.22357490844,0.526231800995447,7,0.526231800995447,214.0286025018795,2.108011624903156,37,25758.19497240656,25974.331586533342,experiment,FIFO,0.28,0,variant_2
7341,INSPECTION_1_3,INSPECTION_1_3_LINE,25972.27397244496,0.050397536520904396,8,0.050397536520904396,214.0790000384004,2.057614088382252,37,25758.19497240656,25974.331586533342,experiment,FIFO,0.28,0,variant_2
7341,INSPECTION_1_4,INSPECTION_1_4_LINE,25972.445600103023,0.17162765806278912,9,0.17162765806278912,214.2506276964632,1.8859864303194627,37,25758.19497240656,25974.331586533342,experiment,FIFO,0.28,0,variant_2
7341,INSPECTION_1_5,INSPECTION_1_5_LINE,25973.3643663014,0.9187661983778526,10,0.9187661983778526,215.16939389484105,0.9672202319416101,37,25758.19497240656,25974.331586533342,experiment,FIFO,0.28,0,variant_2
7341,INSPECTION_1_6,INSPECTION_1_6_LINE,25973.634414398155,0.27004809675418073,11,0.27004809675418073,215.43944199159523,0.6971721351874294,37,25758.19497240656,25974.331586533342,experiment,FIFO,0.28,0,variant_2
7341,INSPECTION_1_7,INSPECTION_1_7_LINE,25974.331586533342,0.6971721351874294,12,0.6971721351874294,216.13661412678266,0.0,35,25758.19497240656,25974.331586533342,experiment,FIFO,0.28,0,variant_2
7342,MOULDING_5,MOULDING_MACHINE_5,25771.954097788188,11.296789593347057,1,0.0,0.0,190.59681265759718,59,25771.954097788188,25962.550910445785,experiment,FIFO,0.28,0,variant_3
7342,ASSEMBLY_1_4,LINE_4_ASSEMBLY1,25789.29318473469,7.981460639930447,2,17.339086946503812,17.339086946503812,173.25772571109337,61,25771.954097788188,25962.550910445785,experiment,FIFO,0.28,0,variant_3
7342,ASSEMBLY_2_1,ASSEMBLY2_LINE_1,25910.988411664213,6.8516042083720095,3,121.6952269295216,139.0343138760254,51.562498781571776,45,25771.954097788188,25962.550910445785,experiment,FIFO,0.28,0,variant_3
7342,SORTING,SORTING_ROBOT_1,25948.9096576492,1.6366815933542966,4,37.92124598498776,176.95555986101317,13.641252796584013,44,25771.954097788188,25962.550910445785,experiment,FIFO,0.28,0,variant_3
7342,PACKAGING_2,PACKAGING_LINE_2,25953.373585934365,4.463928285164002,5,4.463928285164002,181.41948814617717,9.17732451142001,43,25771.954097788188,25962.550910445785,experiment,FIFO,0.28,0,variant_3
7342,INSPECTION_1_1,INSPECTION_1_1_LINE,25953.65237784549,0.278791911125154,6,0.278791911125154,181.69828005730233,8.898532600294857,43,25771.954097788188,25962.550910445785,experiment,FIFO,0.28,0,variant_3
7342,INSPECTION_1_2,INSPECTION_1_2_LINE,25954.134206040773,0.4818281952830148,7,0.4818281952830148,182.18010825258534,8.416704405011842,43,25771.954097788188,25962.550910445785,experiment,FIFO,0.28,0,variant_3
7342,INSPECTION_1_3,INSPECTION_1_3_LINE,25956.264993273628,0.05024176973893191,8,2.1307872328543453,184.3108954854397,6.285917172157497,43,25771.954097788188,25962.550910445785,experiment,FIFO,0.28,0,variant_3
7342,INSPECTION_1_4,INSPECTION_1_4_LINE,25956.88882211396,0.552372485090018,9,0.6238288403328625,184.93472432577255,5.662088331824634,43,25771.954097788188,25962.550910445785,experiment,FIFO,0.28,0,variant_3
7342,INSPECTION_1_5,INSPECTION_1_5_LINE,25959.335359007608,1.1349777779178112,10,2.446536893647135,187.38126121941968,3.215551438177499,44,25771.954097788188,25962.550910445785,experiment,FIFO,0.28,0,variant_3
7342,INSPECTION_1_6,INSPECTION_1_6_LINE,25961.54763345147,2.212274443863862,11,2.212274443863862,189.59353566328355,1.0032769943136373,41,25771.954097788188,25962.550910445785,experiment,FIFO,0.28,0,variant_3
7342,INSPECTION_1_7,INSPECTION_1_7_LINE,25962.550910445785,1.0032769943136373,12,1.0032769943136373,190.59681265759718,0.0,40,25771.954097788188,25962.550910445785,experiment,FIFO,0.28,0,variant_3
7343,MOULDING_5,MOULDING_MACHINE_5,25777.91610780114,5.962010012950486,1,0.0,0.0,254.79682152903115,63,25777.91610780114,26032.71292933017,experiment,FIFO,0.28,0,variant_1
7343,ASSEMBLY_1_3,LINE_3_ASSEMBLY1,25849.328767416573,7.332566153574589,2,71.41265961543468,71.41265961543468,183.38416191359647,52,25777.91610780114,26032.71292933017,experiment,FIFO,0.28,0,variant_1
7343,ASSEMBLY_2_1,ASSEMBLY2_LINE_1,25956.62605512805,1.9124968340074702,3,107.29728771147711,178.7099473269118,76.08687420211936,43,25777.91610780114,26032.71292933017,experiment,FIFO,0.28,0,variant_1
7343,SORTING,SORTING_ROBOT_1,25996.631383259053,3.6884357214185,4,40.0053281310029,218.7152754579147,36.08154607111646,40,25777.91610780114,26032.71292933017,experiment,FIFO,0.28,0,variant_1
7343,PACKAGING_3,PACKAGING_LINE_3,26021.255949081853,5.331277153120027,5,24.624565822799923,243.3398412807146,11.45698024831654,43,25777.91610780114,26032.71292933017,experiment,FIFO,0.28,0,variant_1
7343,INSPECTION_1_1,INSPECTION_1_1_LINE,26021.641060411443,0.25429981211709674,6,0.38511132958956296,243.72495261030417,11.071868918726977,43,25777.91610780114,26032.71292933017,experiment,FIFO,0.28,0,variant_1
7343,INSPECTION_1_2,INSPECTION_1_2_LINE,26023.295284447544,1.4584731869399548,7,1.6542240361013683,245.37917664640554,9.41764488262561,44,25777.91610780114,26032.71292933017,experiment,FIFO,0.28,0,variant_1
7343,INSPECTION_1_3,INSPECTION_1_3_LINE,26023.99648712368,0.7012026761367451,8,0.7012026761367451,246.08037932254229,8.716442206488864,43,25777.91610780114,26032.71292933017,experiment,FIFO,0.28,0,variant_1
7343,INSPECTION_1_4,INSPECTION_1_4_LINE,26025.35708086838,0.4460697329850518,9,1.3605937446991447,247.44097306724143,7.355848461789719,41,25777.91610780114,26032.71292933017,experiment,FIFO,0.28,0,variant_1
7343,INSPECTION_1_5,INSPECTION_1_5_LINE,26030.34776869143,1.2620039163084584,10,4.9906878230503935,252.43166089029182,2.365160638739326,37,25777.91610780114,26032.71292933017,experiment,FIFO,0.28,0,variant_1
7343,INSPECTION_1_6,INSPECTION_1_6_LINE,26032.170624632647,1.8228559412164032,11,1.8228559412164032,254.25451683150823,0.5423046975229227,39,25777.91610780114,26032.71292933017,experiment,FIFO,0.28,0,variant_1
7343,INSPECTION_1_7,INSPECTION_1_7_LINE,26032.71292933017,0.5423046975229227,12,0.5423046975229227,254.79682152903115,0.0,37,25777.91610780114,26032.71292933017,experiment,FIFO,0.28,0,variant_1
7344,MOULDING_2,MOULDING_MACHINE_2,25762.83384701603,1.3165013730467763,1,0.0,0.0,108.07439915103896,59,25762.83384701603,25870.90824616707,experiment,FIFO,0.28,0,variant_4
7344,ASSEMBLY_1_3,LINE_3_ASSEMBLY1,25830.883128101395,36.500489605099574,2,68.04928108536478,68.04928108536478,40.02511806567418,53,25762.83384701603,25870.90824616707,experiment,FIFO,0.28,0,variant_4
7344,ASSEMBLY_2_2,ASSEMBLY2_LINE_2,25834.86220944069,3.9790813392937707,3,3.9790813392937707,72.02836242465855,36.04603672638041,54,25762.83384701603,25870.90824616707,experiment,FIFO,0.28,0,variant_4
7344,SORTING,SORTING_ROBOT_1,25864.484801014296,0.008821880914183566,4,29.62259157360677,101.65095399826532,6.423445152773638,50,25762.83384701603,25870.90824616707,experiment,FIFO,0.28,0,variant_4
7344,PACKAGING_3,PACKAGING_LINE_3,25866.253090417296,1.7682894030003808,5,1.7682894030003808,103.4192434012657,4.655155749773257,52,25762.83384701603,25870.90824616707,experiment,FIFO,0.28,0,variant_4
7344,INSPECTION_2_1,INSPECTION_2_1_LINE,25867.521268645472,1.2681782281761116,6,1.2681782281761116,104.68742162944181,3.386977521597146,52,25762.83384701603,25870.90824616707,experiment,FIFO,0.28,0,variant_4
7344,INSPECTION_2_2,INSPECTION_2_2_LINE,25868.98839952627,1.4671308807992318,7,1.4671308807992318,106.15455251024105,1.919846640797914,52,25762.83384701603,25870.90824616707,experiment,FIFO,0.28,0,variant_4
7344,INSPECTION_2_3,INSPECTION_2_3_LINE,25869.7629885226,0.7745889963298396,8,0.7745889963298396,106.92914150657089,1.1452576444680744,52,25762.83384701603,25870.90824616707,experiment,FIFO,0.28,0,variant_4
7344,INSPECTION_2_4,INSPECTION_2_4_LINE,25869.845413302948,0.08242478034662781,9,0.08242478034662781,107.01156628691751,1.0628328641214466,52,25762.83384701603,25870.90824616707,experiment,FIFO,0.28,0,variant_4
7344,INSPECTION_2_5,INSPECTION_2_5_LINE,25870.221777116072,0.3763638131240441,10,0.3763638131240441,107.38793010004156,0.6864690509974025,52,25762.83384701603,25870.90824616707,experiment,FIFO,0.28,0,variant_4
7344,INSPECTION_2_6,INSPECTION_2_6_LINE,25870.47743011049,0.2556529944195063,11,0.2556529944195063,107.64358309446106,0.43081605657789623,52,25762.83384701603,25870.90824616707,experiment,FIFO,0.28,0,variant_4
7344,INSPECTION_2_7,INSPECTION_2_7_LINE,25870.90824616707,0.43081605657789623,12,0.43081605657789623,108.07439915103896,0.0,51,25762.83384701603,25870.90824616707,experiment,FIFO,0.28,0,variant_4
7345,MOULDING_1,MOULDING_MACHINE_1,25766.83026923317,4.863314232166886,1,0.0,0.0,66.64773731036985,60,25766.83026923317,25833.47800654354,experiment,FIFO,0.28,0,variant_4
7345,ASSEMBLY_1_4,LINE_4_ASSEMBLY1,25771.16074989317,3.019686754731083,2,4.3304806599990116,4.3304806599990116,62.31725665037084,59,25766.83026923317,25833.47800654354,experiment,FIFO,0.28,0,variant_4
7345,ASSEMBLY_2_2,ASSEMBLY2_LINE_2,25773.799870986604,2.639121093434369,3,2.639121093434369,6.9696017534333805,59.67813555693647,60,25766.83026923317,25833.47800654354,experiment,FIFO,0.28,0,variant_4
7345,SORTING,SORTING_ROBOT_1,25802.64625724021,0.2621502382935432,4,28.846386253604578,35.81598800703796,30.83174930333189,58,25766.83026923317,25833.47800654354,experiment,FIFO,0.28,0,variant_4
7345,PACKAGING_3,PACKAGING_LINE_3,25808.5613887452,0.21250783636787673,5,5.915131504989404,41.73111951202736,24.916617798342486,59,25766.83026923317,25833.47800654354,experiment,FIFO,0.28,0,variant_4
7345,INSPECTION_1_1,INSPECTION_1_1_LINE,25819.295630003347,5.7413491997431265,6,10.734241258149268,52.46536077017663,14.182376540193218,57,25766.83026923317,25833.47800654354,experiment,FIFO,0.28,0,variant_4
7345,INSPECTION_1_2,INSPECTION_1_2_LINE,25819.63186769152,0.3362376881741511,7,0.3362376881741511,52.80159845835078,13.846138852019067,57,25766.83026923317,25833.47800654354,experiment,FIFO,0.28,0,variant_4
7345,INSPECTION_1_3,INSPECTION_1_3_LINE,25826.68571667609,0.7113328077102778,8,7.053848984567594,59.855447442918376,6.792289867451473,54,25766.83026923317,25833.47800654354,experiment,FIFO,0.28,0,variant_4
7345,INSPECTION_1_4,INSPECTION_1_4_LINE,25829.673095776667,1.3786044744265382,9,2.9873791005775274,62.8428265434959,3.8049107668739452,54,25766.83026923317,25833.47800654354,experiment,FIFO,0.28,0,variant_4
7345,INSPECTION_1_5,INSPECTION_1_5_LINE,25831.256163924674,1.5830681480074418,10,1.5830681480074418,64.42589469150334,2.2218426188665035,53,25766.83026923317,25833.47800654354,experiment,FIFO,0.28,0,variant_4
7345,INSPECTION_1_6,INSPECTION_1_6_LINE,25832.92239817569,1.6662342510171584,11,1.6662342510171584,66.0921289425205,0.5556083678493451,55,25766.83026923317,25833.47800654354,experiment,FIFO,0.28,0,variant_4
7345,INSPECTION_1_7,INSPECTION_1_7_LINE,25833.47800654354,0.5556083678493451,12,0.5556083678493451,66.64773731036985,0.0,54,25766.83026923317,25833.47800654354,experiment,FIFO,0.28,0,variant_4
7346,MOULDING_4,MOULDING_MACHINE_4,25764.69675477017,1.8668880634104426,1,0.0,0.0,92.06736242500119,59,25764.69675477017,25856.764117195173,experiment,FIFO,0.28,0,variant_6
7346,ASSEMBLY_1_4,LINE_4_ASSEMBLY1,25768.14106313844,3.4443083682672295,2,3.4443083682672295,3.4443083682672295,88.62305405673396,61,25764.69675477017,25856.764117195173,experiment,FIFO,0.28,0,variant_6
7346,ASSEMBLY_1_4,LINE_4_ASSEMBLY1,25781.31172409476,10.150974201591453,3,13.170660956322536,16.614969324589765,75.45239310041143,60,25764.69675477017,25856.764117195173,experiment,FIFO,0.28,0,variant_6
7346,ASSEMBLY_2_2,ASSEMBLY2_LINE_2,25795.60396955615,1.87330504815327,4,14.29224546138721,30.907214785976976,61.16014763902422,59,25764.69675477017,25856.764117195173,experiment,FIFO,0.28,0,variant_6
7346,SORTING,SORTING_ROBOT_1,25832.31562240232,0.28983605993926176,5,36.71165284617018,67.61886763214716,24.448494792854035,54,25764.69675477017,25856.764117195173,experiment,FIFO,0.28,0,variant_6
7346,PACKAGING_2,PACKAGING_LINE_2,25845.0328827548,12.71726035248139,6,12.71726035248139,80.33612798462855,11.731234440372646,53,25764.69675477017,25856.764117195173,experiment,FIFO,0.28,0,variant_6
7346,INSPECTION_2_1,INSPECTION_2_1_LINE,25846.949517780416,1.916635025616415,7,1.916635025616415,82.25276301024496,9.81459941475623,53,25764.69675477017,25856.764117195173,experiment,FIFO,0.28,0,variant_6
7346,INSPECTION_2_2,INSPECTION_2_2_LINE,25849.874148554787,2.9246307743705984,8,2.9246307743705984,85.17739378461556,6.889968640385632,51,25764.69675477017,25856.764117195173,experiment,FIFO,0.28,0,variant_6
7346,INSPECTION_2_3,INSPECTION_2_3_LINE,25851.10901764588,1.234869091091241,9,1.234869091091241,86.4122628757068,5.655099549294391,52,25764.69675477017,25856.764117195173,experiment,FIFO,0.28,0,variant_6
7346,INSPECTION_2_4,INSPECTION_2_4_LINE,25851.9142900627,0.8052724168228451,10,0.8052724168228451,87.21753529252965,4.849827132471546,52,25764.69675477017,25856.764117195173,experiment,FIFO,0.28,0,variant_6
7346,INSPECTION_2_4,INSPECTION_2_4_LINE,25855.875848627467,3.9615585647661646,11,3.9615585647661646,91.17909385729581,0.8882685677053814,53,25764.69675477017,25856.764117195173,experiment,FIFO,0.28,0,variant_6
7346,INSPECTION_2_5,INSPECTION_2_5_LINE,25856.32697449792,0.45112587045150576,12,0.45112587045150576,91.63021972774732,0.43714269725387567,53,25764.69675477017,25856.764117195173,experiment,FIFO,0.28,0,variant_6
7346,INSPECTION_2_6,INSPECTION_2_6_LINE,25856.43487840637,0.10790390845068032,13,0.10790390845068032,91.738123636198,0.32923878880319535,53,25764.69675477017,25856.764117195173,experiment,FIFO,0.28,0,variant_6
7346,INSPECTION_2_7,INSPECTION_2_7_LINE,25856.764117195173,0.32923878880319535,14,0.32923878880319535,92.06736242500119,0.0,52,25764.69675477017,25856.764117195173,experiment,FIFO,0.28,0,variant_6
7347,MOULDING_3,MOULDING_MACHINE_3,25767.21307487169,2.6042471134605876,1,0.0,0.0,226.70135193152964,61,25767.21307487169,25993.91442680322,experiment,FIFO,0.28,0,variant_2
7347,ASSEMBLY_1_3,LINE_3_ASSEMBLY1,25833.166404074305,2.2832759729099052,2,65.95332920261353,65.95332920261353,160.7480227289161,55,25767.21307487169,25993.91442680322,experiment,FIFO,0.28,0,variant_2
7347,ASSEMBLY_2_1,ASSEMBLY2_LINE_1,25950.32583228957,9.802505872059555,3,117.1594282152655,183.11275741787904,43.588594513650605,43,25767.21307487169,25993.91442680322,experiment,FIFO,0.28,0,variant_2
7347,SORTING,SORTING_ROBOT_1,25986.98281810964,5.4088802200130885,4,36.656985820070986,219.76974323795002,6.931608693579619,37,25767.21307487169,25993.91442680322,experiment,FIFO,0.28,0,variant_2
7347,PACKAGING_2,PACKAGING_LINE_2,25988.29956880121,1.3167506915669946,5,1.3167506915669946,221.08649392951702,5.614858002012625,37,25767.21307487169,25993.91442680322,experiment,FIFO,0.28,0,variant_2
7347,INSPECTION_2_1,INSPECTION_2_1_LINE,25988.34004202436,0.04047322315091151,6,0.04047322315091151,221.12696715266793,5.574384778861713,37,25767.21307487169,25993.91442680322,experiment,FIFO,0.28,0,variant_2
7347,INSPECTION_2_2,INSPECTION_2_2_LINE,25988.392064046293,0.052022021933225915,7,0.052022021933225915,221.17898917460116,5.522362756928487,37,25767.21307487169,25993.91442680322,experiment,FIFO,0.28,0,variant_2
7347,INSPECTION_2_3,INSPECTION_2_3_LINE,25988.57466449268,0.18260044638736872,8,0.18260044638736872,221.36158962098852,5.3397623105411185,37,25767.21307487169,25993.91442680322,experiment,FIFO,0.28,0,variant_2
7347,INSPECTION_2_4,INSPECTION_2_4_LINE,25990.053853468384,1.4791889757034369,9,1.4791889757034369,222.84077859669196,3.8605733348376816,37,25767.21307487169,25993.91442680322,experiment,FIFO,0.28,0,variant_2
7347,INSPECTION_2_5,INSPECTION_2_5_LINE,25992.109497060144,2.0556435917605995,10,2.0556435917605995,224.89642218845256,1.804929743077082,38,25767.21307487169,25993.91442680322,experiment,FIFO,0.28,0,variant_2
7347,INSPECTION_2_6,INSPECTION_2_6_LINE,25993.781842869987,1.672345809842227,11,1.672345809842227,226.5687679982948,0.13258393323485507,37,25767.21307487169,25993.91442680322,experiment,FIFO,0.28,0,variant_2
7347,INSPECTION_2_7,INSPECTION_2_7_LINE,25993.91442680322,0.13258393323485507,12,0.13258393323485507,226.70135193152964,0.0,36,25767.21307487169,25993.91442680322,experiment,FIFO,0.28,0,variant_2
7348,MOULDING_3,MOULDING_MACHINE_3,25774.714399223743,7.501324352051597,1,0.0,0.0,255.53686117179313,62,25774.714399223743,26030.251260395537,experiment,FIFO,0.28,0,variant_3
7348,ASSEMBLY_1_3,LINE_3_ASSEMBLY1,25841.996201263,2.500998801249807,2,67.28180203925513,67.28180203925513,188.255059132538,52,25774.714399223743,26030.251260395537,experiment,FIFO,0.28,0,variant_3
7348,ASSEMBLY_2_1,ASSEMBLY2_LINE_1,25954.713558294043,4.387726004471915,3,112.71735703104423,179.99915907029936,75.53770210149378,43,25774.714399223743,26030.251260395537,experiment,FIFO,0.28,0,variant_3
7348,SORTING,SORTING_ROBOT_1,25991.70070474392,0.2406694359597168,4,36.98714644987558,216.98630552017494,38.5505556516182,38,25774.714399223743,26030.251260395537,experiment,FIFO,0.28,0,variant_3
7348,PACKAGING_3,PACKAGING_LINE_3,26015.924671928733,1.9569211106536386,5,24.223967184814683,241.21027270498962,14.326588466803514,41,25774.714399223743,26030.251260395537,experiment,FIFO,0.28,0,variant_3
7348,INSPECTION_2_1,INSPECTION_2_1_LINE,26016.21142294173,0.2867510129981383,6,0.2867510129981383,241.49702371798776,14.039837453805376,41,25774.714399223743,26030.251260395537,experiment,FIFO,0.28,0,variant_3
7348,INSPECTION_2_2,INSPECTION_2_2_LINE,26018.04985589349,1.838432951757568,7,1.838432951757568,243.33545666974533,12.201404502047808,42,25774.714399223743,26030.251260395537,experiment,FIFO,0.28,0,variant_3
7348,INSPECTION_2_3,INSPECTION_2_3_LINE,26018.09558501912,0.0457291256316239,8,0.0457291256316239,243.38118579537695,12.155675376416184,42,25774.714399223743,26030.251260395537,experiment,FIFO,0.28,0,variant_3
7348,INSPECTION_2_4,INSPECTION_2_4_LINE,26023.52584582234,0.01517163166863611,9,5.430260803219426,248.81144659859638,6.725414573196758,44,25774.714399223743,26030.251260395537,experiment,FIFO,0.28,0,variant_3
7348,INSPECTION_2_5,INSPECTION_2_5_LINE,26026.53495020434,1.8887331050136709,10,3.00910438199935,251.82055098059573,3.716310191197408,41,25774.714399223743,26030.251260395537,experiment,FIFO,0.28,0,variant_3
7348,INSPECTION_2_6,INSPECTION_2_6_LINE,26029.29163566021,0.334994515949802,11,2.756685455871775,254.5772364364675,0.9596247353256331,40,25774.714399223743,26030.251260395537,experiment,FIFO,0.28,0,variant_3
7348,INSPECTION_2_7,INSPECTION_2_7_LINE,26030.251260395537,0.8002592789780465,12,0.9596247353256331,255.53686117179313,0.0,37,25774.714399223743,26030.251260395537,experiment,FIFO,0.28,0,variant_3
7349,MOULDING_4,MOULDING_MACHINE_4,25774.10329264271,7.032088801279315,1,0.0,0.0,61.108867531358555,61,25774.10329264271,25835.21216017407,experiment,FIFO,0.28,0,variant_1
7349,ASSEMBLY_1_1,LINE_1_ASSEMBLY1,25778.333209672623,4.229917029912031,2,4.229917029912031,4.229917029912031,56.878950501446525,63,25774.10329264271,25835.21216017407,experiment,FIFO,0.28,0,variant_1
7349,ASSEMBLY_2_2,ASSEMBLY2_LINE_2,25780.48555526006,2.152345587437594,3,2.152345587437594,6.382262617349625,54.72660491400893,61,25774.10329264271,25835.21216017407,experiment,FIFO,0.28,0,variant_1
7349,SORTING,SORTING_ROBOT_1,25805.909429852945,0.13405375460206415,4,25.423874592885113,31.806137210234738,29.302730321123818,58,25774.10329264271,25835.21216017407,experiment,FIFO,0.28,0,variant_1
7349,PACKAGING_3,PACKAGING_LINE_3,25809.3262318666,0.723736247728084,5,3.4168020136530686,35.222939223887806,25.88592830747075,59,25774.10329264271,25835.21216017407,experiment,FIFO,0.28,0,variant_1
7349,INSPECTION_1_1,INSPECTION_1_1_LINE,25820.090630598854,0.5142151016952994,6,10.764398732255358,45.987337956143165,15.12152957521539,56,25774.10329264271,25835.21216017407,experiment,FIFO,0.28,0,variant_1
7349,INSPECTION_1_2,INSPECTION_1_2_LINE,25823.201252423674,2.9754311634278565,7,3.110621824820555,49.09795978096372,12.010907750394836,55,25774.10329264271,25835.21216017407,experiment,FIFO,0.28,0,variant_1
7349,INSPECTION_1_3,INSPECTION_1_3_LINE,25828.688455702864,0.7877385952560871,8,5.487203279189998,54.58516306015372,6.523704471204837,54,25774.10329264271,25835.21216017407,experiment,FIFO,0.28,0,variant_1
7349,INSPECTION_1_4,INSPECTION_1_4_LINE,25830.920670284308,1.1360445184764103,9,2.232214581443259,56.81737764159698,4.2914898897615785,53,25774.10329264271,25835.21216017407,experiment,FIFO,0.28,0,variant_1
7349,INSPECTION_1_5,INSPECTION_1_5_LINE,25831.418553454547,0.037799163361341925,10,0.4978831702392199,57.3152608118362,3.7936067195223586,53,25774.10329264271,25835.21216017407,experiment,FIFO,0.28,0,variant_1
7349,INSPECTION_1_6,INSPECTION_1_6_LINE,25833.71608102839,0.6682938271696912,11,2.2975275738426717,59.61278838567887,1.496079145679687,54,25774.10329264271,25835.21216017407,experiment,FIFO,0.28,0,variant_1
7349,INSPECTION_1_7,INSPECTION_1_7_LINE,25835.21216017407,0.21526944883953547,12,1.496079145679687,61.108867531358555,0.0,53,25774.10329264271,25835.21216017407,experiment,FIFO,0.28,0,variant_1
7350,MOULDING_2,MOULDING_MACHINE_2,25773.2588229368,4.809541547576373,1,0.0,0.0,106.14210892047049,60,25773.2588229368,25879.40093185727,experiment,FIFO,0.28,0,variant_3
7350,ASSEMBLY_1_3,LINE_3_ASSEMBLY1,25839.49520246175,6.328798387443385,2,66.23637952494755,66.23637952494755,39.90572939552294,51,25773.2588229368,25879.40093185727,experiment,FIFO,0.28,0,variant_3
7350,ASSEMBLY_2_2,ASSEMBLY2_LINE_2,25844.037436162263,1.372223719536123,3,4.542233700514771,70.77861322546232,35.36349569500817,53,25773.2588229368,25879.40093185727,experiment,FIFO,0.28,0,variant_3
7350,SORTING,SORTING_ROBOT_1,25871.08005449544,0.20674732914631022,4,27.042618333176506,97.82123155863883,8.320877361831663,51,25773.2588229368,25879.40093185727,experiment,FIFO,0.28,0,variant_3
7350,PACKAGING_2,PACKAGING_LINE_2,25871.342510861923,0.262456366483093,5,0.262456366483093,98.08368792512192,8.05842099534857,51,25773.2588229368,25879.40093185727,experiment,FIFO,0.28,0,variant_3
7350,INSPECTION_2_1,INSPECTION_2_1_LINE,25871.708194894924,0.3656840330004343,6,0.3656840330004343,98.44937195812236,7.692736962348135,51,25773.2588229368,25879.40093185727,experiment,FIFO,0.28,0,variant_3
7350,INSPECTION_2_2,INSPECTION_2_2_LINE,25872.836813113583,1.1286182186595397,7,1.1286182186595397,99.5779901767819,6.564118743688596,52,25773.2588229368,25879.40093185727,experiment,FIFO,0.28,0,variant_3
7350,INSPECTION_2_3,INSPECTION_2_3_LINE,25873.83623001605,0.9994169024685107,8,0.9994169024685107,100.5774070792504,5.564701841220085,53,25773.2588229368,25879.40093185727,experiment,FIFO,0.28,0,variant_3
7350,INSPECTION_2_4,INSPECTION_2_4_LINE,25873.8524391928,0.01620917674881639,9,0.01620917674881639,100.59361625599922,5.548492664471269,53,25773.2588229368,25879.40093185727,experiment,FIFO,0.28,0,variant_3
7350,INSPECTION_2_5,INSPECTION_2_5_LINE,25878.1200963684,4.267657175598288,10,4.267657175598288,104.86127343159751,1.280835488872981,51,25773.2588229368,25879.40093185727,experiment,FIFO,0.28,0,variant_3
7350,INSPECTION_2_6,INSPECTION_2_6_LINE,25878.846550157432,0.7264537890332576,11,0.7264537890332576,105.58772722063077,0.5543816998397233,51,25773.2588229368,25879.40093185727,experiment,FIFO,0.28,0,variant_3
7350,INSPECTION_2_7,INSPECTION_2_7_LINE,25879.40093185727,0.5543816998397233,12,0.5543816998397233,106.14210892047049,0.0,50,25773.2588229368,25879.40093185727,experiment,FIFO,0.28,0,variant_3
7351,MOULDING_1,MOULDING_MACHINE_1,25784.72574562316,14.231248176431109,1,0.0,0.0,221.73320406970743,60,25784.72574562316,26006.458949692867,experiment,FIFO,0.28,0,variant_5
7351,ASSEMBLY_1_3,LINE_3_ASSEMBLY1,25854.0510915877,4.722324171125365,2,69.32534596453843,69.32534596453843,152.407858105169,52,25784.72574562316,26006.458949692867,experiment,FIFO,0.28,0,variant_5
7351,ASSEMBLY_2_1,ASSEMBLY2_LINE_1,25965.809204489506,4.842414660863142,3,111.75811290180718,181.0834588663456,40.64974520336182,40,25784.72574562316,26006.458949692867,experiment,FIFO,0.28,0,variant_5
7351,SORTING,SORTING_ROBOT_1,26000.25237501635,0.8321377238680725,4,34.44317052684346,215.52662939318907,6.206574676518358,40,25784.72574562316,26006.458949692867,experiment,FIFO,0.28,0,variant_5
7351,PACKAGING_1,PACKAGING_LINE_1,26000.9745703316,0.722195315251156,5,0.722195315251156,216.24882470844022,5.484379361267202,40,25784.72574562316,26006.458949692867,experiment,FIFO,0.28,0,variant_5
7351,PACKAGING_1,PACKAGING_LINE_1,26001.19880667584,0.22423634423830663,6,0.22423634423830663,216.47306105267853,5.260143017028895,40,25784.72574562316,26006.458949692867,experiment,FIFO,0.28,0,variant_5
7351,INSPECTION_2_1,INSPECTION_2_1_LINE,26001.224107347825,0.025300671986769885,7,0.025300671986769885,216.4983617246653,5.234842345042125,40,25784.72574562316,26006.458949692867,experiment,FIFO,0.28,0,variant_5
7351,INSPECTION_2_2,INSPECTION_2_2_LINE,26003.616496488765,2.3923891409394855,8,2.3923891409394855,218.8907508656048,2.8424532041026396,41,25784.72574562316,26006.458949692867,experiment,FIFO,0.28,0,variant_5
7351,INSPECTION_2_3,INSPECTION_2_3_LINE,26003.92657321762,0.3100767288560746,9,0.3100767288560746,219.20082759446086,2.532376475246565,41,25784.72574562316,26006.458949692867,experiment,FIFO,0.28,0,variant_5
7351,INSPECTION_2_4,INSPECTION_2_4_LINE,26005.183929989675,1.257356772053754,10,1.257356772053754,220.45818436651462,1.275019703192811,42,25784.72574562316,26006.458949692867,experiment,FIFO,0.28,0,variant_5
7351,INSPECTION_2_5,INSPECTION_2_5_LINE,26006.22505460608,1.0411246164039767,11,1.0411246164039767,221.4993089829186,0.2338950867888343,42,25784.72574562316,26006.458949692867,experiment,FIFO,0.28,0,variant_5
7351,INSPECTION_2_6,INSPECTION_2_6_LINE,26006.39508897875,0.17003437266976107,12,0.17003437266976107,221.66934335558835,0.06386071411907324,42,25784.72574562316,26006.458949692867,experiment,FIFO,0.28,0,variant_5
7351,INSPECTION_2_7,INSPECTION_2_7_LINE,26006.458949692867,0.06386071411907324,13,0.06386071411907324,221.73320406970743,0.0,41,25784.72574562316,26006.458949692867,experiment,FIFO,0.28,0,variant_5
7352,MOULDING_2,MOULDING_MACHINE_2,25789.11494362308,8.892051707731298,1,0.0,0.0,68.60560212330165,61,25789.11494362308,25857.720545746382,experiment,FIFO,0.28,0,variant_5
7352,ASSEMBLY_1_4,LINE_4_ASSEMBLY1,25794.418975412056,3.064796136372024,2,5.304031788975408,5.304031788975408,63.30157033432624,59,25789.11494362308,25857.720545746382,experiment,FIFO,0.28,0,variant_5
7352,ASSEMBLY_2_2,ASSEMBLY2_LINE_2,25801.169220856937,1.3084047771371843,3,6.75024544488042,12.054277233855828,56.55132488944582,58,25789.11494362308,25857.720545746382,experiment,FIFO,0.28,0,variant_5
7352,SORTING,SORTING_ROBOT_1,25836.889746431363,0.10479042828228557,4,35.720525574426574,47.7748028082824,20.83079931501925,54,25789.11494362308,25857.720545746382,experiment,FIFO,0.28,0,variant_5
7352,PACKAGING_3,PACKAGING_LINE_3,25851.66088291183,5.07428024733963,5,14.771136480467248,62.54593928874965,6.059662834552,52,25789.11494362308,25857.720545746382,experiment,FIFO,0.28,0,variant_5
7352,INSPECTION_1_1,INSPECTION_1_1_LINE,25851.72401158944,0.06312867760789231,6,0.06312867760789231,62.60906796635754,5.996534156944108,52,25789.11494362308,25857.720545746382,experiment,FIFO,0.28,0,variant_5
7352,INSPECTION_1_2,INSPECTION_1_2_LINE,25852.58568220963,0.8616706201901252,7,0.8616706201901252,63.47073858654767,5.134863536753983,52,25789.11494362308,25857.720545746382,experiment,FIFO,0.28,0,variant_5
7352,INSPECTION_1_3,INSPECTION_1_3_LINE,25853.02658902855,0.4409068189197569,8,0.4409068189197569,63.911645405467425,4.693956717834226,52,25789.11494362308,25857.720545746382,experiment,FIFO,0.28,0,variant_5
7352,INSPECTION_1_4,INSPECTION_1_4_LINE,25853.205324497416,0.17873546886767144,9,0.17873546886767144,64.0903808743351,4.515221248966554,52,25789.11494362308,25857.720545746382,experiment,FIFO,0.28,0,variant_5
7352,INSPECTION_1_5,INSPECTION_1_5_LINE,25854.926488249308,1.7211637518921634,10,1.7211637518921634,65.81154462622726,2.794057497074391,53,25789.11494362308,25857.720545746382,experiment,FIFO,0.28,0,variant_5
7352,INSPECTION_1_6,INSPECTION_1_6_LINE,25856.54937022525,1.6228819759417092,11,1.6228819759417092,67.43442660216897,1.1711755211326818,53,25789.11494362308,25857.720545746382,experiment,FIFO,0.28,0,variant_5
7352,INSPECTION_1_7,INSPECTION_1_7_LINE,25857.720545746382,1.1711755211326818,12,1.1711755211326818,68.60560212330165,0.0,51,25789.11494362308,25857.720545746382,experiment,FIFO,0.28,0,variant_5
7353,MOULDING_1,MOULDING_MACHINE_1,25784.893164691624,0.16741906846436905,1,0.0,0.0,240.11351383394867,61,25784.893164691624,26025.006678525573,experiment,FIFO,0.28,0,variant_2
7353,ASSEMBLY_1_3,LINE_3_ASSEMBLY1,25858.83141641429,4.780324826591823,2,73.93825172266588,73.93825172266588,166.1752621112828,51,25784.893164691624,26025.006678525573,experiment,FIFO,0.28,0,variant_2
7353,ASSEMBLY_2_1,ASSEMBLY2_LINE_1,25975.82706445726,10.017859967752884,3,116.99564804296824,190.93389976563412,49.17961406831455,35,25784.893164691624,26025.006678525573,experiment,FIFO,0.28,0,variant_2
7353,SORTING,SORTING_ROBOT_1,26004.127918004622,3.8755429882730823,4,28.30085354736366,219.23475331299778,20.87876052095089,41,25784.893164691624,26025.006678525573,experiment,FIFO,0.28,0,variant_2
7353,PACKAGING_1,PACKAGING_LINE_1,26005.925429961044,1.7975119564216584,5,1.7975119564216584,221.03226526941944,19.081248564529233,42,25784.893164691624,26025.006678525573,experiment,FIFO,0.28,0,variant_2
7353,INSPECTION_2_1,INSPECTION_2_1_LINE,26007.2826446684,1.3572147073573433,6,1.3572147073573433,222.38947997677678,17.72403385717189,42,25784.893164691624,26025.006678525573,experiment,FIFO,0.28,0,variant_2
7353,INSPECTION_2_2,INSPECTION_2_2_LINE,26011.50749426897,2.359103298265836,7,4.224849600570451,226.61432957734723,13.499184256601438,41,25784.893164691624,26025.006678525573,experiment,FIFO,0.28,0,variant_2
7353,INSPECTION_2_3,INSPECTION_2_3_LINE,26012.38661596011,0.8791216911376978,8,0.8791216911376978,227.49345126848493,12.62006256546374,41,25784.893164691624,26025.006678525573,experiment,FIFO,0.28,0,variant_2
7353,INSPECTION_2_4,INSPECTION_2_4_LINE,26013.26908264842,0.8824666883119789,9,0.8824666883119789,228.3759179567969,11.737595877151762,41,25784.893164691624,26025.006678525573,experiment,FIFO,0.28,0,variant_2
7353,INSPECTION_2_5,INSPECTION_2_5_LINE,26018.49094006731,3.136057237548812,10,5.2218574188882485,233.59777537568516,6.515738458263513,42,25784.893164691624,26025.006678525573,experiment,FIFO,0.28,0,variant_2
7353,INSPECTION_2_6,INSPECTION_2_6_LINE,26021.405364223352,2.725970868672448,11,2.9144241560425144,236.51219953172767,3.601314302220999,43,25784.893164691624,26025.006678525573,experiment,FIFO,0.28,0,variant_2
7353,INSPECTION_2_7,INSPECTION_2_7_LINE,26025.006678525573,3.601314302220999,12,3.601314302220999,240.11351383394867,0.0,42,25784.893164691624,26025.006678525573,experiment,FIFO,0.28,0,variant_2
7354,MOULDING_4,MOULDING_MACHINE_4,25783.469080380342,0.3072860378015321,1,0.0,0.0,183.3700122891205,61,25783.469080380342,25966.839092669463,experiment,FIFO,0.28,0,variant_1
7354,ASSEMBLY_1_4,LINE_4_ASSEMBLY1,25791.354179275684,2.0609945409923967,2,7.885098895341798,7.885098895341798,175.4849133937787,61,25783.469080380342,25966.839092669463,experiment,FIFO,0.28,0,variant_1
7354,ASSEMBLY_2_1,ASSEMBLY2_LINE_1,25917.942544040205,6.954132375991321,3,126.58836476452052,134.47346365986232,48.89654862925818,45,25783.469080380342,25966.839092669463,experiment,FIFO,0.28,0,variant_1
7354,SORTING,SORTING_ROBOT_1,25949.595651564807,0.6859939156056498,4,31.653107524602092,166.1265711844644,17.243441104656085,43,25783.469080380342,25966.839092669463,experiment,FIFO,0.28,0,variant_1
7354,PACKAGING_3,PACKAGING_LINE_3,25956.78702780953,7.191376244722051,5,7.191376244722051,173.31794742918646,10.052064859934035,43,25783.469080380342,25966.839092669463,experiment,FIFO,0.28,0,variant_1
7354,INSPECTION_1_1,INSPECTION_1_1_LINE,25962.44834112632,5.661313316792075,6,5.661313316792075,178.97926074597854,4.39075154314196,41,25783.469080380342,25966.839092669463,experiment,FIFO,0.28,0,variant_1
7354,INSPECTION_1_2,INSPECTION_1_2_LINE,25963.04704443138,0.5987033050587343,7,0.5987033050587343,179.57796405103727,3.7920482380832254,40,25783.469080380342,25966.839092669463,experiment,FIFO,0.28,0,variant_1
7354,INSPECTION_1_3,INSPECTION_1_3_LINE,25963.10789527001,0.06085083863217733,8,0.06085083863217733,179.63881488966945,3.731197399451048,40,25783.469080380342,25966.839092669463,experiment,FIFO,0.28,0,variant_1
7354,INSPECTION_1_4,INSPECTION_1_4_LINE,25963.37593689454,0.268041624527541,9,0.268041624527541,179.906856514197,3.463155774923507,40,25783.469080380342,25966.839092669463,experiment,FIFO,0.28,0,variant_1
7354,INSPECTION_1_5,INSPECTION_1_5_LINE,25966.41142010132,0.7342864003112481,10,3.0354832067823736,182.94233972097936,0.4276725681411335,39,25783.469080380342,25966.839092669463,experiment,FIFO,0.28,0,variant_1
7354,INSPECTION_1_6,INSPECTION_1_6_LINE,25966.492085042293,0.0806649409714737,11,0.0806649409714737,183.02300466195084,0.3470076271696598,39,25783.469080380342,25966.839092669463,experiment,FIFO,0.28,0,variant_1
7354,INSPECTION_1_7,INSPECTION_1_7_LINE,25966.839092669463,0.3470076271696598,12,0.3470076271696598,183.3700122891205,0.0,38,25783.469080380342,25966.839092669463,experiment,FIFO,0.28,0,variant_1
7355,MOULDING_3,MOULDING_MACHINE_3,25786.73343596969,1.5138230932498118,1,0.0,0.0,62.95747811241017,60,25786.73343596969,25849.6909140821,experiment,FIFO,0.28,0,variant_4
7355,ASSEMBLY_1_5,LINE_5_ASSEMBLY1,25787.408732498898,0.6752965292071167,2,0.6752965292071167,0.6752965292071167,62.282181583203055,60,25786.73343596969,25849.6909140821,experiment,FIFO,0.28,0,variant_4
7355,ASSEMBLY_2_2,ASSEMBLY2_LINE_2,25796.21557472652,0.6116051703720586,3,8.806842227622838,9.482138756829954,53.47533935558022,59,25786.73343596969,25849.6909140821,experiment,FIFO,0.28,0,variant_4
7355,SORTING,SORTING_ROBOT_1,25832.78849543078,0.47287302846234525,4,36.57292070426047,46.05505946109042,16.90241865131975,55,25786.73343596969,25849.6909140821,experiment,FIFO,0.28,0,variant_4
7355,PACKAGING_1,PACKAGING_LINE_1,25841.371283338387,8.582787907605962,5,8.582787907605962,54.637847368696384,8.319630743713788,52,25786.73343596969,25849.6909140821,experiment,FIFO,0.28,0,variant_4
7355,INSPECTION_2_1,INSPECTION_2_1_LINE,25844.543385441943,3.172102103555517,6,3.172102103555517,57.8099494722519,5.147528640158271,53,25786.73343596969,25849.6909140821,experiment,FIFO,0.28,0,variant_4
7355,INSPECTION_2_2,INSPECTION_2_2_LINE,25845.415820024373,0.8724345824302873,7,0.8724345824302873,58.68238405468219,4.2750940577279835,53,25786.73343596969,25849.6909140821,experiment,FIFO,0.28,0,variant_4
7355,INSPECTION_2_3,INSPECTION_2_3_LINE,25846.601354285434,1.185534261061548,8,1.185534261061548,59.86791831574374,3.0895597966664354,53,25786.73343596969,25849.6909140821,experiment,FIFO,0.28,0,variant_4
7355,INSPECTION_2_4,INSPECTION_2_4_LINE,25847.93609375035,1.3347394649172202,9,1.3347394649172202,61.20265778066096,1.7548203317492153,53,25786.73343596969,25849.6909140821,experiment,FIFO,0.28,0,variant_4
7355,INSPECTION_2_5,INSPECTION_2_5_LINE,25848.207011742776,0.2709179924240743,10,0.2709179924240743,61.47357577308503,1.483902339325141,53,25786.73343596969,25849.6909140821,experiment,FIFO,0.28,0,variant_4
7355,INSPECTION_2_6,INSPECTION_2_6_LINE,25849.02898417192,0.8219724291448074,11,0.8219724291448074,62.29554820222984,0.6619299101803335,52,25786.73343596969,25849.6909140821,experiment,FIFO,0.28,0,variant_4
7355,INSPECTION_2_7,INSPECTION_2_7_LINE,25849.6909140821,0.6619299101803335,12,0.6619299101803335,62.95747811241017,0.0,51,25786.73343596969,25849.6909140821,experiment,FIFO,0.28,0,variant_4
7356,MOULDING_2,MOULDING_MACHINE_2,25815.09896932624,11.9110840844005,1,0.0,0.0,122.15376902730713,59,25815.09896932624,25937.25273835355,experiment,FIFO,0.28,0,variant_2
7356,ASSEMBLY_1_3,LINE_3_ASSEMBLY1,25861.91072324912,3.079306834828458,2,46.81175392287696,46.81175392287696,75.34201510443017,50,25815.09896932624,25937.25273835355,experiment,FIFO,0.28,0,variant_2
7356,ASSEMBLY_2_2,ASSEMBLY2_LINE_2,25890.201756640145,2.7104699042538414,3,28.29103339102585,75.10278731390281,47.050981713404326,52,25815.09896932624,25937.25273835355,experiment,FIFO,0.28,0,variant_2
7356,SORTING,SORTING_ROBOT_1,25912.26666745361,2.8297714979198645,4,22.06491081346394,97.16769812736675,24.986070899940387,45,25815.09896932624,25937.25273835355,experiment,FIFO,0.28,0,variant_2
7356,PACKAGING_1,PACKAGING_LINE_1,25926.899356869228,0.2415640910694492,5,14.632689415619097,111.80038754298585,10.35338148432129,43,25815.09896932624,25937.25273835355,experiment,FIFO,0.28,0,variant_2
7356,INSPECTION_2_1,INSPECTION_2_1_LINE,25930.544188751483,3.644831882254948,6,3.644831882254948,115.4452194252408,6.708549602066341,43,25815.09896932624,25937.25273835355,experiment,FIFO,0.28,0,variant_2
7356,INSPECTION_2_2,INSPECTION_2_2_LINE,25932.76590656741,2.2217178159262403,7,2.2217178159262403,117.66693724116703,4.486831786140101,43,25815.09896932624,25937.25273835355,experiment,FIFO,0.28,0,variant_2
7356,INSPECTION_2_3,INSPECTION_2_3_LINE,25933.008453884515,0.24254731710607302,8,0.24254731710607302,117.9094845582731,4.244284469034028,43,25815.09896932624,25937.25273835355,experiment,FIFO,0.28,0,variant_2
7356,INSPECTION_2_4,INSPECTION_2_4_LINE,25934.896875354483,1.888421469968307,9,1.888421469968307,119.79790602824141,2.355862999065721,43,25815.09896932624,25937.25273835355,experiment,FIFO,0.28,0,variant_2
7356,INSPECTION_2_5,INSPECTION_2_5_LINE,25935.219536240777,0.32266088629330625,10,0.32266088629330625,120.12056691453472,2.0332021127724147,43,25815.09896932624,25937.25273835355,experiment,FIFO,0.28,0,variant_2
7356,INSPECTION_2_6,INSPECTION_2_6_LINE,25935.637509047425,0.41797280664832215,11,0.41797280664832215,120.53853972118304,1.6152293061240925,41,25815.09896932624,25937.25273835355,experiment,FIFO,0.28,0,variant_2
7356,INSPECTION_2_7,INSPECTION_2_7_LINE,25937.25273835355,1.6152293061240925,12,1.6152293061240925,122.15376902730713,0.0,40,25815.09896932624,25937.25273835355,experiment,FIFO,0.28,0,variant_2
7357,MOULDING_5,MOULDING_MACHINE_5,25808.41128756384,4.04201235283108,1,0.0,0.0,183.82824549742872,59,25808.41128756384,25992.239533061267,experiment,FIFO,0.28,0,variant_1
7357,ASSEMBLY_1_1,LINE_1_ASSEMBLY1,25817.3127597089,8.901472145062144,2,8.901472145062144,8.901472145062144,174.92677335236658,59,25808.41128756384,25992.239533061267,experiment,FIFO,0.28,0,variant_1
7357,ASSEMBLY_2_1,ASSEMBLY2_LINE_1,25940.52332641751,3.5605301921168575,3,123.21056670861071,132.11203885367286,51.71620664375587,40,25808.41128756384,25992.239533061267,experiment,FIFO,0.28,0,variant_1
7357,SORTING,SORTING_ROBOT_1,25978.97240365624,17.842589505879005,4,38.44907723872893,170.5611160924018,13.267129405026935,36,25808.41128756384,25992.239533061267,experiment,FIFO,0.28,0,variant_1
7357,PACKAGING_3,PACKAGING_LINE_3,25981.76271455949,2.79031090324861,5,2.79031090324861,173.3514269956504,10.476818501778325,37,25808.41128756384,25992.239533061267,experiment,FIFO,0.28,0,variant_1
7357,INSPECTION_2_1,INSPECTION_2_1_LINE,25986.80402739577,5.041312836281577,6,5.041312836281577,178.39273983193198,5.435505665496748,37,25808.41128756384,25992.239533061267,experiment,FIFO,0.28,0,variant_1
7357,INSPECTION_2_2,INSPECTION_2_2_LINE,25987.20300519748,0.3989778017094068,7,0.3989778017094068,178.79171763364138,5.036527863787342,37,25808.41128756384,25992.239533061267,experiment,FIFO,0.28,0,variant_1
7357,INSPECTION_2_3,INSPECTION_2_3_LINE,25987.60506820301,0.4020630055310903,8,0.4020630055310903,179.19378063917247,4.634464858256251,37,25808.41128756384,25992.239533061267,experiment,FIFO,0.28,0,variant_1
7357,INSPECTION_2_4,INSPECTION_2_4_LINE,25987.67394446034,0.06887625732997549,9,0.06887625732997549,179.26265689650245,4.565588600926276,37,25808.41128756384,25992.239533061267,experiment,FIFO,0.28,0,variant_1
7357,INSPECTION_2_5,INSPECTION_2_5_LINE,25989.16808957452,1.4941451141785365,10,1.4941451141785365,180.75680201068099,3.0714434867477394,37,25808.41128756384,25992.239533061267,experiment,FIFO,0.28,0,variant_1
7357,INSPECTION_2_6,INSPECTION_2_6_LINE,25989.46368682789,0.2955972533709428,11,0.2955972533709428,181.05239926405193,2.7758462333767966,37,25808.41128756384,25992.239533061267,experiment,FIFO,0.28,0,variant_1
7357,INSPECTION_2_7,INSPECTION_2_7_LINE,25992.239533061267,2.7758462333767966,12,2.7758462333767966,183.82824549742872,0.0,37,25808.41128756384,25992.239533061267,experiment,FIFO,0.28,0,variant_1
7358,MOULDING_4,MOULDING_MACHINE_4,25832.28877292881,6.384941552838427,1,0.0,0.0,67.44318212685539,54,25832.28877292881,25899.731955055664,experiment,FIFO,0.28,0,variant_1
7358,ASSEMBLY_1_4,LINE_4_ASSEMBLY1,25839.35009744746,7.061324518650508,2,7.061324518650508,7.061324518650508,60.38185760820488,51,25832.28877292881,25899.731955055664,experiment,FIFO,0.28,0,variant_1
7358,ASSEMBLY_2_2,ASSEMBLY2_LINE_2,25842.665212442727,3.3151149952682317,3,3.3151149952682317,10.37643951391874,57.06674261293665,52,25832.28877292881,25899.731955055664,experiment,FIFO,0.28,0,variant_1
7358,SORTING,SORTING_ROBOT_1,25870.288569566288,3.0588518753284006,4,27.62335712356071,37.99979663747945,29.44338548937594,52,25832.28877292881,25899.731955055664,experiment,FIFO,0.28,0,variant_1
7358,PACKAGING_1,PACKAGING_LINE_1,25895.65826208575,15.844101680548192,5,25.36969251946357,63.36948915694302,4.073692969912372,49,25832.28877292881,25899.731955055664,experiment,FIFO,0.28,0,variant_1
7358,INSPECTION_2_1,INSPECTION_2_1_LINE,25898.275092913853,2.6168308281012287,6,2.6168308281012287,65.98631998504425,1.4568621418111434,49,25832.28877292881,25899.731955055664,experiment,FIFO,0.28,0,variant_1
7358,INSPECTION_2_2,INSPECTION_2_2_LINE,25898.798455871725,0.5233629578724504,7,0.5233629578724504,66.5096829429167,0.933499183938693,49,25832.28877292881,25899.731955055664,experiment,FIFO,0.28,0,variant_1
7358,INSPECTION_2_3,INSPECTION_2_3_LINE,25899.25723402494,0.45877815321364324,8,0.45877815321364324,66.96846109613034,0.4747210307250498,48,25832.28877292881,25899.731955055664,experiment,FIFO,0.28,0,variant_1
7358,INSPECTION_2_4,INSPECTION_2_4_LINE,25899.272183465106,0.014949440166674322,9,0.014949440166674322,66.98341053629701,0.45977159055837546,48,25832.28877292881,25899.731955055664,experiment,FIFO,0.28,0,variant_1
7358,INSPECTION_2_5,INSPECTION_2_5_LINE,25899.341668052737,0.06948458763145027,10,0.06948458763145027,67.05289512392847,0.3902870029269252,48,25832.28877292881,25899.731955055664,experiment,FIFO,0.28,0,variant_1
7358,INSPECTION_2_6,INSPECTION_2_6_LINE,25899.63790999609,0.2962419433533796,11,0.2962419433533796,67.34913706728184,0.09404505957354559,48,25832.28877292881,25899.731955055664,experiment,FIFO,0.28,0,variant_1
7358,INSPECTION_2_7,INSPECTION_2_7_LINE,25899.731955055664,0.09404505957354559,12,0.09404505957354559,67.44318212685539,0.0,47,25832.28877292881,25899.731955055664,experiment,FIFO,0.28,0,variant_1
7359,MOULDING_2,MOULDING_MACHINE_2,25832.47770220396,2.876980166634894,1,0.0,0.0,59.08128557272357,55,25832.47770220396,25891.558987776683,experiment,FIFO,0.28,0,variant_1
7359,ASSEMBLY_1_4,LINE_4_ASSEMBLY1,25840.314746715347,0.9646492678875802,2,7.837044511386921,7.837044511386921,51.24424106133665,52,25832.47770220396,25891.558987776683,experiment,FIFO,0.28,0,variant_1
7359,ASSEMBLY_2_2,ASSEMBLY2_LINE_2,25844.16048337047,0.12304720820611692,3,3.8457366551228915,11.682781166509812,47.39850440621376,53,25832.47770220396,25891.558987776683,experiment,FIFO,0.28,0,variant_1
7359,SORTING,SORTING_ROBOT_1,25871.106817810603,0.026763315163407242,4,26.946334440133796,38.62911560664361,20.452169966079964,51,25832.47770220396,25891.558987776683,experiment,FIFO,0.28,0,variant_1
7359,PACKAGING_2,PACKAGING_LINE_2,25872.013871981697,0.6713611197737919,5,0.9070541710934776,39.536169777737086,19.545115794986486,51,25832.47770220396,25891.558987776683,experiment,FIFO,0.28,0,variant_1
7359,INSPECTION_2_1,INSPECTION_2_1_LINE,25875.660730708685,3.6468587269882846,6,3.6468587269882846,43.18302850472537,15.898257067998202,51,25832.47770220396,25891.558987776683,experiment,FIFO,0.28,0,variant_1
7359,INSPECTION_2_2,INSPECTION_2_2_LINE,25877.70654778878,2.0458170800957305,7,2.0458170800957305,45.2288455848211,13.852439987902471,51,25832.47770220396,25891.558987776683,experiment,FIFO,0.28,0,variant_1
7359,INSPECTION_2_3,INSPECTION_2_3_LINE,25878.66183501188,0.9552872230997309,8,0.9552872230997309,46.18413280792083,12.89715276480274,51,25832.47770220396,25891.558987776683,experiment,FIFO,0.28,0,variant_1
7359,INSPECTION_2_4,INSPECTION_2_4_LINE,25883.893866987648,5.232031975767313,9,5.232031975767313,51.416164783688146,7.665120789035427,52,25832.47770220396,25891.558987776683,experiment,FIFO,0.28,0,variant_1
7359,INSPECTION_2_5,INSPECTION_2_5_LINE,25885.9830628477,2.0891958600514045,10,2.0891958600514045,53.50536064373955,5.575924928984023,52,25832.47770220396,25891.558987776683,experiment,FIFO,0.28,0,variant_1
7359,INSPECTION_2_5,INSPECTION_2_5_LINE,25887.20547657959,0.10998506778923911,11,1.22241373189172,54.72777437563127,4.353511197092303,54,25832.47770220396,25891.558987776683,experiment,FIFO,0.28,0,variant_1
7359,INSPECTION_2_6,INSPECTION_2_6_LINE,25887.697149670243,0.16862294980091974,12,0.49167309065160225,55.21944746628287,3.8618381064407004,54,25832.47770220396,25891.558987776683,experiment,FIFO,0.28,0,variant_1
7359,INSPECTION_2_7,INSPECTION_2_7_LINE,25891.558987776683,1.5374168824819208,13,3.8618381064407004,59.08128557272357,0.0,51,25832.47770220396,25891.558987776683,experiment,FIFO,0.28,0,variant_1
7360,MOULDING_4,MOULDING_MACHINE_4,25835.33605735771,3.0472844288997294,1,0.0,0.0,179.7544722226412,55,25835.33605735771,26015.09052958035,experiment,FIFO,0.28,0,variant_6
7360,ASSEMBLY_1_4,LINE_4_ASSEMBLY1,25851.66449382632,11.349747110973112,2,16.32843646861147,16.32843646861147,163.42603575402973,52,25835.33605735771,26015.09052958035,experiment,FIFO,0.28,0,variant_6
7360,ASSEMBLY_2_1,ASSEMBLY2_LINE_1,25960.966789828643,4.340734700592293,3,109.30229600232269,125.63073247093416,54.123739751707035,41,25835.33605735771,26015.09052958035,experiment,FIFO,0.28,0,variant_6
7360,SORTING,SORTING_ROBOT_1,25999.42023729248,2.788854033427924,4,38.45344746383853,164.0841799347727,15.670292287868506,40,25835.33605735771,26015.09052958035,experiment,FIFO,0.28,0,variant_6
7360,PACKAGING_2,PACKAGING_LINE_2,26001.48407473911,2.063837446628895,5,2.063837446628895,166.1480173814016,13.60645484123961,40,25835.33605735771,26015.09052958035,experiment,FIFO,0.28,0,variant_6
7360,INSPECTION_2_1,INSPECTION_2_1_LINE,26001.65792644808,0.17385170896886848,6,0.17385170896886848,166.32186909037046,13.432603132270742,40,25835.33605735771,26015.09052958035,experiment,FIFO,0.28,0,variant_6
7360,INSPECTION_2_2,INSPECTION_2_2_LINE,26006.129846710424,2.5133502216594934,7,4.47192026234552,170.79378935271598,8.960682869925222,42,25835.33605735771,26015.09052958035,experiment,FIFO,0.28,0,variant_6
7360,INSPECTION_2_3,INSPECTION_2_3_LINE,26006.34498773605,0.21514102562650805,8,0.21514102562650805,171.00893037834248,8.745541844298714,42,25835.33605735771,26015.09052958035,experiment,FIFO,0.28,0,variant_6
7360,INSPECTION_2_4,INSPECTION_2_4_LINE,26010.52860224726,4.18361451121018,9,4.18361451121018,175.19254488955266,4.5619273330885335,41,25835.33605735771,26015.09052958035,experiment,FIFO,0.28,0,variant_6
7360,INSPECTION_2_5,INSPECTION_2_5_LINE,26011.807026829483,1.2784245822222147,10,1.2784245822222147,176.47096947177488,3.283502750866319,41,25835.33605735771,26015.09052958035,experiment,FIFO,0.28,0,variant_6
7360,INSPECTION_2_6,INSPECTION_2_6_LINE,26014.02736209533,2.2203352658470976,11,2.2203352658470976,178.69130473762198,1.0631674850192212,41,25835.33605735771,26015.09052958035,experiment,FIFO,0.28,0,variant_6
7360,INSPECTION_2_7,INSPECTION_2_7_LINE,26015.09052958035,1.0631674850192212,12,1.0631674850192212,179.7544722226412,0.0,41,25835.33605735771,26015.09052958035,experiment,FIFO,0.28,0,variant_6
7361,MOULDING_2,MOULDING_MACHINE_2,25839.621915965112,7.144213761152059,1,0.0,0.0,81.63136544470763,52,25839.621915965112,25921.25328140982,experiment,FIFO,0.28,0,variant_4
7361,ASSEMBLY_1_5,LINE_5_ASSEMBLY1,25855.266729129973,3.3685069867715356,2,15.644813164861262,15.644813164861262,65.98655227984636,53,25839.621915965112,25921.25328140982,experiment,FIFO,0.28,0,variant_4
7361,ASSEMBLY_2_2,ASSEMBLY2_LINE_2,25887.49128673589,24.63488628316918,3,32.22455760591765,47.869370770778914,33.76199467392871,54,25839.621915965112,25921.25328140982,experiment,FIFO,0.28,0,variant_4
7361,SORTING,SORTING_ROBOT_1,25908.061731900325,3.315968630275165,4,20.570445164434204,68.43981593521312,13.191549509494507,44,25839.621915965112,25921.25328140982,experiment,FIFO,0.28,0,variant_4
7361,PACKAGING_2,PACKAGING_LINE_2,25911.32546619484,3.2637342945163255,5,3.2637342945163255,71.70355022972944,9.927815214978182,45,25839.621915965112,25921.25328140982,experiment,FIFO,0.28,0,variant_4
7361,INSPECTION_1_1,INSPECTION_1_1_LINE,25911.682666715224,0.357200520382321,6,0.357200520382321,72.06075075011177,9.57061469459586,45,25839.621915965112,25921.25328140982,experiment,FIFO,0.28,0,variant_4
7361,INSPECTION_1_2,INSPECTION_1_2_LINE,25913.451073776825,1.768407061601465,7,1.768407061601465,73.82915781171323,7.802207632994396,47,25839.621915965112,25921.25328140982,experiment,FIFO,0.28,0,variant_4
7361,INSPECTION_1_3,INSPECTION_1_3_LINE,25913.54455617127,0.09348239444443607,8,0.09348239444443607,73.92264020615767,7.70872523854996,47,25839.621915965112,25921.25328140982,experiment,FIFO,0.28,0,variant_4
7361,INSPECTION_1_4,INSPECTION_1_4_LINE,25914.007841729792,0.46328555852232967,9,0.46328555852232967,74.38592576468,7.24543968002763,47,25839.621915965112,25921.25328140982,experiment,FIFO,0.28,0,variant_4
7361,INSPECTION_1_5,INSPECTION_1_5_LINE,25917.43964974601,3.4318080162192928,10,3.4318080162192928,77.81773378089929,3.813631663808337,45,25839.621915965112,25921.25328140982,experiment,FIFO,0.28,0,variant_4
7361,INSPECTION_1_6,INSPECTION_1_6_LINE,25919.20845248175,1.7688027357398823,11,1.7688027357398823,79.58653651663917,2.044828928068455,45,25839.621915965112,25921.25328140982,experiment,FIFO,0.28,0,variant_4
7361,INSPECTION_1_7,INSPECTION_1_7_LINE,25921.25328140982,2.044828928068455,12,2.044828928068455,81.63136544470763,0.0,45,25839.621915965112,25921.25328140982,experiment,FIFO,0.28,0,variant_4
7362,MOULDING_2,MOULDING_MACHINE_2,25844.009435725304,4.387519760191935,1,0.0,0.0,54.35441229643766,53,25844.009435725304,25898.36384802174,experiment,FIFO,0.28,0,variant_3
7362,ASSEMBLY_1_2,LINE_2_ASSEMBLY1,25847.23263398536,1.2529471509478753,2,3.223198260056961,3.223198260056961,51.1312140363807,53,25844.009435725304,25898.36384802174,experiment,FIFO,0.28,0,variant_3
7362,ASSEMBLY_2_2,ASSEMBLY2_LINE_2,25856.61108602045,3.3323871039283404,3,9.37845203508914,12.6016502951461,41.75276200129156,53,25844.009435725304,25898.36384802174,experiment,FIFO,0.28,0,variant_3
7362,SORTING,SORTING_ROBOT_1,25884.996641410165,5.053647555985663,4,28.38555538971559,40.98720568486169,13.367206611575966,52,25844.009435725304,25898.36384802174,experiment,FIFO,0.28,0,variant_3
7362,PACKAGING_3,PACKAGING_LINE_3,25889.594070371324,4.597428961158585,5,4.597428961158585,45.58463464602028,8.769777650417382,53,25844.009435725304,25898.36384802174,experiment,FIFO,0.28,0,variant_3
7362,INSPECTION_2_1,INSPECTION_2_1_LINE,25891.84409803059,2.25002765926547,6,2.25002765926547,47.83466230528575,6.519749991151912,51,25844.009435725304,25898.36384802174,experiment,FIFO,0.28,0,variant_3
7362,INSPECTION_2_2,INSPECTION_2_2_LINE,25891.969789384977,0.1256913543875271,7,0.1256913543875271,47.960353659673274,6.394058636764385,51,25844.009435725304,25898.36384802174,experiment,FIFO,0.28,0,variant_3
7362,INSPECTION_2_3,INSPECTION_2_3_LINE,25895.644569416352,3.6747800313751213,8,3.6747800313751213,51.635133691048395,2.7192786053892632,49,25844.009435725304,25898.36384802174,experiment,FIFO,0.28,0,variant_3
7362,INSPECTION_2_4,INSPECTION_2_4_LINE,25896.32391753258,0.6793481162276294,9,0.6793481162276294,52.314481807276024,2.039930489161634,49,25844.009435725304,25898.36384802174,experiment,FIFO,0.28,0,variant_3
7362,INSPECTION_2_5,INSPECTION_2_5_LINE,25896.78013197884,0.45621444626158336,10,0.45621444626158336,52.77069625353761,1.5837160429000505,49,25844.009435725304,25898.36384802174,experiment,FIFO,0.28,0,variant_3
7362,INSPECTION_2_6,INSPECTION_2_6_LINE,25897.713852444136,0.9337204652947548,11,0.9337204652947548,53.70441671883236,0.6499955776052957,49,25844.009435725304,25898.36384802174,experiment,FIFO,0.28,0,variant_3
7362,INSPECTION_2_7,INSPECTION_2_7_LINE,25898.36384802174,0.6499955776052957,12,0.6499955776052957,54.35441229643766,0.0,48,25844.009435725304,25898.36384802174,experiment,FIFO,0.28,0,variant_3
7363,MOULDING_1,MOULDING_MACHINE_1,25835.31694158749,1.4902599626111623,1,0.0,0.0,100.17872548981177,54,25835.31694158749,25935.495667077303,experiment,FIFO,0.28,0,variant_2
7363,ASSEMBLY_1_5,LINE_5_ASSEMBLY1,25851.8982221432,16.58128055571069,2,16.58128055571069,16.58128055571069,83.59744493410108,52,25835.31694158749,25935.495667077303,experiment,FIFO,0.28,0,variant_2
7363,ASSEMBLY_2_2,ASSEMBLY2_LINE_2,25862.85640045272,6.245314432271698,3,10.958178309520008,27.5394588652307,72.63926662458107,50,25835.31694158749,25935.495667077303,experiment,FIFO,0.28,0,variant_2
7363,SORTING,SORTING_ROBOT_1,25896.71584234299,1.9952809538444853,4,33.8594418902685,61.3989007554992,38.77982473431257,49,25835.31694158749,25935.495667077303,experiment,FIFO,0.28,0,variant_2
7363,PACKAGING_1,PACKAGING_LINE_1,25920.4792112893,9.047965263838705,5,23.763368946310948,85.16226970181015,15.016455788001622,46,25835.31694158749,25935.495667077303,experiment,FIFO,0.28,0,variant_2
7363,INSPECTION_1_1,INSPECTION_1_1_LINE,25920.753645812645,0.2744345233440981,6,0.2744345233440981,85.43670422515424,14.742021264657524,46,25835.31694158749,25935.495667077303,experiment,FIFO,0.28,0,variant_2
7363,INSPECTION_1_2,INSPECTION_1_2_LINE,25921.35542587244,0.20497586469718954,7,0.6017800597946916,86.03848428494894,14.140241204862832,45,25835.31694158749,25935.495667077303,experiment,FIFO,0.28,0,variant_2
7363,INSPECTION_1_3,INSPECTION_1_3_LINE,25921.6827542127,0.26280682618016726,8,0.32732834025955526,86.36581262520849,13.812912864603277,45,25835.31694158749,25935.495667077303,experiment,FIFO,0.28,0,variant_2
7363,INSPECTION_1_4,INSPECTION_1_4_LINE,25923.347234552777,1.1132023448226391,9,1.6644803400777164,88.03029296528621,12.14843252452556,44,25835.31694158749,25935.495667077303,experiment,FIFO,0.28,0,variant_2
7363,INSPECTION_1_5,INSPECTION_1_5_LINE,25930.99662148636,5.6688946919312,10,7.6493869335827185,95.67967989886893,4.499045590942842,43,25835.31694158749,25935.495667077303,experiment,FIFO,0.28,0,variant_2
7363,INSPECTION_1_6,INSPECTION_1_6_LINE,25934.83716522595,3.840543739588611,11,3.840543739588611,99.52022363845754,0.6585018513542309,43,25835.31694158749,25935.495667077303,experiment,FIFO,0.28,0,variant_2
7363,INSPECTION_1_7,INSPECTION_1_7_LINE,25935.495667077303,0.6585018513542309,12,0.6585018513542309,100.17872548981177,0.0,42,25835.31694158749,25935.495667077303,experiment,FIFO,0.28,0,variant_2
7364,MOULDING_5,MOULDING_MACHINE_5,25841.05539983422,4.732582883392752,1,0.0,0.0,47.39535052177234,52,25841.05539983422,25888.45075035599,experiment,FIFO,0.28,0,variant_2
7364,ASSEMBLY_1_2,LINE_2_ASSEMBLY1,25845.979686834413,4.924287000194454,2,4.924287000194454,4.924287000194454,42.47106352157789,53,25841.05539983422,25888.45075035599,experiment,FIFO,0.28,0,variant_2
7364,ASSEMBLY_2_2,ASSEMBLY2_LINE_2,25853.27869891652,7.299012082108675,3,7.299012082108675,12.223299082303129,35.172051439469215,52,25841.05539983422,25888.45075035599,experiment,FIFO,0.28,0,variant_2
7364,SORTING,SORTING_ROBOT_1,25876.142794058087,0.6133030290657189,4,22.864095141565485,35.087394223868614,12.30795629790373,51,25841.05539983422,25888.45075035599,experiment,FIFO,0.28,0,variant_2
7364,PACKAGING_2,PACKAGING_LINE_2,25882.601027964844,0.6300571839310578,5,6.458233906756504,41.54562813062512,5.849722391147225,52,25841.05539983422,25888.45075035599,experiment,FIFO,0.28,0,variant_2
7364,INSPECTION_1_1,INSPECTION_1_1_LINE,25882.705603890703,0.10457592585953535,6,0.10457592585953535,41.650204056484654,5.745146465287689,52,25841.05539983422,25888.45075035599,experiment,FIFO,0.28,0,variant_2
7364,INSPECTION_1_2,INSPECTION_1_2_LINE,25884.00452696026,1.298923069556622,7,1.298923069556622,42.949127126041276,4.446223395731067,52,25841.05539983422,25888.45075035599,experiment,FIFO,0.28,0,variant_2
7364,INSPECTION_1_3,INSPECTION_1_3_LINE,25885.678124292022,1.6735973317627213,8,1.6735973317627213,44.622724457804,2.772626063968346,52,25841.05539983422,25888.45075035599,experiment,FIFO,0.28,0,variant_2
7364,INSPECTION_1_4,INSPECTION_1_4_LINE,25885.980223849605,0.3020995575825509,9,0.3020995575825509,44.92482401538655,2.470526506385795,52,25841.05539983422,25888.45075035599,experiment,FIFO,0.28,0,variant_2
7364,INSPECTION_1_5,INSPECTION_1_5_LINE,25887.96930728621,1.9890834366051422,10,1.9890834366051422,46.91390745199169,0.4814430697806529,54,25841.05539983422,25888.45075035599,experiment,FIFO,0.28,0,variant_2
7364,INSPECTION_1_6,INSPECTION_1_6_LINE,25888.09259289953,0.12328561332105892,11,0.12328561332105892,47.03719306531275,0.35815745645959396,54,25841.05539983422,25888.45075035599,experiment,FIFO,0.28,0,variant_2
7364,INSPECTION_1_7,INSPECTION_1_7_LINE,25888.45075035599,0.35815745645959396,12,0.35815745645959396,47.39535052177234,0.0,53,25841.05539983422,25888.45075035599,experiment,FIFO,0.28,0,variant_2
7365,MOULDING_2,MOULDING_MACHINE_2,25850.111667956146,6.102232230841764,1,0.0,0.0,190.75975011826085,52,25850.111667956146,26040.871418074406,experiment,FIFO,0.28,0,variant_6
7365,ASSEMBLY_1_3,LINE_3_ASSEMBLY1,25865.04376995619,3.1330467070729355,2,14.932102000046143,14.932102000046143,175.8276481182147,50,25850.111667956146,26040.871418074406,experiment,FIFO,0.28,0,variant_6
7365,ASSEMBLY_2_1,ASSEMBLY2_LINE_1,25988.005382959,12.17831850174116,3,122.96161300280801,137.89371500285415,52.8660351154067,37,25850.111667956146,26040.871418074406,experiment,FIFO,0.28,0,variant_6
7365,SORTING,SORTING_ROBOT_1,26008.74011452785,0.31010799586147186,4,20.734731568849384,158.62844657170353,32.13130354655732,42,25850.111667956146,26040.871418074406,experiment,FIFO,0.28,0,variant_6
7365,PACKAGING_3,PACKAGING_LINE_3,26025.900392362502,0.4239247857076407,5,17.160277834653243,175.78872440635678,14.971025711904076,41,25850.111667956146,26040.871418074406,experiment,FIFO,0.28,0,variant_6
7365,INSPECTION_2_1,INSPECTION_2_1_LINE,26028.39540912681,2.4950167643073655,6,2.4950167643073655,178.28374117066414,12.47600894759671,41,25850.111667956146,26040.871418074406,experiment,FIFO,0.28,0,variant_6
7365,INSPECTION_2_2,INSPECTION_2_2_LINE,26029.62379119724,1.2283820704287791,7,1.2283820704287791,179.51212324109292,11.247626877167932,39,25850.111667956146,26040.871418074406,experiment,FIFO,0.28,0,variant_6
7365,INSPECTION_2_3,INSPECTION_2_3_LINE,26030.311873198563,0.6880820013248012,8,0.6880820013248012,180.20020524241772,10.55954487584313,37,25850.111667956146,26040.871418074406,experiment,FIFO,0.28,0,variant_6
7365,INSPECTION_2_4,INSPECTION_2_4_LINE,26030.863180698987,0.551307500423718,9,0.551307500423718,180.75151274284144,10.008237375419412,39,25850.111667956146,26040.871418074406,experiment,FIFO,0.28,0,variant_6
7365,INSPECTION_2_5,INSPECTION_2_5_LINE,26036.75652690985,5.893346210861637,10,5.893346210861637,186.64485895370308,4.1148911645577755,39,25850.111667956146,26040.871418074406,experiment,FIFO,0.28,0,variant_6
7365,INSPECTION_2_6,INSPECTION_2_6_LINE,26039.35603070145,2.5995037916,11,2.5995037916,189.24436274530308,1.5153873729577754,38,25850.111667956146,26040.871418074406,experiment,FIFO,0.28,0,variant_6
7365,INSPECTION_2_7,INSPECTION_2_7_LINE,26040.871418074406,1.5153873729577754,12,1.5153873729577754,190.75975011826085,0.0,37,25850.111667956146,26040.871418074406,experiment,FIFO,0.28,0,variant_6
7366,MOULDING_2,MOULDING_MACHINE_2,25854.14632956664,3.518146466172766,1,0.0,0.0,83.8912496287885,53,25854.14632956664,25938.03757919543,experiment,FIFO,0.28,0,variant_2
7366,ASSEMBLY_1_2,LINE_2_ASSEMBLY1,25864.140971344124,9.994641777484503,2,9.994641777484503,9.994641777484503,73.896607851304,50,25854.14632956664,25938.03757919543,experiment,FIFO,0.28,0,variant_2
7366,ASSEMBLY_2_2,ASSEMBLY2_LINE_2,25891.35357941096,1.1518227708147606,3,27.212608066834946,37.20724984431945,46.68399978446905,52,25854.14632956664,25938.03757919543,experiment,FIFO,0.28,0,variant_2
7366,SORTING,SORTING_ROBOT_1,25914.03050875252,1.7638412989108474,4,22.676929341560026,59.884179185879475,24.007070442909026,47,25854.14632956664,25938.03757919543,experiment,FIFO,0.28,0,variant_2
7366,PACKAGING_1,PACKAGING_LINE_1,25929.693041377595,2.7936845083677326,5,15.662532625075983,75.54671181095546,8.344537817833043,43,25854.14632956664,25938.03757919543,experiment,FIFO,0.28,0,variant_2
7366,INSPECTION_2_1,INSPECTION_2_1_LINE,25931.98545261775,1.441263866268855,6,2.2924112401560706,77.83912305111153,6.052126577676972,43,25854.14632956664,25938.03757919543,experiment,FIFO,0.28,0,variant_2
7366,INSPECTION_2_2,INSPECTION_2_2_LINE,25933.19064333276,0.4247367653515539,7,1.2051907150089392,79.04431376612047,4.846935862668033,43,25854.14632956664,25938.03757919543,experiment,FIFO,0.28,0,variant_2
7366,INSPECTION_2_3,INSPECTION_2_3_LINE,25933.454383576416,0.263740243655775,8,0.263740243655775,79.30805400977624,4.583195619012258,43,25854.14632956664,25938.03757919543,experiment,FIFO,0.28,0,variant_2
7366,INSPECTION_2_4,INSPECTION_2_4_LINE,25935.18445010054,0.28757474605663447,9,1.7300665241236857,81.03812053389993,2.8531290948885726,43,25854.14632956664,25938.03757919543,experiment,FIFO,0.28,0,variant_2
7366,INSPECTION_2_5,INSPECTION_2_5_LINE,25936.430465103887,1.2109288631108939,10,1.2460150033475657,82.2841355372475,1.607114091541007,41,25854.14632956664,25938.03757919543,experiment,FIFO,0.28,0,variant_2
7366,INSPECTION_2_6,INSPECTION_2_6_LINE,25936.48414396092,0.05367885703162756,11,0.05367885703162756,82.33781439427912,1.5534352345093794,41,25854.14632956664,25938.03757919543,experiment,FIFO,0.28,0,variant_2
7366,INSPECTION_2_7,INSPECTION_2_7_LINE,25938.03757919543,0.7848408418794861,12,1.5534352345093794,83.8912496287885,0.0,39,25854.14632956664,25938.03757919543,experiment,FIFO,0.28,0,variant_2
7367,MOULDING_5,MOULDING_MACHINE_5,25862.153938603453,5.035916364959121,1,0.0,0.0,175.03453307654854,51,25862.153938603453,26037.18847168,experiment,FIFO,0.28,0,variant_3
7367,ASSEMBLY_1_4,LINE_4_ASSEMBLY1,25879.143073715382,16.9891351119295,2,16.9891351119295,16.9891351119295,158.04539796461904,51,25862.153938603453,26037.18847168,experiment,FIFO,0.28,0,variant_3
7367,ASSEMBLY_2_1,ASSEMBLY2_LINE_1,26007.74412852614,7.084058565571468,3,128.6010548107588,145.5901899226883,29.444343153860245,42,25862.153938603453,26037.18847168,experiment,FIFO,0.28,0,variant_3
7367,SORTING,SORTING_ROBOT_1,26024.56486546228,6.688708705347381,4,16.82073693613711,162.4109268588254,12.623606217723136,43,25862.153938603453,26037.18847168,experiment,FIFO,0.28,0,variant_3
7367,PACKAGING_3,PACKAGING_LINE_3,26026.45823517744,0.5578428149383399,5,1.8933697151624074,164.3042965739878,10.730236502560729,42,25862.153938603453,26037.18847168,experiment,FIFO,0.28,0,variant_3
7367,INSPECTION_1_1,INSPECTION_1_1_LINE,26030.32187484078,1.9499643897652277,6,3.8636396633410186,168.16793623732883,6.86659683921971,37,25862.153938603453,26037.18847168,experiment,FIFO,0.28,0,variant_3
7367,INSPECTION_1_2,INSPECTION_1_2_LINE,26030.401825990048,0.07995114926598035,7,0.07995114926598035,168.2478873865948,6.78664568995373,37,25862.153938603453,26037.18847168,experiment,FIFO,0.28,0,variant_3
7367,INSPECTION_1_3,INSPECTION_1_3_LINE,26031.392274315946,0.2789599420138984,8,0.9904483258978871,169.2383357124927,5.796197364055843,39,25862.153938603453,26037.18847168,experiment,FIFO,0.28,0,variant_3
7367,INSPECTION_1_4,INSPECTION_1_4_LINE,26033.795593446685,2.1376134779129643,9,2.4033191307389643,171.64165484323166,3.3928782333168783,37,25862.153938603453,26037.18847168,experiment,FIFO,0.28,0,variant_3
7367,INSPECTION_1_5,INSPECTION_1_5_LINE,26034.35652351255,0.5609300658652501,10,0.5609300658652501,172.2025849090969,2.8319481674516283,38,25862.153938603453,26037.18847168,experiment,FIFO,0.28,0,variant_3
7367,INSPECTION_1_6,INSPECTION_1_6_LINE,26035.63892148436,1.2823979718086775,11,1.2823979718086775,173.4849828809056,1.5495501956429507,38,25862.153938603453,26037.18847168,experiment,FIFO,0.28,0,variant_3
7367,INSPECTION_1_7,INSPECTION_1_7_LINE,26037.18847168,1.5495501956429507,12,1.5495501956429507,175.03453307654854,0.0,38,25862.153938603453,26037.18847168,experiment,FIFO,0.28,0,variant_3
7368,MOULDING_3,MOULDING_MACHINE_3,25865.34530874873,6.996955973078002,1,0.0,0.0,164.50963871921704,52,25865.34530874873,26029.854947467946,experiment,FIFO,0.28,0,variant_2
7368,ASSEMBLY_1_2,LINE_2_ASSEMBLY1,25879.01420232058,13.668893571852095,2,13.668893571852095,13.668893571852095,150.84074514736494,51,25865.34530874873,26029.854947467946,experiment,FIFO,0.28,0,variant_2
7368,ASSEMBLY_2_1,ASSEMBLY2_LINE_1,26000.66006996057,8.73583887087807,3,121.64586763998886,135.31476121184096,29.194877507376077,40,25865.34530874873,26029.854947467946,experiment,FIFO,0.28,0,variant_2
7368,SORTING,SORTING_ROBOT_1,26017.87615675693,1.4840112799065537,4,17.216086796361196,152.53084800820216,11.97879071101488,42,25865.34530874873,26029.854947467946,experiment,FIFO,0.28,0,variant_2
7368,PACKAGING_1,PACKAGING_LINE_1,26018.95055439873,1.0743976417979866,5,1.0743976417979866,153.60524565000014,10.904393069216894,42,25865.34530874873,26029.854947467946,experiment,FIFO,0.28,0,variant_2
7368,INSPECTION_1_1,INSPECTION_1_1_LINE,26021.386760599325,1.1896764589255326,6,2.4362062005966436,156.0414518505968,8.46818686862025,43,25865.34530874873,26029.854947467946,experiment,FIFO,0.28,0,variant_2
7368,INSPECTION_1_2,INSPECTION_1_2_LINE,26021.836811260604,0.45005066127851023,7,0.45005066127851023,156.4915025118753,8.01813620734174,43,25865.34530874873,26029.854947467946,experiment,FIFO,0.28,0,variant_2
7368,INSPECTION_1_3,INSPECTION_1_3_LINE,26022.612533730826,0.08188221862656064,8,0.7757224702218082,157.2672249820971,7.242413737119932,43,25865.34530874873,26029.854947467946,experiment,FIFO,0.28,0,variant_2
7368,INSPECTION_1_4,INSPECTION_1_4_LINE,26024.911011135395,0.7977985864163202,9,2.2984774045689846,159.5657023866661,4.9439363325509476,43,25865.34530874873,26029.854947467946,experiment,FIFO,0.28,0,variant_2
7368,INSPECTION_1_5,INSPECTION_1_5_LINE,26029.08576477512,2.881596978080779,10,4.174753639726987,163.74045602639308,0.7691826928239607,40,25865.34530874873,26029.854947467946,experiment,FIFO,0.28,0,variant_2
7368,INSPECTION_1_6,INSPECTION_1_6_LINE,26029.804578466625,0.7188136915028736,11,0.7188136915028736,164.45926971789595,0.050369001321087126,39,25865.34530874873,26029.854947467946,experiment,FIFO,0.28,0,variant_2
7368,INSPECTION_1_7,INSPECTION_1_7_LINE,26029.854947467946,0.050369001321087126,12,0.050369001321087126,164.50963871921704,0.0,38,25865.34530874873,26029.854947467946,experiment,FIFO,0.28,0,variant_2
7369,MOULDING_4,MOULDING_MACHINE_4,25860.96448557157,1.5586922090769804,1,0.0,0.0,168.48651554498792,50,25860.96448557157,26029.45100111656,experiment,FIFO,0.28,0,variant_3
7369,ASSEMBLY_1_3,LINE_3_ASSEMBLY1,25873.089044560205,8.045274604013684,2,12.124558988634817,12.124558988634817,156.3619565563531,52,25860.96448557157,26029.45100111656,experiment,FIFO,0.28,0,variant_3
7369,ASSEMBLY_2_1,ASSEMBLY2_LINE_1,25991.92423108969,3.918848130691913,3,118.83518652948624,130.95974551812105,37.52677002686687,38,25860.96448557157,26029.45100111656,experiment,FIFO,0.28,0,variant_3
7369,SORTING,SORTING_ROBOT_1,26009.931534616702,1.1914200888531923,4,18.007303527010663,148.96704904513172,19.519466499856208,41,25860.96448557157,26029.45100111656,experiment,FIFO,0.28,0,variant_3
7369,PACKAGING_2,PACKAGING_LINE_2,26011.56304774514,1.63151312843911,5,1.63151312843911,150.59856217357083,17.887953371417098,41,25860.96448557157,26029.45100111656,experiment,FIFO,0.28,0,variant_3
7369,INSPECTION_2_1,INSPECTION_2_1_LINE,26011.900494237027,0.3374464918852027,6,0.3374464918852027,150.93600866545603,17.550506879531895,41,25860.96448557157,26029.45100111656,experiment,FIFO,0.28,0,variant_3
7369,INSPECTION_2_2,INSPECTION_2_2_LINE,26014.016300822463,1.5260864678930375,7,2.1158065854360757,153.0518152508921,15.43470029409582,41,25860.96448557157,26029.45100111656,experiment,FIFO,0.28,0,variant_3
7369,INSPECTION_2_3,INSPECTION_2_3_LINE,26017.73511096147,0.13261058542775572,8,3.7188101390056545,156.77062538989776,11.715890155090165,41,25860.96448557157,26029.45100111656,experiment,FIFO,0.28,0,variant_3
7369,INSPECTION_2_4,INSPECTION_2_4_LINE,26023.51067419067,1.8318867794405378,9,5.775563229202817,162.54618861910058,5.940326925887348,44,25860.96448557157,26029.45100111656,experiment,FIFO,0.28,0,variant_3
7369,INSPECTION_2_5,INSPECTION_2_5_LINE,26024.646217099325,0.6271553686601692,10,1.1355429086543154,163.6817315277549,4.8047840172330325,43,25860.96448557157,26029.45100111656,experiment,FIFO,0.28,0,variant_3
7369,INSPECTION_2_6,INSPECTION_2_6_LINE,26028.95664114426,3.6600870706570277,11,4.310424044935644,167.99215557269054,0.4943599722973886,40,25860.96448557157,26029.45100111656,experiment,FIFO,0.28,0,variant_3
7369,INSPECTION_2_7,INSPECTION_2_7_LINE,26029.45100111656,0.4943599722973886,12,0.4943599722973886,168.48651554498792,0.0,39,25860.96448557157,26029.45100111656,experiment,FIFO,0.28,0,variant_3
7370,MOULDING_5,MOULDING_MACHINE_5,25865.25085090268,2.143427347218676,1,0.0,0.0,61.694431813077244,51,25865.25085090268,25926.94528271576,experiment,FIFO,0.28,0,variant_6
7370,ASSEMBLY_1_5,LINE_5_ASSEMBLY1,25878.064013430376,12.813162527694658,2,12.813162527694658,12.813162527694658,48.88126928538259,51,25865.25085090268,25926.94528271576,experiment,FIFO,0.28,0,variant_6
7370,ASSEMBLY_2_2,ASSEMBLY2_LINE_2,25891.92290398454,0.5693245735819801,3,13.858890554165555,26.672053081860213,35.02237873121703,51,25865.25085090268,25926.94528271576,experiment,FIFO,0.28,0,variant_6
7370,SORTING,SORTING_ROBOT_1,25917.01771645319,2.987207700669387,4,25.094812468647433,51.766865550507646,9.927566262569599,45,25865.25085090268,25926.94528271576,experiment,FIFO,0.28,0,variant_6
7370,PACKAGING_2,PACKAGING_LINE_2,25918.18692934147,1.1692128882823454,5,1.1692128882823454,52.93607843878999,8.758353374287253,45,25865.25085090268,25926.94528271576,experiment,FIFO,0.28,0,variant_6
7370,INSPECTION_1_1,INSPECTION_1_1_LINE,25918.695747248283,0.5088179068116006,6,0.5088179068116006,53.44489634560159,8.249535467475653,45,25865.25085090268,25926.94528271576,experiment,FIFO,0.28,0,variant_6
7370,INSPECTION_1_2,INSPECTION_1_2_LINE,25918.736460017604,0.04071276932154433,7,0.04071276932154433,53.485609114923136,8.208822698154108,45,25865.25085090268,25926.94528271576,experiment,FIFO,0.28,0,variant_6
7370,INSPECTION_1_3,INSPECTION_1_3_LINE,25920.327021723744,1.5905617061398516,8,1.5905617061398516,55.07617082106299,6.618260992014257,46,25865.25085090268,25926.94528271576,experiment,FIFO,0.28,0,variant_6
7370,INSPECTION_1_4,INSPECTION_1_4_LINE,25920.64371293428,0.31669121053710114,9,0.31669121053710114,55.39286203160009,6.301569781477156,46,25865.25085090268,25926.94528271576,experiment,FIFO,0.28,0,variant_6
7370,INSPECTION_1_5,INSPECTION_1_5_LINE,25921.876855054063,1.2331421197814052,10,1.2331421197814052,56.626004151381494,5.06842766169575,45,25865.25085090268,25926.94528271576,experiment,FIFO,0.28,0,variant_6
7370,INSPECTION_1_6,INSPECTION_1_6_LINE,25926.70646256619,4.8296075121288595,11,4.8296075121288595,61.45561166351035,0.2388201495668909,44,25865.25085090268,25926.94528271576,experiment,FIFO,0.28,0,variant_6
7370,INSPECTION_1_7,INSPECTION_1_7_LINE,25926.94528271576,0.2388201495668909,12,0.2388201495668909,61.694431813077244,0.0,42,25865.25085090268,25926.94528271576,experiment,FIFO,0.28,0,variant_6
7371,MOULDING_1,MOULDING_MACHINE_1,25872.25563933951,2.896965784202621,1,0.0,0.0,209.10710154288972,52,25872.25563933951,26081.3627408824,experiment,FIFO,0.28,0,variant_2
7371,ASSEMBLY_1_1,LINE_1_ASSEMBLY1,25896.629434361752,24.37379502224212,2,24.37379502224212,24.37379502224212,184.7333065206476,49,25872.25563933951,26081.3627408824,experiment,FIFO,0.28,0,variant_2
7371,ASSEMBLY_2_1,ASSEMBLY2_LINE_1,26045.22037627112,4.625167010024597,3,148.59094190936958,172.9647369316117,36.142364611278026,39,25872.25563933951,26081.3627408824,experiment,FIFO,0.28,0,variant_2
7371,SORTING,SORTING_ROBOT_1,26063.71510658332,0.542934354449244,4,18.494730312198953,191.45946724381065,17.647634299079073,38,25872.25563933951,26081.3627408824,experiment,FIFO,0.28,0,variant_2
7371,PACKAGING_3,PACKAGING_LINE_3,26070.507473020425,1.6600067198232864,5,6.792366437104647,198.2518336809153,10.855267861974426,39,25872.25563933951,26081.3627408824,experiment,FIFO,0.28,0,variant_2
7371,INSPECTION_1_1,INSPECTION_1_1_LINE,26071.258674968627,0.7512019482019241,6,0.7512019482019241,199.00303562911722,10.104065913772502,38,25872.25563933951,26081.3627408824,experiment,FIFO,0.28,0,variant_2
7371,INSPECTION_1_2,INSPECTION_1_2_LINE,26072.7297814668,1.4711064981747768,7,1.4711064981747768,200.474142127292,8.632959415597725,38,25872.25563933951,26081.3627408824,experiment,FIFO,0.28,0,variant_2
7371,INSPECTION_1_3,INSPECTION_1_3_LINE,26075.79912337882,3.0693419120179897,8,3.0693419120179897,203.54348403931,5.563617503579735,37,25872.25563933951,26081.3627408824,experiment,FIFO,0.28,0,variant_2
7371,INSPECTION_1_4,INSPECTION_1_4_LINE,26076.63072662276,0.8316032439397532,9,0.8316032439397532,204.37508728324974,4.732014259639982,37,25872.25563933951,26081.3627408824,experiment,FIFO,0.28,0,variant_2
7371,INSPECTION_1_5,INSPECTION_1_5_LINE,26080.91164704682,4.28092042406206,10,4.28092042406206,208.6560077073118,0.4510938355779217,37,25872.25563933951,26081.3627408824,experiment,FIFO,0.28,0,variant_2
7371,INSPECTION_1_6,INSPECTION_1_6_LINE,26081.2995965477,0.3879495008768572,11,0.3879495008768572,209.04395720818866,0.06314433470106451,37,25872.25563933951,26081.3627408824,experiment,FIFO,0.28,0,variant_2
7371,INSPECTION_1_7,INSPECTION_1_7_LINE,26081.3627408824,0.06314433470106451,12,0.06314433470106451,209.10710154288972,0.0,36,25872.25563933951,26081.3627408824,experiment,FIFO,0.28,0,variant_2
7372,MOULDING_2,MOULDING_MACHINE_2,25880.089910111525,10.110919772214402,1,0.0,0.0,178.9302263470163,51,25880.089910111525,26059.02013645854,experiment,FIFO,0.28,0,variant_4
7372,ASSEMBLY_1_5,LINE_5_ASSEMBLY1,25880.768059451457,0.6781493399321334,2,0.6781493399321334,0.6781493399321334,178.25207700708415,51,25880.089910111525,26059.02013645854,experiment,FIFO,0.28,0,variant_4
7372,ASSEMBLY_2_1,ASSEMBLY2_LINE_1,26018.596148908746,10.852020382604678,3,137.82808945728902,138.50623879722116,40.42398754979513,42,25880.089910111525,26059.02013645854,experiment,FIFO,0.28,0,variant_4
7372,SORTING,SORTING_ROBOT_1,26039.32228245462,5.827048153718351,4,20.7261335458752,159.23237234309636,19.69785400391993,38,25880.089910111525,26059.02013645854,experiment,FIFO,0.28,0,variant_4
7372,PACKAGING_3,PACKAGING_LINE_3,26046.785994127284,7.463711672662612,5,7.463711672662612,166.69608401575897,12.234142331257317,37,25880.089910111525,26059.02013645854,experiment,FIFO,0.28,0,variant_4
7372,INSPECTION_2_1,INSPECTION_2_1_LINE,26048.655524760343,1.8695306330591848,6,1.8695306330591848,168.56561464881815,10.364611698198132,37,25880.089910111525,26059.02013645854,experiment,FIFO,0.28,0,variant_4
7372,INSPECTION_2_2,INSPECTION_2_2_LINE,26052.66407171424,4.0085469538971665,7,4.0085469538971665,172.57416160271532,6.356064744300966,38,25880.089910111525,26059.02013645854,experiment,FIFO,0.28,0,variant_4
7372,INSPECTION_2_3,INSPECTION_2_3_LINE,26056.766242221303,4.10217050706342,8,4.10217050706342,176.67633210977874,2.253894237237546,39,25880.089910111525,26059.02013645854,experiment,FIFO,0.28,0,variant_4
7372,INSPECTION_2_4,INSPECTION_2_4_LINE,26058.011197728632,1.2449555073289957,9,1.2449555073289957,177.92128761710774,1.0089387299085502,40,25880.089910111525,26059.02013645854,experiment,FIFO,0.28,0,variant_4
7372,INSPECTION_2_5,INSPECTION_2_5_LINE,26058.534368086643,0.5231703580102476,10,0.5231703580102476,178.44445797511798,0.4857683718983026,40,25880.089910111525,26059.02013645854,experiment,FIFO,0.28,0,variant_4
7372,INSPECTION_2_6,INSPECTION_2_6_LINE,26058.981845033177,0.4474769465341524,11,0.4474769465341524,178.89193492165214,0.0382914253641502,40,25880.089910111525,26059.02013645854,experiment,FIFO,0.28,0,variant_4
7372,INSPECTION_2_7,INSPECTION_2_7_LINE,26059.02013645854,0.0382914253641502,12,0.0382914253641502,178.9302263470163,0.0,39,25880.089910111525,26059.02013645854,experiment,FIFO,0.28,0,variant_4
7373,MOULDING_5,MOULDING_MACHINE_5,25873.213939174813,1.906572399322613,1,0.0,0.0,53.63761152581719,53,25873.213939174813,25926.85155070063,experiment,FIFO,0.28,0,variant_3
7373,ASSEMBLY_1_3,LINE_3_ASSEMBLY1,25879.86941304468,6.655473869865091,2,6.655473869865091,6.655473869865091,46.9821376559521,50,25873.213939174813,25926.85155070063,experiment,FIFO,0.28,0,variant_3
7373,ASSEMBLY_2_2,ASSEMBLY2_LINE_2,25895.174235537925,3.251331553383352,3,15.30482249324632,21.96029636311141,31.67731516270578,49,25873.213939174813,25926.85155070063,experiment,FIFO,0.28,0,variant_3
7373,SORTING,SORTING_ROBOT_1,25917.77821229428,0.7604958410920517,4,22.603976756356133,44.56427311946754,9.073338406349649,45,25873.213939174813,25926.85155070063,experiment,FIFO,0.28,0,variant_3
7373,PACKAGING_3,PACKAGING_LINE_3,25919.05917074696,1.280958452680352,5,1.280958452680352,45.845231572147895,7.792379953669297,45,25873.213939174813,25926.85155070063,experiment,FIFO,0.28,0,variant_3
7373,INSPECTION_2_1,INSPECTION_2_1_LINE,25919.54416480488,0.48499405791881145,6,0.48499405791881145,46.33022563006671,7.307385895750485,46,25873.213939174813,25926.85155070063,experiment,FIFO,0.28,0,variant_3
7373,INSPECTION_2_2,INSPECTION_2_2_LINE,25919.95671450216,0.41254969728106516,7,0.41254969728106516,46.74277532734777,6.89483619846942,46,25873.213939174813,25926.85155070063,experiment,FIFO,0.28,0,variant_3
7373,INSPECTION_2_3,INSPECTION_2_3_LINE,25921.67126157118,1.7145470690193179,8,1.7145470690193179,48.45732239636709,5.180289129450102,45,25873.213939174813,25926.85155070063,experiment,FIFO,0.28,0,variant_3
7373,INSPECTION_2_4,INSPECTION_2_4_LINE,25921.97785502148,0.30659345029926044,9,0.30659345029926044,48.76391584666635,4.873695679150842,45,25873.213939174813,25926.85155070063,experiment,FIFO,0.28,0,variant_3
7373,INSPECTION_2_5,INSPECTION_2_5_LINE,25922.32802000253,0.3501649810496019,10,0.3501649810496019,49.11408082771595,4.52353069810124,45,25873.213939174813,25926.85155070063,experiment,FIFO,0.28,0,variant_3
7373,INSPECTION_2_6,INSPECTION_2_6_LINE,25922.773721081376,0.4457010788464686,11,0.4457010788464686,49.55978190656242,4.077829619254771,44,25873.213939174813,25926.85155070063,experiment,FIFO,0.28,0,variant_3
7373,INSPECTION_2_7,INSPECTION_2_7_LINE,25926.85155070063,4.077829619254771,12,4.077829619254771,53.63761152581719,0.0,43,25873.213939174813,25926.85155070063,experiment,FIFO,0.28,0,variant_3
7374,MOULDING_2,MOULDING_MACHINE_2,25881.88467311422,1.7947630026937986,1,0.0,0.0,84.487309983062,52,25881.88467311422,25966.37198309728,experiment,FIFO,0.28,0,variant_4
7374,ASSEMBLY_1_1,LINE_1_ASSEMBLY1,25901.09468439143,4.465250029679737,2,19.210011277213198,19.210011277213198,65.2772987058488,47,25881.88467311422,25966.37198309728,experiment,FIFO,0.28,0,variant_4
7374,ASSEMBLY_2_2,ASSEMBLY2_LINE_2,25905.63830264678,3.7361083633004455,3,4.543618255349429,23.753629532562627,60.73368045049938,46,25881.88467311422,25966.37198309728,experiment,FIFO,0.28,0,variant_4
7374,SORTING,SORTING_ROBOT_1,25947.272976055847,3.4745934010643396,4,41.634673409065726,65.38830294162835,19.09900704143365,43,25881.88467311422,25966.37198309728,experiment,FIFO,0.28,0,variant_4
7374,PACKAGING_2,PACKAGING_LINE_2,25947.48758410689,0.21460805104288738,5,0.21460805104288738,65.60291099267124,18.884398990390764,43,25881.88467311422,25966.37198309728,experiment,FIFO,0.28,0,variant_4
7374,INSPECTION_1_1,INSPECTION_1_1_LINE,25948.436797449856,0.9492133429666865,6,0.9492133429666865,66.55212433563793,17.935185647424078,43,25881.88467311422,25966.37198309728,experiment,FIFO,0.28,0,variant_4
7374,INSPECTION_1_2,INSPECTION_1_2_LINE,25952.335214088565,0.18810698611559928,7,3.8984166387090227,70.45054097434695,14.036769008715055,43,25881.88467311422,25966.37198309728,experiment,FIFO,0.28,0,variant_4
7374,INSPECTION_1_3,INSPECTION_1_3_LINE,25955.89638872987,2.6315052975660365,8,3.561174641305115,74.01171561565207,10.47559436740994,43,25881.88467311422,25966.37198309728,experiment,FIFO,0.28,0,variant_4
7374,INSPECTION_1_3,INSPECTION_1_3_LINE,25956.34410792427,0.07911465064171352,9,0.4477191943988146,74.45943481005088,10.027875173011125,43,25881.88467311422,25966.37198309728,experiment,FIFO,0.28,0,variant_4
7374,INSPECTION_1_4,INSPECTION_1_4_LINE,25957.961967063053,1.0731449490922387,10,1.6178591387833876,76.07729394883427,8.410016034227738,44,25881.88467311422,25966.37198309728,experiment,FIFO,0.28,0,variant_4
7374,INSPECTION_1_5,INSPECTION_1_5_LINE,25965.67713370101,6.34177469340284,11,7.715166637957736,83.792460586792,0.6948493962700013,40,25881.88467311422,25966.37198309728,experiment,FIFO,0.28,0,variant_4
7374,INSPECTION_1_6,INSPECTION_1_6_LINE,25965.95938127851,0.2822475774992199,12,0.2822475774992199,84.07470816429122,0.4126018187707814,40,25881.88467311422,25966.37198309728,experiment,FIFO,0.28,0,variant_4
7374,INSPECTION_1_7,INSPECTION_1_7_LINE,25966.37198309728,0.4126018187707814,13,0.4126018187707814,84.487309983062,0.0,39,25881.88467311422,25966.37198309728,experiment,FIFO,0.28,0,variant_4
7375,MOULDING_4,MOULDING_MACHINE_4,25886.94187194436,9.898067757159879,1,0.0,0.0,81.38945150052677,54,25886.94187194436,25968.331323444887,experiment,FIFO,0.28,0,variant_6
7375,ASSEMBLY_1_5,LINE_5_ASSEMBLY1,25906.624329568946,19.682457624585368,2,19.682457624585368,19.682457624585368,61.70699387594141,46,25886.94187194436,25968.331323444887,experiment,FIFO,0.28,0,variant_6
7375,ASSEMBLY_2_2,ASSEMBLY2_LINE_2,25920.28713387817,13.662804309224157,3,13.662804309224157,33.345261933809525,48.04418956671725,46,25886.94187194436,25968.331323444887,experiment,FIFO,0.28,0,variant_6
7375,SORTING,SORTING_ROBOT_1,25954.91762283472,5.3219712699137744,4,34.630488956550835,67.97575089036036,13.413700610166416,43,25886.94187194436,25968.331323444887,experiment,FIFO,0.28,0,variant_6
7375,PACKAGING_3,PACKAGING_LINE_3,25957.875191076026,1.0881632664968492,5,2.9575682413051254,70.93331913166548,10.45613236886129,44,25886.94187194436,25968.331323444887,experiment,FIFO,0.28,0,variant_6
7375,INSPECTION_2_1,INSPECTION_2_1_LINE,25959.64169023634,1.766499160316016,6,1.766499160316016,72.6998182919815,8.689633208545274,44,25886.94187194436,25968.331323444887,experiment,FIFO,0.28,0,variant_6
7375,INSPECTION_2_2,INSPECTION_2_2_LINE,25959.91115641942,0.2694661830792029,7,0.2694661830792029,72.9692844750607,8.420167025466071,43,25886.94187194436,25968.331323444887,experiment,FIFO,0.28,0,variant_6
7375,INSPECTION_2_3,INSPECTION_2_3_LINE,25961.048877339104,1.1377209196834883,8,1.1377209196834883,74.10700539474419,7.282446105782583,41,25886.94187194436,25968.331323444887,experiment,FIFO,0.28,0,variant_6
7375,INSPECTION_2_4,INSPECTION_2_4_LINE,25965.484086869543,4.435209530438442,9,4.435209530438442,78.54221492518263,2.847236575344141,40,25886.94187194436,25968.331323444887,experiment,FIFO,0.28,0,variant_6
7375,INSPECTION_2_5,INSPECTION_2_5_LINE,25966.84079021359,1.356703344048583,10,1.356703344048583,79.89891826923122,1.490533231295558,38,25886.94187194436,25968.331323444887,experiment,FIFO,0.28,0,variant_6
7375,INSPECTION_2_6,INSPECTION_2_6_LINE,25968.114020342247,1.273230128655996,11,1.273230128655996,81.17214839788721,0.21730310263956198,38,25886.94187194436,25968.331323444887,experiment,FIFO,0.28,0,variant_6
7375,INSPECTION_2_7,INSPECTION_2_7_LINE,25968.331323444887,0.21730310263956198,12,0.21730310263956198,81.38945150052677,0.0,37,25886.94187194436,25968.331323444887,experiment,FIFO,0.28,0,variant_6
7376,MOULDING_5,MOULDING_MACHINE_5,25883.569186344343,3.817198063872638,1,0.0,0.0,190.52076651657626,52,25883.569186344343,26074.08995286092,experiment,FIFO,0.28,0,variant_1
7376,ASSEMBLY_1_2,LINE_2_ASSEMBLY1,25890.39989610368,6.830709759338788,2,6.830709759338788,6.830709759338788,183.69005675723747,52,25883.569186344343,26074.08995286092,experiment,FIFO,0.28,0,variant_1
7376,ASSEMBLY_2_1,ASSEMBLY2_LINE_1,26040.595209261097,4.675880284594314,3,150.1953131574155,157.0260229167543,33.49474359982196,38,25883.569186344343,26074.08995286092,experiment,FIFO,0.28,0,variant_1
7376,SORTING,SORTING_ROBOT_1,26063.17217222887,1.7761424335512856,4,22.576962967774307,179.6029858845286,10.917780632047652,38,25883.569186344343,26074.08995286092,experiment,FIFO,0.28,0,variant_1
7376,PACKAGING_3,PACKAGING_LINE_3,26068.8474663006,4.27071223709936,5,5.675294071730605,185.2782799562592,5.242486560317047,40,25883.569186344343,26074.08995286092,experiment,FIFO,0.28,0,variant_1
7376,INSPECTION_1_1,INSPECTION_1_1_LINE,26069.384594999818,0.5371286992158275,6,0.5371286992158275,185.81540865547504,4.70535786110122,40,25883.569186344343,26074.08995286092,experiment,FIFO,0.28,0,variant_1
7376,INSPECTION_1_2,INSPECTION_1_2_LINE,26069.63979698095,0.25520198113372317,7,0.25520198113372317,186.07061063660876,4.450155879967497,39,25883.569186344343,26074.08995286092,experiment,FIFO,0.28,0,variant_1
7376,INSPECTION_1_3,INSPECTION_1_3_LINE,26071.79613420713,2.156337226177129,8,2.156337226177129,188.2269478627859,2.2938186537903675,38,25883.569186344343,26074.08995286092,experiment,FIFO,0.28,0,variant_1
7376,INSPECTION_1_4,INSPECTION_1_4_LINE,26073.444684083814,1.6485498766851379,9,1.6485498766851379,189.87549773947103,0.6452687771052297,38,25883.569186344343,26074.08995286092,experiment,FIFO,0.28,0,variant_1
7376,INSPECTION_1_5,INSPECTION_1_5_LINE,26073.75802903089,0.3133449470769847,10,0.3133449470769847,190.188842686548,0.331923830028245,38,25883.569186344343,26074.08995286092,experiment,FIFO,0.28,0,variant_1
7376,INSPECTION_1_6,INSPECTION_1_6_LINE,26073.96560579253,0.20757676164066652,11,0.20757676164066652,190.39641944818868,0.12434706838757847,38,25883.569186344343,26074.08995286092,experiment,FIFO,0.28,0,variant_1
7376,INSPECTION_1_7,INSPECTION_1_7_LINE,26074.08995286092,0.12434706838757847,12,0.12434706838757847,190.52076651657626,0.0,37,25883.569186344343,26074.08995286092,experiment,FIFO,0.28,0,variant_1
7377,MOULDING_5,MOULDING_MACHINE_5,25886.920862974803,3.3516766304601333,1,0.0,0.0,183.31281384597605,53,25886.920862974803,26070.23367682078,experiment,FIFO,0.28,0,variant_1
7377,ASSEMBLY_1_4,LINE_4_ASSEMBLY1,25890.066100904005,3.145237929202267,2,3.145237929202267,3.145237929202267,180.16757591677379,52,25886.920862974803,26070.23367682078,experiment,FIFO,0.28,0,variant_1
7377,ASSEMBLY_2_1,ASSEMBLY2_LINE_1,26035.919328976503,17.323180067756766,3,145.8532280724976,148.99846600169985,34.3143478442762,38,25886.920862974803,26070.23367682078,experiment,FIFO,0.28,0,variant_1
7377,SORTING,SORTING_ROBOT_1,26056.551304098422,9.78819954847495,4,20.631975121919822,169.63044112361968,13.682372722356376,39,25886.920862974803,26070.23367682078,experiment,FIFO,0.28,0,variant_1
7377,PACKAGING_3,PACKAGING_LINE_3,26059.671613030125,3.1203089317023114,5,3.1203089317023114,172.750750055322,10.562063790654065,39,25886.920862974803,26070.23367682078,experiment,FIFO,0.28,0,variant_1
7377,INSPECTION_2_1,INSPECTION_2_1_LINE,26059.748516263982,0.07690323385759257,6,0.07690323385759257,172.82765328917958,10.485160556796473,39,25886.920862974803,26070.23367682078,experiment,FIFO,0.28,0,variant_1
7377,INSPECTION_2_2,INSPECTION_2_2_LINE,26061.15486820942,1.4063519454393827,7,1.4063519454393827,174.23400523461896,9.07880861135709,38,25886.920862974803,26070.23367682078,experiment,FIFO,0.28,0,variant_1
7377,INSPECTION_2_3,INSPECTION_2_3_LINE,26062.40663225504,1.2517640456171648,8,1.2517640456171648,175.48576928023613,7.827044565739925,38,25886.920862974803,26070.23367682078,experiment,FIFO,0.28,0,variant_1
7377,INSPECTION_2_4,INSPECTION_2_4_LINE,26062.91825718472,0.5116249296806927,9,0.5116249296806927,175.99739420991682,7.315419636059232,38,25886.920862974803,26070.23367682078,experiment,FIFO,0.28,0,variant_1
7377,INSPECTION_2_5,INSPECTION_2_5_LINE,26066.78756825997,2.6525350105839607,10,3.8693110752501525,179.86670528516697,3.44610856080908,40,25886.920862974803,26070.23367682078,experiment,FIFO,0.28,0,variant_1
7377,INSPECTION_2_6,INSPECTION_2_6_LINE,26067.6785087128,0.8909404528312734,11,0.8909404528312734,180.75764573799825,2.5551681079778064,40,25886.920862974803,26070.23367682078,experiment,FIFO,0.28,0,variant_1
7377,INSPECTION_2_7,INSPECTION_2_7_LINE,26070.23367682078,0.7780578168203647,12,2.5551681079778064,183.31281384597605,0.0,39,25886.920862974803,26070.23367682078,experiment,FIFO,0.28,0,variant_1
7378,MOULDING_2,MOULDING_MACHINE_2,25889.25309708124,5.518624669577548,1,0.0,0.0,85.05614894184691,53,25889.25309708124,25974.309246023087,experiment,FIFO,0.28,0,variant_4
7378,ASSEMBLY_1_1,LINE_1_ASSEMBLY1,25910.5188894374,9.424205045968847,2,21.26579235616009,21.26579235616009,63.79035658568682,45,25889.25309708124,25974.309246023087,experiment,FIFO,0.28,0,variant_4
7378,ASSEMBLY_2_2,ASSEMBLY2_LINE_2,25924.12250022341,3.8353663452398905,3,13.603610786009085,34.869403142169176,50.18674579967774,44,25889.25309708124,25974.309246023087,experiment,FIFO,0.28,0,variant_4
7378,SORTING,SORTING_ROBOT_1,25955.87539969916,0.9577768644412572,4,31.7528994757522,66.62230261792138,18.433846323925536,43,25889.25309708124,25974.309246023087,experiment,FIFO,0.28,0,variant_4
7378,PACKAGING_1,PACKAGING_LINE_1,25964.82805079814,0.5548884135132539,5,8.952651098978095,75.57495371689947,9.481195224947442,40,25889.25309708124,25974.309246023087,experiment,FIFO,0.28,0,variant_4
7378,INSPECTION_2_1,INSPECTION_2_1_LINE,25965.890877401485,1.0628266033454565,6,1.0628266033454565,76.63778032024493,8.418368621601985,40,25889.25309708124,25974.309246023087,experiment,FIFO,0.28,0,variant_4
7378,INSPECTION_2_2,INSPECTION_2_2_LINE,25966.06520916881,0.17433176732447464,7,0.17433176732447464,76.8121120875694,8.24403685427751,40,25889.25309708124,25974.309246023087,experiment,FIFO,0.28,0,variant_4
7378,INSPECTION_2_3,INSPECTION_2_3_LINE,25967.01601072837,0.9508015595602046,8,0.9508015595602046,77.76291364712961,7.293235294717306,38,25889.25309708124,25974.309246023087,experiment,FIFO,0.28,0,variant_4
7378,INSPECTION_2_4,INSPECTION_2_4_LINE,25969.559570592657,2.54355986428709,9,2.54355986428709,80.3064735114167,4.749675430430216,37,25889.25309708124,25974.309246023087,experiment,FIFO,0.28,0,variant_4
7378,INSPECTION_2_5,INSPECTION_2_5_LINE,25970.894038694725,1.3344681020680582,10,1.3344681020680582,81.64094161348476,3.4152073283621576,36,25889.25309708124,25974.309246023087,experiment,FIFO,0.28,0,variant_4
7378,INSPECTION_2_6,INSPECTION_2_6_LINE,25974.02910178532,3.1350630905944854,11,3.1350630905944854,84.77600470407924,0.28014423776767217,37,25889.25309708124,25974.309246023087,experiment,FIFO,0.28,0,variant_4
7378,INSPECTION_2_7,INSPECTION_2_7_LINE,25974.309246023087,0.28014423776767217,12,0.28014423776767217,85.05614894184691,0.0,36,25889.25309708124,25974.309246023087,experiment,FIFO,0.28,0,variant_4
7379,MOULDING_5,MOULDING_MACHINE_5,25898.708039503406,11.787176528603595,1,0.0,0.0,181.66206753592996,49,25898.708039503406,26080.370107039336,experiment,FIFO,0.28,0,variant_5
7379,ASSEMBLY_1_5,LINE_5_ASSEMBLY1,25907.89564646864,1.271316899696103,2,9.187606965235318,9.187606965235318,172.47446057069465,45,25898.708039503406,26080.370107039336,experiment,FIFO,0.28,0,variant_5
7379,ASSEMBLY_2_1,ASSEMBLY2_LINE_1,26047.963808236207,2.7434319650856196,3,140.06816176756547,149.2557687328008,32.406298803129175,37,25898.708039503406,26080.370107039336,experiment,FIFO,0.28,0,variant_5
7379,SORTING,SORTING_ROBOT_1,26073.62520910573,9.910102522408124,4,25.661400869521458,174.91716960232225,6.744897933607717,38,25898.708039503406,26080.370107039336,experiment,FIFO,0.28,0,variant_5
7379,PACKAGING_1,PACKAGING_LINE_1,26073.998753015025,0.37354390929613146,5,0.37354390929613146,175.29071351161838,6.371354024311586,38,25898.708039503406,26080.370107039336,experiment,FIFO,0.28,0,variant_5
7379,INSPECTION_2_1,INSPECTION_2_1_LINE,26074.4984608536,0.49970783857497736,6,0.49970783857497736,175.79042135019336,5.8716461857366085,37,25898.708039503406,26080.370107039336,experiment,FIFO,0.28,0,variant_5
7379,INSPECTION_2_2,INSPECTION_2_2_LINE,26074.935269206,0.436808352398657,7,0.436808352398657,176.227229702592,5.4348378333379515,37,25898.708039503406,26080.370107039336,experiment,FIFO,0.28,0,variant_5
7379,INSPECTION_2_3,INSPECTION_2_3_LINE,26076.69795726678,1.7626880607822386,8,1.7626880607822386,177.98991776337425,3.672149772555713,37,25898.708039503406,26080.370107039336,experiment,FIFO,0.28,0,variant_5
7379,INSPECTION_2_4,INSPECTION_2_4_LINE,26077.158411229564,0.4604539627835038,9,0.4604539627835038,178.45037172615775,3.211695809772209,37,25898.708039503406,26080.370107039336,experiment,FIFO,0.28,0,variant_5
7379,INSPECTION_2_5,INSPECTION_2_5_LINE,26077.339648954134,0.18123772456965526,10,0.18123772456965526,178.6316094507274,3.0304580852025538,37,25898.708039503406,26080.370107039336,experiment,FIFO,0.28,0,variant_5
7379,INSPECTION_2_6,INSPECTION_2_6_LINE,26080.244616225533,2.904967271399073,11,2.904967271399073,181.53657672212648,0.1254908138034807,38,25898.708039503406,26080.370107039336,experiment,FIFO,0.28,0,variant_5
7379,INSPECTION_2_7,INSPECTION_2_7_LINE,26080.370107039336,0.1254908138034807,12,0.1254908138034807,181.66206753592996,0.0,37,25898.708039503406,26080.370107039336,experiment,FIFO,0.28,0,variant_5
7380,MOULDING_3,MOULDING_MACHINE_3,25893.36968630425,0.21084257042093668,1,0.0,0.0,76.48098075049347,51,25893.36968630425,25969.850667054743,experiment,FIFO,0.28,0,variant_6
7380,ASSEMBLY_1_4,LINE_4_ASSEMBLY1,25896.75856424298,3.3888779387307295,2,3.3888779387307295,3.3888779387307295,73.09210281176274,49,25893.36968630425,25969.850667054743,experiment,FIFO,0.28,0,variant_6
7380,ASSEMBLY_2_2,ASSEMBLY2_LINE_2,25901.90219428348,5.143630040500284,3,5.143630040500284,8.532507979231013,67.94847277126246,47,25893.36968630425,25969.850667054743,experiment,FIFO,0.28,0,variant_6
7380,SORTING,SORTING_ROBOT_1,25932.523826513923,0.08065307808283251,4,30.62163223044263,39.15414020967364,37.32684054081983,43,25893.36968630425,25969.850667054743,experiment,FIFO,0.28,0,variant_6
7380,PACKAGING_1,PACKAGING_LINE_1,25964.273162384627,18.970542151837435,5,31.749335870703362,70.903476080377,5.577504670116468,40,25893.36968630425,25969.850667054743,experiment,FIFO,0.28,0,variant_6
7380,INSPECTION_1_1,INSPECTION_1_1_LINE,25964.925473655745,0.6523112711183785,6,0.6523112711183785,71.55578735149538,4.92519339899809,40,25893.36968630425,25969.850667054743,experiment,FIFO,0.28,0,variant_6
7380,INSPECTION_1_2,INSPECTION_1_2_LINE,25964.930798335023,0.005324679277691757,7,0.005324679277691757,71.56111203077307,4.919868719720398,40,25893.36968630425,25969.850667054743,experiment,FIFO,0.28,0,variant_6
7380,INSPECTION_1_3,INSPECTION_1_3_LINE,25966.21312409495,1.2823257599266071,8,1.2823257599266071,72.84343779069968,3.637542959793791,40,25893.36968630425,25969.850667054743,experiment,FIFO,0.28,0,variant_6
7380,INSPECTION_1_4,INSPECTION_1_4_LINE,25966.763542426124,0.5504183311750239,9,0.5504183311750239,73.3938561218747,3.087124628618767,39,25893.36968630425,25969.850667054743,experiment,FIFO,0.28,0,variant_6
7380,INSPECTION_1_5,INSPECTION_1_5_LINE,25966.781731904983,0.018189478858403163,10,0.018189478858403163,73.41204560073311,3.068935149760364,39,25893.36968630425,25969.850667054743,experiment,FIFO,0.28,0,variant_6
7380,INSPECTION_1_6,INSPECTION_1_6_LINE,25966.93695128995,0.155219384967495,11,0.155219384967495,73.5672649857006,2.913715764792869,38,25893.36968630425,25969.850667054743,experiment,FIFO,0.28,0,variant_6
7380,INSPECTION_1_7,INSPECTION_1_7_LINE,25969.850667054743,2.913715764792869,12,2.913715764792869,76.48098075049347,0.0,36,25893.36968630425,25969.850667054743,experiment,FIFO,0.28,0,variant_6
7381,MOULDING_5,MOULDING_MACHINE_5,25912.77375061202,14.065711108614778,1,0.0,0.0,209.9265432201064,47,25912.77375061202,26122.700293832127,experiment,FIFO,0.28,0,variant_2
7381,ASSEMBLY_1_1,LINE_1_ASSEMBLY1,25923.82471709447,6.8860955741401995,2,11.05096648244944,11.05096648244944,198.87557673765696,44,25912.77375061202,26122.700293832127,experiment,FIFO,0.28,0,variant_2
7381,ASSEMBLY_2_1,ASSEMBLY2_LINE_1,26066.157433141525,8.936135571268096,3,142.33271604705442,153.38368252950386,56.54286069060254,39,25912.77375061202,26122.700293832127,experiment,FIFO,0.28,0,variant_2
7381,SORTING,SORTING_ROBOT_1,26089.514227894822,1.4240089781415008,4,23.356794753297436,176.7404772828013,33.1860659373051,37,25912.77375061202,26122.700293832127,experiment,FIFO,0.28,0,variant_2
7381,PACKAGING_2,PACKAGING_LINE_2,26104.253378084693,0.4982951775928086,5,14.739150189870998,191.4796274726723,18.446915747434105,36,25912.77375061202,26122.700293832127,experiment,FIFO,0.28,0,variant_2
7381,INSPECTION_2_1,INSPECTION_2_1_LINE,26108.745844880366,2.827211086743773,6,4.492466795672954,195.97209426834524,13.954448951761151,37,25912.77375061202,26122.700293832127,experiment,FIFO,0.28,0,variant_2
7381,INSPECTION_2_2,INSPECTION_2_2_LINE,26113.48044846731,2.183310732107202,7,4.734603586945013,200.70669785529026,9.219845364816138,37,25912.77375061202,26122.700293832127,experiment,FIFO,0.28,0,variant_2
7381,INSPECTION_2_3,INSPECTION_2_3_LINE,26118.46242420122,0.3857936376007274,8,4.981975733910076,205.68867358920033,4.2378696309060615,38,25912.77375061202,26122.700293832127,experiment,FIFO,0.28,0,variant_2
7381,INSPECTION_2_4,INSPECTION_2_4_LINE,26120.006306678588,1.5438824773664237,9,1.5438824773664237,207.23255606656676,2.693987153539638,38,25912.77375061202,26122.700293832127,experiment,FIFO,0.28,0,variant_2
7381,INSPECTION_2_5,INSPECTION_2_5_LINE,26120.35684261549,0.3505359369009966,10,0.3505359369009966,207.58309200346775,2.343451216638641,38,25912.77375061202,26122.700293832127,experiment,FIFO,0.28,0,variant_2
7381,INSPECTION_2_6,INSPECTION_2_6_LINE,26121.4212463841,1.0644037686106458,11,1.0644037686106458,208.6474957720784,1.2790474480279954,38,25912.77375061202,26122.700293832127,experiment,FIFO,0.28,0,variant_2
7381,INSPECTION_2_6,INSPECTION_2_6_LINE,26122.4426489536,1.0214025695022428,12,1.0214025695022428,209.66889834158064,0.2576448785257526,37,25912.77375061202,26122.700293832127,experiment,FIFO,0.28,0,variant_2
7381,INSPECTION_2_7,INSPECTION_2_7_LINE,26122.700293832127,0.2576448785257526,13,0.2576448785257526,209.9265432201064,0.0,36,25912.77375061202,26122.700293832127,experiment,FIFO,0.28,0,variant_2
7382,MOULDING_2,MOULDING_MACHINE_2,25912.73150665074,10.697489882059017,1,0.0,0.0,180.29672444244352,46,25912.73150665074,26093.028231093183,experiment,FIFO,0.28,0,variant_3
7382,ASSEMBLY_1_3,LINE_3_ASSEMBLY1,25915.47409350649,2.742586855751142,2,2.742586855751142,2.742586855751142,177.55413758669238,47,25912.73150665074,26093.028231093183,experiment,FIFO,0.28,0,variant_3
7382,ASSEMBLY_2_1,ASSEMBLY2_LINE_1,26050.6183552646,2.654547028392699,3,135.14426175810877,137.8868486138599,42.40987582858361,38,25912.73150665074,26093.028231093183,experiment,FIFO,0.28,0,variant_3
7382,SORTING,SORTING_ROBOT_1,26075.32598652517,1.700777419442602,4,24.70763126057136,162.59447987443127,17.702244568012247,36,25912.73150665074,26093.028231093183,experiment,FIFO,0.28,0,variant_3
7382,PACKAGING_1,PACKAGING_LINE_1,26077.21280994297,1.8868234177971317,5,1.8868234177971317,164.4813032922284,15.815421150215116,37,25912.73150665074,26093.028231093183,experiment,FIFO,0.28,0,variant_3
7382,INSPECTION_1_1,INSPECTION_1_1_LINE,26080.75313158177,3.5403216388003784,6,3.5403216388003784,168.02162493102878,12.275099511414737,37,25912.73150665074,26093.028231093183,experiment,FIFO,0.28,0,variant_3
7382,INSPECTION_1_2,INSPECTION_1_2_LINE,26083.94774848612,3.194616904351278,7,3.194616904351278,171.21624183538006,9.080482607063459,36,25912.73150665074,26093.028231093183,experiment,FIFO,0.28,0,variant_3
7382,INSPECTION_1_3,INSPECTION_1_3_LINE,26085.481942747487,1.5341942613667925,8,1.5341942613667925,172.75043609674685,7.5462883456966665,36,25912.73150665074,26093.028231093183,experiment,FIFO,0.28,0,variant_3
7382,INSPECTION_1_4,INSPECTION_1_4_LINE,26087.31051107382,1.8285683263347892,9,1.8285683263347892,174.57900442308164,5.717720019361877,36,25912.73150665074,26093.028231093183,experiment,FIFO,0.28,0,variant_3
7382,INSPECTION_1_5,INSPECTION_1_5_LINE,26091.413932300267,4.103421226445789,10,4.103421226445789,178.68242564952743,1.6142987929160881,38,25912.73150665074,26093.028231093183,experiment,FIFO,0.28,0,variant_3
7382,INSPECTION_1_6,INSPECTION_1_6_LINE,26091.45483757369,0.04090527342123096,11,0.04090527342123096,178.72333092294866,1.5733935194948572,38,25912.73150665074,26093.028231093183,experiment,FIFO,0.28,0,variant_3
7382,INSPECTION_1_7,INSPECTION_1_7_LINE,26093.028231093183,1.5733935194948572,12,1.5733935194948572,180.29672444244352,0.0,38,25912.73150665074,26093.028231093183,experiment,FIFO,0.28,0,variant_3
7383,MOULDING_4,MOULDING_MACHINE_4,25910.22754396479,4.506852053691546,1,0.0,0.0,123.32794754755741,45,25910.22754396479,26033.555491512347,experiment,FIFO,0.28,0,variant_5
7383,ASSEMBLY_1_2,LINE_2_ASSEMBLY1,25910.82502616192,0.5974821971321944,2,0.5974821971321944,0.5974821971321944,122.73046535042522,45,25910.22754396479,26033.555491512347,experiment,FIFO,0.28,0,variant_5
7383,ASSEMBLY_2_2,ASSEMBLY2_LINE_2,25941.859698048447,17.737197825037583,3,31.034671886525757,31.63215408365795,91.69579346389946,41,25910.22754396479,26033.555491512347,experiment,FIFO,0.28,0,variant_5
7383,SORTING,SORTING_ROBOT_1,25981.57393788963,2.60153423338852,4,39.71423984118155,71.3463939248395,51.98155362271791,37,25910.22754396479,26033.555491512347,experiment,FIFO,0.28,0,variant_5
7383,SORTING,SORTING_ROBOT_1,26007.07606617207,0.8045475439066649,5,25.502128282441845,96.84852220728135,26.479425340276066,42,25910.22754396479,26033.555491512347,experiment,FIFO,0.28,0,variant_5
7383,PACKAGING_3,PACKAGING_LINE_3,26025.476467576795,4.220518494941643,6,18.400401404724107,115.24892361200546,8.079023935551959,41,25910.22754396479,26033.555491512347,experiment,FIFO,0.28,0,variant_5
7383,INSPECTION_1_1,INSPECTION_1_1_LINE,26028.371910451016,2.8954428742217715,7,2.8954428742217715,118.14436648622723,5.183581061330187,41,25910.22754396479,26033.555491512347,experiment,FIFO,0.28,0,variant_5
7383,INSPECTION_1_2,INSPECTION_1_2_LINE,26029.14802951057,0.776119059552002,8,0.776119059552002,118.92048554577923,4.407462001778185,40,25910.22754396479,26033.555491512347,experiment,FIFO,0.28,0,variant_5
7383,INSPECTION_1_3,INSPECTION_1_3_LINE,26031.11331437393,1.9652848633631947,9,1.9652848633631947,120.88577040914242,2.4421771384149906,39,25910.22754396479,26033.555491512347,experiment,FIFO,0.28,0,variant_5
7383,INSPECTION_1_4,INSPECTION_1_4_LINE,26031.65797996877,0.5446655948398984,10,0.5446655948398984,121.43043600398232,1.8975115435750922,39,25910.22754396479,26033.555491512347,experiment,FIFO,0.28,0,variant_5
7383,INSPECTION_1_5,INSPECTION_1_5_LINE,26032.28416286185,0.626182893080113,11,0.626182893080113,122.05661889706244,1.2713286504949792,39,25910.22754396479,26033.555491512347,experiment,FIFO,0.28,0,variant_5
7383,INSPECTION_1_6,INSPECTION_1_6_LINE,26033.11233002988,0.8281671680269937,12,0.8281671680269937,122.88478606508943,0.4431614824679855,37,25910.22754396479,26033.555491512347,experiment,FIFO,0.28,0,variant_5
7383,INSPECTION_1_7,INSPECTION_1_7_LINE,26033.555491512347,0.4431614824679855,13,0.4431614824679855,123.32794754755741,0.0,37,25910.22754396479,26033.555491512347,experiment,FIFO,0.28,0,variant_5
7384,MOULDING_1,MOULDING_MACHINE_1,25907.08216639603,0.61987125027008,1,0.0,0.0,199.80579506636423,47,25907.08216639603,26106.887961462395,experiment,FIFO,0.28,0,variant_4
7384,ASSEMBLY_1_1,LINE_1_ASSEMBLY1,25916.93862152033,6.4197320829298405,2,9.856455124299828,9.856455124299828,189.9493399420644,45,25907.08216639603,26106.887961462395,experiment,FIFO,0.28,0,variant_4
7384,ASSEMBLY_2_1,ASSEMBLY2_LINE_1,26057.221297570257,6.602942305657052,3,140.28267604992652,150.13913117422635,49.666663892137876,40,25907.08216639603,26106.887961462395,experiment,FIFO,0.28,0,variant_4
7384,SORTING,SORTING_ROBOT_1,26085.240275415457,1.3067564279299404,4,28.018977845200425,178.15810901942677,21.64768604693745,36,25907.08216639603,26106.887961462395,experiment,FIFO,0.28,0,variant_4
7384,PACKAGING_2,PACKAGING_LINE_2,26094.09337121717,4.889485059462459,5,8.853095801714517,187.0112048211413,12.794590245222935,39,25907.08216639603,26106.887961462395,experiment,FIFO,0.28,0,variant_4
7384,INSPECTION_2_1,INSPECTION_2_1_LINE,26096.17964444257,1.2792899794330879,6,2.0862732253990544,189.09747804654035,10.70831701982388,39,25907.08216639603,26106.887961462395,experiment,FIFO,0.28,0,variant_4
7384,INSPECTION_2_2,INSPECTION_2_2_LINE,26097.42718114101,1.2475366984399443,7,1.2475366984399443,190.3450147449803,9.460780321383936,38,25907.08216639603,26106.887961462395,experiment,FIFO,0.28,0,variant_4
7384,INSPECTION_2_3,INSPECTION_2_3_LINE,26098.118114987683,0.6909338466721238,8,0.6909338466721238,191.0359485916524,8.769846474711812,38,25907.08216639603,26106.887961462395,experiment,FIFO,0.28,0,variant_4
7384,INSPECTION_2_4,INSPECTION_2_4_LINE,26099.048585746696,0.9304707590126782,9,0.9304707590126782,191.9664193506651,7.839375715699134,39,25907.08216639603,26106.887961462395,experiment,FIFO,0.28,0,variant_4
7384,INSPECTION_2_5,INSPECTION_2_5_LINE,26101.37728320585,2.328697459153773,10,2.328697459153773,194.29511680981886,5.510678256545361,36,25907.08216639603,26106.887961462395,experiment,FIFO,0.28,0,variant_4
7384,INSPECTION_2_6,INSPECTION_2_6_LINE,26106.361862818107,4.984579612257221,11,4.984579612257221,199.27969642207609,0.5260986442881403,37,25907.08216639603,26106.887961462395,experiment,FIFO,0.28,0,variant_4
7384,INSPECTION_2_7,INSPECTION_2_7_LINE,26106.887961462395,0.5260986442881403,12,0.5260986442881403,199.80579506636423,0.0,36,25907.08216639603,26106.887961462395,experiment,FIFO,0.28,0,variant_4
7385,MOULDING_3,MOULDING_MACHINE_3,25919.22927929784,10.104391975120961,1,0.0,0.0,104.44547395871996,46,25919.22927929784,26023.67475325656,experiment,FIFO,0.28,0,variant_5
7385,ASSEMBLY_1_5,LINE_5_ASSEMBLY1,25927.31265046108,8.083371163240372,2,8.083371163240372,8.083371163240372,96.36210279547959,43,25919.22927929784,26023.67475325656,experiment,FIFO,0.28,0,variant_5
7385,ASSEMBLY_2_2,ASSEMBLY2_LINE_2,25953.331283671298,1.9911878857346892,3,26.01863321021665,34.10200437345702,70.34346958526294,43,25919.22927929784,26023.67475325656,experiment,FIFO,0.28,0,variant_5
7385,SORTING,SORTING_ROBOT_1,25991.46003530796,3.425265431396838,4,38.128751636661036,72.23075601011806,32.2147179486019,38,25919.22927929784,26023.67475325656,experiment,FIFO,0.28,0,variant_5
7385,PACKAGING_3,PACKAGING_LINE_3,26013.96775081808,11.586547615854215,5,22.50771551012076,94.73847152023882,9.70700243848114,41,25919.22927929784,26023.67475325656,experiment,FIFO,0.28,0,variant_5
7385,INSPECTION_1_1,INSPECTION_1_1_LINE,26016.22501625931,2.257265441232448,6,2.257265441232448,96.99573696147127,7.449736997248692,41,25919.22927929784,26023.67475325656,experiment,FIFO,0.28,0,variant_5
7385,INSPECTION_1_2,INSPECTION_1_2_LINE,26016.533713373923,0.30869711461127736,7,0.30869711461127736,97.30443407608254,7.141039882637415,41,25919.22927929784,26023.67475325656,experiment,FIFO,0.28,0,variant_5
7385,INSPECTION_1_3,INSPECTION_1_3_LINE,26017.23730517737,0.7035918034453061,8,0.7035918034453061,98.00802587952785,6.437448079192109,41,25919.22927929784,26023.67475325656,experiment,FIFO,0.28,0,variant_5
7385,INSPECTION_1_4,INSPECTION_1_4_LINE,26019.826175320974,2.5888701436051633,9,2.5888701436051633,100.59689602313301,3.8485779355869454,42,25919.22927929784,26023.67475325656,experiment,FIFO,0.28,0,variant_5
7385,INSPECTION_1_5,INSPECTION_1_5_LINE,26019.93573936092,0.10956403994714492,10,0.10956403994714492,100.70646006308016,3.7390138956398005,42,25919.22927929784,26023.67475325656,experiment,FIFO,0.28,0,variant_5
7385,INSPECTION_1_6,INSPECTION_1_6_LINE,26020.355191266823,0.41945190590195125,11,0.41945190590195125,101.12591196898211,3.319561989737849,42,25919.22927929784,26023.67475325656,experiment,FIFO,0.28,0,variant_5
7385,INSPECTION_1_7,INSPECTION_1_7_LINE,26023.67475325656,3.319561989737849,12,3.319561989737849,104.44547395871996,0.0,43,25919.22927929784,26023.67475325656,experiment,FIFO,0.28,0,variant_5
7386,MOULDING_3,MOULDING_MACHINE_3,25928.09934056456,8.870061266719858,1,0.0,0.0,104.2985391745242,43,25928.09934056456,26032.397879739085,experiment,FIFO,0.28,0,variant_4
7386,ASSEMBLY_1_4,LINE_4_ASSEMBLY1,25947.604691102457,19.505350537896447,2,19.505350537896447,19.505350537896447,84.79318863662775,43,25928.09934056456,26032.397879739085,experiment,FIFO,0.28,0,variant_4
7386,ASSEMBLY_2_2,ASSEMBLY2_LINE_2,25998.078589552864,5.780523256365996,3,50.47389845040743,69.97924898830388,34.319290186220314,40,25928.09934056456,26032.397879739085,experiment,FIFO,0.28,0,variant_4
7386,SORTING,SORTING_ROBOT_1,26016.392145477024,1.1926431284555292,4,18.313555924160028,88.29280491246391,16.005734262060287,41,25928.09934056456,26032.397879739085,experiment,FIFO,0.28,0,variant_4
7386,PACKAGING_2,PACKAGING_LINE_2,26021.42588912168,5.033743644657079,5,5.033743644657079,93.32654855712099,10.971990617403208,43,25928.09934056456,26032.397879739085,experiment,FIFO,0.28,0,variant_4
7386,INSPECTION_2_1,INSPECTION_2_1_LINE,26021.85072835677,0.4248392350891663,6,0.4248392350891663,93.75138779221015,10.547151382314041,43,25928.09934056456,26032.397879739085,experiment,FIFO,0.28,0,variant_4
7386,INSPECTION_2_2,INSPECTION_2_2_LINE,26023.05250028029,1.201771923519118,7,1.201771923519118,94.95315971572927,9.345379458794923,44,25928.09934056456,26032.397879739085,experiment,FIFO,0.28,0,variant_4
7386,INSPECTION_2_3,INSPECTION_2_3_LINE,26025.24741564073,2.1949153604400635,8,2.1949153604400635,97.14807507616933,7.15046409835486,41,25928.09934056456,26032.397879739085,experiment,FIFO,0.28,0,variant_4
7386,INSPECTION_2_4,INSPECTION_2_4_LINE,26025.27590078429,0.028485143560828874,9,0.028485143560828874,97.17656021973016,7.121978954794031,41,25928.09934056456,26032.397879739085,experiment,FIFO,0.28,0,variant_4
7386,INSPECTION_2_5,INSPECTION_2_5_LINE,26028.54571794164,2.0107677373016486,10,3.2698171573501895,100.44637737708035,3.8521617974438414,40,25928.09934056456,26032.397879739085,experiment,FIFO,0.28,0,variant_4
7386,INSPECTION_2_6,INSPECTION_2_6_LINE,26031.51971939742,2.22808373720909,11,2.9740014557792165,103.42037883285957,0.8781603416646249,39,25928.09934056456,26032.397879739085,experiment,FIFO,0.28,0,variant_4
7386,INSPECTION_2_7,INSPECTION_2_7_LINE,26032.397879739085,0.8781603416646249,12,0.8781603416646249,104.2985391745242,0.0,38,25928.09934056456,26032.397879739085,experiment,FIFO,0.28,0,variant_4
7387,MOULDING_4,MOULDING_MACHINE_4,25921.175891260944,0.4517324240296148,1,0.0,0.0,88.15318400169781,47,25921.175891260944,26009.32907526264,experiment,FIFO,0.28,0,variant_2
7387,ASSEMBLY_1_2,LINE_2_ASSEMBLY1,25934.35809303744,13.182201776497095,2,13.182201776497095,13.182201776497095,74.97098222520071,43,25921.175891260944,26009.32907526264,experiment,FIFO,0.28,0,variant_2
7387,ASSEMBLY_2_2,ASSEMBLY2_LINE_2,25955.55364874032,2.22236506902118,3,21.195555702877755,34.37775747937485,53.77542652232296,43,25921.175891260944,26009.32907526264,experiment,FIFO,0.28,0,variant_2
7387,SORTING,SORTING_ROBOT_1,25992.942947537635,1.2422427937162865,4,37.38929879731586,71.76705627669071,16.3861277250071,37,25921.175891260944,26009.32907526264,experiment,FIFO,0.28,0,variant_2
7387,PACKAGING_2,PACKAGING_LINE_2,25998.08743210576,5.1444845681253355,5,5.1444845681253355,76.91154084481605,11.241643156881764,40,25921.175891260944,26009.32907526264,experiment,FIFO,0.28,0,variant_2
7387,INSPECTION_1_1,INSPECTION_1_1_LINE,25998.218643275926,0.13121117016635253,6,0.13121117016635253,77.0427520149824,11.110431986715412,40,25921.175891260944,26009.32907526264,experiment,FIFO,0.28,0,variant_2
7387,INSPECTION_1_2,INSPECTION_1_2_LINE,25999.77644204396,1.5577987680335355,7,1.5577987680335355,78.60055078301593,9.552633218681876,40,25921.175891260944,26009.32907526264,experiment,FIFO,0.28,0,variant_2
7387,INSPECTION_1_3,INSPECTION_1_3_LINE,26000.22336253174,0.44692048777869786,8,0.44692048777869786,79.04747127079463,9.105712730903178,40,25921.175891260944,26009.32907526264,experiment,FIFO,0.28,0,variant_2
7387,INSPECTION_1_4,INSPECTION_1_4_LINE,26002.01837383509,1.7950113033512025,9,1.7950113033512025,80.84248257414583,7.310701427551976,40,25921.175891260944,26009.32907526264,experiment,FIFO,0.28,0,variant_2
7387,INSPECTION_1_5,INSPECTION_1_5_LINE,26007.129771217344,5.1113973822539265,10,5.1113973822539265,85.95387995639976,2.1993040452980495,42,25921.175891260944,26009.32907526264,experiment,FIFO,0.28,0,variant_2
7387,INSPECTION_1_6,INSPECTION_1_6_LINE,26008.1994526652,1.0696814478578744,11,1.0696814478578744,87.02356140425763,1.129622597440175,42,25921.175891260944,26009.32907526264,experiment,FIFO,0.28,0,variant_2
7387,INSPECTION_1_7,INSPECTION_1_7_LINE,26009.32907526264,1.129622597440175,12,1.129622597440175,88.15318400169781,0.0,41,25921.175891260944,26009.32907526264,experiment,FIFO,0.28,0,variant_2
7388,MOULDING_4,MOULDING_MACHINE_4,25937.30664761849,15.077308017633186,1,0.0,0.0,163.0779827669612,40,25937.30664761849,26100.38463038545,experiment,FIFO,0.28,0,variant_6
7388,ASSEMBLY_1_4,LINE_4_ASSEMBLY1,25956.968653696047,9.363962593590259,2,19.662006077556725,19.662006077556725,143.4159766894045,43,25937.30664761849,26100.38463038545,experiment,FIFO,0.28,0,variant_6
7388,ASSEMBLY_2_1,ASSEMBLY2_LINE_1,26068.909854697085,1.4205294304410927,3,111.94120100103828,131.603207078595,31.474775688366208,40,25937.30664761849,26100.38463038545,experiment,FIFO,0.28,0,variant_6
7388,SORTING,SORTING_ROBOT_1,26091.108940323185,0.8613424024260894,4,22.199085626099986,153.802292704695,9.275690062266222,38,25937.30664761849,26100.38463038545,experiment,FIFO,0.28,0,variant_6
7388,PACKAGING_3,PACKAGING_LINE_3,26093.38470164179,2.2757613186040544,5,2.2757613186040544,156.07805402329905,6.999928743662167,38,25937.30664761849,26100.38463038545,experiment,FIFO,0.28,0,variant_6
7388,INSPECTION_2_1,INSPECTION_2_1_LINE,26094.900354463138,1.5156528213483398,6,1.5156528213483398,157.5937068446474,5.484275922313827,39,25937.30664761849,26100.38463038545,experiment,FIFO,0.28,0,variant_6
7388,INSPECTION_2_2,INSPECTION_2_2_LINE,26095.74597064755,0.8456161844114831,7,0.8456161844114831,158.43932302905887,4.638659737902344,39,25937.30664761849,26100.38463038545,experiment,FIFO,0.28,0,variant_6
7388,INSPECTION_2_3,INSPECTION_2_3_LINE,26097.12966194323,1.383691295679455,8,1.383691295679455,159.82301432473832,3.2549684422228893,38,25937.30664761849,26100.38463038545,experiment,FIFO,0.28,0,variant_6
7388,INSPECTION_2_4,INSPECTION_2_4_LINE,26097.40830752973,0.27864558650253457,9,0.27864558650253457,160.10165991124086,2.9763228557203547,38,25937.30664761849,26100.38463038545,experiment,FIFO,0.28,0,variant_6
7388,INSPECTION_2_5,INSPECTION_2_5_LINE,26098.1927805774,0.7844730476681434,10,0.7844730476681434,160.886132958909,2.1918498080522113,38,25937.30664761849,26100.38463038545,experiment,FIFO,0.28,0,variant_6
7388,INSPECTION_2_6,INSPECTION_2_6_LINE,26099.905367104195,1.7125865267953486,11,1.7125865267953486,162.59871948570435,0.4792632812568627,37,25937.30664761849,26100.38463038545,experiment,FIFO,0.28,0,variant_6
7388,INSPECTION_2_7,INSPECTION_2_7_LINE,26100.38463038545,0.4792632812568627,12,0.4792632812568627,163.0779827669612,0.0,36,25937.30664761849,26100.38463038545,experiment,FIFO,0.28,0,variant_6
7389,MOULDING_2,MOULDING_MACHINE_2,25927.05285659561,4.662707881168899,1,0.0,0.0,92.33893558787531,43,25927.05285659561,26019.391792183484,experiment,FIFO,0.28,0,variant_3
7389,ASSEMBLY_1_4,LINE_4_ASSEMBLY1,25927.206401094187,0.15354449857841246,2,0.15354449857841246,0.15354449857841246,92.1853910892969,43,25927.05285659561,26019.391792183484,experiment,FIFO,0.28,0,variant_3
7389,ASSEMBLY_2_2,ASSEMBLY2_LINE_2,25951.340095785563,9.480397737115709,3,24.13369469137615,24.287239189954562,68.05169639792075,42,25927.05285659561,26019.391792183484,experiment,FIFO,0.28,0,variant_3
7389,SORTING,SORTING_ROBOT_1,25988.03476987656,1.0519517669199558,4,36.69467409099889,60.98191328095345,31.357022306921863,37,25927.05285659561,26019.391792183484,experiment,FIFO,0.28,0,variant_3
7389,PACKAGING_3,PACKAGING_LINE_3,26002.381203202225,14.346433325663384,5,14.346433325663384,75.32834660661683,17.01058898125848,40,25927.05285659561,26019.391792183484,experiment,FIFO,0.28,0,variant_3
7389,INSPECTION_2_1,INSPECTION_2_1_LINE,26004.38182311036,2.0006199081362865,6,2.0006199081362865,77.32896651475312,15.009969073122193,42,25927.05285659561,26019.391792183484,experiment,FIFO,0.28,0,variant_3
7389,INSPECTION_2_2,INSPECTION_2_2_LINE,26009.148390970706,3.0185442602814874,7,4.766567860344367,82.09553437509749,10.243401212777826,42,25927.05285659561,26019.391792183484,experiment,FIFO,0.28,0,variant_3
7389,INSPECTION_2_3,INSPECTION_2_3_LINE,26010.79701613034,1.648625159632502,8,1.648625159632502,83.74415953472999,8.594776053145324,41,25927.05285659561,26019.391792183484,experiment,FIFO,0.28,0,variant_3
7389,INSPECTION_2_4,INSPECTION_2_4_LINE,26010.88590992092,0.08889379058018676,9,0.08889379058018676,83.83305332531017,8.505882262565137,41,25927.05285659561,26019.391792183484,experiment,FIFO,0.28,0,variant_3
7389,INSPECTION_2_5,INSPECTION_2_5_LINE,26015.35488282976,3.547856000277534,10,4.468972908842261,88.30202623415244,4.036909353722876,41,25927.05285659561,26019.391792183484,experiment,FIFO,0.28,0,variant_3
7389,INSPECTION_2_6,INSPECTION_2_6_LINE,26018.67939335468,3.324510524918878,11,3.324510524918878,91.62653675907131,0.7123988288039982,42,25927.05285659561,26019.391792183484,experiment,FIFO,0.28,0,variant_3
7389,INSPECTION_2_7,INSPECTION_2_7_LINE,26019.391792183484,0.7123988288039982,12,0.7123988288039982,92.33893558787531,0.0,42,25927.05285659561,26019.391792183484,experiment,FIFO,0.28,0,variant_3
7390,MOULDING_1,MOULDING_MACHINE_1,25938.55696331934,15.131929613289685,1,0.0,0.0,87.93689076174633,39,25938.55696331934,26026.493854081087,experiment,FIFO,0.28,0,variant_6
7390,ASSEMBLY_1_3,LINE_3_ASSEMBLY1,25940.44432868984,1.8873653704977187,2,1.8873653704977187,1.8873653704977187,86.04952539124861,40,25938.55696331934,26026.493854081087,experiment,FIFO,0.28,0,variant_6
7390,ASSEMBLY_2_2,ASSEMBLY2_LINE_2,25979.807146038795,24.25349729847585,3,39.362817348956014,41.25018271945373,46.686708042292594,36,25938.55696331934,26026.493854081087,experiment,FIFO,0.28,0,variant_6
7390,SORTING,SORTING_ROBOT_1,26006.271518628164,2.1436006235417153,4,26.464372589369304,67.71455530882304,20.22233545292329,42,25938.55696331934,26026.493854081087,experiment,FIFO,0.28,0,variant_6
7390,PACKAGING_2,PACKAGING_LINE_2,26008.58748307504,2.3159644468760234,5,2.3159644468760234,70.03051975569906,17.906371006047266,42,25938.55696331934,26026.493854081087,experiment,FIFO,0.28,0,variant_6
7390,INSPECTION_2_1,INSPECTION_2_1_LINE,26009.17185833007,0.5843752550317731,6,0.5843752550317731,70.61489501073083,17.321995751015493,42,25938.55696331934,26026.493854081087,experiment,FIFO,0.28,0,variant_6
7390,INSPECTION_2_2,INSPECTION_2_2_LINE,26011.68532776564,0.17783349666933645,7,2.5134694355692773,73.12836444630011,14.808526315446215,41,25938.55696331934,26026.493854081087,experiment,FIFO,0.28,0,variant_6
7390,INSPECTION_2_3,INSPECTION_2_3_LINE,26013.1230579419,0.7364419817895396,8,1.437730176257901,74.56609462255801,13.370796139188315,41,25938.55696331934,26026.493854081087,experiment,FIFO,0.28,0,variant_6
7390,INSPECTION_2_3,INSPECTION_2_3_LINE,26017.60250037604,2.0400572590406227,9,4.479442434141674,79.04553705669969,8.89135370504664,41,25938.55696331934,26026.493854081087,experiment,FIFO,0.28,0,variant_6
7390,INSPECTION_2_4,INSPECTION_2_4_LINE,26021.67878741123,4.076287035190035,10,4.076287035190035,83.12182409188972,4.815066669856606,43,25938.55696331934,26026.493854081087,experiment,FIFO,0.28,0,variant_6
7390,INSPECTION_2_5,INSPECTION_2_5_LINE,26024.019061730665,2.340274319434684,11,2.340274319434684,85.4620984113244,2.4747923504219216,43,25938.55696331934,26026.493854081087,experiment,FIFO,0.28,0,variant_6
7390,INSPECTION_2_6,INSPECTION_2_6_LINE,26025.296554073604,1.2774923429387854,12,1.2774923429387854,86.73959075426319,1.1973000074831361,41,25938.55696331934,26026.493854081087,experiment,FIFO,0.28,0,variant_6
7390,INSPECTION_2_7,INSPECTION_2_7_LINE,26026.493854081087,1.1973000074831361,13,1.1973000074831361,87.93689076174633,0.0,41,25938.55696331934,26026.493854081087,experiment,FIFO,0.28,0,variant_6
7391,MOULDING_4,MOULDING_MACHINE_4,25941.770310670083,4.463663051592448,1,0.0,0.0,176.41670559705017,41,25941.770310670083,26118.187016267133,experiment,FIFO,0.28,0,variant_6
7391,ASSEMBLY_1_5,LINE_5_ASSEMBLY1,25947.48046332188,5.710152651798126,2,5.710152651798126,5.710152651798126,170.70655294525204,43,25941.770310670083,26118.187016267133,experiment,FIFO,0.28,0,variant_6
7391,ASSEMBLY_2_1,ASSEMBLY2_LINE_1,26067.489325266644,1.3318921251193387,3,120.00886194476334,125.71901459656146,50.6976910004887,40,25941.770310670083,26118.187016267133,experiment,FIFO,0.28,0,variant_6
7391,SORTING,SORTING_ROBOT_1,26090.24759792076,0.6815597956883721,4,22.75827265411499,148.47728725067645,27.939418346373714,37,25941.770310670083,26118.187016267133,experiment,FIFO,0.28,0,variant_6
7391,PACKAGING_2,PACKAGING_LINE_2,26104.60737693194,0.35399884724756703,5,14.359779011181672,162.83706626185813,13.579639335192041,36,25941.770310670083,26118.187016267133,experiment,FIFO,0.28,0,variant_6
7391,INSPECTION_1_1,INSPECTION_1_1_LINE,26105.12046942644,0.5130924945005972,6,0.5130924945005972,163.35015875635872,13.066546840691444,37,25941.770310670083,26118.187016267133,experiment,FIFO,0.28,0,variant_6
7391,INSPECTION_1_2,INSPECTION_1_2_LINE,26105.46251483053,0.34204540408973116,7,0.34204540408973116,163.69220416044845,12.724501436601713,37,25941.770310670083,26118.187016267133,experiment,FIFO,0.28,0,variant_6
7391,INSPECTION_1_3,INSPECTION_1_3_LINE,26109.09949781643,0.7217106919270009,8,3.6369829858995217,167.32918714634798,9.087518450702191,37,25941.770310670083,26118.187016267133,experiment,FIFO,0.28,0,variant_6
7391,INSPECTION_1_4,INSPECTION_1_4_LINE,26113.001385729043,3.9018879126124375,9,3.9018879126124375,171.2310750589604,5.185630538089754,37,25941.770310670083,26118.187016267133,experiment,FIFO,0.28,0,variant_6
7391,INSPECTION_1_5,INSPECTION_1_5_LINE,26113.16330514645,0.1619194174054428,10,0.1619194174054428,171.39299447636586,5.023711120684311,37,25941.770310670083,26118.187016267133,experiment,FIFO,0.28,0,variant_6
7391,INSPECTION_1_6,INSPECTION_1_6_LINE,26114.83097800108,1.1832270043632889,11,1.6676728546299273,173.06066733099578,3.3560382660543837,37,25941.770310670083,26118.187016267133,experiment,FIFO,0.28,0,variant_6
7391,INSPECTION_1_7,INSPECTION_1_7_LINE,26118.187016267133,0.18582760025310563,12,3.3560382660543837,176.41670559705017,0.0,38,25941.770310670083,26118.187016267133,experiment,FIFO,0.28,0,variant_6
7392,MOULDING_4,MOULDING_MACHINE_4,25945.5430488496,3.772738179515727,1,0.0,0.0,82.92394848072217,43,25945.5430488496,26028.46699733032,experiment,FIFO,0.28,0,variant_5
7392,ASSEMBLY_1_1,LINE_1_ASSEMBLY1,25946.623536811105,0.42720318301508087,2,1.080487961506151,1.080487961506151,81.84346051921602,43,25945.5430488496,26028.46699733032,experiment,FIFO,0.28,0,variant_5
7392,ASSEMBLY_2_2,ASSEMBLY2_LINE_2,25992.2980662965,5.512655186234042,3,45.67452948539358,46.75501744689973,36.168931033822446,37,25945.5430488496,26028.46699733032,experiment,FIFO,0.28,0,variant_5
7392,SORTING,SORTING_ROBOT_1,26015.19950234857,5.26796773186652,4,22.901436052070494,69.65645349897022,13.267494981751952,41,25945.5430488496,26028.46699733032,experiment,FIFO,0.28,0,variant_5
7392,PACKAGING_1,PACKAGING_LINE_1,26016.302635831948,1.1031334833787696,5,1.1031334833787696,70.75958698234899,12.164361498373182,41,25945.5430488496,26028.46699733032,experiment,FIFO,0.28,0,variant_5
7392,INSPECTION_1_1,INSPECTION_1_1_LINE,26020.1970841404,3.894448308452411,6,3.894448308452411,74.6540352908014,8.269913189920771,42,25945.5430488496,26028.46699733032,experiment,FIFO,0.28,0,variant_5
7392,INSPECTION_1_2,INSPECTION_1_2_LINE,26020.500247284417,0.30316314401716227,7,0.30316314401716227,74.95719843481857,7.966750045903609,42,25945.5430488496,26028.46699733032,experiment,FIFO,0.28,0,variant_5
7392,INSPECTION_1_3,INSPECTION_1_3_LINE,26022.5306515122,2.030404227782128,8,2.030404227782128,76.9876026626007,5.936345818121481,43,25945.5430488496,26028.46699733032,experiment,FIFO,0.28,0,variant_5
7392,INSPECTION_1_4,INSPECTION_1_4_LINE,26024.11321254898,1.582561036779225,9,1.582561036779225,78.57016369937992,4.353784781342256,43,25945.5430488496,26028.46699733032,experiment,FIFO,0.28,0,variant_5
7392,INSPECTION_1_5,INSPECTION_1_5_LINE,26026.20416779704,2.090955248062528,10,2.090955248062528,80.66111894744245,2.262829533279728,42,25945.5430488496,26028.46699733032,experiment,FIFO,0.28,0,variant_5
7392,INSPECTION_1_6,INSPECTION_1_6_LINE,26026.486533919466,0.2823661224247189,11,0.2823661224247189,80.94348506986717,1.980463410855009,42,25945.5430488496,26028.46699733032,experiment,FIFO,0.28,0,variant_5
7392,INSPECTION_1_7,INSPECTION_1_7_LINE,26028.46699733032,1.980463410855009,12,1.980463410855009,82.92394848072217,0.0,40,25945.5430488496,26028.46699733032,experiment,FIFO,0.28,0,variant_5
7393,MOULDING_5,MOULDING_MACHINE_5,25938.62657773005,0.48332624848990235,1,0.0,0.0,86.43501763121458,40,25938.62657773005,26025.061595361265,experiment,FIFO,0.28,0,variant_1
7393,ASSEMBLY_1_1,LINE_1_ASSEMBLY1,25946.19633362809,7.569755898039148,2,7.569755898039148,7.569755898039148,78.86526173317543,43,25938.62657773005,26025.061595361265,experiment,FIFO,0.28,0,variant_1
7393,ASSEMBLY_2_2,ASSEMBLY2_LINE_2,25986.785411110264,6.97826507146965,3,40.589077482174616,48.158833380213764,38.276184251000814,37,25938.62657773005,26025.061595361265,experiment,FIFO,0.28,0,variant_1
7393,SORTING,SORTING_ROBOT_1,26008.430006531988,1.3539403599170328,4,21.644595421723352,69.80342880193712,16.63158882927746,42,25938.62657773005,26025.061595361265,experiment,FIFO,0.28,0,variant_1
7393,PACKAGING_1,PACKAGING_LINE_1,26009.42336477099,0.9933582390040101,5,0.9933582390040101,70.79678704094113,15.638230590273452,41,25938.62657773005,26025.061595361265,experiment,FIFO,0.28,0,variant_1
7393,INSPECTION_2_1,INSPECTION_2_1_LINE,26011.45121467605,2.027849905058247,6,2.027849905058247,72.82463694599937,13.610380685215205,41,25938.62657773005,26025.061595361265,experiment,FIFO,0.28,0,variant_1
7393,INSPECTION_2_2,INSPECTION_2_2_LINE,26012.49021435457,0.804886588928639,7,1.0389996785197582,73.86363662451913,12.571381006695447,41,25938.62657773005,26025.061595361265,experiment,FIFO,0.28,0,variant_1
7393,INSPECTION_2_3,INSPECTION_2_3_LINE,26015.562443117,2.4393851751010516,8,3.0722287624303135,76.93586538694944,9.499152244265133,41,25938.62657773005,26025.061595361265,experiment,FIFO,0.28,0,variant_1
7393,INSPECTION_2_4,INSPECTION_2_4_LINE,26016.87421772575,1.3117746087518753,9,1.3117746087518753,78.24763999570132,8.187377635513258,41,25938.62657773005,26025.061595361265,experiment,FIFO,0.28,0,variant_1
7393,INSPECTION_2_5,INSPECTION_2_5_LINE,26018.98342021661,0.49248014929980855,10,2.1092024908575695,80.35684248655889,6.078175144655688,42,25938.62657773005,26025.061595361265,experiment,FIFO,0.28,0,variant_1
7393,INSPECTION_2_6,INSPECTION_2_6_LINE,26022.45173389868,1.0463696753286058,11,3.4683136820713116,83.8251561686302,2.6098614625843766,43,25938.62657773005,26025.061595361265,experiment,FIFO,0.28,0,variant_1
7393,INSPECTION_2_7,INSPECTION_2_7_LINE,26025.061595361265,0.05491683569198358,12,2.6098614625843766,86.43501763121458,0.0,41,25938.62657773005,26025.061595361265,experiment,FIFO,0.28,0,variant_1
7394,MOULDING_5,MOULDING_MACHINE_5,25945.301430387182,5.587820567227027,1,0.0,0.0,100.25293042929843,42,25945.301430387182,26045.55436081648,experiment,FIFO,0.28,0,variant_1
7394,ASSEMBLY_1_5,LINE_5_ASSEMBLY1,25952.595155200925,5.114691879043676,2,7.293724813742301,7.293724813742301,92.95920561555613,43,25945.301430387182,26045.55436081648,experiment,FIFO,0.28,0,variant_1
7394,ASSEMBLY_2_2,ASSEMBLY2_LINE_2,26008.99308713601,10.914497583144112,3,56.39793193508376,63.69165674882606,36.56127368047237,42,25945.301430387182,26045.55436081648,experiment,FIFO,0.28,0,variant_1
7394,SORTING,SORTING_ROBOT_1,26030.796292449493,6.231426987214945,4,21.803205313484796,85.49486206231086,14.758068366987573,39,25945.301430387182,26045.55436081648,experiment,FIFO,0.28,0,variant_1
7394,PACKAGING_1,PACKAGING_LINE_1,26032.8146725545,2.0183801050079637,5,2.0183801050079637,87.51324216731882,12.739688261979609,37,25945.301430387182,26045.55436081648,experiment,FIFO,0.28,0,variant_1
7394,INSPECTION_2_1,INSPECTION_2_1_LINE,26033.21976846584,0.40509591133741196,6,0.40509591133741196,87.91833807865623,12.334592350642197,37,25945.301430387182,26045.55436081648,experiment,FIFO,0.28,0,variant_1
7394,INSPECTION_2_2,INSPECTION_2_2_LINE,26034.497857208786,1.2780887429471477,7,1.2780887429471477,89.19642682160338,11.05650360769505,38,25945.301430387182,26045.55436081648,experiment,FIFO,0.28,0,variant_1
7394,INSPECTION_2_3,INSPECTION_2_3_LINE,26034.955531802578,0.457674593792035,8,0.457674593792035,89.65410141539542,10.598829013903014,38,25945.301430387182,26045.55436081648,experiment,FIFO,0.28,0,variant_1
7394,INSPECTION_2_4,INSPECTION_2_4_LINE,26035.786070443723,0.8305386411448126,9,0.8305386411448126,90.48464005654023,9.768290372758202,38,25945.301430387182,26045.55436081648,experiment,FIFO,0.28,0,variant_1
7394,INSPECTION_2_5,INSPECTION_2_5_LINE,26037.019301054715,0.262774144866853,10,1.233230610992905,91.71787066753313,8.535059761765297,39,25945.301430387182,26045.55436081648,experiment,FIFO,0.28,0,variant_1
7394,INSPECTION_2_6,INSPECTION_2_6_LINE,26040.390733919885,1.0347032184363343,11,3.3714328651694814,95.08930353270262,5.163626896595815,38,25945.301430387182,26045.55436081648,experiment,FIFO,0.28,0,variant_1
7394,INSPECTION_2_7,INSPECTION_2_7_LINE,26045.55436081648,4.682942742074374,12,5.163626896595815,100.25293042929843,0.0,37,25945.301430387182,26045.55436081648,experiment,FIFO,0.28,0,variant_1
7395,MOULDING_2,MOULDING_MACHINE_2,25948.903826147325,0.581141884184035,1,0.0,0.0,165.42001901458934,44,25948.903826147325,26114.323845161915,experiment,FIFO,0.28,0,variant_1
7395,ASSEMBLY_1_4,LINE_4_ASSEMBLY1,25959.45343035936,2.4847766633138235,2,10.549604212035774,10.549604212035774,154.87041480255357,44,25948.903826147325,26114.323845161915,experiment,FIFO,0.28,0,variant_1
7395,ASSEMBLY_2_1,ASSEMBLY2_LINE_1,26079.24360966722,10.333754970135487,3,119.79017930785994,130.33978351989572,35.080235494693625,38,25948.903826147325,26114.323845161915,experiment,FIFO,0.28,0,variant_1
7395,SORTING,SORTING_ROBOT_1,26096.201586427,5.092646103814332,4,16.95797675977883,147.29776027967455,18.122258734914794,39,25948.903826147325,26114.323845161915,experiment,FIFO,0.28,0,variant_1
7395,PACKAGING_1,PACKAGING_LINE_1,26100.903200228426,4.701613801425992,5,4.701613801425992,151.99937408110054,13.420644933488802,36,25948.903826147325,26114.323845161915,experiment,FIFO,0.28,0,variant_1
7395,INSPECTION_1_1,INSPECTION_1_1_LINE,26102.012514632886,1.109314404460747,6,1.109314404460747,153.1086884855613,12.311330529028055,36,25948.903826147325,26114.323845161915,experiment,FIFO,0.28,0,variant_1
7395,INSPECTION_1_2,INSPECTION_1_2_LINE,26102.73532800724,0.722813374351972,7,0.722813374351972,153.83150185991326,11.588517154676083,36,25948.903826147325,26114.323845161915,experiment,FIFO,0.28,0,variant_1
7395,INSPECTION_1_3,INSPECTION_1_3_LINE,26103.59789776387,0.8625697566312738,8,0.8625697566312738,154.69407161654453,10.72594739804481,36,25948.903826147325,26114.323845161915,experiment,FIFO,0.28,0,variant_1
7395,INSPECTION_1_4,INSPECTION_1_4_LINE,26104.36118546532,0.7632877014511905,9,0.7632877014511905,155.45735931799572,9.962659696593619,36,25948.903826147325,26114.323845161915,experiment,FIFO,0.28,0,variant_1
7395,INSPECTION_1_5,INSPECTION_1_5_LINE,26111.2063480351,6.84516256977804,10,6.84516256977804,162.30252188777376,3.1174971268155787,37,25948.903826147325,26114.323845161915,experiment,FIFO,0.28,0,variant_1
7395,INSPECTION_1_6,INSPECTION_1_6_LINE,26113.626443408863,2.4200953737636155,11,2.4200953737636155,164.72261726153738,0.6974017530519632,38,25948.903826147325,26114.323845161915,experiment,FIFO,0.28,0,variant_1
7395,INSPECTION_1_7,INSPECTION_1_7_LINE,26114.323845161915,0.6974017530519632,12,0.6974017530519632,165.42001901458934,0.0,37,25948.903826147325,26114.323845161915,experiment,FIFO,0.28,0,variant_1
7396,MOULDING_4,MOULDING_MACHINE_4,25951.91720812074,0.4034631317881576,1,0.0,0.0,117.5384108832186,43,25951.91720812074,26069.45561900396,experiment,FIFO,0.28,0,variant_6
7396,ASSEMBLY_1_5,LINE_5_ASSEMBLY1,25973.017890244664,20.42273504373952,2,21.100682123924344,21.100682123924344,96.43772875929426,37,25951.91720812074,26069.45561900396,experiment,FIFO,0.28,0,variant_6
7396,ASSEMBLY_2_2,ASSEMBLY2_LINE_2,26013.243163015264,3.7567531609456637,3,40.225272770599986,61.32595489452433,56.21245598869427,41,25951.91720812074,26069.45561900396,experiment,FIFO,0.28,0,variant_6
7396,SORTING,SORTING_ROBOT_1,26033.495234300903,1.2195991000335198,4,20.25207128563852,81.57802618016285,35.96038470305575,37,25951.91720812074,26069.45561900396,experiment,FIFO,0.28,0,variant_6
7396,SORTING,SORTING_ROBOT_1,26046.763104549947,3.5320859701605514,5,13.26787024904479,94.84589642920764,22.69251445401096,37,25951.91720812074,26069.45561900396,experiment,FIFO,0.28,0,variant_6
7396,PACKAGING_2,PACKAGING_LINE_2,26054.95523751244,8.192132962492906,6,8.192132962492906,103.03802939170055,14.500381491518056,38,25951.91720812074,26069.45561900396,experiment,FIFO,0.28,0,variant_6
7396,INSPECTION_2_1,INSPECTION_2_1_LINE,26056.181895450165,1.2266579377246671,7,1.2266579377246671,104.26468732942521,13.273723553793388,39,25951.91720812074,26069.45561900396,experiment,FIFO,0.28,0,variant_6
7396,INSPECTION_2_2,INSPECTION_2_2_LINE,26056.66395614495,0.4820606947832857,8,0.4820606947832857,104.7467480242085,12.791662859010103,39,25951.91720812074,26069.45561900396,experiment,FIFO,0.28,0,variant_6
7396,INSPECTION_2_3,INSPECTION_2_3_LINE,26056.84212666592,0.07588444461725885,9,0.1781705209723441,104.92491854518084,12.613492338037759,39,25951.91720812074,26069.45561900396,experiment,FIFO,0.28,0,variant_6
7396,INSPECTION_2_4,INSPECTION_2_4_LINE,26058.78207511481,0.7708773861777445,10,1.9399484488894814,106.86486699407033,10.673543889148277,40,25951.91720812074,26069.45561900396,experiment,FIFO,0.28,0,variant_6
7396,INSPECTION_2_5,INSPECTION_2_5_LINE,26064.135033249386,5.352958134575601,11,5.352958134575601,112.21782512864593,5.320585754572676,38,25951.91720812074,26069.45561900396,experiment,FIFO,0.28,0,variant_6
7396,INSPECTION_2_6,INSPECTION_2_6_LINE,26065.785926256765,1.6508930073796364,12,1.6508930073796364,113.86871813602556,3.6696927471930394,39,25951.91720812074,26069.45561900396,experiment,FIFO,0.28,0,variant_6
7396,INSPECTION_2_7,INSPECTION_2_7_LINE,26069.45561900396,3.6696927471930394,13,3.6696927471930394,117.5384108832186,0.0,39,25951.91720812074,26069.45561900396,experiment,FIFO,0.28,0,variant_6
7397,MOULDING_4,MOULDING_MACHINE_4,25957.779828676747,0.21185481745487778,1,0.0,0.0,87.56925029089325,44,25957.779828676747,26045.34907896764,experiment,FIFO,0.28,0,variant_5
7397,ASSEMBLY_1_1,LINE_1_ASSEMBLY1,25966.388622406663,8.608793729916215,2,8.608793729916215,8.608793729916215,78.96045656097704,39,25957.779828676747,26045.34907896764,experiment,FIFO,0.28,0,variant_5
7397,ASSEMBLY_2_2,ASSEMBLY2_LINE_2,26009.48640985432,0.49332271831008256,3,43.09778744765572,51.706581177571934,35.86266911332132,41,25957.779828676747,26045.34907896764,experiment,FIFO,0.28,0,variant_5
7397,SORTING,SORTING_ROBOT_1,26032.27563520087,1.4793427513759525,4,22.789225346550666,74.4958065241226,13.073443766770652,39,25957.779828676747,26045.34907896764,experiment,FIFO,0.28,0,variant_5
7397,PACKAGING_3,PACKAGING_LINE_3,26034.66797136799,2.3923361671222665,5,2.3923361671222665,76.88814269124487,10.681107599648385,38,25957.779828676747,26045.34907896764,experiment,FIFO,0.28,0,variant_5
7397,INSPECTION_1_1,INSPECTION_1_1_LINE,26035.248617077443,0.5806457094513462,6,0.5806457094513462,77.46878840069621,10.100461890197039,38,25957.779828676747,26045.34907896764,experiment,FIFO,0.28,0,variant_5
7397,INSPECTION_1_2,INSPECTION_1_2_LINE,26037.826460773736,2.577843696293712,7,2.577843696293712,80.04663209698992,7.522618193903327,38,25957.779828676747,26045.34907896764,experiment,FIFO,0.28,0,variant_5
7397,INSPECTION_1_3,INSPECTION_1_3_LINE,26038.30722992155,0.4807691478126799,8,0.4807691478126799,80.5274012448026,7.041849046090647,38,25957.779828676747,26045.34907896764,experiment,FIFO,0.28,0,variant_5
7397,INSPECTION_1_4,INSPECTION_1_4_LINE,26041.93098384442,3.6237539228714013,9,3.6237539228714013,84.151155167674,3.4180951232192456,38,25957.779828676747,26045.34907896764,experiment,FIFO,0.28,0,variant_5
7397,INSPECTION_1_5,INSPECTION_1_5_LINE,26042.54867556034,0.6176917159209552,10,0.6176917159209552,84.76884688359496,2.8004034072982904,39,25957.779828676747,26045.34907896764,experiment,FIFO,0.28,0,variant_5
7397,INSPECTION_1_6,INSPECTION_1_6_LINE,26044.44602396864,1.8973484082998766,11,1.8973484082998766,86.66619529189484,0.9030549989984138,39,25957.779828676747,26045.34907896764,experiment,FIFO,0.28,0,variant_5
7397,INSPECTION_1_7,INSPECTION_1_7_LINE,26045.34907896764,0.9030549989984138,12,0.9030549989984138,87.56925029089325,0.0,38,25957.779828676747,26045.34907896764,experiment,FIFO,0.28,0,variant_5
7398,MOULDING_3,MOULDING_MACHINE_3,25962.082028181885,2.959226212777139,1,0.0,0.0,113.23389320806382,41,25962.082028181885,26075.31592138995,experiment,FIFO,0.28,0,variant_6
7398,ASSEMBLY_1_1,LINE_1_ASSEMBLY1,25982.1250683557,15.73644594903817,2,20.043040173815825,20.043040173815825,93.190853034248,37,25962.082028181885,26075.31592138995,experiment,FIFO,0.28,0,variant_6
7398,ASSEMBLY_2_2,ASSEMBLY2_LINE_2,26038.54065168241,8.082241860047361,3,56.415583326710475,76.4586235005263,36.77526970753752,38,25962.082028181885,26075.31592138995,experiment,FIFO,0.28,0,variant_6
7398,SORTING,SORTING_ROBOT_1,26058.04663827209,1.4953341736691073,4,19.505986589680106,95.9646100902064,17.269283117857412,40,25962.082028181885,26075.31592138995,experiment,FIFO,0.28,0,variant_6
7398,PACKAGING_3,PACKAGING_LINE_3,26064.576754063502,4.905141033377731,5,6.530115791410935,102.49472588161734,10.739167326446477,38,25962.082028181885,26075.31592138995,experiment,FIFO,0.28,0,variant_6
7398,INSPECTION_2_1,INSPECTION_2_1_LINE,26065.11778440427,0.5410303407661559,6,0.5410303407661559,103.0357562223835,10.198136985680321,38,25962.082028181885,26075.31592138995,experiment,FIFO,0.28,0,variant_6
7398,INSPECTION_2_2,INSPECTION_2_2_LINE,26066.379524676428,1.2617402721589315,7,1.2617402721589315,104.29749649454243,8.93639671352139,39,25962.082028181885,26075.31592138995,experiment,FIFO,0.28,0,variant_6
7398,INSPECTION_2_3,INSPECTION_2_3_LINE,26068.05959355233,1.680068875903089,8,1.680068875903089,105.97756537044552,7.256327837618301,40,25962.082028181885,26075.31592138995,experiment,FIFO,0.28,0,variant_6
7398,INSPECTION_2_4,INSPECTION_2_4_LINE,26071.894911013227,3.8353174608964764,9,3.8353174608964764,109.812882831342,3.4210103767218243,38,25962.082028181885,26075.31592138995,experiment,FIFO,0.28,0,variant_6
7398,INSPECTION_2_5,INSPECTION_2_5_LINE,26072.939861950254,1.0449509370264423,10,1.0449509370264423,110.85783376836844,2.376059439695382,38,25962.082028181885,26075.31592138995,experiment,FIFO,0.28,0,variant_6
7398,INSPECTION_2_6,INSPECTION_2_6_LINE,26075.29641412031,2.3565521700547833,11,2.3565521700547833,113.21438593842322,0.01950726964059868,37,25962.082028181885,26075.31592138995,experiment,FIFO,0.28,0,variant_6
7398,INSPECTION_2_7,INSPECTION_2_7_LINE,26075.31592138995,0.01950726964059868,12,0.01950726964059868,113.23389320806382,0.0,36,25962.082028181885,26075.31592138995,experiment,FIFO,0.28,0,variant_6
7399,MOULDING_3,MOULDING_MACHINE_3,25972.066931778907,9.984903597021912,1,0.0,0.0,80.7321662153845,37,25972.066931778907,26052.79909799429,experiment,FIFO,0.28,0,variant_4
7399,MOULDING_3,MOULDING_MACHINE_3,25973.96226665424,1.895334875331173,2,1.895334875331173,1.895334875331173,78.83683134005332,37,25972.066931778907,26052.79909799429,experiment,FIFO,0.28,0,variant_4
7399,ASSEMBLY_1_3,LINE_3_ASSEMBLY1,25974.86538249289,0.9031158386533207,3,0.9031158386533207,2.7984507139844936,77.9337155014,35,25972.066931778907,26052.79909799429,experiment,FIFO,0.28,0,variant_4
7399,ASSEMBLY_2_2,ASSEMBLY2_LINE_2,26022.44351381475,9.200350799485022,4,47.578131321857654,50.37658203584215,30.355584179542348,43,25972.066931778907,26052.79909799429,experiment,FIFO,0.28,0,variant_4
7399,SORTING,SORTING_ROBOT_1,26039.4451922247,0.12290977007796755,5,17.001678409949818,67.37826044579197,13.35390576959253,38,25972.066931778907,26052.79909799429,experiment,FIFO,0.28,0,variant_4
7399,PACKAGING_1,PACKAGING_LINE_1,26042.16000101012,2.714808785422065,6,2.714808785422065,70.09306923121403,10.639096984170465,38,25972.066931778907,26052.79909799429,experiment,FIFO,0.28,0,variant_4
7399,INSPECTION_1_1,INSPECTION_1_1_LINE,26043.59259078181,1.4325897716880718,7,1.4325897716880718,71.5256590029021,9.206507212482393,39,25972.066931778907,26052.79909799429,experiment,FIFO,0.28,0,variant_4
7399,INSPECTION_1_2,INSPECTION_1_2_LINE,26048.11090229446,4.518311512649234,8,4.518311512649234,76.04397051555134,4.688195699833159,37,25972.066931778907,26052.79909799429,experiment,FIFO,0.28,0,variant_4
7399,INSPECTION_1_3,INSPECTION_1_3_LINE,26050.26553361598,2.1546313215221744,9,2.1546313215221744,78.19860183707351,2.5335643783109845,38,25972.066931778907,26052.79909799429,experiment,FIFO,0.28,0,variant_4
7399,INSPECTION_1_4,INSPECTION_1_4_LINE,26051.294524389134,1.0289907731530548,10,1.0289907731530548,79.22759261022657,1.5045736051579297,38,25972.066931778907,26052.79909799429,experiment,FIFO,0.28,0,variant_4
7399,INSPECTION_1_5,INSPECTION_1_5_LINE,26051.569451676536,0.2749272874025337,11,0.2749272874025337,79.5025198976291,1.229646317755396,38,25972.066931778907,26052.79909799429,experiment,FIFO,0.28,0,variant_4
7399,INSPECTION_1_6,INSPECTION_1_6_LINE,26052.559054769623,0.989603093086771,12,0.989603093086771,80.49212299071587,0.24004322466862504,38,25972.066931778907,26052.79909799429,experiment,FIFO,0.28,0,variant_4
7399,INSPECTION_1_7,INSPECTION_1_7_LINE,26052.79909799429,0.24004322466862504,13,0.24004322466862504,80.7321662153845,0.0,37,25972.066931778907,26052.79909799429,experiment,FIFO,0.28,0,variant_4
7400,MOULDING_5,MOULDING_MACHINE_5,25978.30142589837,14.672450246191147,1,0.0,0.0,81.58451262542803,36,25978.30142589837,26059.8859385238,experiment,FIFO,0.28,0,variant_3
7400,ASSEMBLY_1_4,LINE_4_ASSEMBLY1,25981.905442857405,3.6040169590341975,2,3.6040169590341975,3.6040169590341975,77.98049566639384,37,25978.30142589837,26059.8859385238,experiment,FIFO,0.28,0,variant_3
7400,ASSEMBLY_2_2,ASSEMBLY2_LINE_2,26030.458409822364,8.01489600761488,3,48.552966964958614,52.15698392399281,29.42752870143522,38,25978.30142589837,26059.8859385238,experiment,FIFO,0.28,0,variant_3
7400,SORTING,SORTING_ROBOT_1,26043.231018579787,3.78582635508792,4,12.772608757422859,64.92959268141567,16.654919944012363,39,25978.30142589837,26059.8859385238,experiment,FIFO,0.28,0,variant_3
7400,PACKAGING_3,PACKAGING_LINE_3,26049.748098670803,2.962104543519672,5,6.517080091016396,71.44667277243207,10.137839852995967,38,25978.30142589837,26059.8859385238,experiment,FIFO,0.28,0,variant_3
7400,INSPECTION_1_1,INSPECTION_1_1_LINE,26050.545099763043,0.7970010922399524,6,0.7970010922399524,72.24367386467202,9.340838760756014,38,25978.30142589837,26059.8859385238,experiment,FIFO,0.28,0,variant_3
7400,INSPECTION_1_2,INSPECTION_1_2_LINE,26052.386907327244,1.8418075642002805,7,1.8418075642002805,74.0854814288723,7.499031196555734,38,25978.30142589837,26059.8859385238,experiment,FIFO,0.28,0,variant_3
7400,INSPECTION_1_3,INSPECTION_1_3_LINE,26053.8747483296,1.487841002355708,8,1.487841002355708,75.57332243122801,6.011190194200026,38,25978.30142589837,26059.8859385238,experiment,FIFO,0.28,0,variant_3
7400,INSPECTION_1_4,INSPECTION_1_4_LINE,26054.49096891986,0.6162205902619462,9,0.6162205902619462,76.18954302148995,5.39496960393808,38,25978.30142589837,26059.8859385238,experiment,FIFO,0.28,0,variant_3
7400,INSPECTION_1_5,INSPECTION_1_5_LINE,26057.73861943052,3.2476505106606055,10,3.2476505106606055,79.43719353215056,2.147319093277474,40,25978.30142589837,26059.8859385238,experiment,FIFO,0.28,0,variant_3
7400,INSPECTION_1_6,INSPECTION_1_6_LINE,26058.468762839868,0.7301434093460557,11,0.7301434093460557,80.16733694149661,1.4171756839314185,40,25978.30142589837,26059.8859385238,experiment,FIFO,0.28,0,variant_3
7400,INSPECTION_1_7,INSPECTION_1_7_LINE,26059.8859385238,1.4171756839314185,12,1.4171756839314185,81.58451262542803,0.0,38,25978.30142589837,26059.8859385238,experiment,FIFO,0.28,0,variant_3
7401,MOULDING_1,MOULDING_MACHINE_1,25981.3237339851,5.57211489432666,1,0.0,0.0,89.8154849576822,37,25981.3237339851,26071.139218942782,experiment,FIFO,0.28,0,variant_4
7401,ASSEMBLY_1_5,LINE_5_ASSEMBLY1,25985.8172436208,4.49350963570032,2,4.49350963570032,4.49350963570032,85.32197532198188,37,25981.3237339851,26071.139218942782,experiment,FIFO,0.28,0,variant_4
7401,ASSEMBLY_2_2,ASSEMBLY2_LINE_2,26039.42325085689,0.8825991744779458,3,53.60600723608877,58.09951687178909,31.71596808589311,38,25981.3237339851,26071.139218942782,experiment,FIFO,0.28,0,variant_4
7401,SORTING,SORTING_ROBOT_1,26061.39602979532,3.3493915232284053,4,21.972778938430565,80.07229581021966,9.743189147462544,38,25981.3237339851,26071.139218942782,experiment,FIFO,0.28,0,variant_4
7401,PACKAGING_2,PACKAGING_LINE_2,26061.459235754148,0.06320595882789348,5,0.06320595882789348,80.13550176904755,9.679983188634651,38,25981.3237339851,26071.139218942782,experiment,FIFO,0.28,0,variant_4
7401,INSPECTION_2_1,INSPECTION_2_1_LINE,26061.504798088503,0.04556233435505419,6,0.04556233435505419,80.1810641034026,9.634420854279597,38,25981.3237339851,26071.139218942782,experiment,FIFO,0.28,0,variant_4
7401,INSPECTION_2_2,INSPECTION_2_2_LINE,26062.24300769905,0.7382096105466189,7,0.7382096105466189,80.91927371394922,8.896211243732978,38,25981.3237339851,26071.139218942782,experiment,FIFO,0.28,0,variant_4
7401,INSPECTION_2_3,INSPECTION_2_3_LINE,26063.514141993845,1.1075097388056747,8,1.271134294795047,82.19040800874427,7.625076948937931,38,25981.3237339851,26071.139218942782,experiment,FIFO,0.28,0,variant_4
7401,INSPECTION_2_4,INSPECTION_2_4_LINE,26063.75186595131,0.23772395746709662,9,0.23772395746709662,82.42813196621137,7.387352991470834,38,25981.3237339851,26071.139218942782,experiment,FIFO,0.28,0,variant_4
7401,INSPECTION_2_5,INSPECTION_2_5_LINE,26069.56261869052,2.775050430551346,10,5.81075273920942,88.23888470542079,1.5766002522614144,39,25981.3237339851,26071.139218942782,experiment,FIFO,0.28,0,variant_4
7401,INSPECTION_2_6,INSPECTION_2_6_LINE,26071.03895321885,1.4763345283281524,11,1.4763345283281524,89.71521923374894,0.10026572393326205,39,25981.3237339851,26071.139218942782,experiment,FIFO,0.28,0,variant_4
7401,INSPECTION_2_7,INSPECTION_2_7_LINE,26071.139218942782,0.10026572393326205,12,0.10026572393326205,89.8154849576822,0.0,38,25981.3237339851,26071.139218942782,experiment,FIFO,0.28,0,variant_4
7402,MOULDING_4,MOULDING_MACHINE_4,25994.14930723188,10.328580236240668,1,0.0,0.0,127.94788119227087,38,25994.14930723188,26122.09718842415,experiment,FIFO,0.28,0,variant_6
7402,ASSEMBLY_1_3,LINE_3_ASSEMBLY1,26003.960860849384,9.811553617502796,2,9.811553617502796,9.811553617502796,118.13632757476807,41,25994.14930723188,26122.09718842415,experiment,FIFO,0.28,0,variant_6
7402,ASSEMBLY_2_1,ASSEMBLY2_LINE_1,26085.01379629812,5.770186630899843,3,81.05293544873712,90.86448906623991,37.08339212603096,36,25994.14930723188,26122.09718842415,experiment,FIFO,0.28,0,variant_6
7402,SORTING,SORTING_ROBOT_1,26100.889259919823,0.9956402949574112,4,15.875463621701783,106.7399526879417,21.207928504329175,36,25994.14930723188,26122.09718842415,experiment,FIFO,0.28,0,variant_6
7402,PACKAGING_1,PACKAGING_LINE_1,26103.49247065863,2.241285765408975,5,2.603210738809139,109.34316342675083,18.604717765520036,36,25994.14930723188,26122.09718842415,experiment,FIFO,0.28,0,variant_6
7402,INSPECTION_2_1,INSPECTION_2_1_LINE,26105.918633793623,1.6727803352987394,6,2.4261631349909294,111.76932656174176,16.178554630529106,37,25994.14930723188,26122.09718842415,experiment,FIFO,0.28,0,variant_6
7402,INSPECTION_2_2,INSPECTION_2_2_LINE,26111.297137735204,5.3785039415815845,7,5.3785039415815845,117.14783050332335,10.800050688947522,37,25994.14930723188,26122.09718842415,experiment,FIFO,0.28,0,variant_6
7402,INSPECTION_2_3,INSPECTION_2_3_LINE,26118.07663056362,6.779492828416551,8,6.779492828416551,123.9273233317399,4.020557860530971,39,25994.14930723188,26122.09718842415,experiment,FIFO,0.28,0,variant_6
7402,INSPECTION_2_4,INSPECTION_2_4_LINE,26118.30295019982,0.2263196362000599,9,0.2263196362000599,124.15364296793996,3.794238224330911,38,25994.14930723188,26122.09718842415,experiment,FIFO,0.28,0,variant_6
7402,INSPECTION_2_5,INSPECTION_2_5_LINE,26118.638751615163,0.33580141534184804,10,0.33580141534184804,124.4894443832818,3.458436808989063,38,25994.14930723188,26122.09718842415,experiment,FIFO,0.28,0,variant_6
7402,INSPECTION_2_6,INSPECTION_2_6_LINE,26119.77485581845,1.1361042032876867,11,1.1361042032876867,125.6255485865695,2.3223326057013765,38,25994.14930723188,26122.09718842415,experiment,FIFO,0.28,0,variant_6
7402,INSPECTION_2_7,INSPECTION_2_7_LINE,26122.09718842415,2.3223326057013765,12,2.3223326057013765,127.94788119227087,0.0,37,25994.14930723188,26122.09718842415,experiment,FIFO,0.28,0,variant_6
7403,MOULDING_3,MOULDING_MACHINE_3,25990.734751165382,5.909813283731637,1,0.0,0.0,147.64458760648267,38,25990.734751165382,26138.379338771865,experiment,FIFO,0.28,0,variant_6
7403,ASSEMBLY_1_5,LINE_5_ASSEMBLY1,26008.03919932847,17.304448163085908,2,17.304448163085908,17.304448163085908,130.34013944339677,42,25990.734751165382,26138.379338771865,experiment,FIFO,0.28,0,variant_6
7403,ASSEMBLY_2_1,ASSEMBLY2_LINE_1,26087.871226990315,2.8574306921946118,3,79.83202766184695,97.13647582493286,50.508111781549815,36,25990.734751165382,26138.379338771865,experiment,FIFO,0.28,0,variant_6
7403,SORTING,SORTING_ROBOT_1,26118.749035233388,13.414183449112898,4,30.87780824307265,128.0142840680055,19.630303538477165,38,25990.734751165382,26138.379338771865,experiment,FIFO,0.28,0,variant_6
7403,PACKAGING_1,PACKAGING_LINE_1,26124.77281871098,6.023783477590769,5,6.023783477590769,134.03806754559628,13.606520060886396,34,25990.734751165382,26138.379338771865,experiment,FIFO,0.28,0,variant_6
7403,INSPECTION_2_1,INSPECTION_2_1_LINE,26127.48447583544,2.711657124462363,6,2.711657124462363,136.74972467005864,10.894862936424033,33,25990.734751165382,26138.379338771865,experiment,FIFO,0.28,0,variant_6
7403,INSPECTION_2_2,INSPECTION_2_2_LINE,26130.60696355579,3.1224877203494543,7,3.1224877203494543,139.8722123904081,7.772375216074579,34,25990.734751165382,26138.379338771865,experiment,FIFO,0.28,0,variant_6
7403,INSPECTION_2_3,INSPECTION_2_3_LINE,26130.654859928527,0.04789637273643166,8,0.04789637273643166,139.92010876314453,7.724478843338147,34,25990.734751165382,26138.379338771865,experiment,FIFO,0.28,0,variant_6
7403,INSPECTION_2_4,INSPECTION_2_4_LINE,26133.72619635852,3.0713364299917885,9,3.0713364299917885,142.99144519313631,4.653142413346359,36,25990.734751165382,26138.379338771865,experiment,FIFO,0.28,0,variant_6
7403,INSPECTION_2_5,INSPECTION_2_5_LINE,26134.19844853812,0.47225217960294685,10,0.47225217960294685,143.46369737273926,4.180890233743412,36,25990.734751165382,26138.379338771865,experiment,FIFO,0.28,0,variant_6
7403,INSPECTION_2_6,INSPECTION_2_6_LINE,26134.525315785744,0.326867247622431,11,0.326867247622431,143.7905646203617,3.854022986120981,36,25990.734751165382,26138.379338771865,experiment,FIFO,0.28,0,variant_6
7403,INSPECTION_2_7,INSPECTION_2_7_LINE,26138.379338771865,3.854022986120981,12,3.854022986120981,147.64458760648267,0.0,38,25990.734751165382,26138.379338771865,experiment,FIFO,0.28,0,variant_6
7404,MOULDING_4,MOULDING_MACHINE_4,25995.6808050662,1.5314978343194525,1,0.0,0.0,103.38345239247064,40,25995.6808050662,26099.06425745867,experiment,FIFO,0.28,0,variant_1
7404,ASSEMBLY_1_3,LINE_3_ASSEMBLY1,26008.435740255627,1.6352918146840238,2,12.75493518942676,12.75493518942676,90.62851720304388,42,25995.6808050662,26099.06425745867,experiment,FIFO,0.28,0,variant_1
7404,ASSEMBLY_2_2,ASSEMBLY2_LINE_2,26056.55416996499,3.180642665251071,3,48.118429709364136,60.873364898790896,42.51008749367975,39,25995.6808050662,26099.06425745867,experiment,FIFO,0.28,0,variant_1
7404,SORTING,SORTING_ROBOT_1,26083.933518987527,0.7360245855670655,4,27.37934902253619,88.25271392132709,15.130738471143559,36,25995.6808050662,26099.06425745867,experiment,FIFO,0.28,0,variant_1
7404,PACKAGING_2,PACKAGING_LINE_2,26089.20388615771,3.54577401890856,5,5.2703671701819985,93.52308109150908,9.86037130096156,37,25995.6808050662,26099.06425745867,experiment,FIFO,0.28,0,variant_1
7404,INSPECTION_2_1,INSPECTION_2_1_LINE,26089.28031163764,0.07642547993236803,6,0.07642547993236803,93.59950657144145,9.783945821029192,37,25995.6808050662,26099.06425745867,experiment,FIFO,0.28,0,variant_1
7404,INSPECTION_2_2,INSPECTION_2_2_LINE,26091.823130062985,2.5428184253432846,7,2.5428184253432846,96.14232499678474,7.241127395685908,38,25995.6808050662,26099.06425745867,experiment,FIFO,0.28,0,variant_1
7404,INSPECTION_2_3,INSPECTION_2_3_LINE,26092.187049773907,0.363919710922346,8,0.363919710922346,96.50624470770708,6.877207684763562,39,25995.6808050662,26099.06425745867,experiment,FIFO,0.28,0,variant_1
7404,INSPECTION_2_4,INSPECTION_2_4_LINE,26093.7247186591,1.5376688851938525,9,1.5376688851938525,98.04391359290094,5.339538799569709,38,25995.6808050662,26099.06425745867,experiment,FIFO,0.28,0,variant_1
7404,INSPECTION_2_5,INSPECTION_2_5_LINE,26095.48486271441,1.7601440553080465,10,1.7601440553080465,99.80405764820898,3.5793947442616627,39,25995.6808050662,26099.06425745867,experiment,FIFO,0.28,0,variant_1
7404,INSPECTION_2_6,INSPECTION_2_6_LINE,26096.193542682675,0.708679968265642,11,0.708679968265642,100.51273761647462,2.8707147759960208,39,25995.6808050662,26099.06425745867,experiment,FIFO,0.28,0,variant_1
7404,INSPECTION_2_7,INSPECTION_2_7_LINE,26099.06425745867,2.8707147759960208,12,2.8707147759960208,103.38345239247064,0.0,38,25995.6808050662,26099.06425745867,experiment,FIFO,0.28,0,variant_1
7405,MOULDING_5,MOULDING_MACHINE_5,25993.96099463052,5.209889693662262,1,0.0,0.0,105.41488409457088,37,25993.96099463052,26099.37587872509,experiment,FIFO,0.28,0,variant_3
7405,ASSEMBLY_1_5,LINE_5_ASSEMBLY1,26021.43864137357,13.39944204510175,2,27.477646743049263,27.477646743049263,77.93723735152162,43,25993.96099463052,26099.37587872509,experiment,FIFO,0.28,0,variant_3
7405,ASSEMBLY_2_2,ASSEMBLY2_LINE_2,26066.90384811143,4.496179859805125,3,45.46520673785926,72.94285348090852,32.472030613662355,40,25993.96099463052,26099.37587872509,experiment,FIFO,0.28,0,variant_3
7405,SORTING,SORTING_ROBOT_1,26089.56603812507,0.051810230248520384,4,22.66219001364152,95.60504349455005,9.809840600020834,37,25993.96099463052,26099.37587872509,experiment,FIFO,0.28,0,variant_3
7405,PACKAGING_1,PACKAGING_LINE_1,26089.84004735381,0.2740092287385778,5,0.2740092287385778,95.87905272328862,9.535831371282256,37,25993.96099463052,26099.37587872509,experiment,FIFO,0.28,0,variant_3
7405,INSPECTION_2_1,INSPECTION_2_1_LINE,26089.84795536283,0.007908009021775797,6,0.007908009021775797,95.8869607323104,9.52792336226048,37,25993.96099463052,26099.37587872509,experiment,FIFO,0.28,0,variant_3
7405,INSPECTION_2_2,INSPECTION_2_2_LINE,26092.22874574998,0.4056156869955885,7,2.380790387149318,98.26775111945972,7.1471329751111625,39,25993.96099463052,26099.37587872509,experiment,FIFO,0.28,0,variant_3
7405,INSPECTION_2_3,INSPECTION_2_3_LINE,26093.57478129661,1.3460355466304463,8,1.3460355466304463,99.61378666609016,5.801097428480716,38,25993.96099463052,26099.37587872509,experiment,FIFO,0.28,0,variant_3
7405,INSPECTION_2_4,INSPECTION_2_4_LINE,26095.630621784858,1.9059031257565948,9,2.0558404882467585,101.66962715433692,3.7452569402339577,39,25993.96099463052,26099.37587872509,experiment,FIFO,0.28,0,variant_3
7405,INSPECTION_2_5,INSPECTION_2_5_LINE,26096.56334752784,0.9327257429831661,10,0.9327257429831661,102.60235289732009,2.8125311972507916,39,25993.96099463052,26099.37587872509,experiment,FIFO,0.28,0,variant_3
7405,INSPECTION_2_6,INSPECTION_2_6_LINE,26097.76927868815,1.205931160307955,11,1.205931160307955,103.80828405762804,1.6066000369428366,38,25993.96099463052,26099.37587872509,experiment,FIFO,0.28,0,variant_3
7405,INSPECTION_2_7,INSPECTION_2_7_LINE,26099.37587872509,0.3116212664208433,12,1.6066000369428366,105.41488409457088,0.0,37,25993.96099463052,26099.37587872509,experiment,FIFO,0.28,0,variant_3
7406,MOULDING_4,MOULDING_MACHINE_4,26004.171949666023,8.491144599822292,1,0.0,0.0,118.81250844444003,42,26004.171949666023,26122.984458110463,experiment,FIFO,0.28,0,variant_4
7406,ASSEMBLY_1_1,LINE_1_ASSEMBLY1,26018.568175522458,14.396225856435194,2,14.396225856435194,14.396225856435194,104.41628258800483,42,26004.171949666023,26122.984458110463,experiment,FIFO,0.28,0,variant_4
7406,ASSEMBLY_2_2,ASSEMBLY2_LINE_2,26062.407668251624,2.607667101205152,3,43.83949272916652,58.23571858560172,60.57678985883831,38,26004.171949666023,26122.984458110463,experiment,FIFO,0.28,0,variant_4
7406,SORTING,SORTING_ROBOT_1,26088.09021891668,0.3962193324332475,4,25.682550665056624,83.91826925065834,34.89423919378169,36,26004.171949666023,26122.984458110463,experiment,FIFO,0.28,0,variant_4
7406,PACKAGING_2,PACKAGING_LINE_2,26103.7550829071,0.5023292425903492,5,15.66486399041969,99.58313324107803,19.229375203361997,36,26004.171949666023,26122.984458110463,experiment,FIFO,0.28,0,variant_4
7406,INSPECTION_1_1,INSPECTION_1_1_LINE,26104.168050111348,0.4129672042472521,6,0.4129672042472521,99.99610044532528,18.816407999114745,36,26004.171949666023,26122.984458110463,experiment,FIFO,0.28,0,variant_4
7406,INSPECTION_1_2,INSPECTION_1_2_LINE,26104.7252639506,0.557213839252654,7,0.557213839252654,100.55331428457794,18.25919415986209,36,26004.171949666023,26122.984458110463,experiment,FIFO,0.28,0,variant_4
7406,INSPECTION_1_3,INSPECTION_1_3_LINE,26108.377787124504,3.1061649748626223,8,3.652523173903319,104.20583745848126,14.606670985958772,37,26004.171949666023,26122.984458110463,experiment,FIFO,0.28,0,variant_4
7406,INSPECTION_1_3,INSPECTION_1_3_LINE,26111.45872253945,2.359224723018997,9,3.0809354149459978,107.28677287342725,11.525735571012774,37,26004.171949666023,26122.984458110463,experiment,FIFO,0.28,0,variant_4
7406,INSPECTION_1_4,INSPECTION_1_4_LINE,26113.54570574465,0.5443200156078092,10,2.08698320520125,109.3737560786285,9.438752365811524,38,26004.171949666023,26122.984458110463,experiment,FIFO,0.28,0,variant_4
7406,INSPECTION_1_5,INSPECTION_1_5_LINE,26114.92217685256,1.3764711079093104,11,1.3764711079093104,110.75022718653781,8.062281257902214,37,26004.171949666023,26122.984458110463,experiment,FIFO,0.28,0,variant_4
7406,INSPECTION_1_6,INSPECTION_1_6_LINE,26115.58392257793,0.6617457253705652,12,0.6617457253705652,111.41197291190838,7.400535532531649,38,26004.171949666023,26122.984458110463,experiment,FIFO,0.28,0,variant_4
7406,INSPECTION_1_7,INSPECTION_1_7_LINE,26122.984458110463,4.79744184332958,13,7.400535532531649,118.81250844444003,0.0,35,26004.171949666023,26122.984458110463,experiment,FIFO,0.28,0,variant_4
7407,MOULDING_3,MOULDING_MACHINE_3,25995.51217133239,1.8953893948928453,1,0.0,0.0,101.54410420073691,39,25995.51217133239,26097.056275533127,experiment,FIFO,0.28,0,variant_1
7407,ASSEMBLY_1_3,LINE_3_ASSEMBLY1,26006.800448440943,2.8395875915593933,2,11.288277108553302,11.288277108553302,90.25582709218361,41,25995.51217133239,26097.056275533127,experiment,FIFO,0.28,0,variant_1
7407,ASSEMBLY_2_2,ASSEMBLY2_LINE_2,26053.37352729974,13.950276442850736,3,46.57307885879709,57.86135596735039,43.68274823338652,37,25995.51217133239,26097.056275533127,experiment,FIFO,0.28,0,variant_1
7407,SORTING,SORTING_ROBOT_1,26083.19749440196,7.87150787678911,4,29.823967102220195,87.68532306957059,13.858781131166324,36,25995.51217133239,26097.056275533127,experiment,FIFO,0.28,0,variant_1
7407,PACKAGING_2,PACKAGING_LINE_2,26085.6581121388,2.460617736840504,5,2.460617736840504,90.14594080641109,11.39816339432582,36,25995.51217133239,26097.056275533127,experiment,FIFO,0.28,0,variant_1
7407,INSPECTION_1_1,INSPECTION_1_1_LINE,26087.057983353865,1.399871215064195,6,1.399871215064195,91.54581202147529,9.998292179261625,36,25995.51217133239,26097.056275533127,experiment,FIFO,0.28,0,variant_1
7407,INSPECTION_1_2,INSPECTION_1_2_LINE,26087.85975221484,0.8017688609761535,7,0.8017688609761535,92.34758088245144,9.196523318285472,36,25995.51217133239,26097.056275533127,experiment,FIFO,0.28,0,variant_1
7407,INSPECTION_1_3,INSPECTION_1_3_LINE,26089.086611260165,1.2268590453240904,8,1.2268590453240904,93.57443992777553,7.969664272961381,37,25995.51217133239,26097.056275533127,experiment,FIFO,0.28,0,variant_1
7407,INSPECTION_1_4,INSPECTION_1_4_LINE,26089.145011143217,0.058399883051606594,9,0.058399883051606594,93.63283981082714,7.911264389909775,37,25995.51217133239,26097.056275533127,experiment,FIFO,0.28,0,variant_1
7407,INSPECTION_1_5,INSPECTION_1_5_LINE,26093.333333965893,1.919401665625628,10,4.1883228226761275,97.82116263350326,3.722941567233647,38,25995.51217133239,26097.056275533127,experiment,FIFO,0.28,0,variant_1
7407,INSPECTION_1_6,INSPECTION_1_6_LINE,26095.859283476504,2.525949510611099,11,2.525949510611099,100.34711214411436,1.1969920566225483,39,25995.51217133239,26097.056275533127,experiment,FIFO,0.28,0,variant_1
7407,INSPECTION_1_7,INSPECTION_1_7_LINE,26097.056275533127,1.1969920566225483,12,1.1969920566225483,101.54410420073691,0.0,38,25995.51217133239,26097.056275533127,experiment,FIFO,0.28,0,variant_1
7408,MOULDING_5,MOULDING_MACHINE_5,26003.23103161953,5.381563656679646,1,0.0,0.0,108.63278020864163,41,26003.23103161953,26111.86381182817,experiment,FIFO,0.28,0,variant_3
7408,ASSEMBLY_1_4,LINE_4_ASSEMBLY1,26013.420590303416,10.189558683887299,2,10.189558683887299,10.189558683887299,98.44322152475434,41,26003.23103161953,26111.86381182817,experiment,FIFO,0.28,0,variant_3
7408,ASSEMBLY_2_2,ASSEMBLY2_LINE_2,26059.80000115042,3.24583118542796,3,46.37941084700287,56.56896953089017,52.06381067775146,39,26003.23103161953,26111.86381182817,experiment,FIFO,0.28,0,variant_3
7408,SORTING,SORTING_ROBOT_1,26087.693999584248,2.453724168790359,4,27.89399843382853,84.4629679647187,24.169812243922934,36,26003.23103161953,26111.86381182817,experiment,FIFO,0.28,0,variant_3
7408,PACKAGING_2,PACKAGING_LINE_2,26103.25275366451,9.15938244733843,5,15.558754080262588,100.02172204498129,8.611058163660346,36,26003.23103161953,26111.86381182817,experiment,FIFO,0.28,0,variant_3
7408,INSPECTION_2_1,INSPECTION_2_1_LINE,26104.245853458324,0.9930997938135988,6,0.9930997938135988,101.01482183879489,7.617958369846747,36,26003.23103161953,26111.86381182817,experiment,FIFO,0.28,0,variant_3
7408,INSPECTION_2_2,INSPECTION_2_2_LINE,26104.474731036687,0.22887757836360834,7,0.22887757836360834,101.2436994171585,7.3890807914831385,36,26003.23103161953,26111.86381182817,experiment,FIFO,0.28,0,variant_3
7408,INSPECTION_2_3,INSPECTION_2_3_LINE,26106.78916886376,2.3144378270735615,8,2.3144378270735615,103.55813724423206,5.074642964409577,37,26003.23103161953,26111.86381182817,experiment,FIFO,0.28,0,variant_3
7408,INSPECTION_2_4,INSPECTION_2_4_LINE,26107.78534915446,0.9961802906982484,9,0.9961802906982484,104.5543175349303,4.0784626737113285,36,26003.23103161953,26111.86381182817,experiment,FIFO,0.28,0,variant_3
7408,INSPECTION_2_5,INSPECTION_2_5_LINE,26107.80807010742,0.022720952962117735,10,0.022720952962117735,104.57703848789242,4.055741720749211,36,26003.23103161953,26111.86381182817,experiment,FIFO,0.28,0,variant_3
7408,INSPECTION_2_6,INSPECTION_2_6_LINE,26110.60199171951,2.793921612090344,11,2.793921612090344,107.37096009998277,1.261820108658867,37,26003.23103161953,26111.86381182817,experiment,FIFO,0.28,0,variant_3
7408,INSPECTION_2_7,INSPECTION_2_7_LINE,26111.86381182817,1.261820108658867,12,1.261820108658867,108.63278020864163,0.0,37,26003.23103161953,26111.86381182817,experiment,FIFO,0.28,0,variant_3
7409,MOULDING_3,MOULDING_MACHINE_3,26006.85826955961,1.401580927278701,1,0.0,0.0,133.98849874965163,42,26006.85826955961,26140.84676830926,experiment,FIFO,0.28,0,variant_2
7409,ASSEMBLY_1_2,LINE_2_ASSEMBLY1,26018.91327580617,12.055006246562698,2,12.055006246562698,12.055006246562698,121.93349250308893,42,26006.85826955961,26140.84676830926,experiment,FIFO,0.28,0,variant_2
7409,ASSEMBLY_2_1,ASSEMBLY2_LINE_1,26094.981162782988,7.1099357926723314,3,76.06788697681623,88.12289322337892,45.8656055262727,39,26006.85826955961,26140.84676830926,experiment,FIFO,0.28,0,variant_2
7409,SORTING,SORTING_ROBOT_1,26123.71391591168,4.964880678293412,4,28.73275312869373,116.85564635207265,17.132852397578972,34,26006.85826955961,26140.84676830926,experiment,FIFO,0.28,0,variant_2
7409,PACKAGING_1,PACKAGING_LINE_1,26129.42124384323,4.64842513225085,5,5.707327931548207,122.56297428362086,11.425524466030765,33,26006.85826955961,26140.84676830926,experiment,FIFO,0.28,0,variant_2
7409,INSPECTION_1_1,INSPECTION_1_1_LINE,26132.467296853763,3.0460530105337966,6,3.0460530105337966,125.60902729415466,8.379471455496969,36,26006.85826955961,26140.84676830926,experiment,FIFO,0.28,0,variant_2
7409,INSPECTION_1_2,INSPECTION_1_2_LINE,26132.850550908188,0.38325405442446936,7,0.38325405442446936,125.99228134857913,7.996217401072499,36,26006.85826955961,26140.84676830926,experiment,FIFO,0.28,0,variant_2
7409,INSPECTION_1_3,INSPECTION_1_3_LINE,26133.739774651927,0.8892237437394215,8,0.8892237437394215,126.88150509231855,7.106993657333078,36,26006.85826955961,26140.84676830926,experiment,FIFO,0.28,0,variant_2
7409,INSPECTION_1_4,INSPECTION_1_4_LINE,26136.5523118948,2.812537242873077,9,2.812537242873077,129.69404233519163,4.294456414460001,38,26006.85826955961,26140.84676830926,experiment,FIFO,0.28,0,variant_2
7409,INSPECTION_1_5,INSPECTION_1_5_LINE,26137.73605115413,1.183739259329741,10,1.183739259329741,130.87778159452137,3.11071715513026,38,26006.85826955961,26140.84676830926,experiment,FIFO,0.28,0,variant_2
7409,INSPECTION_1_6,INSPECTION_1_6_LINE,26139.24650755246,1.510456398329552,11,1.510456398329552,132.38823799285092,1.600260756800708,38,26006.85826955961,26140.84676830926,experiment,FIFO,0.28,0,variant_2
7409,INSPECTION_1_7,INSPECTION_1_7_LINE,26140.84676830926,1.600260756800708,12,1.600260756800708,133.98849874965163,0.0,38,26006.85826955961,26140.84676830926,experiment,FIFO,0.28,0,variant_2
7410,MOULDING_4,MOULDING_MACHINE_4,26014.41511668096,3.623391709250427,1,0.0,0.0,200.80325955979788,42,26014.41511668096,26215.21837624076,experiment,FIFO,0.28,0,variant_5
7410,ASSEMBLY_1_2,LINE_2_ASSEMBLY1,26042.32901662128,23.41574081510771,2,27.913899940318515,27.913899940318515,172.88935961947936,38,26014.41511668096,26215.21837624076,experiment,FIFO,0.28,0,variant_5
7410,ASSEMBLY_2_1,ASSEMBLY2_LINE_1,26133.73447709801,1.4989486319791467,3,91.40546047672979,119.3193604170483,81.48389914274958,36,26014.41511668096,26215.21837624076,experiment,FIFO,0.28,0,variant_5
7410,SORTING,SORTING_ROBOT_1,26175.39090138185,1.2156254179681127,4,41.65642428383944,160.97578470088774,39.827474858910136,42,26014.41511668096,26215.21837624076,experiment,FIFO,0.28,0,variant_5
7410,SORTING,SORTING_ROBOT_1,26206.46000573972,5.756140355570096,5,31.069104357869946,192.0448890587577,8.75837050104019,43,26014.41511668096,26215.21837624076,experiment,FIFO,0.28,0,variant_5
7410,PACKAGING_2,PACKAGING_LINE_2,26208.31104261652,1.8510368768002081,6,1.8510368768002081,193.8959259355579,6.907333624239982,43,26014.41511668096,26215.21837624076,experiment,FIFO,0.28,0,variant_5
7410,INSPECTION_2_1,INSPECTION_2_1_LINE,26209.51934387738,1.2083012608600256,7,1.2083012608600256,195.10422719641792,5.699032363379956,41,26014.41511668096,26215.21837624076,experiment,FIFO,0.28,0,variant_5
7410,INSPECTION_2_2,INSPECTION_2_2_LINE,26210.256310622022,0.7369667446437234,8,0.7369667446437234,195.84119394106165,4.962065618736233,41,26014.41511668096,26215.21837624076,experiment,FIFO,0.28,0,variant_5
7410,INSPECTION_2_3,INSPECTION_2_3_LINE,26213.53641910182,3.280108479797491,9,3.280108479797491,199.12130242085914,1.681957138938742,42,26014.41511668096,26215.21837624076,experiment,FIFO,0.28,0,variant_5
7410,INSPECTION_2_4,INSPECTION_2_4_LINE,26214.02136615511,0.48494705328994314,10,0.48494705328994314,199.60624947414908,1.1970100856487988,42,26014.41511668096,26215.21837624076,experiment,FIFO,0.28,0,variant_5
7410,INSPECTION_2_5,INSPECTION_2_5_LINE,26214.628540688453,0.6071745333429135,11,0.6071745333429135,200.213424007492,0.5898355523058854,42,26014.41511668096,26215.21837624076,experiment,FIFO,0.28,0,variant_5
7410,INSPECTION_2_6,INSPECTION_2_6_LINE,26215.06794575391,0.43940506545914104,12,0.43940506545914104,200.65282907295114,0.15043048684674432,41,26014.41511668096,26215.21837624076,experiment,FIFO,0.28,0,variant_5
7410,INSPECTION_2_7,INSPECTION_2_7_LINE,26215.21837624076,0.15043048684674432,13,0.15043048684674432,200.80325955979788,0.0,40,26014.41511668096,26215.21837624076,experiment,FIFO,0.28,0,variant_5
7411,MOULDING_2,MOULDING_MACHINE_2,26017.780425963203,3.3252792518833303,1,0.0,0.0,150.5435474279875,42,26017.780425963203,26168.32397339119,experiment,FIFO,0.28,0,variant_3
7411,ASSEMBLY_1_5,LINE_5_ASSEMBLY1,26021.94107285341,0.5024314798392879,2,4.160646890206408,4.160646890206408,146.3829005377811,43,26017.780425963203,26168.32397339119,experiment,FIFO,0.28,0,variant_3
7411,ASSEMBLY_1_5,LINE_5_ASSEMBLY1,26028.29771267496,6.356639821551653,3,6.356639821551653,10.51728671175806,140.02626071622944,41,26017.780425963203,26168.32397339119,experiment,FIFO,0.28,0,variant_3
7411,ASSEMBLY_2_1,ASSEMBLY2_LINE_1,26105.497100302742,3.64903923041129,4,77.1993876277811,87.71667433953917,62.82687308844834,37,26017.780425963203,26168.32397339119,experiment,FIFO,0.28,0,variant_3
7411,SORTING,SORTING_ROBOT_1,26152.68263958417,0.9690252345353656,5,47.185539281428646,134.9022136209678,15.641333807019691,39,26017.780425963203,26168.32397339119,experiment,FIFO,0.28,0,variant_3
7411,PACKAGING_1,PACKAGING_LINE_1,26154.10563847362,0.30902139761747094,6,1.4229988894476264,136.32521251041544,14.218334917572065,39,26017.780425963203,26168.32397339119,experiment,FIFO,0.28,0,variant_3
7411,INSPECTION_1_1,INSPECTION_1_1_LINE,26158.238377238897,0.29276614636546583,7,4.132738765278191,140.45795127569363,10.085596152293874,39,26017.780425963203,26168.32397339119,experiment,FIFO,0.28,0,variant_3
7411,INSPECTION_1_2,INSPECTION_1_2_LINE,26159.684899135777,1.446521896879858,8,1.446521896879858,141.9044731725735,8.639074255414016,39,26017.780425963203,26168.32397339119,experiment,FIFO,0.28,0,variant_3
7411,INSPECTION_1_3,INSPECTION_1_3_LINE,26162.118487891355,2.433588755578967,9,2.433588755578967,144.33806192815246,6.205485499835049,42,26017.780425963203,26168.32397339119,experiment,FIFO,0.28,0,variant_3
7411,INSPECTION_1_4,INSPECTION_1_4_LINE,26162.812381147563,0.6938932562079572,10,0.6938932562079572,145.0319551843604,5.511592243627092,42,26017.780425963203,26168.32397339119,experiment,FIFO,0.28,0,variant_3
7411,INSPECTION_1_5,INSPECTION_1_5_LINE,26166.03796448615,3.225583338586148,11,3.225583338586148,148.25753852294656,2.2860089050409442,43,26017.780425963203,26168.32397339119,experiment,FIFO,0.28,0,variant_3
7411,INSPECTION_1_6,INSPECTION_1_6_LINE,26167.97042627795,1.9324617917991418,12,1.9324617917991418,150.1900003147457,0.35354711324180244,43,26017.780425963203,26168.32397339119,experiment,FIFO,0.28,0,variant_3
7411,INSPECTION_1_7,INSPECTION_1_7_LINE,26168.32397339119,0.35354711324180244,13,0.35354711324180244,150.5435474279875,0.0,42,26017.780425963203,26168.32397339119,experiment,FIFO,0.28,0,variant_3
7412,MOULDING_3,MOULDING_MACHINE_3,26019.142119987373,3.8391731381052523,1,0.0,0.0,152.94783194486808,43,26019.142119987373,26172.08995193224,experiment,FIFO,0.28,0,variant_6
7412,ASSEMBLY_1_4,LINE_4_ASSEMBLY1,26025.469452241992,6.32733225461925,2,6.32733225461925,6.32733225461925,146.62049969024883,41,26019.142119987373,26172.08995193224,experiment,FIFO,0.28,0,variant_6
7412,ASSEMBLY_2_1,ASSEMBLY2_LINE_1,26101.84806107233,3.644024734687264,3,76.37860883033864,82.70594108495789,70.2418908599102,36,26019.142119987373,26172.08995193224,experiment,FIFO,0.28,0,variant_6
7412,SORTING,SORTING_ROBOT_1,26151.05191724457,16.384616779821954,4,49.203856172240194,131.90979725719808,21.038034687670006,40,26019.142119987373,26172.08995193224,experiment,FIFO,0.28,0,variant_6
7412,PACKAGING_1,PACKAGING_LINE_1,26152.54311805231,1.4912008077371866,5,1.4912008077371866,133.40099806493527,19.54683387993282,39,26019.142119987373,26172.08995193224,experiment,FIFO,0.28,0,variant_6
7412,INSPECTION_2_1,INSPECTION_2_1_LINE,26157.71461684252,5.171498790212354,6,5.171498790212354,138.57249685514762,14.375335089720465,39,26019.142119987373,26172.08995193224,experiment,FIFO,0.28,0,variant_6
7412,INSPECTION_2_2,INSPECTION_2_2_LINE,26158.04733919686,0.33272235433832975,7,0.33272235433832975,138.90521920948595,14.042612735382136,39,26019.142119987373,26172.08995193224,experiment,FIFO,0.28,0,variant_6
7412,INSPECTION_2_3,INSPECTION_2_3_LINE,26159.132119498583,1.084780301724095,8,1.084780301724095,139.98999951121004,12.95783243365804,39,26019.142119987373,26172.08995193224,experiment,FIFO,0.28,0,variant_6
7412,INSPECTION_2_4,INSPECTION_2_4_LINE,26159.137020920163,0.004901421580143506,9,0.004901421580143506,139.9949009327902,12.952931012077897,39,26019.142119987373,26172.08995193224,experiment,FIFO,0.28,0,variant_6
7412,INSPECTION_2_5,INSPECTION_2_5_LINE,26159.176729669543,0.03970874938022462,10,0.03970874938022462,140.0346096821704,12.913222262697673,39,26019.142119987373,26172.08995193224,experiment,FIFO,0.28,0,variant_6
7412,INSPECTION_2_6,INSPECTION_2_6_LINE,26167.769242484384,8.59251281484103,11,8.59251281484103,148.62712249701144,4.320709447856643,43,26019.142119987373,26172.08995193224,experiment,FIFO,0.28,0,variant_6
7412,INSPECTION_2_7,INSPECTION_2_7_LINE,26172.08995193224,4.320709447856643,12,4.320709447856643,152.94783194486808,0.0,41,26019.142119987373,26172.08995193224,experiment,FIFO,0.28,0,variant_6
7413,MOULDING_4,MOULDING_MACHINE_4,26022.65796362984,4.7254242628587235,1,0.0,0.0,157.8713929255573,44,26022.65796362984,26180.5293565554,experiment,FIFO,0.28,0,variant_5
7413,ASSEMBLY_1_5,LINE_5_ASSEMBLY1,26035.82033255449,7.522619879528065,2,13.162368924648035,13.162368924648035,144.70902400090927,38,26022.65796362984,26180.5293565554,experiment,FIFO,0.28,0,variant_5
7413,ASSEMBLY_2_1,ASSEMBLY2_LINE_1,26129.93838631819,24.441286015447986,3,94.11805376370103,107.28042268834906,50.59097023720824,34,26022.65796362984,26180.5293565554,experiment,FIFO,0.28,0,variant_5
7413,SORTING,SORTING_ROBOT_1,26172.16961148791,15.073376917971473,4,42.23122516971853,149.5116478580676,8.359745067489712,41,26022.65796362984,26180.5293565554,experiment,FIFO,0.28,0,variant_5
7413,PACKAGING_2,PACKAGING_LINE_2,26175.020706722764,2.8510952348551655,5,2.8510952348551655,152.36274309292276,5.508649832634546,41,26022.65796362984,26180.5293565554,experiment,FIFO,0.28,0,variant_5
7413,INSPECTION_1_1,INSPECTION_1_1_LINE,26176.190422717344,1.1697159945797466,6,1.1697159945797466,153.5324590875025,4.3389338380548,42,26022.65796362984,26180.5293565554,experiment,FIFO,0.28,0,variant_5
7413,INSPECTION_1_2,INSPECTION_1_2_LINE,26176.76820487499,0.5777821576448332,7,0.5777821576448332,154.11024124514734,3.7611516804099665,42,26022.65796362984,26180.5293565554,experiment,FIFO,0.28,0,variant_5
7413,INSPECTION_1_3,INSPECTION_1_3_LINE,26177.0162032575,0.24799838251055917,8,0.24799838251055917,154.3582396276579,3.5131532978994073,42,26022.65796362984,26180.5293565554,experiment,FIFO,0.28,0,variant_5
7413,INSPECTION_1_4,INSPECTION_1_4_LINE,26177.419938088657,0.4037348311576352,9,0.4037348311576352,154.76197445881553,3.109418466741772,42,26022.65796362984,26180.5293565554,experiment,FIFO,0.28,0,variant_5
7413,INSPECTION_1_5,INSPECTION_1_5_LINE,26177.681930305112,0.2619922164558375,10,0.2619922164558375,155.02396667527137,2.8474262502859347,42,26022.65796362984,26180.5293565554,experiment,FIFO,0.28,0,variant_5
7413,INSPECTION_1_6,INSPECTION_1_6_LINE,26179.647066864964,1.9651365598510893,11,1.9651365598510893,156.98910323512246,0.8822896904348454,43,26022.65796362984,26180.5293565554,experiment,FIFO,0.28,0,variant_5
7413,INSPECTION_1_7,INSPECTION_1_7_LINE,26180.5293565554,0.8822896904348454,12,0.8822896904348454,157.8713929255573,0.0,42,26022.65796362984,26180.5293565554,experiment,FIFO,0.28,0,variant_5
7414,MOULDING_1,MOULDING_MACHINE_1,26020.881551443832,2.088169990092865,1,0.0,0.0,130.6411951341106,43,26020.881551443832,26151.522746577943,experiment,FIFO,0.28,0,variant_6
7414,ASSEMBLY_1_3,LINE_3_ASSEMBLY1,26020.9398878725,0.05833642866855371,2,0.05833642866855371,0.05833642866855371,130.58285870544205,43,26020.881551443832,26151.522746577943,experiment,FIFO,0.28,0,variant_6
7414,ASSEMBLY_2_1,ASSEMBLY2_LINE_1,26098.204036337644,3.222873554655962,3,77.26414846514308,77.32248489381163,53.31871024029897,38,26020.881551443832,26151.522746577943,experiment,FIFO,0.28,0,variant_6
7414,SORTING,SORTING_ROBOT_1,26134.66730046475,5.2760715892436565,4,36.463264127105504,113.78574902091714,16.855446113193466,36,26020.881551443832,26151.522746577943,experiment,FIFO,0.28,0,variant_6
7414,PACKAGING_2,PACKAGING_LINE_2,26143.79922248212,9.131922017371835,5,9.131922017371835,122.91767103828897,7.723524095821631,40,26020.881551443832,26151.522746577943,experiment,FIFO,0.28,0,variant_6
7414,INSPECTION_1_1,INSPECTION_1_1_LINE,26145.168159944496,1.3689374623754702,6,1.3689374623754702,124.28660850066444,6.354586633446161,40,26020.881551443832,26151.522746577943,experiment,FIFO,0.28,0,variant_6
7414,INSPECTION_1_2,INSPECTION_1_2_LINE,26145.174773047143,0.006613102646952029,7,0.006613102646952029,124.2932216033114,6.347973530799209,40,26020.881551443832,26151.522746577943,experiment,FIFO,0.28,0,variant_6
7414,INSPECTION_1_3,INSPECTION_1_3_LINE,26146.60683187947,1.432058832328039,8,1.432058832328039,125.72528043563943,4.91591469847117,39,26020.881551443832,26151.522746577943,experiment,FIFO,0.28,0,variant_6
7414,INSPECTION_1_4,INSPECTION_1_4_LINE,26149.578993965704,2.9721620862328564,9,2.9721620862328564,128.6974425218723,1.9437526122383133,39,26020.881551443832,26151.522746577943,experiment,FIFO,0.28,0,variant_6
7414,INSPECTION_1_5,INSPECTION_1_5_LINE,26149.704736988315,0.12574302261054981,10,0.12574302261054981,128.82318554448284,1.8180095896277635,39,26020.881551443832,26151.522746577943,experiment,FIFO,0.28,0,variant_6
7414,INSPECTION_1_6,INSPECTION_1_6_LINE,26149.7850097318,0.08027274348569335,11,0.08027274348569335,128.90345828796853,1.7377368461420701,39,26020.881551443832,26151.522746577943,experiment,FIFO,0.28,0,variant_6
7414,INSPECTION_1_7,INSPECTION_1_7_LINE,26151.522746577943,1.7377368461420701,12,1.7377368461420701,130.6411951341106,0.0,39,26020.881551443832,26151.522746577943,experiment,FIFO,0.28,0,variant_6
7415,MOULDING_3,MOULDING_MACHINE_3,26026.004060000465,1.9197318632250244,1,0.0,0.0,91.99712866641494,42,26026.004060000465,26118.00118866688,experiment,FIFO,0.28,0,variant_1
7415,ASSEMBLY_1_2,LINE_2_ASSEMBLY1,26049.05382819264,6.724811571359169,2,23.04976819217336,23.04976819217336,68.94736047424158,37,26026.004060000465,26118.00118866688,experiment,FIFO,0.28,0,variant_1
7415,ASSEMBLY_2_2,ASSEMBLY2_LINE_2,26082.21402880252,15.310180691089045,3,33.16020060988012,56.20996880205348,35.787159864361456,36,26026.004060000465,26118.00118866688,experiment,FIFO,0.28,0,variant_1
7415,SORTING,SORTING_ROBOT_1,26097.42048522524,1.2188987982408435,4,15.206456422722113,71.4164252247756,20.580703441639344,38,26026.004060000465,26118.00118866688,experiment,FIFO,0.28,0,variant_1
7415,PACKAGING_1,PACKAGING_LINE_1,26101.251184893223,0.347984664796968,5,3.830699667982117,75.24712489275771,16.750003773657227,36,26026.004060000465,26118.00118866688,experiment,FIFO,0.28,0,variant_1
7415,INSPECTION_1_1,INSPECTION_1_1_LINE,26102.446125024115,0.43361039122828515,6,1.1949401308920642,76.44206502364977,15.555063642765163,36,26026.004060000465,26118.00118866688,experiment,FIFO,0.28,0,variant_1
7415,INSPECTION_1_2,INSPECTION_1_2_LINE,26102.78665526113,0.05132725389194093,7,0.3405302370156278,76.7825952606654,15.214533405749535,36,26026.004060000465,26118.00118866688,experiment,FIFO,0.28,0,variant_1
7415,INSPECTION_1_3,INSPECTION_1_3_LINE,26105.27162214964,1.673724385771493,8,2.484966888510826,79.26756214917623,12.729566517238709,37,26026.004060000465,26118.00118866688,experiment,FIFO,0.28,0,variant_1
7415,INSPECTION_1_4,INSPECTION_1_4_LINE,26106.41231081378,1.140688664137997,9,1.140688664137997,80.40825081331423,11.588877853100712,37,26026.004060000465,26118.00118866688,experiment,FIFO,0.28,0,variant_1
7415,INSPECTION_1_5,INSPECTION_1_5_LINE,26111.59748389217,0.3911358570694574,10,5.185173078389198,85.59342389170342,6.403704774711514,37,26026.004060000465,26118.00118866688,experiment,FIFO,0.28,0,variant_1
7415,INSPECTION_1_6,INSPECTION_1_6_LINE,26113.647750996715,0.021307587852788856,11,2.050267104546947,87.64369099625037,4.353437670164567,38,26026.004060000465,26118.00118866688,experiment,FIFO,0.28,0,variant_1
7415,INSPECTION_1_7,INSPECTION_1_7_LINE,26118.00118866688,3.6773435049653926,12,4.353437670164567,91.99712866641494,0.0,39,26026.004060000465,26118.00118866688,experiment,FIFO,0.28,0,variant_1
7416,MOULDING_3,MOULDING_MACHINE_3,26030.434897765743,4.430837765277829,1,0.0,0.0,201.4719326804443,38,26030.434897765743,26231.906830446187,experiment,FIFO,0.28,0,variant_5
7416,ASSEMBLY_1_2,LINE_2_ASSEMBLY1,26073.51977050588,24.46594231324343,2,43.08487274013896,43.08487274013896,158.38705994030533,38,26030.434897765743,26231.906830446187,experiment,FIFO,0.28,0,variant_5
7416,ASSEMBLY_2_1,ASSEMBLY2_LINE_1,26169.81183200252,6.134548740756145,3,96.29206149663878,139.37693423677774,62.094998443666555,43,26030.434897765743,26231.906830446187,experiment,FIFO,0.28,0,variant_5
7416,SORTING,SORTING_ROBOT_1,26194.12551571576,7.416709539771546,4,24.313683713240607,163.69061795001835,37.78131473042595,43,26030.434897765743,26231.906830446187,experiment,FIFO,0.28,0,variant_5
7416,PACKAGING_1,PACKAGING_LINE_1,26226.50135382653,20.558833067647356,5,32.37583811076911,196.06645606078746,5.405476619656838,43,26030.434897765743,26231.906830446187,experiment,FIFO,0.28,0,variant_5
7416,INSPECTION_2_1,INSPECTION_2_1_LINE,26228.94254631752,2.441192490990943,6,2.441192490990943,198.5076485517784,2.964284128665895,42,26030.434897765743,26231.906830446187,experiment,FIFO,0.28,0,variant_5
7416,INSPECTION_2_2,INSPECTION_2_2_LINE,26230.04045460132,1.0979082837984606,7,1.0979082837984606,199.60555683557686,1.8663758448674344,43,26030.434897765743,26231.906830446187,experiment,FIFO,0.28,0,variant_5
7416,INSPECTION_2_3,INSPECTION_2_3_LINE,26231.04589492316,1.0054403218418884,8,1.0054403218418884,200.61099715741875,0.860935523025546,42,26030.434897765743,26231.906830446187,experiment,FIFO,0.28,0,variant_5
7416,INSPECTION_2_4,INSPECTION_2_4_LINE,26231.349895135954,0.3040002127927437,9,0.3040002127927437,200.9149973702115,0.5569353102328023,43,26030.434897765743,26231.906830446187,experiment,FIFO,0.28,0,variant_5
7416,INSPECTION_2_5,INSPECTION_2_5_LINE,26231.665194181707,0.31529904575290857,10,0.31529904575290857,201.2302964159644,0.24163626447989373,43,26030.434897765743,26231.906830446187,experiment,FIFO,0.28,0,variant_5
7416,INSPECTION_2_6,INSPECTION_2_6_LINE,26231.80539793324,0.14020375153268105,11,0.14020375153268105,201.37050016749708,0.10143251294721267,43,26030.434897765743,26231.906830446187,experiment,FIFO,0.28,0,variant_5
7416,INSPECTION_2_7,INSPECTION_2_7_LINE,26231.906830446187,0.10143251294721267,12,0.10143251294721267,201.4719326804443,0.0,42,26030.434897765743,26231.906830446187,experiment,FIFO,0.28,0,variant_5
7417,MOULDING_5,MOULDING_MACHINE_5,26034.20475606442,5.862317845225334,1,0.0,0.0,111.98794378779712,38,26034.20475606442,26146.192699852218,experiment,FIFO,0.28,0,variant_5
7417,ASSEMBLY_1_2,LINE_2_ASSEMBLY1,26079.516265641083,5.996495135201258,2,45.3115095766625,45.3115095766625,66.67643421113462,38,26034.20475606442,26146.192699852218,experiment,FIFO,0.28,0,variant_5
7417,ASSEMBLY_2_2,ASSEMBLY2_LINE_2,26095.27688378828,9.442049391389446,3,15.76061814719651,61.07212772385901,50.91581606393811,39,26034.20475606442,26146.192699852218,experiment,FIFO,0.28,0,variant_5
7417,SORTING,SORTING_ROBOT_1,26126.627722042635,2.913806130953162,4,31.35083825435504,92.42296597821405,19.56497780958307,33,26034.20475606442,26146.192699852218,experiment,FIFO,0.28,0,variant_5
7417,PACKAGING_3,PACKAGING_LINE_3,26129.653325410265,3.025603367630538,5,3.025603367630538,95.44856934584459,16.539374441952532,34,26034.20475606442,26146.192699852218,experiment,FIFO,0.28,0,variant_5
7417,INSPECTION_1_1,INSPECTION_1_1_LINE,26132.93293374832,0.4656368945579743,6,3.2796083380562777,98.72817768390087,13.259766103896254,36,26034.20475606442,26146.192699852218,experiment,FIFO,0.28,0,variant_5
7417,INSPECTION_1_2,INSPECTION_1_2_LINE,26133.8592631685,0.9263294201773533,7,0.9263294201773533,99.65450710407822,12.333436683718901,36,26034.20475606442,26146.192699852218,experiment,FIFO,0.28,0,variant_5
7417,INSPECTION_1_3,INSPECTION_1_3_LINE,26134.007265588152,0.14800241965349414,8,0.14800241965349414,99.80250952373171,12.185434264065407,36,26034.20475606442,26146.192699852218,experiment,FIFO,0.28,0,variant_5
7417,INSPECTION_1_4,INSPECTION_1_4_LINE,26140.424471476217,3.8721595814167813,9,6.417205888064927,106.21971541179664,5.768228376000479,39,26034.20475606442,26146.192699852218,experiment,FIFO,0.28,0,variant_5
7417,INSPECTION_1_5,INSPECTION_1_5_LINE,26141.111245388827,0.6867739126100787,10,0.6867739126100787,106.90648932440672,5.081454463390401,38,26034.20475606442,26146.192699852218,experiment,FIFO,0.28,0,variant_5
7417,INSPECTION_1_6,INSPECTION_1_6_LINE,26142.040413211875,0.9291678230474645,11,0.9291678230474645,107.83565714745419,4.152286640342936,40,26034.20475606442,26146.192699852218,experiment,FIFO,0.28,0,variant_5
7417,INSPECTION_1_7,INSPECTION_1_7_LINE,26146.192699852218,4.152286640342936,12,4.152286640342936,111.98794378779712,0.0,39,26034.20475606442,26146.192699852218,experiment,FIFO,0.28,0,variant_5
7418,MOULDING_3,MOULDING_MACHINE_3,26030.6096602197,0.1747624539566459,1,0.0,0.0,159.4242572659059,39,26030.6096602197,26190.033917485605,experiment,FIFO,0.28,0,variant_5
7418,ASSEMBLY_1_4,LINE_4_ASSEMBLY1,26036.72744690524,6.117786685539613,2,6.117786685539613,6.117786685539613,153.3064705803663,39,26030.6096602197,26190.033917485605,experiment,FIFO,0.28,0,variant_5
7418,ASSEMBLY_2_1,ASSEMBLY2_LINE_1,26132.23552846603,2.2971421478396223,3,95.50808156079074,101.62586824633036,57.79838901957555,35,26030.6096602197,26190.033917485605,experiment,FIFO,0.28,0,variant_5
7418,SORTING,SORTING_ROBOT_1,26174.17527596388,2.005664475971571,4,41.939747497850476,143.56561574418083,15.858641521725076,42,26030.6096602197,26190.033917485605,experiment,FIFO,0.28,0,variant_5
7418,PACKAGING_2,PACKAGING_LINE_2,26179.411567603936,4.390860881172557,5,5.236291640056152,148.80190738423698,10.622349881668924,43,26030.6096602197,26190.033917485605,experiment,FIFO,0.28,0,variant_5
7418,INSPECTION_2_1,INSPECTION_2_1_LINE,26180.30468870966,0.8931211057242763,6,0.8931211057242763,149.69502848996126,9.729228775944648,43,26030.6096602197,26190.033917485605,experiment,FIFO,0.28,0,variant_5
7418,INSPECTION_2_2,INSPECTION_2_2_LINE,26180.542043076563,0.23735436690185452,7,0.23735436690185452,149.93238285686311,9.491874409042794,42,26030.6096602197,26190.033917485605,experiment,FIFO,0.28,0,variant_5
7418,INSPECTION_2_3,INSPECTION_2_3_LINE,26182.9112455291,2.369202452537138,8,2.369202452537138,152.30158530940025,7.1226719565056555,43,26030.6096602197,26190.033917485605,experiment,FIFO,0.28,0,variant_5
7418,INSPECTION_2_4,INSPECTION_2_4_LINE,26185.962889279337,3.0516437502374174,9,3.0516437502374174,155.35322905963767,4.071028206268238,44,26030.6096602197,26190.033917485605,experiment,FIFO,0.28,0,variant_5
7418,INSPECTION_2_5,INSPECTION_2_5_LINE,26186.111047781265,0.14815850192826474,10,0.14815850192826474,155.50138756156593,3.9228697043399734,44,26030.6096602197,26190.033917485605,experiment,FIFO,0.28,0,variant_5
7418,INSPECTION_2_6,INSPECTION_2_6_LINE,26187.139518566142,1.0284707848768448,11,1.0284707848768448,156.52985834644278,2.8943989194631285,44,26030.6096602197,26190.033917485605,experiment,FIFO,0.28,0,variant_5
7418,INSPECTION_2_7,INSPECTION_2_7_LINE,26190.033917485605,2.8943989194631285,12,2.8943989194631285,159.4242572659059,0.0,43,26030.6096602197,26190.033917485605,experiment,FIFO,0.28,0,variant_5
7419,MOULDING_3,MOULDING_MACHINE_3,26033.535870932115,1.4117605459468905,1,0.0,0.0,92.48273846825396,38,26033.535870932115,26126.01860940037,experiment,FIFO,0.28,0,variant_3
7419,ASSEMBLY_1_3,LINE_3_ASSEMBLY1,26049.073898057643,15.538027125527151,2,15.538027125527151,15.538027125527151,76.9447113427268,37,26033.535870932115,26126.01860940037,experiment,FIFO,0.28,0,variant_3
7419,ASSEMBLY_2_2,ASSEMBLY2_LINE_2,26084.264587895384,2.050559092866024,3,35.19068983774196,50.72871696326911,41.75402150498485,36,26033.535870932115,26126.01860940037,experiment,FIFO,0.28,0,variant_3
7419,SORTING,SORTING_ROBOT_1,26099.893619624865,2.4731343996245414,4,15.62903172948063,66.35774869274974,26.12498977550422,37,26033.535870932115,26126.01860940037,experiment,FIFO,0.28,0,variant_3
7419,PACKAGING_2,PACKAGING_LINE_2,26108.24826278687,3.6408858549293655,5,8.354643162005232,74.71239185475497,17.770346613498987,37,26033.535870932115,26126.01860940037,experiment,FIFO,0.28,0,variant_3
7419,INSPECTION_2_1,INSPECTION_2_1_LINE,26108.77071505978,0.02487017941530212,6,0.5224522729113232,75.23484412766629,17.247894340587663,37,26033.535870932115,26126.01860940037,experiment,FIFO,0.28,0,variant_3
7419,INSPECTION_2_2,INSPECTION_2_2_LINE,26113.92137136253,0.44092289521722705,7,5.150656302746938,80.38550043041323,12.097238037840725,38,26033.535870932115,26126.01860940037,experiment,FIFO,0.28,0,variant_3
7419,INSPECTION_2_3,INSPECTION_2_3_LINE,26118.59499660588,0.13257240465827635,8,4.673625243351125,85.05912567376436,7.4236127944896,38,26033.535870932115,26126.01860940037,experiment,FIFO,0.28,0,variant_3
7419,INSPECTION_2_4,INSPECTION_2_4_LINE,26121.48295224607,1.4766455674835015,9,2.887955640191649,87.947081313956,4.535657154297951,38,26033.535870932115,26126.01860940037,experiment,FIFO,0.28,0,variant_3
7419,INSPECTION_2_5,INSPECTION_2_5_LINE,26122.48722312708,1.0042708810069598,10,1.0042708810069598,88.95135219496296,3.531386273290991,37,26033.535870932115,26126.01860940037,experiment,FIFO,0.28,0,variant_3
7419,INSPECTION_2_6,INSPECTION_2_6_LINE,26124.666141006324,2.1789178792460007,11,2.1789178792460007,91.13027007420897,1.3524683940449904,34,26033.535870932115,26126.01860940037,experiment,FIFO,0.28,0,variant_3
7419,INSPECTION_2_7,INSPECTION_2_7_LINE,26126.01860940037,1.3524683940449904,12,1.3524683940449904,92.48273846825396,0.0,33,26033.535870932115,26126.01860940037,experiment,FIFO,0.28,0,variant_3
7420,MOULDING_2,MOULDING_MACHINE_2,26042.34211833857,9.30065031057893,1,0.0,0.0,153.07158412236822,39,26042.34211833857,26195.413702460937,experiment,FIFO,0.28,0,variant_6
7420,ASSEMBLY_1_5,LINE_5_ASSEMBLY1,26060.297428164034,17.95530982546552,2,17.95530982546552,17.95530982546552,135.1162742969027,38,26042.34211833857,26195.413702460937,experiment,FIFO,0.28,0,variant_6
7420,ASSEMBLY_2_1,ASSEMBLY2_LINE_1,26136.2822447436,2.547767645592103,3,75.98481657956654,93.94012640503206,59.13145771733616,38,26042.34211833857,26195.413702460937,experiment,FIFO,0.28,0,variant_6
7420,SORTING,SORTING_ROBOT_1,26177.45333694373,2.062435561882012,4,41.17109220012935,135.1112186051614,17.96036551720681,42,26042.34211833857,26195.413702460937,experiment,FIFO,0.28,0,variant_6
7420,PACKAGING_2,PACKAGING_LINE_2,26186.12614639155,6.7145787876143,5,8.672809447820327,143.78402805298174,9.287556069386483,44,26042.34211833857,26195.413702460937,experiment,FIFO,0.28,0,variant_6
7420,INSPECTION_1_1,INSPECTION_1_1_LINE,26186.918481804267,0.7923354127160565,6,0.7923354127160565,144.5763634656978,8.495220656670426,44,26042.34211833857,26195.413702460937,experiment,FIFO,0.28,0,variant_6
7420,INSPECTION_1_2,INSPECTION_1_2_LINE,26187.5499681246,0.6314863203333516,7,0.6314863203333516,145.20784978603115,7.863734336337075,44,26042.34211833857,26195.413702460937,experiment,FIFO,0.28,0,variant_6
7420,INSPECTION_1_3,INSPECTION_1_3_LINE,26188.275753901533,0.7257857769327529,8,0.7257857769327529,145.9336355629639,7.137948559404322,44,26042.34211833857,26195.413702460937,experiment,FIFO,0.28,0,variant_6
7420,INSPECTION_1_4,INSPECTION_1_4_LINE,26188.988240133545,0.7124862320124521,9,0.7124862320124521,146.64612179497635,6.42546232739187,44,26042.34211833857,26195.413702460937,experiment,FIFO,0.28,0,variant_6
7420,INSPECTION_1_5,INSPECTION_1_5_LINE,26189.701165974624,0.7129258410786861,10,0.7129258410786861,147.35904763605504,5.712536486313184,44,26042.34211833857,26195.413702460937,experiment,FIFO,0.28,0,variant_6
7420,INSPECTION_1_6,INSPECTION_1_6_LINE,26190.35535926043,0.654193285805377,11,0.654193285805377,148.01324092186042,5.058343200507807,43,26042.34211833857,26195.413702460937,experiment,FIFO,0.28,0,variant_6
7420,INSPECTION_1_7,INSPECTION_1_7_LINE,26195.413702460937,5.058343200507807,12,5.058343200507807,153.07158412236822,0.0,41,26042.34211833857,26195.413702460937,experiment,FIFO,0.28,0,variant_6
7421,MOULDING_3,MOULDING_MACHINE_3,26036.54315931913,1.2636137506124214,1,0.0,0.0,172.2916629890169,39,26036.54315931913,26208.83482230815,experiment,FIFO,0.28,0,variant_6
7421,ASSEMBLY_1_1,LINE_1_ASSEMBLY1,26064.51195959066,27.9688002715302,2,27.9688002715302,27.9688002715302,144.32286271748671,38,26036.54315931913,26208.83482230815,experiment,FIFO,0.28,0,variant_6
7421,ASSEMBLY_2_1,ASSEMBLY2_LINE_1,26161.47792241008,25.195677666477422,3,96.96596281941675,124.93476309094694,47.35689989806997,42,26036.54315931913,26208.83482230815,experiment,FIFO,0.28,0,variant_6
7421,SORTING,SORTING_ROBOT_1,26186.20087835193,1.2278850599686848,4,24.72295594185198,149.65771903279892,22.63394395621799,44,26036.54315931913,26208.83482230815,experiment,FIFO,0.28,0,variant_6
7421,PACKAGING_1,PACKAGING_LINE_1,26198.495683528257,2.8529107592839864,5,12.294805176326918,161.95252420912584,10.339138779891073,41,26036.54315931913,26208.83482230815,experiment,FIFO,0.28,0,variant_6
7421,INSPECTION_2_1,INSPECTION_2_1_LINE,26201.544367374387,3.048683846129279,6,3.048683846129279,165.00120805525512,7.290454933761794,41,26036.54315931913,26208.83482230815,experiment,FIFO,0.28,0,variant_6
7421,INSPECTION_2_2,INSPECTION_2_2_LINE,26202.298329920028,0.7539625456411159,7,0.7539625456411159,165.75517060089624,6.536492388120678,42,26036.54315931913,26208.83482230815,experiment,FIFO,0.28,0,variant_6
7421,INSPECTION_2_3,INSPECTION_2_3_LINE,26204.20887358401,1.9105436639838445,8,1.9105436639838445,167.66571426488008,4.625948724136833,42,26036.54315931913,26208.83482230815,experiment,FIFO,0.28,0,variant_6
7421,INSPECTION_2_4,INSPECTION_2_4_LINE,26207.198450911143,2.9895773271309736,9,2.9895773271309736,170.65529159201105,1.6363713970058598,43,26036.54315931913,26208.83482230815,experiment,FIFO,0.28,0,variant_6
7421,INSPECTION_2_5,INSPECTION_2_5_LINE,26207.60536299765,0.40691208650605404,10,0.40691208650605404,171.0622036785171,1.2294593104998057,44,26036.54315931913,26208.83482230815,experiment,FIFO,0.28,0,variant_6
7421,INSPECTION_2_6,INSPECTION_2_6_LINE,26208.54794834688,0.9425853492321039,11,0.9425853492321039,172.0047890277492,0.2868739612677018,43,26036.54315931913,26208.83482230815,experiment,FIFO,0.28,0,variant_6
7421,INSPECTION_2_7,INSPECTION_2_7_LINE,26208.83482230815,0.2868739612677018,12,0.2868739612677018,172.2916629890169,0.0,42,26036.54315931913,26208.83482230815,experiment,FIFO,0.28,0,variant_6
7422,MOULDING_5,MOULDING_MACHINE_5,26041.32729081667,0.7907161462389922,1,0.0,0.0,82.36096152069877,38,26041.32729081667,26123.688252337368,experiment,FIFO,0.28,0,variant_5
7422,ASSEMBLY_1_3,LINE_3_ASSEMBLY1,26059.389224433784,10.315326376141456,2,18.061933617114846,18.061933617114846,64.29902790358392,39,26041.32729081667,26123.688252337368,experiment,FIFO,0.28,0,variant_5
7422,ASSEMBLY_2_2,ASSEMBLY2_LINE_2,26085.83483439689,1.5702465015056077,3,26.445609963106108,44.507543580220954,37.85341794047781,36,26041.32729081667,26123.688252337368,experiment,FIFO,0.28,0,variant_5
7422,SORTING,SORTING_ROBOT_1,26105.334851784275,4.445591864452581,4,19.500017387385014,64.00756096760597,18.353400553092797,37,26041.32729081667,26123.688252337368,experiment,FIFO,0.28,0,variant_5
7422,PACKAGING_3,PACKAGING_LINE_3,26106.043545456738,0.7086936724626867,5,0.7086936724626867,64.71625464006866,17.64470688063011,37,26041.32729081667,26123.688252337368,experiment,FIFO,0.28,0,variant_5
7422,INSPECTION_1_1,INSPECTION_1_1_LINE,26109.37633456587,3.332789109132136,6,3.332789109132136,68.04904374920079,14.311917771497974,37,26041.32729081667,26123.688252337368,experiment,FIFO,0.28,0,variant_5
7422,INSPECTION_1_2,INSPECTION_1_2_LINE,26112.29914842072,2.9228138548496645,7,2.9228138548496645,70.97185760405046,11.38910391664831,37,26041.32729081667,26123.688252337368,experiment,FIFO,0.28,0,variant_5
7422,INSPECTION_1_3,INSPECTION_1_3_LINE,26112.996556331564,0.6974079108440492,8,0.6974079108440492,71.6692655148945,10.69169600580426,37,26041.32729081667,26123.688252337368,experiment,FIFO,0.28,0,variant_5
7422,INSPECTION_1_4,INSPECTION_1_4_LINE,26114.14275220031,0.5970464556594379,9,1.1461958687468723,72.81546138364138,9.545500137057388,38,26041.32729081667,26123.688252337368,experiment,FIFO,0.28,0,variant_5
7422,INSPECTION_1_5,INSPECTION_1_5_LINE,26115.29652607448,0.37434922191823716,10,1.1537738741681096,73.96923525780949,8.391726262889279,37,26041.32729081667,26123.688252337368,experiment,FIFO,0.28,0,variant_5
7422,INSPECTION_1_6,INSPECTION_1_6_LINE,26116.41281099663,0.8288884186986252,11,1.1162849221509532,75.08552017996044,7.275441340738325,38,26041.32729081667,26123.688252337368,experiment,FIFO,0.28,0,variant_5
7422,INSPECTION_1_7,INSPECTION_1_7_LINE,26123.688252337368,0.7037942269053019,12,7.275441340738325,82.36096152069877,0.0,34,26041.32729081667,26123.688252337368,experiment,FIFO,0.28,0,variant_5
7423,MOULDING_4,MOULDING_MACHINE_4,26053.83887483753,12.804762922849477,1,0.0,0.0,161.13869136225912,38,26053.83887483753,26214.97756619979,experiment,FIFO,0.28,0,variant_1
7423,ASSEMBLY_1_1,LINE_1_ASSEMBLY1,26065.33803459697,0.8260750063091109,2,11.499159759441682,11.499159759441682,149.63953160281744,38,26053.83887483753,26214.97756619979,experiment,FIFO,0.28,0,variant_1
7423,ASSEMBLY_2_1,ASSEMBLY2_LINE_1,26163.677283261764,2.199360851685924,3,98.33924866479356,109.83840842423524,51.300282938023884,41,26053.83887483753,26214.97756619979,experiment,FIFO,0.28,0,variant_1
7423,SORTING,SORTING_ROBOT_1,26186.70880617599,0.507927824059152,4,23.031522914225206,132.86993133846045,28.268760023798677,44,26053.83887483753,26214.97756619979,experiment,FIFO,0.28,0,variant_1
7423,PACKAGING_1,PACKAGING_LINE_1,26205.942520758883,7.446837230625533,5,19.2337145828933,152.10364592135375,9.035045440905378,43,26053.83887483753,26214.97756619979,experiment,FIFO,0.28,0,variant_1
7423,INSPECTION_1_1,INSPECTION_1_1_LINE,26206.09145148185,0.1489307229676342,6,0.1489307229676342,152.25257664432138,8.886114717937744,43,26053.83887483753,26214.97756619979,experiment,FIFO,0.28,0,variant_1
7423,INSPECTION_1_2,INSPECTION_1_2_LINE,26206.448461209216,0.3570097273659485,7,0.3570097273659485,152.60958637168733,8.529104990571795,43,26053.83887483753,26214.97756619979,experiment,FIFO,0.28,0,variant_1
7423,INSPECTION_1_3,INSPECTION_1_3_LINE,26207.24095822964,0.7924970204221609,8,0.7924970204221609,153.4020833921095,7.736607970149635,43,26053.83887483753,26214.97756619979,experiment,FIFO,0.28,0,variant_1
7423,INSPECTION_1_4,INSPECTION_1_4_LINE,26208.943999855062,0.6598989453814283,9,1.7030416254237934,155.10512501753328,6.033566344725841,42,26053.83887483753,26214.97756619979,experiment,FIFO,0.28,0,variant_1
7423,INSPECTION_1_5,INSPECTION_1_5_LINE,26209.22681065544,0.2828108003777743,10,0.2828108003777743,155.38793581791106,5.750755544348067,42,26053.83887483753,26214.97756619979,experiment,FIFO,0.28,0,variant_1
7423,INSPECTION_1_6,INSPECTION_1_6_LINE,26211.61613551134,2.3893248558997584,11,2.3893248558997584,157.77726067381082,3.3614306884483085,41,26053.83887483753,26214.97756619979,experiment,FIFO,0.28,0,variant_1
7423,INSPECTION_1_7,INSPECTION_1_7_LINE,26214.97756619979,3.3614306884483085,12,3.3614306884483085,161.13869136225912,0.0,41,26053.83887483753,26214.97756619979,experiment,FIFO,0.28,0,variant_1
7424,MOULDING_4,MOULDING_MACHINE_4,26055.74768426747,1.9088094299404474,1,0.0,0.0,214.64846460460467,39,26055.74768426747,26270.396148872074,experiment,FIFO,0.28,0,variant_3
7424,ASSEMBLY_1_5,LINE_5_ASSEMBLY1,26081.57789274424,21.28046458020617,2,25.830208476771077,25.830208476771077,188.8182561278336,36,26055.74768426747,26270.396148872074,experiment,FIFO,0.28,0,variant_3
7424,ASSEMBLY_2_1,ASSEMBLY2_LINE_1,26184.18150853784,2.9691643675214436,3,102.6036157935996,128.43382427037068,86.21464033423399,43,26055.74768426747,26270.396148872074,experiment,FIFO,0.28,0,variant_3
7424,SORTING,SORTING_ROBOT_1,26221.060913617846,2.1869153497063962,4,36.87940508000611,165.3132293503768,49.33523525422788,42,26055.74768426747,26270.396148872074,experiment,FIFO,0.28,0,variant_3
7424,PACKAGING_1,PACKAGING_LINE_1,26262.07500771068,4.644048955771723,5,41.01409409283224,206.32732344320902,8.321141161395644,44,26055.74768426747,26270.396148872074,experiment,FIFO,0.28,0,variant_3
7424,INSPECTION_1_1,INSPECTION_1_1_LINE,26262.947292639787,0.872284929107991,6,0.872284929107991,207.19960837231702,7.448856232287653,44,26055.74768426747,26270.396148872074,experiment,FIFO,0.28,0,variant_3
7424,INSPECTION_1_2,INSPECTION_1_2_LINE,26265.305910723066,1.932953889547207,7,2.358618083278998,209.558226455596,5.0902381490086555,43,26055.74768426747,26270.396148872074,experiment,FIFO,0.28,0,variant_3
7424,INSPECTION_1_3,INSPECTION_1_3_LINE,26265.40931882708,0.10340810401612544,8,0.10340810401612544,209.66163455961214,4.98683004499253,43,26055.74768426747,26270.396148872074,experiment,FIFO,0.28,0,variant_3
7424,INSPECTION_1_4,INSPECTION_1_4_LINE,26266.1811565493,0.6451561861176742,9,0.7718377222190611,210.4334722818312,4.214992322773469,41,26055.74768426747,26270.396148872074,experiment,FIFO,0.28,0,variant_3
7424,INSPECTION_1_5,INSPECTION_1_5_LINE,26267.259836739635,1.0786801903341257,10,1.0786801903341257,211.51215247216533,3.1363121324393433,41,26055.74768426747,26270.396148872074,experiment,FIFO,0.28,0,variant_3
7424,INSPECTION_1_6,INSPECTION_1_6_LINE,26268.87539662265,0.26525265285090427,11,1.6155598830155213,213.12771235518085,1.520752249423822,39,26055.74768426747,26270.396148872074,experiment,FIFO,0.28,0,variant_3
7424,INSPECTION_1_7,INSPECTION_1_7_LINE,26270.396148872074,1.520752249423822,12,1.520752249423822,214.64846460460467,0.0,39,26055.74768426747,26270.396148872074,experiment,FIFO,0.28,0,variant_3
7425,MOULDING_4,MOULDING_MACHINE_4,26075.396645209803,19.64896094233336,1,0.0,0.0,133.0933360307681,37,26075.396645209803,26208.48998124057,experiment,FIFO,0.28,0,variant_5
7425,ASSEMBLY_1_2,LINE_2_ASSEMBLY1,26156.163033761684,64.22764178894795,2,80.76638855188139,80.76638855188139,52.32694747888672,39,26075.396645209803,26208.48998124057,experiment,FIFO,0.28,0,variant_5
7425,ASSEMBLY_2_2,ASSEMBLY2_LINE_2,26172.97700954265,12.079579266999644,3,16.813975780965848,97.58036433284724,35.512971697920875,42,26075.396645209803,26208.48998124057,experiment,FIFO,0.28,0,variant_5
7425,SORTING,SORTING_ROBOT_1,26194.896977669443,0.7714619536818645,4,21.91996812679281,119.50033245964005,13.593003571128065,42,26075.396645209803,26208.48998124057,experiment,FIFO,0.28,0,variant_5
7425,PACKAGING_3,PACKAGING_LINE_3,26196.72874478683,1.8317671173863346,5,1.8317671173863346,121.33209957702638,11.76123645374173,41,26075.396645209803,26208.48998124057,experiment,FIFO,0.28,0,variant_5
7425,INSPECTION_1_1,INSPECTION_1_1_LINE,26197.70020973203,0.9714649451998412,6,0.9714649451998412,122.30356452222622,10.78977150854189,41,26075.396645209803,26208.48998124057,experiment,FIFO,0.28,0,variant_5
7425,INSPECTION_1_2,INSPECTION_1_2_LINE,26202.74086481266,5.040655080629222,7,5.040655080629222,127.34421960285545,5.749116427912668,42,26075.396645209803,26208.48998124057,experiment,FIFO,0.28,0,variant_5
7425,INSPECTION_1_3,INSPECTION_1_3_LINE,26204.30060440427,1.559739591612015,8,1.559739591612015,128.90395919446746,4.189376836300653,42,26075.396645209803,26208.48998124057,experiment,FIFO,0.28,0,variant_5
7425,INSPECTION_1_4,INSPECTION_1_4_LINE,26204.678876289992,0.37827188572191517,9,0.37827188572191517,129.28223108018938,3.8111049505787378,43,26075.396645209803,26208.48998124057,experiment,FIFO,0.28,0,variant_5
7425,INSPECTION_1_5,INSPECTION_1_5_LINE,26206.206598273024,1.5277219830313697,10,1.5277219830313697,130.80995306322075,2.283382967547368,43,26075.396645209803,26208.48998124057,experiment,FIFO,0.28,0,variant_5
7425,INSPECTION_1_6,INSPECTION_1_6_LINE,26208.294867872173,2.0882695991494984,11,2.0882695991494984,132.89822266237024,0.19511336839786964,43,26075.396645209803,26208.48998124057,experiment,FIFO,0.28,0,variant_5
7425,INSPECTION_1_7,INSPECTION_1_7_LINE,26208.48998124057,0.19511336839786964,12,0.19511336839786964,133.0933360307681,0.0,43,26075.396645209803,26208.48998124057,experiment,FIFO,0.28,0,variant_5
7426,MOULDING_3,MOULDING_MACHINE_3,26049.642386438663,1.963121184024203,1,0.0,0.0,218.74546944388567,38,26049.642386438663,26268.38785588255,experiment,FIFO,0.28,0,variant_6
7426,MOULDING_3,MOULDING_MACHINE_3,26060.80307513291,11.160688694246346,2,11.160688694246346,11.160688694246346,207.58478074963932,38,26049.642386438663,26268.38785588255,experiment,FIFO,0.28,0,variant_6
7426,ASSEMBLY_1_2,LINE_2_ASSEMBLY1,26080.287439016087,0.7711733750038547,3,19.48436388317714,30.645052577423485,188.10041686646218,38,26049.642386438663,26268.38785588255,experiment,FIFO,0.28,0,variant_6
7426,ASSEMBLY_2_1,ASSEMBLY2_LINE_1,26181.21234417032,2.082713047559082,4,100.92490515423196,131.56995773165545,87.17551171223022,42,26049.642386438663,26268.38785588255,experiment,FIFO,0.28,0,variant_6
7426,SORTING,SORTING_ROBOT_1,26218.87399826814,2.3736683382085175,5,37.661654097821156,169.2316118294766,49.51385761440906,40,26049.642386438663,26268.38785588255,experiment,FIFO,0.28,0,variant_6
7426,PACKAGING_1,PACKAGING_LINE_1,26257.430958754907,5.751675447754678,6,38.55696048676691,207.78857231624352,10.95689712764215,43,26049.642386438663,26268.38785588255,experiment,FIFO,0.28,0,variant_6
7426,INSPECTION_2_1,INSPECTION_2_1_LINE,26260.89442884784,3.4634700929345854,7,3.4634700929345854,211.2520424091781,7.493427034707565,43,26049.642386438663,26268.38785588255,experiment,FIFO,0.28,0,variant_6
7426,INSPECTION_2_2,INSPECTION_2_2_LINE,26262.490462524467,1.596033676625666,8,1.596033676625666,212.84807608580377,5.897393358081899,44,26049.642386438663,26268.38785588255,experiment,FIFO,0.28,0,variant_6
7426,INSPECTION_2_3,INSPECTION_2_3_LINE,26263.651214705347,1.1607521808800811,9,1.1607521808800811,214.00882826668385,4.736641177201818,44,26049.642386438663,26268.38785588255,experiment,FIFO,0.28,0,variant_6
7426,INSPECTION_2_4,INSPECTION_2_4_LINE,26265.26922495929,1.618010253943794,10,1.618010253943794,215.62683852062764,3.1186309232580243,43,26049.642386438663,26268.38785588255,experiment,FIFO,0.28,0,variant_6
7426,INSPECTION_2_5,INSPECTION_2_5_LINE,26266.465890507843,1.1966655485521187,11,1.1966655485521187,216.82350406917976,1.9219653747059056,41,26049.642386438663,26268.38785588255,experiment,FIFO,0.28,0,variant_6
7426,INSPECTION_2_6,INSPECTION_2_6_LINE,26268.193556651306,1.7276661434625566,12,1.7276661434625566,218.55117021264232,0.1942992312433489,41,26049.642386438663,26268.38785588255,experiment,FIFO,0.28,0,variant_6
7426,INSPECTION_2_7,INSPECTION_2_7_LINE,26268.38785588255,0.1942992312433489,13,0.1942992312433489,218.74546944388567,0.0,40,26049.642386438663,26268.38785588255,experiment,FIFO,0.28,0,variant_6
7427,MOULDING_5,MOULDING_MACHINE_5,26056.86452328624,4.956527490379813,1,0.0,0.0,152.4244855101715,40,26056.86452328624,26209.28900879641,experiment,FIFO,0.28,0,variant_5
7427,ASSEMBLY_1_1,LINE_1_ASSEMBLY1,26075.458409595904,10.120374998932675,2,18.593886309663503,18.593886309663503,133.830599200508,37,26056.86452328624,26209.28900879641,experiment,FIFO,0.28,0,variant_5
7427,ASSEMBLY_2_1,ASSEMBLY2_LINE_1,26175.09512452676,5.283292524240096,3,99.63671493085712,118.23060124052063,34.19388426965088,41,26056.86452328624,26209.28900879641,experiment,FIFO,0.28,0,variant_5
7427,SORTING,SORTING_ROBOT_1,26200.70386538415,5.806887714705226,4,25.608740857387602,143.83934209790823,8.585143412263278,41,26056.86452328624,26209.28900879641,experiment,FIFO,0.28,0,variant_5
7427,PACKAGING_2,PACKAGING_LINE_2,26203.435633908703,2.7317685245543544,5,2.7317685245543544,146.57111062246258,5.853374887708924,42,26056.86452328624,26209.28900879641,experiment,FIFO,0.28,0,variant_5
7427,INSPECTION_1_1,INSPECTION_1_1_LINE,26204.35471041175,0.9190765030471084,6,0.9190765030471084,147.4901871255097,4.934298384661815,42,26056.86452328624,26209.28900879641,experiment,FIFO,0.28,0,variant_5
7427,INSPECTION_1_2,INSPECTION_1_2_LINE,26204.8601431509,0.505432739151729,7,0.505432739151729,147.99561986466142,4.428865645510086,43,26056.86452328624,26209.28900879641,experiment,FIFO,0.28,0,variant_5
7427,INSPECTION_1_3,INSPECTION_1_3_LINE,26205.777124349104,0.9169811982028477,8,0.9169811982028477,148.91260106286427,3.5118844473072386,43,26056.86452328624,26209.28900879641,experiment,FIFO,0.28,0,variant_5
7427,INSPECTION_1_4,INSPECTION_1_4_LINE,26208.28410090968,2.5069765605767316,9,2.5069765605767316,151.419577623441,1.004907886730507,43,26056.86452328624,26209.28900879641,experiment,FIFO,0.28,0,variant_5
7427,INSPECTION_1_5,INSPECTION_1_5_LINE,26208.338817167063,0.054716257382096956,10,0.054716257382096956,151.4742938808231,0.9501916293484101,43,26056.86452328624,26209.28900879641,experiment,FIFO,0.28,0,variant_5
7427,INSPECTION_1_6,INSPECTION_1_6_LINE,26209.062301277565,0.7234841105018859,11,0.7234841105018859,152.19777799132498,0.22670751884652418,42,26056.86452328624,26209.28900879641,experiment,FIFO,0.28,0,variant_5
7427,INSPECTION_1_7,INSPECTION_1_7_LINE,26209.28900879641,0.22670751884652418,12,0.22670751884652418,152.4244855101715,0.0,41,26056.86452328624,26209.28900879641,experiment,FIFO,0.28,0,variant_5
7428,MOULDING_5,MOULDING_MACHINE_5,26066.42414210847,9.559618822229822,1,0.0,0.0,96.82350427835263,40,26066.42414210847,26163.247646386822,experiment,FIFO,0.28,0,variant_1
7428,ASSEMBLY_1_2,LINE_2_ASSEMBLY1,26091.935391972736,11.647952956649533,2,25.511249864266574,25.511249864266574,71.31225441408606,38,26066.42414210847,26163.247646386822,experiment,FIFO,0.28,0,variant_1
7428,ASSEMBLY_2_2,ASSEMBLY2_LINE_2,26103.01892137916,5.639239760639612,3,11.083529406423622,36.594779270690196,60.22872500766243,36,26066.42414210847,26163.247646386822,experiment,FIFO,0.28,0,variant_1
7428,SORTING,SORTING_ROBOT_1,26151.713614349635,0.661697105064377,4,48.694692970475444,85.28947224116564,11.53403203718699,39,26066.42414210847,26163.247646386822,experiment,FIFO,0.28,0,variant_1
7428,PACKAGING_1,PACKAGING_LINE_1,26153.796617076,1.2534990236927115,5,2.083002726365521,87.37247496753116,9.451029310821468,39,26066.42414210847,26163.247646386822,experiment,FIFO,0.28,0,variant_1
7428,INSPECTION_1_1,INSPECTION_1_1_LINE,26157.94561109253,4.148994016530196,6,4.148994016530196,91.52146898406136,5.302035294291272,39,26066.42414210847,26163.247646386822,experiment,FIFO,0.28,0,variant_1
7428,INSPECTION_1_2,INSPECTION_1_2_LINE,26158.00257164433,0.0569605517994205,7,0.0569605517994205,91.57842953586078,5.245074742491852,39,26066.42414210847,26163.247646386822,experiment,FIFO,0.28,0,variant_1
7428,INSPECTION_1_3,INSPECTION_1_3_LINE,26158.99673821532,0.9941665709884546,8,0.9941665709884546,92.57259610684923,4.250908171503397,39,26066.42414210847,26163.247646386822,experiment,FIFO,0.28,0,variant_1
7428,INSPECTION_1_4,INSPECTION_1_4_LINE,26159.410028362665,0.41329014734583325,9,0.41329014734583325,92.98588625419507,3.837618024157564,39,26066.42414210847,26163.247646386822,experiment,FIFO,0.28,0,variant_1
7428,INSPECTION_1_5,INSPECTION_1_5_LINE,26161.89232951046,2.4823011477965338,10,2.4823011477965338,95.4681874019916,1.3553168763610302,42,26066.42414210847,26163.247646386822,experiment,FIFO,0.28,0,variant_1
7428,INSPECTION_1_6,INSPECTION_1_6_LINE,26162.25997422491,0.36764471444985247,11,0.36764471444985247,95.83583211644145,0.9876721619111777,42,26066.42414210847,26163.247646386822,experiment,FIFO,0.28,0,variant_1
7428,INSPECTION_1_7,INSPECTION_1_7_LINE,26163.247646386822,0.9876721619111777,12,0.9876721619111777,96.82350427835263,0.0,41,26066.42414210847,26163.247646386822,experiment,FIFO,0.28,0,variant_1
7429,MOULDING_3,MOULDING_MACHINE_3,26065.546454447227,4.743379314317281,1,0.0,0.0,200.16474607374403,39,26065.546454447227,26265.71120052097,experiment,FIFO,0.28,0,variant_2
7429,ASSEMBLY_1_1,LINE_1_ASSEMBLY1,26076.339736084155,0.8813264882519434,2,10.793281636928441,10.793281636928441,189.3714644368156,37,26065.546454447227,26265.71120052097,experiment,FIFO,0.28,0,variant_2
7429,ASSEMBLY_2_1,ASSEMBLY2_LINE_1,26179.12963112276,4.034506595999119,3,102.7898950386043,113.58317667553274,86.58156939821129,42,26065.546454447227,26265.71120052097,experiment,FIFO,0.28,0,variant_2
7429,SORTING,SORTING_ROBOT_1,26216.50032992993,4.575865954400797,4,37.37069880717172,150.95387548270446,49.210870591039566,40,26065.546454447227,26265.71120052097,experiment,FIFO,0.28,0,variant_2
7429,PACKAGING_1,PACKAGING_LINE_1,26251.679283307152,7.263105265152262,5,35.17895337722075,186.1328288599252,14.031917213818815,44,26065.546454447227,26265.71120052097,experiment,FIFO,0.28,0,variant_2
7429,INSPECTION_1_1,INSPECTION_1_1_LINE,26260.30847276341,2.3734973710088525,6,8.629189456256427,194.76201831618164,5.402727757562388,44,26065.546454447227,26265.71120052097,experiment,FIFO,0.28,0,variant_2
7429,INSPECTION_1_2,INSPECTION_1_2_LINE,26261.168742717862,0.8602699544535426,7,0.8602699544535426,195.62228827063518,4.542457803108846,43,26065.546454447227,26265.71120052097,experiment,FIFO,0.28,0,variant_2
7429,INSPECTION_1_3,INSPECTION_1_3_LINE,26262.218805173303,1.0500624554406386,8,1.0500624554406386,196.67235072607582,3.4923953476682073,44,26065.546454447227,26265.71120052097,experiment,FIFO,0.28,0,variant_2
7429,INSPECTION_1_4,INSPECTION_1_4_LINE,26262.61781005862,0.39900488531566225,9,0.39900488531566225,197.07135561139148,3.093390462352545,44,26065.546454447227,26265.71120052097,experiment,FIFO,0.28,0,variant_2
7429,INSPECTION_1_5,INSPECTION_1_5_LINE,26263.54133016856,0.9235201099400001,10,0.9235201099400001,197.99487572133148,2.169870352412545,44,26065.546454447227,26265.71120052097,experiment,FIFO,0.28,0,variant_2
7429,INSPECTION_1_6,INSPECTION_1_6_LINE,26263.775892624453,0.23456245589477476,11,0.23456245589477476,198.22943817722626,1.9353078965177701,44,26065.546454447227,26265.71120052097,experiment,FIFO,0.28,0,variant_2
7429,INSPECTION_1_7,INSPECTION_1_7_LINE,26265.71120052097,0.2649069875260466,12,1.9353078965177701,200.16474607374403,0.0,41,26065.546454447227,26265.71120052097,experiment,FIFO,0.28,0,variant_2
7430,MOULDING_5,MOULDING_MACHINE_5,26070.16363254149,0.0712228491975111,1,0.0,0.0,166.27963652194012,40,26070.16363254149,26236.44326906343,experiment,FIFO,0.28,0,variant_3
7430,ASSEMBLY_1_4,LINE_4_ASSEMBLY1,26089.5581992885,19.394566747010686,2,19.394566747010686,19.394566747010686,146.88506977492943,37,26070.16363254149,26236.44326906343,experiment,FIFO,0.28,0,variant_3
7430,ASSEMBLY_2_1,ASSEMBLY2_LINE_1,26216.27917272397,32.097664186130714,3,126.7209734354692,146.1155401824799,20.16409633946023,40,26070.16363254149,26236.44326906343,experiment,FIFO,0.28,0,variant_3
7430,SORTING,SORTING_ROBOT_1,26227.63839839908,1.4055499234200397,4,11.359225675110793,157.47476585759068,8.804870664349437,42,26070.16363254149,26236.44326906343,experiment,FIFO,0.28,0,variant_3
7430,PACKAGING_3,PACKAGING_LINE_3,26228.742455563235,0.6512580302660353,5,1.104057164153346,158.57882302174403,7.700813500196091,42,26070.16363254149,26236.44326906343,experiment,FIFO,0.28,0,variant_3
7430,INSPECTION_1_1,INSPECTION_1_1_LINE,26229.64623913398,0.9037835707458726,6,0.9037835707458726,159.4826065924899,6.797029929450218,43,26070.16363254149,26236.44326906343,experiment,FIFO,0.28,0,variant_3
7430,INSPECTION_1_2,INSPECTION_1_2_LINE,26231.86359775657,2.2173586225871986,7,2.2173586225871986,161.6999652150771,4.57967130686302,43,26070.16363254149,26236.44326906343,experiment,FIFO,0.28,0,variant_3
7430,INSPECTION_1_3,INSPECTION_1_3_LINE,26231.950704519128,0.08710676255941507,8,0.08710676255941507,161.78707197763651,4.492564544303605,42,26070.16363254149,26236.44326906343,experiment,FIFO,0.28,0,variant_3
7430,INSPECTION_1_4,INSPECTION_1_4_LINE,26232.45492768241,0.5042231632833136,9,0.5042231632833136,162.29129514091983,3.988341381020291,42,26070.16363254149,26236.44326906343,experiment,FIFO,0.28,0,variant_3
7430,INSPECTION_1_5,INSPECTION_1_5_LINE,26233.3253869312,0.8704592487883929,10,0.8704592487883929,163.16175438970822,3.117882132231898,43,26070.16363254149,26236.44326906343,experiment,FIFO,0.28,0,variant_3
7430,INSPECTION_1_6,INSPECTION_1_6_LINE,26233.992041004,0.6666540728001564,11,0.6666540728001564,163.82840846250838,2.4512280594317417,44,26070.16363254149,26236.44326906343,experiment,FIFO,0.28,0,variant_3
7430,INSPECTION_1_7,INSPECTION_1_7_LINE,26236.44326906343,2.4512280594317417,12,2.4512280594317417,166.27963652194012,0.0,42,26070.16363254149,26236.44326906343,experiment,FIFO,0.28,0,variant_3
7431,MOULDING_5,MOULDING_MACHINE_5,26077.413439400792,2.7321367414770066,1,0.0,0.0,78.26055167360755,38,26077.413439400792,26155.6739910744,experiment,FIFO,0.28,0,variant_6
7431,ASSEMBLY_1_1,LINE_1_ASSEMBLY1,26084.469780761527,7.056341360734223,2,7.056341360734223,7.056341360734223,71.20421031287333,36,26077.413439400792,26155.6739910744,experiment,FIFO,0.28,0,variant_6
7431,ASSEMBLY_2_2,ASSEMBLY2_LINE_2,26097.37968161852,2.1027978302408883,3,12.909900856993772,19.966242217727995,58.29430945587956,38,26077.413439400792,26155.6739910744,experiment,FIFO,0.28,0,variant_6
7431,SORTING,SORTING_ROBOT_1,26129.391228875505,2.7635068328709167,4,32.01154725698507,51.97778947471306,26.28276219889449,33,26077.413439400792,26155.6739910744,experiment,FIFO,0.28,0,variant_6
7431,PACKAGING_3,PACKAGING_LINE_3,26140.08698132052,10.433655910255766,5,10.695752445015387,62.67354191972845,15.587009753879101,39,26077.413439400792,26155.6739910744,experiment,FIFO,0.28,0,variant_6
7431,INSPECTION_2_1,INSPECTION_2_1_LINE,26146.381146976244,6.294165655723191,6,6.294165655723191,68.96770757545164,9.29284409815591,39,26077.413439400792,26155.6739910744,experiment,FIFO,0.28,0,variant_6
7431,INSPECTION_2_2,INSPECTION_2_2_LINE,26146.43683258856,0.05568561231484637,7,0.05568561231484637,69.02339318776649,9.237158485841064,39,26077.413439400792,26155.6739910744,experiment,FIFO,0.28,0,variant_6
7431,INSPECTION_2_3,INSPECTION_2_3_LINE,26146.901274145934,0.46444155737481196,8,0.46444155737481196,69.4878347451413,8.772716928466252,39,26077.413439400792,26155.6739910744,experiment,FIFO,0.28,0,variant_6
7431,INSPECTION_2_4,INSPECTION_2_4_LINE,26149.22223147857,2.320957332634862,9,2.320957332634862,71.80879207777616,6.4517595958313905,39,26077.413439400792,26155.6739910744,experiment,FIFO,0.28,0,variant_6
7431,INSPECTION_2_5,INSPECTION_2_5_LINE,26149.318025369324,0.09579389075588551,10,0.09579389075588551,71.90458596853205,6.355965705075505,39,26077.413439400792,26155.6739910744,experiment,FIFO,0.28,0,variant_6
7431,INSPECTION_2_6,INSPECTION_2_6_LINE,26155.26135464476,5.943329275436554,11,5.943329275436554,77.8479152439686,0.4126364296389511,40,26077.413439400792,26155.6739910744,experiment,FIFO,0.28,0,variant_6
7431,INSPECTION_2_7,INSPECTION_2_7_LINE,26155.6739910744,0.4126364296389511,12,0.4126364296389511,78.26055167360755,0.0,39,26077.413439400792,26155.6739910744,experiment,FIFO,0.28,0,variant_6
7432,MOULDING_1,MOULDING_MACHINE_1,26089.036211765204,7.42553307783237,1,0.0,0.0,151.41583395957787,37,26089.036211765204,26240.45204572478,experiment,FIFO,0.28,0,variant_2
7432,ASSEMBLY_1_3,LINE_3_ASSEMBLY1,26092.83496714304,3.798755377836642,2,3.798755377836642,3.798755377836642,147.61707858174123,39,26089.036211765204,26240.45204572478,experiment,FIFO,0.28,0,variant_2
7432,ASSEMBLY_2_1,ASSEMBLY2_LINE_1,26217.34168665891,1.0625139349394885,3,124.50671951586992,128.30547489370656,23.110359065871307,40,26089.036211765204,26240.45204572478,experiment,FIFO,0.28,0,variant_2
7432,SORTING,SORTING_ROBOT_1,26228.66050526061,1.0221068615283002,4,11.318818601699604,139.62429349540616,11.791540464171703,42,26089.036211765204,26240.45204572478,experiment,FIFO,0.28,0,variant_2
7432,PACKAGING_3,PACKAGING_LINE_3,26232.36608574949,3.6236301862554683,5,3.705580488880514,143.32987398428668,8.085959975291189,42,26089.036211765204,26240.45204572478,experiment,FIFO,0.28,0,variant_2
7432,INSPECTION_2_1,INSPECTION_2_1_LINE,26233.15181094726,0.7857251977693522,6,0.7857251977693522,144.11559918205603,7.300234777521837,43,26089.036211765204,26240.45204572478,experiment,FIFO,0.28,0,variant_2
7432,INSPECTION_2_2,INSPECTION_2_2_LINE,26234.562022813443,1.41021186618309,7,1.41021186618309,145.52581104823912,5.890022911338747,44,26089.036211765204,26240.45204572478,experiment,FIFO,0.28,0,variant_2
7432,INSPECTION_2_3,INSPECTION_2_3_LINE,26236.278404811383,1.7163819979396067,8,1.7163819979396067,147.24219304617873,4.17364091339914,43,26089.036211765204,26240.45204572478,experiment,FIFO,0.28,0,variant_2
7432,INSPECTION_2_4,INSPECTION_2_4_LINE,26237.05307258735,0.7746677759678278,9,0.7746677759678278,148.01686082214655,3.3989731374313124,42,26089.036211765204,26240.45204572478,experiment,FIFO,0.28,0,variant_2
7432,INSPECTION_2_5,INSPECTION_2_5_LINE,26238.19884757809,1.1457749907385733,10,1.1457749907385733,149.16263581288513,2.253198146692739,42,26089.036211765204,26240.45204572478,experiment,FIFO,0.28,0,variant_2
7432,INSPECTION_2_6,INSPECTION_2_6_LINE,26239.817105864346,1.618258286256605,11,1.618258286256605,150.78089409914173,0.634939860436134,42,26089.036211765204,26240.45204572478,experiment,FIFO,0.28,0,variant_2
7432,INSPECTION_2_7,INSPECTION_2_7_LINE,26240.45204572478,0.634939860436134,12,0.634939860436134,151.41583395957787,0.0,41,26089.036211765204,26240.45204572478,experiment,FIFO,0.28,0,variant_2
7433,MOULDING_3,MOULDING_MACHINE_3,26090.2693156035,7.772112212973298,1,0.0,0.0,81.4375319609826,38,26090.2693156035,26171.70684756448,experiment,FIFO,0.28,0,variant_2
7433,ASSEMBLY_1_3,LINE_3_ASSEMBLY1,26110.1390944408,17.304127297760715,2,19.869778837302874,19.869778837302874,61.56775312367972,37,26090.2693156035,26171.70684756448,experiment,FIFO,0.28,0,variant_2
7433,ASSEMBLY_2_2,ASSEMBLY2_LINE_2,26114.08692678756,3.9478323467592418,3,3.9478323467592418,23.817611184062116,57.61992077692048,38,26090.2693156035,26171.70684756448,experiment,FIFO,0.28,0,variant_2
7433,SORTING,SORTING_ROBOT_1,26152.922067574225,0.23942799005453708,4,38.83514078666485,62.65275197072697,18.78477999025563,39,26090.2693156035,26171.70684756448,experiment,FIFO,0.28,0,variant_2
7433,PACKAGING_2,PACKAGING_LINE_2,26154.41036990712,1.4883023328948184,5,1.4883023328948184,64.14105430362179,17.29647765736081,39,26090.2693156035,26171.70684756448,experiment,FIFO,0.28,0,variant_2
7433,INSPECTION_1_1,INSPECTION_1_1_LINE,26159.76440903929,1.526031800392957,6,5.354039132169419,69.4950934357912,11.942438525191392,39,26090.2693156035,26171.70684756448,experiment,FIFO,0.28,0,variant_2
7433,INSPECTION_1_2,INSPECTION_1_2_LINE,26160.591853025977,0.8274439866872854,7,0.8274439866872854,70.32253742247849,11.114994538504106,40,26090.2693156035,26171.70684756448,experiment,FIFO,0.28,0,variant_2
7433,INSPECTION_1_3,INSPECTION_1_3_LINE,26162.18159945196,0.06311156060473877,8,1.5897464259833214,71.91228384846181,9.525248112520785,42,26090.2693156035,26171.70684756448,experiment,FIFO,0.28,0,variant_2
7433,INSPECTION_1_4,INSPECTION_1_4_LINE,26165.37346628705,2.5610851394849306,9,3.191866835088149,75.10415068354996,6.333381277432636,43,26090.2693156035,26171.70684756448,experiment,FIFO,0.28,0,variant_2
7433,INSPECTION_1_5,INSPECTION_1_5_LINE,26166.84144371824,0.8034792320904671,10,1.4679774311916844,76.57212811474164,4.865403846240952,43,26090.2693156035,26171.70684756448,experiment,FIFO,0.28,0,variant_2
7433,INSPECTION_1_6,INSPECTION_1_6_LINE,26171.59993738956,3.6295111116123735,11,4.758493671321048,81.3306217860627,0.10691017491990351,43,26090.2693156035,26171.70684756448,experiment,FIFO,0.28,0,variant_2
7433,INSPECTION_1_7,INSPECTION_1_7_LINE,26171.70684756448,0.10691017491990351,12,0.10691017491990351,81.4375319609826,0.0,42,26090.2693156035,26171.70684756448,experiment,FIFO,0.28,0,variant_2
7434,MOULDING_2,MOULDING_MACHINE_2,26094.040333491816,4.639969983694755,1,0.0,0.0,174.73989885203264,39,26094.040333491816,26268.78023234385,experiment,FIFO,0.28,0,variant_4
7434,ASSEMBLY_1_3,LINE_3_ASSEMBLY1,26117.797083364305,7.657988923503581,2,23.75674987248931,23.75674987248931,150.98314897954333,40,26094.040333491816,26268.78023234385,experiment,FIFO,0.28,0,variant_4
7434,ASSEMBLY_2_1,ASSEMBLY2_LINE_1,26250.3577951166,3.899478425260895,3,132.5607117522959,156.3174616247852,18.42243722724743,42,26094.040333491816,26268.78023234385,experiment,FIFO,0.28,0,variant_4
7434,SORTING,SORTING_ROBOT_1,26251.916049951247,1.5582548346465046,4,1.5582548346465046,157.87571645943171,16.864182392600924,44,26094.040333491816,26268.78023234385,experiment,FIFO,0.28,0,variant_4
7434,PACKAGING_2,PACKAGING_LINE_2,26252.37983638949,0.12189158196997596,5,0.46378643824209576,158.3395028976738,16.400395954358828,44,26094.040333491816,26268.78023234385,experiment,FIFO,0.28,0,variant_4
7434,INSPECTION_1_1,INSPECTION_1_1_LINE,26261.630773496363,1.322300732954318,6,9.250937106873607,167.59044000454742,7.149458847485221,43,26094.040333491816,26268.78023234385,experiment,FIFO,0.28,0,variant_4
7434,INSPECTION_1_2,INSPECTION_1_2_LINE,26263.37295683352,1.7421833371554385,7,1.7421833371554385,169.33262334170286,5.407275510329782,44,26094.040333491816,26268.78023234385,experiment,FIFO,0.28,0,variant_4
7434,INSPECTION_1_3,INSPECTION_1_3_LINE,26264.36484977499,0.9918929414707236,8,0.9918929414707236,170.32451628317358,4.415382568859059,44,26094.040333491816,26268.78023234385,experiment,FIFO,0.28,0,variant_4
7434,INSPECTION_1_4,INSPECTION_1_4_LINE,26265.536000363183,1.1711505881939956,9,1.1711505881939956,171.49566687136758,3.244231980665063,42,26094.040333491816,26268.78023234385,experiment,FIFO,0.28,0,variant_4
7434,INSPECTION_1_5,INSPECTION_1_5_LINE,26265.537375986845,0.0013756236621702556,10,0.0013756236621702556,171.49704249502975,3.2428563570028928,42,26094.040333491816,26268.78023234385,experiment,FIFO,0.28,0,variant_4
7434,INSPECTION_1_6,INSPECTION_1_6_LINE,26268.6101439698,3.0727679829542467,11,3.0727679829542467,174.569810477984,0.17008837404864607,40,26094.040333491816,26268.78023234385,experiment,FIFO,0.28,0,variant_4
7434,INSPECTION_1_7,INSPECTION_1_7_LINE,26268.78023234385,0.17008837404864607,12,0.17008837404864607,174.73989885203264,0.0,39,26094.040333491816,26268.78023234385,experiment,FIFO,0.28,0,variant_4
7435,MOULDING_5,MOULDING_MACHINE_5,26098.76220792148,9.154880838010286,1,0.0,0.0,174.74843020160915,39,26098.76220792148,26273.51063812309,experiment,FIFO,0.28,0,variant_5
7435,ASSEMBLY_1_4,LINE_4_ASSEMBLY1,26109.66470507972,10.902497158236656,2,10.902497158236656,10.902497158236656,163.8459330433725,37,26098.76220792148,26273.51063812309,experiment,FIFO,0.28,0,variant_5
7435,ASSEMBLY_2_1,ASSEMBLY2_LINE_1,26219.505901022767,2.164214363856445,3,109.84119594304866,120.74369310128532,54.00473710032384,41,26098.76220792148,26273.51063812309,experiment,FIFO,0.28,0,variant_5
7435,SORTING,SORTING_ROBOT_1,26232.76490780124,4.1044025406299625,4,13.259006778473122,134.00269987975844,40.745730321850715,43,26098.76220792148,26273.51063812309,experiment,FIFO,0.28,0,variant_5
7435,PACKAGING_1,PACKAGING_LINE_1,26264.959409345305,2.8772453089841292,5,32.19450154406513,166.19720142382357,8.551228777785582,44,26098.76220792148,26273.51063812309,experiment,FIFO,0.28,0,variant_5
7435,INSPECTION_1_1,INSPECTION_1_1_LINE,26265.45681654385,0.49740719854526105,6,0.49740719854526105,166.69460862236883,8.05382157924032,42,26098.76220792148,26273.51063812309,experiment,FIFO,0.28,0,variant_5
7435,INSPECTION_1_2,INSPECTION_1_2_LINE,26265.848948048817,0.39213150496652815,7,0.39213150496652815,167.08674012733536,7.661690074273793,41,26098.76220792148,26273.51063812309,experiment,FIFO,0.28,0,variant_5
7435,INSPECTION_1_3,INSPECTION_1_3_LINE,26269.07454874471,3.2256006958923535,8,3.2256006958923535,170.31234082322771,4.436089378381439,39,26098.76220792148,26273.51063812309,experiment,FIFO,0.28,0,variant_5
7435,INSPECTION_1_4,INSPECTION_1_4_LINE,26269.54603999454,0.47149124983116053,9,0.47149124983116053,170.78383207305887,3.9645981285502785,39,26098.76220792148,26273.51063812309,experiment,FIFO,0.28,0,variant_5
7435,INSPECTION_1_5,INSPECTION_1_5_LINE,26269.862761828605,0.31672183406408294,10,0.31672183406408294,171.10055390712296,3.6478762944861955,40,26098.76220792148,26273.51063812309,experiment,FIFO,0.28,0,variant_5
7435,INSPECTION_1_6,INSPECTION_1_6_LINE,26269.962341671697,0.09957984309221501,11,0.09957984309221501,171.20013375021517,3.5482964513939805,40,26098.76220792148,26273.51063812309,experiment,FIFO,0.28,0,variant_5
7435,INSPECTION_1_7,INSPECTION_1_7_LINE,26273.51063812309,3.1144892510164937,12,3.5482964513939805,174.74843020160915,0.0,36,26098.76220792148,26273.51063812309,experiment,FIFO,0.28,0,variant_5
7436,MOULDING_4,MOULDING_MACHINE_4,26091.99700112712,1.316219160478795,1,0.0,0.0,210.8186246574478,39,26091.99700112712,26302.81562578457,experiment,FIFO,0.28,0,variant_2
7436,ASSEMBLY_1_2,LINE_2_ASSEMBLY1,26163.350895767337,7.187862005652278,2,71.353894640215,71.353894640215,139.4647300172328,41,26091.99700112712,26302.81562578457,experiment,FIFO,0.28,0,variant_2
7436,ASSEMBLY_2_1,ASSEMBLY2_LINE_1,26282.5963139902,2.0181796031902195,3,119.24541822286483,190.59931286307983,20.219311794367968,36,26091.99700112712,26302.81562578457,experiment,FIFO,0.28,0,variant_2
7436,SORTING,SORTING_ROBOT_1,26288.14824845865,4.430229048928595,4,5.5519344684471434,196.15124733152697,14.667377325920825,38,26091.99700112712,26302.81562578457,experiment,FIFO,0.28,0,variant_2
7436,PACKAGING_3,PACKAGING_LINE_3,26290.473811073403,2.3255626147547446,5,2.3255626147547446,198.47680994628172,12.34181471116608,38,26091.99700112712,26302.81562578457,experiment,FIFO,0.28,0,variant_2
7436,INSPECTION_2_1,INSPECTION_2_1_LINE,26293.433230025188,2.9594189517847553,6,2.9594189517847553,201.43622889806647,9.382395759381325,38,26091.99700112712,26302.81562578457,experiment,FIFO,0.28,0,variant_2
7436,INSPECTION_2_2,INSPECTION_2_2_LINE,26294.65433912395,1.2211090987620992,7,1.2211090987620992,202.65733799682857,8.161286660619226,37,26091.99700112712,26302.81562578457,experiment,FIFO,0.28,0,variant_2
7436,INSPECTION_2_3,INSPECTION_2_3_LINE,26294.90615345139,0.25181432743920595,8,0.25181432743920595,202.90915232426778,7.90947233318002,37,26091.99700112712,26302.81562578457,experiment,FIFO,0.28,0,variant_2
7436,INSPECTION_2_4,INSPECTION_2_4_LINE,26298.175761930223,0.8182130795030389,9,3.2696084788331063,206.1787608031009,4.639863854346913,37,26091.99700112712,26302.81562578457,experiment,FIFO,0.28,0,variant_2
7436,INSPECTION_2_5,INSPECTION_2_5_LINE,26298.28495895507,0.10919702484898153,10,0.10919702484898153,206.28795782794987,4.530666829497932,37,26091.99700112712,26302.81562578457,experiment,FIFO,0.28,0,variant_2
7436,INSPECTION_2_6,INSPECTION_2_6_LINE,26298.962632675168,0.453003843089391,11,0.6776737200962089,206.96563154804608,3.852993109401723,36,26091.99700112712,26302.81562578457,experiment,FIFO,0.28,0,variant_2
7436,INSPECTION_2_7,INSPECTION_2_7_LINE,26302.81562578457,0.2070377807103796,12,3.852993109401723,210.8186246574478,0.0,32,26091.99700112712,26302.81562578457,experiment,FIFO,0.28,0,variant_2
7437,MOULDING_2,MOULDING_MACHINE_2,26104.80738109688,9.733549916873017,1,0.0,0.0,178.3732026001635,37,26104.80738109688,26283.180583697045,experiment,FIFO,0.28,0,variant_6
7437,ASSEMBLY_1_3,LINE_3_ASSEMBLY1,26122.565705491867,4.7686221275616845,2,17.75832439498481,17.75832439498481,160.61487820517868,37,26104.80738109688,26283.180583697045,experiment,FIFO,0.28,0,variant_6
7437,ASSEMBLY_2_1,ASSEMBLY2_LINE_1,26252.03192443677,1.674129320170323,3,129.46621894490454,147.22454333988935,31.148659260274144,44,26104.80738109688,26283.180583697045,experiment,FIFO,0.28,0,variant_6
7437,SORTING,SORTING_ROBOT_1,26257.796769183617,5.764844746845483,4,5.764844746845483,152.98938808673483,25.38381451342866,43,26104.80738109688,26283.180583697045,experiment,FIFO,0.28,0,variant_6
7437,PACKAGING_1,PACKAGING_LINE_1,26278.77671676208,5.221628370469261,5,20.979947578463907,173.96933566519874,4.4038669349647535,37,26104.80738109688,26283.180583697045,experiment,FIFO,0.28,0,variant_6
7437,INSPECTION_2_1,INSPECTION_2_1_LINE,26279.08793194624,0.3112151841596642,6,0.3112151841596642,174.2805508493584,4.092651750805089,37,26104.80738109688,26283.180583697045,experiment,FIFO,0.28,0,variant_6
7437,INSPECTION_2_2,INSPECTION_2_2_LINE,26279.51852259297,0.4305906467307068,7,0.4305906467307068,174.7111414960891,3.6620611040743825,36,26104.80738109688,26283.180583697045,experiment,FIFO,0.28,0,variant_6
7437,INSPECTION_2_3,INSPECTION_2_3_LINE,26280.186617039835,0.6680944468644157,8,0.6680944468644157,175.37923594295353,2.993966657209967,36,26104.80738109688,26283.180583697045,experiment,FIFO,0.28,0,variant_6
7437,INSPECTION_2_4,INSPECTION_2_4_LINE,26280.65556125808,0.46894421824617893,9,0.46894421824617893,175.8481801611997,2.525022438963788,36,26104.80738109688,26283.180583697045,experiment,FIFO,0.28,0,variant_6
7437,INSPECTION_2_5,INSPECTION_2_5_LINE,26282.464519653204,1.8089583951223176,10,1.8089583951223176,177.65713855632202,0.7160640438414703,36,26104.80738109688,26283.180583697045,experiment,FIFO,0.28,0,variant_6
7437,INSPECTION_2_6,INSPECTION_2_6_LINE,26282.64309448164,0.17857482843464823,11,0.17857482843464823,177.83571338475667,0.537489215406822,36,26104.80738109688,26283.180583697045,experiment,FIFO,0.28,0,variant_6
7437,INSPECTION_2_7,INSPECTION_2_7_LINE,26283.180583697045,0.537489215406822,12,0.537489215406822,178.3732026001635,0.0,37,26104.80738109688,26283.180583697045,experiment,FIFO,0.28,0,variant_6
7438,MOULDING_4,MOULDING_MACHINE_4,26108.10815164245,5.725055786118901,1,0.0,0.0,89.92769232859791,37,26108.10815164245,26198.035843971047,experiment,FIFO,0.28,0,variant_2
7438,ASSEMBLY_1_3,LINE_3_ASSEMBLY1,26131.028153681684,8.462448189817223,2,22.920002039234532,22.920002039234532,67.00769028936338,34,26108.10815164245,26198.035843971047,experiment,FIFO,0.28,0,variant_2
7438,ASSEMBLY_2_2,ASSEMBLY2_LINE_2,26152.73895899392,2.6321383812537533,3,21.710805312235607,44.63080735147014,45.296884977127775,39,26108.10815164245,26198.035843971047,experiment,FIFO,0.28,0,variant_2
7438,SORTING,SORTING_ROBOT_1,26182.67475435727,1.1600229240357294,4,29.935795363351644,74.56660271482178,15.36108961377613,43,26108.10815164245,26198.035843971047,experiment,FIFO,0.28,0,variant_2
7438,PACKAGING_2,PACKAGING_LINE_2,26186.91484986184,0.788703470290784,5,4.2400955045704904,78.80669821939227,11.12099410920564,44,26108.10815164245,26198.035843971047,experiment,FIFO,0.28,0,variant_2
7438,INSPECTION_1_1,INSPECTION_1_1_LINE,26187.05332214016,0.1348403358933865,6,0.13847227831865894,78.94517049771093,10.98252183088698,44,26108.10815164245,26198.035843971047,experiment,FIFO,0.28,0,variant_2
7438,INSPECTION_1_2,INSPECTION_1_2_LINE,26188.60940529151,1.0594371669103566,7,1.5560831513503217,80.50125364906125,9.426438679536659,44,26108.10815164245,26198.035843971047,experiment,FIFO,0.28,0,variant_2
7438,INSPECTION_1_3,INSPECTION_1_3_LINE,26190.09578310829,1.4863778167782584,8,1.4863778167782584,81.98763146583951,7.940060862758401,43,26108.10815164245,26198.035843971047,experiment,FIFO,0.28,0,variant_2
7438,INSPECTION_1_4,INSPECTION_1_4_LINE,26190.33546047892,0.23967737063139793,9,0.23967737063139793,82.22730883647091,7.700383492127003,43,26108.10815164245,26198.035843971047,experiment,FIFO,0.28,0,variant_2
7438,INSPECTION_1_5,INSPECTION_1_5_LINE,26190.79064910927,0.45518863034885726,10,0.45518863034885726,82.68249746681977,7.245194861778145,43,26108.10815164245,26198.035843971047,experiment,FIFO,0.28,0,variant_2
7438,INSPECTION_1_6,INSPECTION_1_6_LINE,26191.173317674864,0.38266856559494045,11,0.38266856559494045,83.06516603241471,6.862526296183205,43,26108.10815164245,26198.035843971047,experiment,FIFO,0.28,0,variant_2
7438,INSPECTION_1_7,INSPECTION_1_7_LINE,26198.035843971047,2.622141510109941,12,6.862526296183205,89.92769232859791,0.0,41,26108.10815164245,26198.035843971047,experiment,FIFO,0.28,0,variant_2
7439,MOULDING_4,MOULDING_MACHINE_4,26113.502229293856,5.3940776514064055,1,0.0,0.0,165.99587415387214,38,26113.502229293856,26279.498103447728,experiment,FIFO,0.28,0,variant_6
7439,ASSEMBLY_1_5,LINE_5_ASSEMBLY1,26115.371992855708,1.8697635618518689,2,1.8697635618518689,1.8697635618518689,164.12611059202027,37,26113.502229293856,26279.498103447728,experiment,FIFO,0.28,0,variant_6
7439,ASSEMBLY_2_1,ASSEMBLY2_LINE_1,26246.45831669134,26.95241566857294,3,131.08632383563236,132.95608739748423,33.03978675638791,41,26113.502229293856,26279.498103447728,experiment,FIFO,0.28,0,variant_6
7439,SORTING,SORTING_ROBOT_1,26247.263517004027,0.805200312686793,4,0.805200312686793,133.76128771017102,32.23458644370112,42,26113.502229293856,26279.498103447728,experiment,FIFO,0.28,0,variant_6
7439,PACKAGING_1,PACKAGING_LINE_1,26272.67892454453,7.287781326180266,5,25.4154075405022,159.17669525067322,6.819178903198917,37,26113.502229293856,26279.498103447728,experiment,FIFO,0.28,0,variant_6
7439,INSPECTION_2_1,INSPECTION_2_1_LINE,26274.29585094977,1.6169264052405197,6,1.6169264052405197,160.79362165591374,5.202252497958398,36,26113.502229293856,26279.498103447728,experiment,FIFO,0.28,0,variant_6
7439,INSPECTION_2_2,INSPECTION_2_2_LINE,26275.63887964023,1.3430286904622335,7,1.3430286904622335,162.13665034637597,3.8592238074961642,36,26113.502229293856,26279.498103447728,experiment,FIFO,0.28,0,variant_6
7439,INSPECTION_2_3,INSPECTION_2_3_LINE,26275.92005294428,0.2811733040471154,8,0.2811733040471154,162.4178236504231,3.578050503449049,36,26113.502229293856,26279.498103447728,experiment,FIFO,0.28,0,variant_6
7439,INSPECTION_2_4,INSPECTION_2_4_LINE,26276.67627765652,0.7562247122405097,9,0.7562247122405097,163.1740483626636,2.821825791208539,38,26113.502229293856,26279.498103447728,experiment,FIFO,0.28,0,variant_6
7439,INSPECTION_2_5,INSPECTION_2_5_LINE,26277.74919763597,1.0729199794513988,10,1.0729199794513988,164.246968342115,1.7489058117571403,38,26113.502229293856,26279.498103447728,experiment,FIFO,0.28,0,variant_6
7439,INSPECTION_2_6,INSPECTION_2_6_LINE,26277.922296611,0.17309897502855165,11,0.17309897502855165,164.42006731714355,1.5758068367285887,38,26113.502229293856,26279.498103447728,experiment,FIFO,0.28,0,variant_6
7439,INSPECTION_2_7,INSPECTION_2_7_LINE,26279.498103447728,1.5758068367285887,12,1.5758068367285887,165.99587415387214,0.0,36,26113.502229293856,26279.498103447728,experiment,FIFO,0.28,0,variant_6
7440,MOULDING_4,MOULDING_MACHINE_4,26115.46988873463,1.9676594407756056,1,0.0,0.0,178.7365641022152,38,26115.46988873463,26294.206452836846,experiment,FIFO,0.28,0,variant_3
7440,ASSEMBLY_1_4,LINE_4_ASSEMBLY1,26141.26702304621,25.797134311578702,2,25.797134311578702,25.797134311578702,152.9394297906365,38,26115.46988873463,26294.206452836846,experiment,FIFO,0.28,0,variant_3
7440,ASSEMBLY_2_1,ASSEMBLY2_LINE_1,26267.81477274953,3.865714341365674,3,126.54774970332073,152.34488401489943,26.391680087315763,41,26115.46988873463,26294.206452836846,experiment,FIFO,0.28,0,variant_3
7440,SORTING,SORTING_ROBOT_1,26273.847603454924,3.8439123420430406,4,6.03283070539328,158.37771472029272,20.358849381922482,36,26115.46988873463,26294.206452836846,experiment,FIFO,0.28,0,variant_3
7440,PACKAGING_2,PACKAGING_LINE_2,26276.52541219848,2.677808743555943,5,2.677808743555943,161.05552346384866,17.68104063836654,37,26115.46988873463,26294.206452836846,experiment,FIFO,0.28,0,variant_3
7440,INSPECTION_1_1,INSPECTION_1_1_LINE,26278.722793942063,2.1973817435828096,6,2.1973817435828096,163.25290520743147,15.48365889478373,37,26115.46988873463,26294.206452836846,experiment,FIFO,0.28,0,variant_3
7440,INSPECTION_1_2,INSPECTION_1_2_LINE,26283.02298345838,4.300189516317914,7,4.300189516317914,167.55309472374938,11.183469378465816,36,26115.46988873463,26294.206452836846,experiment,FIFO,0.28,0,variant_3
7440,INSPECTION_1_3,INSPECTION_1_3_LINE,26284.773032899167,1.7500494407868246,8,1.7500494407868246,169.3031441645362,9.433419937678991,37,26115.46988873463,26294.206452836846,experiment,FIFO,0.28,0,variant_3
7440,INSPECTION_1_4,INSPECTION_1_4_LINE,26290.194430155923,5.421397256755881,9,5.421397256755881,174.7245414212921,4.01202268092311,38,26115.46988873463,26294.206452836846,experiment,FIFO,0.28,0,variant_3
7440,INSPECTION_1_5,INSPECTION_1_5_LINE,26293.26380857939,3.0693784234681516,10,3.0693784234681516,177.79391984476024,0.9426442574549583,38,26115.46988873463,26294.206452836846,experiment,FIFO,0.28,0,variant_3
7440,INSPECTION_1_6,INSPECTION_1_6_LINE,26293.73714784121,0.4733392618181824,11,0.4733392618181824,178.26725910657842,0.46930499563677586,38,26115.46988873463,26294.206452836846,experiment,FIFO,0.28,0,variant_3
7440,INSPECTION_1_7,INSPECTION_1_7_LINE,26294.206452836846,0.46930499563677586,12,0.46930499563677586,178.7365641022152,0.0,37,26115.46988873463,26294.206452836846,experiment,FIFO,0.28,0,variant_3
7441,MOULDING_2,MOULDING_MACHINE_2,26117.04733407276,6.38480580302712,1,0.0,0.0,77.2402238261966,40,26117.04733407276,26194.287557898955,experiment,FIFO,0.28,0,variant_3
7441,ASSEMBLY_1_5,LINE_5_ASSEMBLY1,26119.319784491978,2.27245041921924,2,2.27245041921924,2.27245041921924,74.96777340697736,38,26117.04733407276,26194.287557898955,experiment,FIFO,0.28,0,variant_3
7441,ASSEMBLY_2_2,ASSEMBLY2_LINE_2,26150.106820612666,26.759331102261058,3,30.787036120687844,33.059486539907084,44.180737286289514,39,26117.04733407276,26194.287557898955,experiment,FIFO,0.28,0,variant_3
7441,SORTING,SORTING_ROBOT_1,26181.514731433235,4.061394489504892,4,31.40791082056967,64.46739736047675,12.772826465719845,42,26117.04733407276,26194.287557898955,experiment,FIFO,0.28,0,variant_3
7441,PACKAGING_1,PACKAGING_LINE_1,26188.066537048027,6.5518056147921016,5,6.5518056147921016,71.01920297526885,6.221020850927744,44,26117.04733407276,26194.287557898955,experiment,FIFO,0.28,0,variant_3
7441,INSPECTION_2_1,INSPECTION_2_1_LINE,26188.34495522611,0.27841817808439373,6,0.27841817808439373,71.29762115335325,5.94260267284335,44,26117.04733407276,26194.287557898955,experiment,FIFO,0.28,0,variant_3
7441,INSPECTION_2_2,INSPECTION_2_2_LINE,26191.21309387162,2.8681386455064057,7,2.8681386455064057,74.16575979885965,3.074464027336944,43,26117.04733407276,26194.287557898955,experiment,FIFO,0.28,0,variant_3
7441,INSPECTION_2_3,INSPECTION_2_3_LINE,26191.848299117763,0.6352052461443236,8,0.6352052461443236,74.80096504500398,2.4392587811926205,43,26117.04733407276,26194.287557898955,experiment,FIFO,0.28,0,variant_3
7441,INSPECTION_2_4,INSPECTION_2_4_LINE,26192.149713222087,0.301414104324067,9,0.301414104324067,75.10237914932804,2.1378446768685535,43,26117.04733407276,26194.287557898955,experiment,FIFO,0.28,0,variant_3
7441,INSPECTION_2_5,INSPECTION_2_5_LINE,26194.21139175184,2.061678529753408,10,2.061678529753408,77.16405767908145,0.07616614711514558,43,26117.04733407276,26194.287557898955,experiment,FIFO,0.28,0,variant_3
7441,INSPECTION_2_6,INSPECTION_2_6_LINE,26194.248765503515,0.037373751674749656,11,0.037373751674749656,77.2014314307562,0.03879239544039592,43,26117.04733407276,26194.287557898955,experiment,FIFO,0.28,0,variant_3
7441,INSPECTION_2_7,INSPECTION_2_7_LINE,26194.287557898955,0.03879239544039592,12,0.03879239544039592,77.2402238261966,0.0,42,26117.04733407276,26194.287557898955,experiment,FIFO,0.28,0,variant_3
7442,MOULDING_5,MOULDING_MACHINE_5,26111.615736491,0.2374100261768035,1,0.0,0.0,119.28683357513,38,26111.615736491,26230.90257006613,experiment,FIFO,0.28,0,variant_6
7442,ASSEMBLY_1_2,LINE_2_ASSEMBLY1,26167.972315629057,4.6214198617199145,2,56.356579138056986,56.356579138056986,62.93025443707302,43,26111.615736491,26230.90257006613,experiment,FIFO,0.28,0,variant_6
7442,ASSEMBLY_2_2,ASSEMBLY2_LINE_2,26176.708137499747,0.2834788723375823,3,8.735821870690415,65.0924010087474,54.1944325663826,42,26111.615736491,26230.90257006613,experiment,FIFO,0.28,0,variant_6
7442,SORTING,SORTING_ROBOT_1,26211.92446397553,0.35999929458557745,4,35.21632647578372,100.30872748453112,18.978106090598885,41,26111.615736491,26230.90257006613,experiment,FIFO,0.28,0,variant_6
7442,PACKAGING_3,PACKAGING_LINE_3,26217.098073387468,5.173609411936923,5,5.173609411936923,105.48233689646804,13.804496678661963,40,26111.615736491,26230.90257006613,experiment,FIFO,0.28,0,variant_6
7442,PACKAGING_3,PACKAGING_LINE_3,26221.00470048404,3.906627096574084,6,3.906627096574084,109.38896399304213,9.897869582087878,42,26111.615736491,26230.90257006613,experiment,FIFO,0.28,0,variant_6
7442,INSPECTION_1_1,INSPECTION_1_1_LINE,26222.8813087544,1.8766082703587017,7,1.8766082703587017,111.26557226340083,8.021261311729177,42,26111.615736491,26230.90257006613,experiment,FIFO,0.28,0,variant_6
7442,INSPECTION_1_2,INSPECTION_1_2_LINE,26222.97730753522,0.09599878082008217,8,0.09599878082008217,111.36157104422091,7.9252625309090945,42,26111.615736491,26230.90257006613,experiment,FIFO,0.28,0,variant_6
7442,INSPECTION_1_3,INSPECTION_1_3_LINE,26223.98855564141,1.0112481061878498,9,1.0112481061878498,112.37281915040876,6.914014424721245,43,26111.615736491,26230.90257006613,experiment,FIFO,0.28,0,variant_6
7442,INSPECTION_1_4,INSPECTION_1_4_LINE,26226.22743844396,2.2388828025505063,10,2.2388828025505063,114.61170195295927,4.675131622170738,43,26111.615736491,26230.90257006613,experiment,FIFO,0.28,0,variant_6
7442,INSPECTION_1_5,INSPECTION_1_5_LINE,26226.79873357689,0.5712951329296629,11,0.5712951329296629,115.18299708588893,4.1038364892410755,43,26111.615736491,26230.90257006613,experiment,FIFO,0.28,0,variant_6
7442,INSPECTION_1_6,INSPECTION_1_6_LINE,26229.620705785965,2.8219722090761934,12,2.8219722090761934,118.00496929496512,1.281864280164882,43,26111.615736491,26230.90257006613,experiment,FIFO,0.28,0,variant_6
7442,INSPECTION_1_7,INSPECTION_1_7_LINE,26230.90257006613,1.281864280164882,13,1.281864280164882,119.28683357513,0.0,42,26111.615736491,26230.90257006613,experiment,FIFO,0.28,0,variant_6
7443,MOULDING_5,MOULDING_MACHINE_5,26116.90115618548,2.9557078887082753,1,0.0,0.0,57.82864836812223,39,26116.90115618548,26174.7298045536,experiment,FIFO,0.28,0,variant_4
7443,ASSEMBLY_1_1,LINE_1_ASSEMBLY1,26117.90631733362,1.0051611481430882,2,1.0051611481430882,1.0051611481430882,56.82348721997914,40,26116.90115618548,26174.7298045536,experiment,FIFO,0.28,0,variant_4
7443,ASSEMBLY_2_2,ASSEMBLY2_LINE_2,26123.347489510405,5.441172176782857,3,5.441172176782857,6.446333324925945,51.382315043196286,35,26116.90115618548,26174.7298045536,experiment,FIFO,0.28,0,variant_4
7443,SORTING,SORTING_ROBOT_1,26157.096234569937,4.1741669957118575,4,33.748745059532666,40.19507838445861,17.63356998366362,39,26116.90115618548,26174.7298045536,experiment,FIFO,0.28,0,variant_4
7443,PACKAGING_2,PACKAGING_LINE_2,26157.562832359534,0.4665977895965625,5,0.4665977895965625,40.661676174055174,17.166972194067057,39,26116.90115618548,26174.7298045536,experiment,FIFO,0.28,0,variant_4
7443,INSPECTION_2_1,INSPECTION_2_1_LINE,26158.85384727442,1.1392304318978859,6,1.2910149148847267,41.9526910889399,15.87595727918233,39,26116.90115618548,26174.7298045536,experiment,FIFO,0.28,0,variant_4
7443,INSPECTION_2_2,INSPECTION_2_2_LINE,26159.10091331682,0.2470660424005473,7,0.2470660424005473,42.19975713134045,15.628891236781783,39,26116.90115618548,26174.7298045536,experiment,FIFO,0.28,0,variant_4
7443,INSPECTION_2_3,INSPECTION_2_3_LINE,26159.905115459864,0.7729959612806852,8,0.8042021430446766,43.003959274385124,14.824689093737106,39,26116.90115618548,26174.7298045536,experiment,FIFO,0.28,0,variant_4
7443,INSPECTION_2_4,INSPECTION_2_4_LINE,26160.405978604867,0.5008631450036773,9,0.5008631450036773,43.5048224193888,14.323825948733429,39,26116.90115618548,26174.7298045536,experiment,FIFO,0.28,0,variant_4
7443,INSPECTION_2_5,INSPECTION_2_5_LINE,26160.740267086312,0.3342884814446734,10,0.3342884814446734,43.839110900833475,13.989537467288756,40,26116.90115618548,26174.7298045536,experiment,FIFO,0.28,0,variant_4
7443,INSPECTION_2_6,INSPECTION_2_6_LINE,26168.87916525712,1.1099227727354446,11,8.138898170807806,51.97800907164128,5.850639296480949,42,26116.90115618548,26174.7298045536,experiment,FIFO,0.28,0,variant_4
7443,INSPECTION_2_7,INSPECTION_2_7_LINE,26173.290320716176,1.2003687839351187,12,4.411155459056317,56.3891645306976,1.439483837424632,42,26116.90115618548,26174.7298045536,experiment,FIFO,0.28,0,variant_4
7443,INSPECTION_2_7,INSPECTION_2_7_LINE,26174.7298045536,1.439483837424632,13,1.439483837424632,57.82864836812223,0.0,41,26116.90115618548,26174.7298045536,experiment,FIFO,0.28,0,variant_4
7444,MOULDING_2,MOULDING_MACHINE_2,26135.420144072537,18.372809999778838,1,0.0,0.0,180.39379091542287,37,26135.420144072537,26315.81393498796,experiment,FIFO,0.28,0,variant_2
7444,ASSEMBLY_1_2,LINE_2_ASSEMBLY1,26170.189400612744,0.6442074773949571,2,34.7692565402067,34.7692565402067,145.62453437521617,43,26135.420144072537,26315.81393498796,experiment,FIFO,0.28,0,variant_2
7444,ASSEMBLY_2_1,ASSEMBLY2_LINE_1,26284.785965295567,0.6480942982052511,3,114.59656468282265,149.36582122302934,31.027969692393526,37,26135.420144072537,26315.81393498796,experiment,FIFO,0.28,0,variant_2
7444,SORTING,SORTING_ROBOT_1,26290.6131205989,0.03004140330813243,4,5.827155303333711,155.19297652636305,25.200814389059815,38,26135.420144072537,26315.81393498796,experiment,FIFO,0.28,0,variant_2
7444,PACKAGING_1,PACKAGING_LINE_1,26297.78283739181,5.674435536224337,5,7.16971679290873,162.36269331927178,18.031097596151085,38,26135.420144072537,26315.81393498796,experiment,FIFO,0.28,0,variant_2
7444,INSPECTION_2_1,INSPECTION_2_1_LINE,26300.344266056392,0.7398800130031304,6,2.561428664583218,164.924121983855,15.469668931567867,34,26135.420144072537,26315.81393498796,experiment,FIFO,0.28,0,variant_2
7444,INSPECTION_2_2,INSPECTION_2_2_LINE,26301.6294884039,0.09631296409133938,7,1.2852223475092615,166.20934433136426,14.184446584058605,34,26135.420144072537,26315.81393498796,experiment,FIFO,0.28,0,variant_2
7444,INSPECTION_2_3,INSPECTION_2_3_LINE,26305.33982970484,2.6069998277416744,8,3.710341300939035,169.9196856323033,10.47410528311957,32,26135.420144072537,26315.81393498796,experiment,FIFO,0.28,0,variant_2
7444,INSPECTION_2_4,INSPECTION_2_4_LINE,26306.02289583035,0.6830661255080486,9,0.6830661255080486,170.60275175781135,9.791039157611522,32,26135.420144072537,26315.81393498796,experiment,FIFO,0.28,0,variant_2
7444,INSPECTION_2_5,INSPECTION_2_5_LINE,26311.700501841653,5.677606011304306,10,5.677606011304306,176.28035776911565,4.113433146307216,30,26135.420144072537,26315.81393498796,experiment,FIFO,0.28,0,variant_2
7444,INSPECTION_2_6,INSPECTION_2_6_LINE,26314.88684423102,3.186342389366473,11,3.186342389366473,179.46670015848213,0.9270907569407427,32,26135.420144072537,26315.81393498796,experiment,FIFO,0.28,0,variant_2
7444,INSPECTION_2_7,INSPECTION_2_7_LINE,26315.81393498796,0.9270907569407427,12,0.9270907569407427,180.39379091542287,0.0,31,26135.420144072537,26315.81393498796,experiment,FIFO,0.28,0,variant_2
7445,MOULDING_2,MOULDING_MACHINE_2,26137.90977843345,2.4896343609143514,1,0.0,0.0,160.54510233675683,39,26137.90977843345,26298.45488077021,experiment,FIFO,0.28,0,variant_2
7445,ASSEMBLY_1_3,LINE_3_ASSEMBLY1,26148.85479695205,8.842208328576817,2,10.945018518599682,10.945018518599682,149.60008381815715,39,26137.90977843345,26298.45488077021,experiment,FIFO,0.28,0,variant_2
7445,ASSEMBLY_2_1,ASSEMBLY2_LINE_1,26271.17160654833,3.3568337987999257,3,122.3168095962792,133.26182811487888,27.283274221877946,38,26137.90977843345,26298.45488077021,experiment,FIFO,0.28,0,variant_2
7445,SORTING,SORTING_ROBOT_1,26276.00955204384,2.1619485889168573,4,4.837945495510212,138.0997736103891,22.445328726367734,36,26137.90977843345,26298.45488077021,experiment,FIFO,0.28,0,variant_2
7445,PACKAGING_1,PACKAGING_LINE_1,26278.906199137164,0.12948237508317106,5,2.8966470933228265,140.99642070371192,19.548681633044907,37,26137.90977843345,26298.45488077021,experiment,FIFO,0.28,0,variant_2
7445,INSPECTION_1_1,INSPECTION_1_1_LINE,26279.961393201385,0.32770700627588667,6,1.0551940642217232,142.05161476793364,18.493487568823184,36,26137.90977843345,26298.45488077021,experiment,FIFO,0.28,0,variant_2
7445,INSPECTION_1_2,INSPECTION_1_2_LINE,26286.508905890794,2.419469422471593,7,6.547512689408904,148.59912745734255,11.94597487941428,38,26137.90977843345,26298.45488077021,experiment,FIFO,0.28,0,variant_2
7445,INSPECTION_1_3,INSPECTION_1_3_LINE,26287.443322777035,0.9344168862407969,8,0.9344168862407969,149.53354434358334,11.011557993173483,38,26137.90977843345,26298.45488077021,experiment,FIFO,0.28,0,variant_2
7445,INSPECTION_1_4,INSPECTION_1_4_LINE,26292.99392379926,1.7067719766018854,9,5.550601022223418,155.08414536580676,5.460956970950065,38,26137.90977843345,26298.45488077021,experiment,FIFO,0.28,0,variant_2
7445,INSPECTION_1_5,INSPECTION_1_5_LINE,26296.166580678862,1.3595396447308303,10,3.172656879603892,158.25680224541065,2.288300091346173,37,26137.90977843345,26298.45488077021,experiment,FIFO,0.28,0,variant_2
7445,INSPECTION_1_6,INSPECTION_1_6_LINE,26296.980989956668,0.8144092778056802,11,0.8144092778056802,159.07121152321633,1.4738908135404927,38,26137.90977843345,26298.45488077021,experiment,FIFO,0.28,0,variant_2
7445,INSPECTION_1_7,INSPECTION_1_7_LINE,26298.45488077021,0.5515090724002221,12,1.4738908135404927,160.54510233675683,0.0,36,26137.90977843345,26298.45488077021,experiment,FIFO,0.28,0,variant_2
7446,MOULDING_2,MOULDING_MACHINE_2,26139.86910760797,1.9593291745186434,1,0.0,0.0,113.64275730633744,39,26139.86910760797,26253.511864914308,experiment,FIFO,0.28,0,variant_4
7446,ASSEMBLY_1_1,LINE_1_ASSEMBLY1,26166.04012200696,5.285495206280757,2,26.171014398991247,26.171014398991247,87.4717429073462,43,26139.86910760797,26253.511864914308,experiment,FIFO,0.28,0,variant_4
7446,ASSEMBLY_2_2,ASSEMBLY2_LINE_2,26176.42465862741,0.11858804563598824,3,10.384536620447761,36.55555101943901,77.08720628689844,42,26139.86910760797,26253.511864914308,experiment,FIFO,0.28,0,variant_4
7446,SORTING,SORTING_ROBOT_1,26211.564464680945,3.8362394575451617,4,35.13980605353572,71.69535707297473,41.947400233362714,41,26139.86910760797,26253.511864914308,experiment,FIFO,0.28,0,variant_4
7446,PACKAGING_1,PACKAGING_LINE_1,26244.416178042,8.022340515715769,5,32.85171336105486,104.54707043402959,9.095686872307851,41,26139.86910760797,26253.511864914308,experiment,FIFO,0.28,0,variant_4
7446,INSPECTION_1_1,INSPECTION_1_1_LINE,26248.66094628069,4.244768238688266,6,4.244768238688266,108.79183867271786,4.850918633619585,42,26139.86910760797,26253.511864914308,experiment,FIFO,0.28,0,variant_4
7446,INSPECTION_1_2,INSPECTION_1_2_LINE,26252.23735353148,3.576407250791817,7,3.576407250791817,112.36824592350968,1.274511382827768,44,26139.86910760797,26253.511864914308,experiment,FIFO,0.28,0,variant_4
7446,INSPECTION_1_3,INSPECTION_1_3_LINE,26252.32518314829,0.08782961680844892,8,0.08782961680844892,112.45607554031812,1.1866817660193192,44,26139.86910760797,26253.511864914308,experiment,FIFO,0.28,0,variant_4
7446,INSPECTION_1_4,INSPECTION_1_4_LINE,26252.50020444161,0.17502129332206096,9,0.17502129332206096,112.63109683364019,1.0116604726972582,44,26139.86910760797,26253.511864914308,experiment,FIFO,0.28,0,variant_4
7446,INSPECTION_1_5,INSPECTION_1_5_LINE,26252.63115498825,0.13095054663790506,10,0.13095054663790506,112.76204738027809,0.8807099260593532,44,26139.86910760797,26253.511864914308,experiment,FIFO,0.28,0,variant_4
7446,INSPECTION_1_6,INSPECTION_1_6_LINE,26253.21762238737,0.5864673991200107,11,0.5864673991200107,113.3485147793981,0.2942425269393425,44,26139.86910760797,26253.511864914308,experiment,FIFO,0.28,0,variant_4
7446,INSPECTION_1_7,INSPECTION_1_7_LINE,26253.511864914308,0.2942425269393425,12,0.2942425269393425,113.64275730633744,0.0,43,26139.86910760797,26253.511864914308,experiment,FIFO,0.28,0,variant_4
7447,MOULDING_4,MOULDING_MACHINE_4,26129.49655863422,10.108651632359397,1,0.0,0.0,168.40681306358965,34,26129.49655863422,26297.90337169781,experiment,FIFO,0.28,0,variant_5
7447,ASSEMBLY_1_3,LINE_3_ASSEMBLY1,26140.012588623475,8.984434941790823,2,10.516029989255912,10.516029989255912,157.89078307433374,39,26129.49655863422,26297.90337169781,experiment,FIFO,0.28,0,variant_5
7447,ASSEMBLY_2_1,ASSEMBLY2_LINE_1,26263.949058408165,11.66806173828445,3,123.93646978469042,134.45249977394633,33.95431328964332,44,26129.49655863422,26297.90337169781,experiment,FIFO,0.28,0,variant_5
7447,SORTING,SORTING_ROBOT_1,26270.00369111288,1.3426964795071399,4,6.054632704715914,140.50713247866224,27.89968058492741,40,26129.49655863422,26297.90337169781,experiment,FIFO,0.28,0,variant_5
7447,PACKAGING_3,PACKAGING_LINE_3,26278.69831794481,8.694626831929781,5,8.694626831929781,149.20175931059202,19.205053752997628,37,26129.49655863422,26297.90337169781,experiment,FIFO,0.28,0,variant_5
7447,INSPECTION_1_1,INSPECTION_1_1_LINE,26279.63368619511,0.910892253046768,6,0.9353682502987795,150.1371275608908,18.26968550269885,36,26129.49655863422,26297.90337169781,experiment,FIFO,0.28,0,variant_5
7447,INSPECTION_1_2,INSPECTION_1_2_LINE,26284.089436468323,1.0664530099420517,7,4.455750273213198,154.592877834104,13.81393522948565,37,26129.49655863422,26297.90337169781,experiment,FIFO,0.28,0,variant_5
7447,INSPECTION_1_3,INSPECTION_1_3_LINE,26285.779147781283,1.006114882115071,8,1.6897113129598438,156.28258914706385,12.124223916525807,38,26129.49655863422,26297.90337169781,experiment,FIFO,0.28,0,variant_5
7447,INSPECTION_1_4,INSPECTION_1_4_LINE,26291.287151822657,1.0927216667332686,9,5.508004041374079,161.79059318843792,6.616219875151728,39,26129.49655863422,26297.90337169781,experiment,FIFO,0.28,0,variant_5
7447,INSPECTION_1_5,INSPECTION_1_5_LINE,26294.80704103413,1.543232454740064,10,3.519889211474947,165.31048239991287,3.096330663676781,37,26129.49655863422,26297.90337169781,experiment,FIFO,0.28,0,variant_5
7447,INSPECTION_1_6,INSPECTION_1_6_LINE,26295.722672642416,0.9156316082844569,11,0.9156316082844569,166.22611400819733,2.1806990553923242,37,26129.49655863422,26297.90337169781,experiment,FIFO,0.28,0,variant_5
7447,INSPECTION_1_7,INSPECTION_1_7_LINE,26297.90337169781,2.1806990553923242,12,2.1806990553923242,168.40681306358965,0.0,37,26129.49655863422,26297.90337169781,experiment,FIFO,0.28,0,variant_5
7448,MOULDING_3,MOULDING_MACHINE_3,26135.74398296841,10.000957372474659,1,0.0,0.0,106.52180556747771,38,26135.74398296841,26242.26578853589,experiment,FIFO,0.28,0,variant_3
7448,ASSEMBLY_1_1,LINE_1_ASSEMBLY1,26160.75462680068,25.010643832269125,2,25.010643832269125,25.010643832269125,81.51116173520859,40,26135.74398296841,26242.26578853589,experiment,FIFO,0.28,0,variant_3
7448,ASSEMBLY_2_2,ASSEMBLY2_LINE_2,26176.306070581773,3.3290610391231894,3,15.55144378109253,40.562087613361655,65.95971795411606,42,26135.74398296841,26242.26578853589,experiment,FIFO,0.28,0,variant_3
7448,SORTING,SORTING_ROBOT_1,26207.7282252234,1.2682194836816052,4,31.42215464162655,71.9842422549882,34.53756331248951,44,26135.74398296841,26242.26578853589,experiment,FIFO,0.28,0,variant_3
7448,PACKAGING_1,PACKAGING_LINE_1,26236.393837526284,9.892483699753939,5,28.665612302884256,100.64985455787246,5.8719510096052545,43,26135.74398296841,26242.26578853589,experiment,FIFO,0.28,0,variant_3
7448,INSPECTION_1_1,INSPECTION_1_1_LINE,26236.532552668912,0.13871514262791607,6,0.13871514262791607,100.78856970050037,5.7332358669773384,42,26135.74398296841,26242.26578853589,experiment,FIFO,0.28,0,variant_3
7448,INSPECTION_1_2,INSPECTION_1_2_LINE,26236.683506962538,0.1509542936255457,7,0.1509542936255457,100.93952399412592,5.582281573351793,42,26135.74398296841,26242.26578853589,experiment,FIFO,0.28,0,variant_3
7448,INSPECTION_1_3,INSPECTION_1_3_LINE,26238.36729926464,1.6837923021012102,8,1.6837923021012102,102.62331629622713,3.8984892712505825,42,26135.74398296841,26242.26578853589,experiment,FIFO,0.28,0,variant_3
7448,INSPECTION_1_4,INSPECTION_1_4_LINE,26238.99785306282,0.6305537981825182,9,0.6305537981825182,103.25387009440965,3.2679354730680643,42,26135.74398296841,26242.26578853589,experiment,FIFO,0.28,0,variant_3
7448,INSPECTION_1_5,INSPECTION_1_5_LINE,26239.544204728765,0.5463516659438028,10,0.5463516659438028,103.80022176035345,2.7215838071242615,42,26135.74398296841,26242.26578853589,experiment,FIFO,0.28,0,variant_3
7448,INSPECTION_1_6,INSPECTION_1_6_LINE,26240.72521084549,1.181006116723438,11,1.181006116723438,104.98122787707689,1.5405776904008235,41,26135.74398296841,26242.26578853589,experiment,FIFO,0.28,0,variant_3
7448,INSPECTION_1_7,INSPECTION_1_7_LINE,26242.26578853589,1.5405776904008235,12,1.5405776904008235,106.52180556747771,0.0,41,26135.74398296841,26242.26578853589,experiment,FIFO,0.28,0,variant_3
7449,MOULDING_1,MOULDING_MACHINE_1,26131.378121623304,0.4138362114645133,1,0.0,0.0,141.1893907914964,35,26131.378121623304,26272.5675124148,experiment,FIFO,0.28,0,variant_4
7449,ASSEMBLY_1_5,LINE_5_ASSEMBLY1,26134.40940285653,3.031281233226764,2,3.031281233226764,3.031281233226764,138.15810955826964,36,26131.378121623304,26272.5675124148,experiment,FIFO,0.28,0,variant_4
7449,ASSEMBLY_2_1,ASSEMBLY2_LINE_1,26252.28099666988,0.24907223310947302,3,117.87159381335005,120.90287504657681,20.286515744919598,44,26131.378121623304,26272.5675124148,experiment,FIFO,0.28,0,variant_4
7449,SORTING,SORTING_ROBOT_1,26263.51597236131,5.719203177693998,4,11.234975691430009,132.13785073800682,9.051540053489589,44,26131.378121623304,26272.5675124148,experiment,FIFO,0.28,0,variant_4
7449,PACKAGING_2,PACKAGING_LINE_2,26263.99622512635,0.48025276503904024,5,0.48025276503904024,132.61810350304586,8.571287288450549,44,26131.378121623304,26272.5675124148,experiment,FIFO,0.28,0,variant_4
7449,INSPECTION_2_1,INSPECTION_2_1_LINE,26266.39023337629,2.394008249939361,6,2.394008249939361,135.01211175298522,6.1772790385111875,41,26131.378121623304,26272.5675124148,experiment,FIFO,0.28,0,variant_4
7449,INSPECTION_2_2,INSPECTION_2_2_LINE,26268.423881005325,2.0336476290358405,7,2.0336476290358405,137.04575938202106,4.143631409475347,40,26131.378121623304,26272.5675124148,experiment,FIFO,0.28,0,variant_4
7449,INSPECTION_2_3,INSPECTION_2_3_LINE,26270.24699475626,1.8231137509355904,8,1.8231137509355904,138.86887313295665,2.3205176585397567,40,26131.378121623304,26272.5675124148,experiment,FIFO,0.28,0,variant_4
7449,INSPECTION_2_4,INSPECTION_2_4_LINE,26270.26211967677,0.015124920508242212,9,0.015124920508242212,138.8839980534649,2.3053927380315145,40,26131.378121623304,26272.5675124148,experiment,FIFO,0.28,0,variant_4
7449,INSPECTION_2_5,INSPECTION_2_5_LINE,26271.167919241685,0.9057995649163786,10,0.9057995649163786,139.78979761838127,1.3995931731151359,38,26131.378121623304,26272.5675124148,experiment,FIFO,0.28,0,variant_4
7449,INSPECTION_2_6,INSPECTION_2_6_LINE,26271.975447316345,0.8075280746597855,11,0.8075280746597855,140.59732569304106,0.5920650984553504,38,26131.378121623304,26272.5675124148,experiment,FIFO,0.28,0,variant_4
7449,INSPECTION_2_7,INSPECTION_2_7_LINE,26272.5675124148,0.5920650984553504,12,0.5920650984553504,141.1893907914964,0.0,37,26131.378121623304,26272.5675124148,experiment,FIFO,0.28,0,variant_4
7450,MOULDING_5,MOULDING_MACHINE_5,26132.440638689528,1.1615719693181745,1,0.0,0.0,167.4680129760818,36,26132.440638689528,26299.90865166561,experiment,FIFO,0.28,0,variant_5
7450,ASSEMBLY_1_2,LINE_2_ASSEMBLY1,26169.54519313535,1.5728775062925706,2,37.10455444582112,37.10455444582112,130.3634585302607,43,26132.440638689528,26299.90865166561,experiment,FIFO,0.28,0,variant_5
7450,ASSEMBLY_2_1,ASSEMBLY2_LINE_1,26284.13787099736,1.5415570071600087,3,114.59267786201235,151.69723230783347,15.770780668248335,37,26132.440638689528,26299.90865166561,experiment,FIFO,0.28,0,variant_5
7450,SORTING,SORTING_ROBOT_1,26290.583079195592,2.4348307369436952,4,6.44520819823083,158.1424405060643,9.325572470017505,38,26132.440638689528,26299.90865166561,experiment,FIFO,0.28,0,variant_5
7450,PACKAGING_1,PACKAGING_LINE_1,26292.108401855585,1.5253226599925256,5,1.5253226599925256,159.66776316605683,7.8002498100249795,39,26132.440638689528,26299.90865166561,experiment,FIFO,0.28,0,variant_5
7450,INSPECTION_1_1,INSPECTION_1_1_LINE,26292.213149846542,0.10474799095754861,6,0.10474799095754861,159.77251115701438,7.695501819067431,39,26132.440638689528,26299.90865166561,experiment,FIFO,0.28,0,variant_5
7450,INSPECTION_1_2,INSPECTION_1_2_LINE,26293.128936273493,0.9157864269509446,7,0.9157864269509446,160.68829758396532,6.779715392116486,38,26132.440638689528,26299.90865166561,experiment,FIFO,0.28,0,variant_5
7450,INSPECTION_1_3,INSPECTION_1_3_LINE,26296.24129781685,3.1123615433571103,8,3.1123615433571103,163.80065912732243,3.667353848759376,37,26132.440638689528,26299.90865166561,experiment,FIFO,0.28,0,variant_5
7450,INSPECTION_1_4,INSPECTION_1_4_LINE,26297.760670213112,1.5193723962620425,9,1.5193723962620425,165.32003152358448,2.1479814524973335,38,26132.440638689528,26299.90865166561,experiment,FIFO,0.28,0,variant_5
7450,INSPECTION_1_5,INSPECTION_1_5_LINE,26297.977448269063,0.21677805595027166,10,0.21677805595027166,165.53680957953475,1.9312033965470619,37,26132.440638689528,26299.90865166561,experiment,FIFO,0.28,0,variant_5
7450,INSPECTION_1_6,INSPECTION_1_6_LINE,26298.66104396902,0.6579656864887511,11,0.6835956999566406,166.2204052794914,1.2476076965904213,36,26132.440638689528,26299.90865166561,experiment,FIFO,0.28,0,variant_5
7450,INSPECTION_1_7,INSPECTION_1_7_LINE,26299.90865166561,0.7475222594366642,12,1.2476076965904213,167.4680129760818,0.0,34,26132.440638689528,26299.90865166561,experiment,FIFO,0.28,0,variant_5
7451,MOULDING_5,MOULDING_MACHINE_5,26141.31356099527,1.834126259691402,1,0.0,0.0,86.1519760732117,39,26141.31356099527,26227.46553706848,experiment,FIFO,0.28,0,variant_3
7451,ASSEMBLY_1_1,LINE_1_ASSEMBLY1,26169.646297835832,3.6061758288706187,2,28.332736840562575,28.332736840562575,57.819239232649124,43,26141.31356099527,26227.46553706848,experiment,FIFO,0.28,0,variant_3
7451,ASSEMBLY_2_2,ASSEMBLY2_LINE_2,26193.907872302203,17.199734802456078,3,24.261574466370803,52.59431130693338,33.55766476627832,43,26141.31356099527,26227.46553706848,experiment,FIFO,0.28,0,variant_3
7451,SORTING,SORTING_ROBOT_1,26222.126154748657,1.0652411308110459,4,28.218282446454396,80.81259375338777,5.339382319823926,42,26141.31356099527,26227.46553706848,experiment,FIFO,0.28,0,variant_3
7451,PACKAGING_2,PACKAGING_LINE_2,26222.203073447152,0.07691869849440991,5,0.07691869849440991,80.88951245188218,5.262463621329516,42,26141.31356099527,26227.46553706848,experiment,FIFO,0.28,0,variant_3
7451,INSPECTION_2_1,INSPECTION_2_1_LINE,26223.48298232226,1.2799088751089585,6,1.2799088751089585,82.16942132699114,3.9825547462205577,43,26141.31356099527,26227.46553706848,experiment,FIFO,0.28,0,variant_3
7451,INSPECTION_2_2,INSPECTION_2_2_LINE,26223.92445593901,0.44147361674913554,7,0.44147361674913554,82.61089494374028,3.541081129471422,43,26141.31356099527,26227.46553706848,experiment,FIFO,0.28,0,variant_3
7451,INSPECTION_2_3,INSPECTION_2_3_LINE,26224.09286786219,0.16841192317951936,8,0.16841192317951936,82.7793068669198,3.372669206291903,43,26141.31356099527,26227.46553706848,experiment,FIFO,0.28,0,variant_3
7451,INSPECTION_2_4,INSPECTION_2_4_LINE,26224.235568157463,0.14270029527324368,9,0.14270029527324368,82.92200716219304,3.229968911018659,43,26141.31356099527,26227.46553706848,experiment,FIFO,0.28,0,variant_3
7451,INSPECTION_2_5,INSPECTION_2_5_LINE,26226.94225724832,2.706689090857253,10,2.706689090857253,85.6286962530503,0.523279820161406,43,26141.31356099527,26227.46553706848,experiment,FIFO,0.28,0,variant_3
7451,INSPECTION_2_6,INSPECTION_2_6_LINE,26227.35472282676,0.4124655784398783,11,0.4124655784398783,86.04116183149017,0.11081424172152765,43,26141.31356099527,26227.46553706848,experiment,FIFO,0.28,0,variant_3
7451,INSPECTION_2_7,INSPECTION_2_7_LINE,26227.46553706848,0.11081424172152765,12,0.11081424172152765,86.1519760732117,0.0,42,26141.31356099527,26227.46553706848,experiment,FIFO,0.28,0,variant_3
7452,MOULDING_5,MOULDING_MACHINE_5,26141.421766397667,0.10820540239728871,1,0.0,0.0,66.62628934169334,40,26141.421766397667,26208.04805573936,experiment,FIFO,0.28,0,variant_1
7452,ASSEMBLY_1_5,LINE_5_ASSEMBLY1,26144.90491378747,3.483147389804799,2,3.483147389804799,3.483147389804799,63.14314195188854,40,26141.421766397667,26208.04805573936,experiment,FIFO,0.28,0,variant_1
7452,ASSEMBLY_2_2,ASSEMBLY2_LINE_2,26160.89743027565,8.158471281731181,3,15.992516488178808,19.475663877983607,47.15062546370973,41,26141.421766397667,26208.04805573936,experiment,FIFO,0.28,0,variant_1
7452,SORTING,SORTING_ROBOT_1,26184.97299329196,2.298238934690744,4,24.075563016311207,43.551226894294814,23.075062447398523,43,26141.421766397667,26208.04805573936,experiment,FIFO,0.28,0,variant_1
7452,PACKAGING_1,PACKAGING_LINE_1,26195.642772768973,7.576235720945988,5,10.669779477011616,54.22100637130643,12.405282970386907,41,26141.421766397667,26208.04805573936,experiment,FIFO,0.28,0,variant_1
7452,INSPECTION_2_1,INSPECTION_2_1_LINE,26198.46278163941,2.8200088704361406,6,2.8200088704361406,57.04101524174257,9.585274099950766,41,26141.421766397667,26208.04805573936,experiment,FIFO,0.28,0,variant_1
7452,INSPECTION_2_2,INSPECTION_2_2_LINE,26198.46899636908,0.006214729670318775,7,0.006214729670318775,57.04722997141289,9.579059370280447,41,26141.421766397667,26208.04805573936,experiment,FIFO,0.28,0,variant_1
7452,INSPECTION_2_3,INSPECTION_2_3_LINE,26198.708059912136,0.2390635430565453,8,0.2390635430565453,57.286293514469435,9.339995827223902,41,26141.421766397667,26208.04805573936,experiment,FIFO,0.28,0,variant_1
7452,INSPECTION_2_4,INSPECTION_2_4_LINE,26199.677977367526,0.9699174553898047,9,0.9699174553898047,58.25621096985924,8.370078371834097,41,26141.421766397667,26208.04805573936,experiment,FIFO,0.28,0,variant_1
7452,INSPECTION_2_5,INSPECTION_2_5_LINE,26204.08466723514,4.40668986761375,10,4.40668986761375,62.66290083747299,3.9633885042203474,42,26141.421766397667,26208.04805573936,experiment,FIFO,0.28,0,variant_1
7452,INSPECTION_2_6,INSPECTION_2_6_LINE,26205.94663641434,1.861969179200969,11,1.861969179200969,64.52487001667396,2.1014193250193784,43,26141.421766397667,26208.04805573936,experiment,FIFO,0.28,0,variant_1
7452,INSPECTION_2_7,INSPECTION_2_7_LINE,26208.04805573936,2.1014193250193784,12,2.1014193250193784,66.62628934169334,0.0,43,26141.421766397667,26208.04805573936,experiment,FIFO,0.28,0,variant_1
7453,MOULDING_1,MOULDING_MACHINE_1,26150.849969224964,8.574303821191279,1,0.0,0.0,141.6847944036599,40,26150.849969224964,26292.534763628624,experiment,FIFO,0.28,0,variant_5
7453,ASSEMBLY_1_3,LINE_3_ASSEMBLY1,26151.65888003768,0.8089108127169311,2,0.8089108127169311,0.8089108127169311,140.87588359094298,39,26150.849969224964,26292.534763628624,experiment,FIFO,0.28,0,variant_5
7453,ASSEMBLY_2_1,ASSEMBLY2_LINE_1,26278.93097135676,7.759364808429382,3,127.27209131907875,128.08100213179569,13.603792271864222,37,26150.849969224964,26292.534763628624,experiment,FIFO,0.28,0,variant_5
7453,SORTING,SORTING_ROBOT_1,26282.53042307504,3.5994517182807613,4,3.5994517182807613,131.68045385007645,10.00434055358346,36,26150.849969224964,26292.534763628624,experiment,FIFO,0.28,0,variant_5
7453,PACKAGING_1,PACKAGING_LINE_1,26285.273801658743,2.743378583701997,5,2.743378583701997,134.42383243377844,7.260961969881464,38,26150.849969224964,26292.534763628624,experiment,FIFO,0.28,0,variant_5
7453,INSPECTION_2_1,INSPECTION_2_1_LINE,26285.468319274,0.19451761525851907,6,0.19451761525851907,134.61835004903696,7.066444354622945,38,26150.849969224964,26292.534763628624,experiment,FIFO,0.28,0,variant_5
7453,INSPECTION_2_2,INSPECTION_2_2_LINE,26287.25766291181,1.7893436378071783,7,1.7893436378071783,136.40769368684414,5.277100716815767,38,26150.849969224964,26292.534763628624,experiment,FIFO,0.28,0,variant_5
7453,INSPECTION_2_3,INSPECTION_2_3_LINE,26287.88635908553,0.6286961737205274,8,0.6286961737205274,137.03638986056467,4.648404543095239,38,26150.849969224964,26292.534763628624,experiment,FIFO,0.28,0,variant_5
7453,INSPECTION_2_4,INSPECTION_2_4_LINE,26288.4715879024,0.5852288168716768,9,0.5852288168716768,137.62161867743635,4.063175726223562,38,26150.849969224964,26292.534763628624,experiment,FIFO,0.28,0,variant_5
7453,INSPECTION_2_5,INSPECTION_2_5_LINE,26288.600715560813,0.12912765841247165,10,0.12912765841247165,137.75074633584882,3.9340480678110907,38,26150.849969224964,26292.534763628624,experiment,FIFO,0.28,0,variant_5
7453,INSPECTION_2_6,INSPECTION_2_6_LINE,26289.70083397817,1.100118417358317,11,1.100118417358317,138.85086475320713,2.833929650452774,38,26150.849969224964,26292.534763628624,experiment,FIFO,0.28,0,variant_5
7453,INSPECTION_2_7,INSPECTION_2_7_LINE,26292.534763628624,2.833929650452774,12,2.833929650452774,141.6847944036599,0.0,38,26150.849969224964,26292.534763628624,experiment,FIFO,0.28,0,variant_5
7454,MOULDING_3,MOULDING_MACHINE_3,26160.819206208325,10.082843817152025,1,0.0,0.0,161.2180742804121,41,26160.819206208325,26322.037280488737,experiment,FIFO,0.28,0,variant_6
7454,ASSEMBLY_1_5,LINE_5_ASSEMBLY1,26180.39768870036,10.003719771928445,2,19.5784824920338,19.5784824920338,141.6395917883783,43,26160.819206208325,26322.037280488737,experiment,FIFO,0.28,0,variant_6
7454,ASSEMBLY_2_1,ASSEMBLY2_LINE_1,26304.51852513966,1.2943419636212639,3,124.12083643930237,143.69931893133617,17.518755349075946,32,26160.819206208325,26322.037280488737,experiment,FIFO,0.28,0,variant_6
7454,SORTING,SORTING_ROBOT_1,26313.05759033713,1.7419849302204966,4,8.539065197466698,152.23838412880286,8.979690151609248,32,26160.819206208325,26322.037280488737,experiment,FIFO,0.28,0,variant_6
7454,PACKAGING_3,PACKAGING_LINE_3,26314.995687876195,1.9350588928973593,5,1.9380975390668027,154.17648166786967,7.041592612542445,32,26160.819206208325,26322.037280488737,experiment,FIFO,0.28,0,variant_6
7454,INSPECTION_1_1,INSPECTION_1_1_LINE,26316.68724595723,1.6915580810346,6,1.6915580810346,155.86803974890427,5.350034531507845,32,26160.819206208325,26322.037280488737,experiment,FIFO,0.28,0,variant_6
7454,INSPECTION_1_2,INSPECTION_1_2_LINE,26317.667159286742,0.9799133295127831,7,0.9799133295127831,156.84795307841705,4.370121201995062,32,26160.819206208325,26322.037280488737,experiment,FIFO,0.28,0,variant_6
7454,INSPECTION_1_3,INSPECTION_1_3_LINE,26318.24175672141,0.5745974346682488,8,0.5745974346682488,157.4225505130853,3.795523767326813,30,26160.819206208325,26322.037280488737,experiment,FIFO,0.28,0,variant_6
7454,INSPECTION_1_4,INSPECTION_1_4_LINE,26318.467272552032,0.22551583062158898,9,0.22551583062158898,157.6480663437069,3.570007936705224,30,26160.819206208325,26322.037280488737,experiment,FIFO,0.28,0,variant_6
7454,INSPECTION_1_5,INSPECTION_1_5_LINE,26320.32948089215,1.862208340116922,10,1.862208340116922,159.5102746838238,1.707799596588302,28,26160.819206208325,26322.037280488737,experiment,FIFO,0.28,0,variant_6
7454,INSPECTION_1_6,INSPECTION_1_6_LINE,26320.38886201804,0.05938112589137745,11,0.05938112589137745,159.5696558097152,1.6484184706969245,28,26160.819206208325,26322.037280488737,experiment,FIFO,0.28,0,variant_6
7454,INSPECTION_1_7,INSPECTION_1_7_LINE,26322.037280488737,1.6484184706969245,12,1.6484184706969245,161.2180742804121,0.0,27,26160.819206208325,26322.037280488737,experiment,FIFO,0.28,0,variant_6
7455,MOULDING_4,MOULDING_MACHINE_4,26161.230570153697,10.207410194696422,1,0.0,0.0,157.00605943738265,42,26161.230570153697,26318.23662959108,experiment,FIFO,0.28,0,variant_4
7455,ASSEMBLY_1_2,LINE_2_ASSEMBLY1,26170.464581707714,0.2751810949703213,2,9.234011554017343,9.234011554017343,147.7720478833653,43,26161.230570153697,26318.23662959108,experiment,FIFO,0.28,0,variant_4
7455,ASSEMBLY_2_1,ASSEMBLY2_LINE_1,26295.42327833994,0.17433837805583607,3,124.95869663222402,134.19270818624136,22.813351251141285,37,26161.230570153697,26318.23662959108,experiment,FIFO,0.28,0,variant_4
7455,SORTING,SORTING_ROBOT_1,26301.139326292167,1.087878820097103,4,5.716047952228109,139.90875613846947,17.097303298913175,34,26161.230570153697,26318.23662959108,experiment,FIFO,0.28,0,variant_4
7455,PACKAGING_3,PACKAGING_LINE_3,26302.02647570597,0.8871494138038543,5,0.8871494138038543,140.79590555227333,16.21015388510932,34,26161.230570153697,26318.23662959108,experiment,FIFO,0.28,0,variant_4
7455,INSPECTION_2_1,INSPECTION_2_1_LINE,26303.620842430493,1.5943667245228426,6,1.5943667245228426,142.39027227679617,14.615787160586478,32,26161.230570153697,26318.23662959108,experiment,FIFO,0.28,0,variant_4
7455,INSPECTION_2_2,INSPECTION_2_2_LINE,26303.95877406128,0.08588822219098802,7,0.33793163078735233,142.72820390758352,14.277855529799126,32,26161.230570153697,26318.23662959108,experiment,FIFO,0.28,0,variant_4
7455,INSPECTION_2_3,INSPECTION_2_3_LINE,26308.93903383774,2.1166960381233366,8,4.9802597764610255,147.70846368404455,9.2975957533381,32,26161.230570153697,26318.23662959108,experiment,FIFO,0.28,0,variant_4
7455,INSPECTION_2_4,INSPECTION_2_4_LINE,26309.09798677989,0.1589529421471525,9,0.1589529421471525,147.8674166261917,9.138642811190948,32,26161.230570153697,26318.23662959108,experiment,FIFO,0.28,0,variant_4
7455,INSPECTION_2_5,INSPECTION_2_5_LINE,26314.52449802207,1.573884419620299,10,5.426511242181732,153.29392786837343,3.712131569009216,32,26161.230570153697,26318.23662959108,experiment,FIFO,0.28,0,variant_4
7455,INSPECTION_2_6,INSPECTION_2_6_LINE,26317.500901976506,1.8446847419945698,11,2.976403954435227,156.27033182280866,0.7357276145739888,32,26161.230570153697,26318.23662959108,experiment,FIFO,0.28,0,variant_4
7455,INSPECTION_2_7,INSPECTION_2_7_LINE,26318.23662959108,0.7357276145739888,12,0.7357276145739888,157.00605943738265,0.0,30,26161.230570153697,26318.23662959108,experiment,FIFO,0.28,0,variant_4
7456,MOULDING_2,MOULDING_MACHINE_2,26155.0482927964,2.889081244415138,1,0.0,0.0,147.5602952074587,40,26155.0482927964,26302.60858800386,experiment,FIFO,0.28,0,variant_4
7456,ASSEMBLY_1_3,LINE_3_ASSEMBLY1,26157.74860857233,2.700315775928175,2,2.700315775928175,2.700315775928175,144.85997943153052,39,26155.0482927964,26302.60858800386,experiment,FIFO,0.28,0,variant_4
7456,ASSEMBLY_2_1,ASSEMBLY2_LINE_1,26280.57813438701,1.6471630302512494,3,122.82952581468271,125.52984159061089,22.030453616847808,36,26155.0482927964,26302.60858800386,experiment,FIFO,0.28,0,variant_4
7456,SORTING,SORTING_ROBOT_1,26283.71801940972,1.187596334679256,4,3.139885022708768,128.66972661331965,18.89056859413904,37,26155.0482927964,26302.60858800386,experiment,FIFO,0.28,0,variant_4
7456,PACKAGING_1,PACKAGING_LINE_1,26286.70496636644,1.4311647076974623,5,2.986946956720203,131.65667357003986,15.903621637418837,38,26155.0482927964,26302.60858800386,experiment,FIFO,0.28,0,variant_4
7456,INSPECTION_2_1,INSPECTION_2_1_LINE,26287.20994553261,0.5049791661695053,6,0.5049791661695053,132.16165273620936,15.398642471249332,38,26155.0482927964,26302.60858800386,experiment,FIFO,0.28,0,variant_4
7456,INSPECTION_2_2,INSPECTION_2_2_LINE,26287.806579982323,0.5489170705150173,7,0.596634449713747,132.7582871859231,14.802008021535585,38,26155.0482927964,26302.60858800386,experiment,FIFO,0.28,0,variant_4
7456,INSPECTION_2_3,INSPECTION_2_3_LINE,26289.050017676007,1.1636585904780077,8,1.2434376936835179,134.00172487960663,13.558570327852067,38,26155.0482927964,26302.60858800386,experiment,FIFO,0.28,0,variant_4
7456,INSPECTION_2_4,INSPECTION_2_4_LINE,26297.35754885072,8.307531174712494,9,8.307531174712494,142.30925605431912,5.251039153139573,38,26155.0482927964,26302.60858800386,experiment,FIFO,0.28,0,variant_4
7456,INSPECTION_2_5,INSPECTION_2_5_LINE,26297.819655145573,0.4621062948535837,10,0.4621062948535837,142.7713623491727,4.788932858285989,38,26155.0482927964,26302.60858800386,experiment,FIFO,0.28,0,variant_4
7456,INSPECTION_2_6,INSPECTION_2_6_LINE,26298.50962883208,0.6899736865052546,11,0.6899736865052546,143.46133603567796,4.098959171780734,36,26155.0482927964,26302.60858800386,experiment,FIFO,0.28,0,variant_4
7456,INSPECTION_2_7,INSPECTION_2_7_LINE,26302.60858800386,4.098959171780734,12,4.098959171780734,147.5602952074587,0.0,33,26155.0482927964,26302.60858800386,experiment,FIFO,0.28,0,variant_4
7457,MOULDING_1,MOULDING_MACHINE_1,26160.545035593987,3.640401731849124,1,0.0,0.0,156.28024166202522,40,26160.545035593987,26316.82527725601,experiment,FIFO,0.28,0,variant_3
7457,ASSEMBLY_1_5,LINE_5_ASSEMBLY1,26170.39396892843,9.848933334444155,2,9.848933334444155,9.848933334444155,146.43130832758106,43,26160.545035593987,26316.82527725601,experiment,FIFO,0.28,0,variant_3
7457,ASSEMBLY_2_1,ASSEMBLY2_LINE_1,26295.248939961883,10.462974666315858,3,124.85497103345187,134.70390436789603,21.57633729412919,37,26160.545035593987,26316.82527725601,experiment,FIFO,0.28,0,variant_3
7457,SORTING,SORTING_ROBOT_1,26300.05144747207,3.134933661804098,4,4.802507510186842,139.50641187808287,16.773829783942347,34,26160.545035593987,26316.82527725601,experiment,FIFO,0.28,0,variant_3
7457,PACKAGING_2,PACKAGING_LINE_2,26301.92339181174,1.871944339669426,5,1.871944339669426,141.3783562177523,14.90188544427292,34,26160.545035593987,26316.82527725601,experiment,FIFO,0.28,0,variant_3
7457,INSPECTION_2_1,INSPECTION_2_1_LINE,26301.944297519163,0.02090570742439013,6,0.02090570742439013,141.3992619251767,14.88097973684853,34,26160.545035593987,26316.82527725601,experiment,FIFO,0.28,0,variant_3
7457,INSPECTION_2_2,INSPECTION_2_2_LINE,26303.87288583909,1.928588319926348,7,1.928588319926348,143.32785024510304,12.952391416922183,32,26160.545035593987,26316.82527725601,experiment,FIFO,0.28,0,variant_3
7457,INSPECTION_2_3,INSPECTION_2_3_LINE,26306.82233779962,1.482508094777586,8,2.949451960528677,146.2773022056317,10.002939456393506,32,26160.545035593987,26316.82527725601,experiment,FIFO,0.28,0,variant_3
7457,INSPECTION_2_4,INSPECTION_2_4_LINE,26308.605573649224,1.783235849605262,9,1.783235849605262,148.06053805523698,8.219703606788244,32,26160.545035593987,26316.82527725601,experiment,FIFO,0.28,0,variant_3
7457,INSPECTION_2_5,INSPECTION_2_5_LINE,26312.95061360245,1.2501117607971537,10,4.34503995322666,152.40557800846364,3.8746636535615835,32,26160.545035593987,26316.82527725601,experiment,FIFO,0.28,0,variant_3
7457,INSPECTION_2_6,INSPECTION_2_6_LINE,26315.65621723451,0.7693730034916371,11,2.7056036320609564,155.1111816405246,1.169060021500627,32,26160.545035593987,26316.82527725601,experiment,FIFO,0.28,0,variant_3
7457,INSPECTION_2_7,INSPECTION_2_7_LINE,26316.82527725601,1.0113422680515214,12,1.169060021500627,156.28024166202522,0.0,31,26160.545035593987,26316.82527725601,experiment,FIFO,0.28,0,variant_3
7458,MOULDING_1,MOULDING_MACHINE_1,26164.77933677025,4.234301176264125,1,0.0,0.0,113.18224138036021,43,26164.77933677025,26277.96157815061,experiment,FIFO,0.28,0,variant_1
7458,ASSEMBLY_1_1,LINE_1_ASSEMBLY1,26217.275693957134,47.6293961213014,2,52.49635718688296,52.49635718688296,60.68588419347725,40,26164.77933677025,26277.96157815061,experiment,FIFO,0.28,0,variant_1
7458,ASSEMBLY_2_2,ASSEMBLY2_LINE_2,26234.3169700256,3.31456391244501,3,17.041276068466686,69.53763325534965,43.64460812501056,44,26164.77933677025,26277.96157815061,experiment,FIFO,0.28,0,variant_1
7458,SORTING,SORTING_ROBOT_1,26237.559993542043,0.3888726332152146,4,3.2430235164429178,72.78065677179256,40.401584608567646,42,26164.77933677025,26277.96157815061,experiment,FIFO,0.28,0,variant_1
7458,PACKAGING_1,PACKAGING_LINE_1,26265.39114321835,0.43173387304341304,5,27.83114967630536,100.61180644809792,12.570434932262287,43,26164.77933677025,26277.96157815061,experiment,FIFO,0.28,0,variant_1
7458,INSPECTION_1_1,INSPECTION_1_1_LINE,26268.57622240288,3.119405859029939,6,3.185079184531787,103.79688563262971,9.3853557477305,40,26164.77933677025,26277.96157815061,experiment,FIFO,0.28,0,variant_1
7458,INSPECTION_1_2,INSPECTION_1_2_LINE,26271.33502960317,2.758807200290903,7,2.758807200290903,106.55569283292061,6.626548547439597,38,26164.77933677025,26277.96157815061,experiment,FIFO,0.28,0,variant_1
7458,INSPECTION_1_3,INSPECTION_1_3_LINE,26271.6221277445,0.2870981413288973,8,0.2870981413288973,106.84279097424951,6.3394504061107,38,26164.77933677025,26277.96157815061,experiment,FIFO,0.28,0,variant_1
7458,INSPECTION_1_4,INSPECTION_1_4_LINE,26272.935710737536,1.313582993036107,9,1.313582993036107,108.15637396728562,5.025867413074593,37,26164.77933677025,26277.96157815061,experiment,FIFO,0.28,0,variant_1
7458,INSPECTION_1_5,INSPECTION_1_5_LINE,26274.525075646303,1.5893649087665835,10,1.5893649087665835,109.7457388760522,3.4365025043080095,35,26164.77933677025,26277.96157815061,experiment,FIFO,0.28,0,variant_1
7458,INSPECTION_1_6,INSPECTION_1_6_LINE,26276.77665960436,2.251583958055562,11,2.251583958055562,111.99732283410776,1.1849185462524474,38,26164.77933677025,26277.96157815061,experiment,FIFO,0.28,0,variant_1
7458,INSPECTION_1_7,INSPECTION_1_7_LINE,26277.96157815061,1.1849185462524474,12,1.1849185462524474,113.18224138036021,0.0,37,26164.77933677025,26277.96157815061,experiment,FIFO,0.28,0,variant_1
7459,MOULDING_2,MOULDING_MACHINE_2,26164.392578907285,0.3598981777431618,1,0.0,0.0,172.27077484464462,42,26164.392578907285,26336.66335375193,experiment,FIFO,0.28,0,variant_4
7459,ASSEMBLY_1_5,LINE_5_ASSEMBLY1,26188.45119411369,8.05350541333246,2,24.058615206406103,24.058615206406103,148.21215963823852,44,26164.392578907285,26336.66335375193,experiment,FIFO,0.28,0,variant_4
7459,ASSEMBLY_2_1,ASSEMBLY2_LINE_1,26310.476212328733,5.957687189071294,3,122.0250182150412,146.0836334214473,26.187141423197318,30,26164.392578907285,26336.66335375193,experiment,FIFO,0.28,0,variant_4
7459,SORTING,SORTING_ROBOT_1,26314.59624706378,1.5386567266505153,4,4.12003473504592,150.20366815649322,22.067106688151398,32,26164.392578907285,26336.66335375193,experiment,FIFO,0.28,0,variant_4
7459,PACKAGING_3,PACKAGING_LINE_3,26323.723058029,8.727370152806543,5,9.12681096522283,159.33047912171605,12.940295722928568,27,26164.392578907285,26336.66335375193,experiment,FIFO,0.28,0,variant_4
7459,INSPECTION_2_1,INSPECTION_2_1_LINE,26326.45806298753,2.7350049585293164,6,2.7350049585293164,162.06548408024537,10.205290764399251,28,26164.392578907285,26336.66335375193,experiment,FIFO,0.28,0,variant_4
7459,INSPECTION_2_2,INSPECTION_2_2_LINE,26327.202642951408,0.744579963877186,7,0.744579963877186,162.81006404412256,9.460710800522065,28,26164.392578907285,26336.66335375193,experiment,FIFO,0.28,0,variant_4
7459,INSPECTION_2_3,INSPECTION_2_3_LINE,26328.84754745433,1.6449045029221452,8,1.6449045029221452,164.4549685470447,7.81580629759992,28,26164.392578907285,26336.66335375193,experiment,FIFO,0.28,0,variant_4
7459,INSPECTION_2_4,INSPECTION_2_4_LINE,26333.78282701059,4.935279556259047,9,4.935279556259047,169.39024810330375,2.880526741340873,28,26164.392578907285,26336.66335375193,experiment,FIFO,0.28,0,variant_4
7459,INSPECTION_2_5,INSPECTION_2_5_LINE,26333.855427867475,0.0726008568854013,10,0.0726008568854013,169.46284896018915,2.8079258844554715,28,26164.392578907285,26336.66335375193,experiment,FIFO,0.28,0,variant_4
7459,INSPECTION_2_6,INSPECTION_2_6_LINE,26335.44360581504,1.5881779475639632,11,1.5881779475639632,171.0510269077531,1.2197479368915083,28,26164.392578907285,26336.66335375193,experiment,FIFO,0.28,0,variant_4
7459,INSPECTION_2_7,INSPECTION_2_7_LINE,26336.66335375193,1.2197479368915083,12,1.2197479368915083,172.27077484464462,0.0,27,26164.392578907285,26336.66335375193,experiment,FIFO,0.28,0,variant_4
7460,MOULDING_4,MOULDING_MACHINE_4,26169.46027595519,0.12684864180118893,1,0.0,0.0,66.42974724782107,43,26169.46027595519,26235.89002320301,experiment,FIFO,0.28,0,variant_5
7460,ASSEMBLY_1_2,LINE_2_ASSEMBLY1,26184.52029567452,14.055713966805342,2,15.06001971933074,15.06001971933074,51.36972752849033,43,26169.46027595519,26235.89002320301,experiment,FIFO,0.28,0,variant_5
7460,ASSEMBLY_2_2,ASSEMBLY2_LINE_2,26205.150248542974,11.242376240770682,3,20.629952868453984,35.68997258778472,30.739774660036346,43,26169.46027595519,26235.89002320301,experiment,FIFO,0.28,0,variant_5
7460,SORTING,SORTING_ROBOT_1,26225.406338348464,3.28018359980706,4,20.256089805490774,55.9460623932755,10.483684854545572,43,26169.46027595519,26235.89002320301,experiment,FIFO,0.28,0,variant_5
7460,PACKAGING_3,PACKAGING_LINE_3,26228.09119753297,2.684859184504603,5,2.684859184504603,58.6309215777801,7.798825670040969,42,26169.46027595519,26235.89002320301,experiment,FIFO,0.28,0,variant_5
7460,INSPECTION_2_1,INSPECTION_2_1_LINE,26230.354601745545,1.41205542802345,6,2.2634042125755514,60.89432579035565,5.535421457465418,43,26169.46027595519,26235.89002320301,experiment,FIFO,0.28,0,variant_5
7460,INSPECTION_2_2,INSPECTION_2_2_LINE,26231.814131490584,1.4595297450396174,7,1.4595297450396174,62.35385553539527,4.0758917124258005,43,26169.46027595519,26235.89002320301,experiment,FIFO,0.28,0,variant_5
7460,INSPECTION_2_3,INSPECTION_2_3_LINE,26233.210670121127,1.3965386305426364,8,1.3965386305426364,63.750394165937905,2.679353081883164,43,26169.46027595519,26235.89002320301,experiment,FIFO,0.28,0,variant_5
7460,INSPECTION_2_4,INSPECTION_2_4_LINE,26233.69704102107,0.4863708999437222,9,0.4863708999437222,64.23676506588163,2.192982181939442,43,26169.46027595519,26235.89002320301,experiment,FIFO,0.28,0,variant_5
7460,INSPECTION_2_5,INSPECTION_2_5_LINE,26234.009191981782,0.3121509607117332,10,0.3121509607117332,64.54891602659336,1.8808312212277087,44,26169.46027595519,26235.89002320301,experiment,FIFO,0.28,0,variant_5
7460,INSPECTION_2_6,INSPECTION_2_6_LINE,26234.77771781903,0.7685258372475801,11,0.7685258372475801,65.31744186384094,1.1123053839801287,44,26169.46027595519,26235.89002320301,experiment,FIFO,0.28,0,variant_5
7460,INSPECTION_2_7,INSPECTION_2_7_LINE,26235.89002320301,1.1123053839801287,12,1.1123053839801287,66.42974724782107,0.0,43,26169.46027595519,26235.89002320301,experiment,FIFO,0.28,0,variant_5
7461,MOULDING_5,MOULDING_MACHINE_5,26172.54661998184,2.6853104522924696,1,0.0,0.0,98.22652876922075,42,26172.54661998184,26270.77314875106,experiment,FIFO,0.28,0,variant_3
7461,ASSEMBLY_1_2,LINE_2_ASSEMBLY1,26204.81969052881,20.299394854289858,2,32.27307054696939,32.27307054696939,65.95345822225136,43,26172.54661998184,26270.77314875106,experiment,FIFO,0.28,0,variant_3
7461,ASSEMBLY_2_2,ASSEMBLY2_LINE_2,26206.900394643744,1.7501461007705075,3,2.0807041149346333,34.353774661904026,63.87275410731672,43,26172.54661998184,26270.77314875106,experiment,FIFO,0.28,0,variant_3
7461,SORTING,SORTING_ROBOT_1,26226.23284847566,0.8265101271972526,4,19.33245383191752,53.686228493821545,44.540300275399204,43,26172.54661998184,26270.77314875106,experiment,FIFO,0.28,0,variant_3
7461,PACKAGING_1,PACKAGING_LINE_1,26262.08216403632,0.007156325642426964,5,35.849315560659306,89.53554405448085,8.690984714739898,44,26172.54661998184,26270.77314875106,experiment,FIFO,0.28,0,variant_3
7461,INSPECTION_2_1,INSPECTION_2_1_LINE,26262.40619712577,0.32403308944776654,6,0.32403308944776654,89.85957714392862,8.366951625292131,44,26172.54661998184,26270.77314875106,experiment,FIFO,0.28,0,variant_3
7461,INSPECTION_2_2,INSPECTION_2_2_LINE,26262.63837188568,0.14790936121426057,7,0.23217475991259562,90.09175190384121,8.134776865379536,44,26172.54661998184,26270.77314875106,experiment,FIFO,0.28,0,variant_3
7461,INSPECTION_2_3,INSPECTION_2_3_LINE,26263.95682282697,0.30560812162366346,8,1.318450941289484,91.4102028451307,6.816325924090052,44,26172.54661998184,26270.77314875106,experiment,FIFO,0.28,0,variant_3
7461,INSPECTION_2_4,INSPECTION_2_4_LINE,26265.59943735156,0.3302123922694591,9,1.6426145245895896,93.05281736972029,5.173711399500462,42,26172.54661998184,26270.77314875106,experiment,FIFO,0.28,0,variant_3
7461,INSPECTION_2_5,INSPECTION_2_5_LINE,26268.3418905684,1.876000060557999,10,2.7424532168406586,95.79527058656095,2.4312581826598034,41,26172.54661998184,26270.77314875106,experiment,FIFO,0.28,0,variant_3
7461,INSPECTION_2_6,INSPECTION_2_6_LINE,26269.036701943493,0.6948113750913762,11,0.6948113750913762,96.49008196165232,1.7364468075684272,39,26172.54661998184,26270.77314875106,experiment,FIFO,0.28,0,variant_3
7461,INSPECTION_2_7,INSPECTION_2_7_LINE,26270.77314875106,1.7364468075684272,12,1.7364468075684272,98.22652876922075,0.0,38,26172.54661998184,26270.77314875106,experiment,FIFO,0.28,0,variant_3
7462,MOULDING_1,MOULDING_MACHINE_1,26175.227093050777,1.5852924774771964,1,0.0,0.0,144.4502225764736,42,26175.227093050777,26319.67731562725,experiment,FIFO,0.28,0,variant_2
7462,ASSEMBLY_1_3,LINE_3_ASSEMBLY1,26177.48779892575,2.2607058749745192,2,2.2607058749745192,2.2607058749745192,142.1895167014991,42,26175.227093050777,26319.67731562725,experiment,FIFO,0.28,0,variant_2
7462,ASSEMBLY_2_1,ASSEMBLY2_LINE_1,26303.22418317604,7.800904836101836,3,125.73638425028912,127.99709012526364,16.453132451209967,32,26175.227093050777,26319.67731562725,experiment,FIFO,0.28,0,variant_2
7462,SORTING,SORTING_ROBOT_1,26311.315605406908,2.6261516160193423,4,8.091422230867465,136.0885123561311,8.361710220342502,30,26175.227093050777,26319.67731562725,experiment,FIFO,0.28,0,variant_2
7462,PACKAGING_3,PACKAGING_LINE_3,26313.060628983298,1.74502357638994,5,1.74502357638994,137.83353593252104,6.616686643952562,32,26175.227093050777,26319.67731562725,experiment,FIFO,0.28,0,variant_2
7462,INSPECTION_1_1,INSPECTION_1_1_LINE,26314.38131423808,1.320685254780983,6,1.320685254780983,139.15422118730203,5.296001389171579,32,26175.227093050777,26319.67731562725,experiment,FIFO,0.28,0,variant_2
7462,INSPECTION_1_2,INSPECTION_1_2_LINE,26314.517612953343,0.1362987152642745,7,0.1362987152642745,139.2905199025663,5.159702673907304,32,26175.227093050777,26319.67731562725,experiment,FIFO,0.28,0,variant_2
7462,INSPECTION_1_3,INSPECTION_1_3_LINE,26316.32532754749,1.8077145941460913,8,1.8077145941460913,141.0982344967124,3.351988079761213,32,26175.227093050777,26319.67731562725,experiment,FIFO,0.28,0,variant_2
7462,INSPECTION_1_4,INSPECTION_1_4_LINE,26317.93046869549,1.605141148000257,9,1.605141148000257,142.70337564471265,1.746846931760956,32,26175.227093050777,26319.67731562725,experiment,FIFO,0.28,0,variant_2
7462,INSPECTION_1_5,INSPECTION_1_5_LINE,26317.96404037872,0.03357168323054793,10,0.03357168323054793,142.7369473279432,1.7132752485304081,32,26175.227093050777,26319.67731562725,experiment,FIFO,0.28,0,variant_2
7462,INSPECTION_1_6,INSPECTION_1_6_LINE,26318.00549942657,0.041459047850366915,11,0.041459047850366915,142.77840637579357,1.6718162006800412,32,26175.227093050777,26319.67731562725,experiment,FIFO,0.28,0,variant_2
7462,INSPECTION_1_7,INSPECTION_1_7_LINE,26319.67731562725,1.5661303334636614,12,1.6718162006800412,144.4502225764736,0.0,29,26175.227093050777,26319.67731562725,experiment,FIFO,0.28,0,variant_2
7463,MOULDING_5,MOULDING_MACHINE_5,26179.25353092428,0.4241798285693221,1,0.0,0.0,85.91196082704846,43,26179.25353092428,26265.16549175133,experiment,FIFO,0.28,0,variant_5
7463,ASSEMBLY_1_1,LINE_1_ASSEMBLY1,26224.929221445287,7.653527488153486,2,45.67569052100589,45.67569052100589,40.23627030604257,43,26179.25353092428,26265.16549175133,experiment,FIFO,0.28,0,variant_5
7463,ASSEMBLY_2_2,ASSEMBLY2_LINE_2,26237.9358382804,3.6188682547981443,3,13.006616835111345,58.682307356117235,27.229653470931225,42,26179.25353092428,26265.16549175133,experiment,FIFO,0.28,0,variant_5
7463,SORTING,SORTING_ROBOT_1,26241.484661057253,3.5488227768546494,4,3.5488227768546494,62.231130132971884,23.680830694076576,42,26179.25353092428,26265.16549175133,experiment,FIFO,0.28,0,variant_5
7463,PACKAGING_3,PACKAGING_LINE_3,26243.106339192324,1.6216781350703968,5,1.6216781350703968,63.85280826804228,22.05915255900618,41,26179.25353092428,26265.16549175133,experiment,FIFO,0.28,0,variant_5
7463,PACKAGING_3,PACKAGING_LINE_3,26248.65478139974,5.548442207415064,6,5.548442207415064,69.40125047545735,16.510710351591115,42,26179.25353092428,26265.16549175133,experiment,FIFO,0.28,0,variant_5
7463,INSPECTION_1_1,INSPECTION_1_1_LINE,26256.63461104157,7.973664760880638,7,7.9798296418302925,77.38108011728764,8.530880709760822,43,26179.25353092428,26265.16549175133,experiment,FIFO,0.28,0,variant_5
7463,INSPECTION_1_2,INSPECTION_1_2_LINE,26256.92297029867,0.288359257101547,8,0.288359257101547,77.66943937438919,8.242521452659275,43,26179.25353092428,26265.16549175133,experiment,FIFO,0.28,0,variant_5
7463,INSPECTION_1_3,INSPECTION_1_3_LINE,26257.43215019877,0.5091799000983883,9,0.5091799000983883,78.17861927448757,7.733341552560887,43,26179.25353092428,26265.16549175133,experiment,FIFO,0.28,0,variant_5
7463,INSPECTION_1_4,INSPECTION_1_4_LINE,26258.30934284172,0.8771926429508312,10,0.8771926429508312,79.0558119174384,6.856148909610056,43,26179.25353092428,26265.16549175133,experiment,FIFO,0.28,0,variant_5
7463,INSPECTION_1_5,INSPECTION_1_5_LINE,26259.962031376894,1.652688535174093,11,1.652688535174093,80.7085004526125,5.203460374435963,44,26179.25353092428,26265.16549175133,experiment,FIFO,0.28,0,variant_5
7463,INSPECTION_1_6,INSPECTION_1_6_LINE,26261.297131348416,1.3350999715221405,12,1.3350999715221405,82.04360042413464,3.8683604029138223,43,26179.25353092428,26265.16549175133,experiment,FIFO,0.28,0,variant_5
7463,INSPECTION_1_7,INSPECTION_1_7_LINE,26265.16549175133,3.8683604029138223,13,3.8683604029138223,85.91196082704846,0.0,43,26179.25353092428,26265.16549175133,experiment,FIFO,0.28,0,variant_5
7464,MOULDING_4,MOULDING_MACHINE_4,26181.52931486623,2.5804240464276518,1,0.0,0.0,172.57724965420857,43,26181.52931486623,26354.10656452044,experiment,FIFO,0.28,0,variant_2
7464,MOULDING_4,MOULDING_MACHINE_4,26193.09380691145,11.564492045217776,2,11.564492045217776,11.564492045217776,161.0127576089908,43,26181.52931486623,26354.10656452044,experiment,FIFO,0.28,0,variant_2
7464,ASSEMBLY_1_3,LINE_3_ASSEMBLY1,26202.5663951436,9.472588232150883,3,9.472588232150883,21.03708027736866,151.5401693768399,42,26181.52931486623,26354.10656452044,experiment,FIFO,0.28,0,variant_2
7464,ASSEMBLY_2_1,ASSEMBLY2_LINE_1,26337.0296307273,26.553418398565555,4,134.4632355836984,155.50031586106707,17.076933793141507,27,26181.52931486623,26354.10656452044,experiment,FIFO,0.28,0,variant_2
7464,SORTING,SORTING_ROBOT_1,26340.147431485333,3.1178007580347185,5,3.1178007580347185,158.61811661910178,13.959133035106788,26,26181.52931486623,26354.10656452044,experiment,FIFO,0.28,0,variant_2
7464,PACKAGING_3,PACKAGING_LINE_3,26344.39537941242,4.247947927087807,6,4.247947927087807,162.8660645461896,9.71118510801898,29,26181.52931486623,26354.10656452044,experiment,FIFO,0.28,0,variant_2
7464,INSPECTION_2_1,INSPECTION_2_1_LINE,26345.87497838668,1.4795989742597158,7,1.4795989742597158,164.3456635204493,8.231586133759265,28,26181.52931486623,26354.10656452044,experiment,FIFO,0.28,0,variant_2
7464,INSPECTION_2_2,INSPECTION_2_2_LINE,26347.427550252145,1.5525718654644152,8,1.5525718654644152,165.89823538591372,6.67901426829485,28,26181.52931486623,26354.10656452044,experiment,FIFO,0.28,0,variant_2
7464,INSPECTION_2_3,INSPECTION_2_3_LINE,26348.894979901183,1.4674296490375127,9,1.4674296490375127,167.36566503495123,5.211584619257337,28,26181.52931486623,26354.10656452044,experiment,FIFO,0.28,0,variant_2
7464,INSPECTION_2_4,INSPECTION_2_4_LINE,26350.228781420446,1.3338015192639432,10,1.3338015192639432,168.69946655421518,3.877783099993394,27,26181.52931486623,26354.10656452044,experiment,FIFO,0.28,0,variant_2
7464,INSPECTION_2_5,INSPECTION_2_5_LINE,26350.910804661467,0.6820232410209428,11,0.6820232410209428,169.38148979523612,3.195759858972451,27,26181.52931486623,26354.10656452044,experiment,FIFO,0.28,0,variant_2
7464,INSPECTION_2_6,INSPECTION_2_6_LINE,26351.13925483879,0.22845017732106498,12,0.22845017732106498,169.60993997255719,2.967309681651386,27,26181.52931486623,26354.10656452044,experiment,FIFO,0.28,0,variant_2
7464,INSPECTION_2_7,INSPECTION_2_7_LINE,26354.10656452044,2.967309681651386,13,2.967309681651386,172.57724965420857,0.0,25,26181.52931486623,26354.10656452044,experiment,FIFO,0.28,0,variant_2
7465,MOULDING_2,MOULDING_MACHINE_2,26185.83676739116,6.523747928218654,1,0.0,0.0,183.0044157187076,44,26185.83676739116,26368.841183109867,experiment,FIFO,0.28,0,variant_6
7465,ASSEMBLY_1_1,LINE_1_ASSEMBLY1,26230.645137711912,5.715916266624845,2,44.80837032075215,44.80837032075215,138.19604539795546,43,26185.83676739116,26368.841183109867,experiment,FIFO,0.28,0,variant_6
7465,ASSEMBLY_2_1,ASSEMBLY2_LINE_1,26344.46560454008,3.1317152259507566,3,113.82046682816872,158.62883714892087,24.37557856978674,29,26185.83676739116,26368.841183109867,experiment,FIFO,0.28,0,variant_6
7465,SORTING,SORTING_ROBOT_1,26345.95395599931,0.2155558133708837,4,1.4883514592293068,160.11718860815017,22.887227110557433,28,26185.83676739116,26368.841183109867,experiment,FIFO,0.28,0,variant_6
7465,PACKAGING_3,PACKAGING_LINE_3,26357.74401514189,3.0827477075690695,5,11.790059142578684,171.90724775072886,11.097167967978748,27,26185.83676739116,26368.841183109867,experiment,FIFO,0.28,0,variant_6
7465,INSPECTION_2_1,INSPECTION_2_1_LINE,26358.540877441752,0.7968622998632782,6,0.7968622998632782,172.70411005059213,10.30030566811547,27,26185.83676739116,26368.841183109867,experiment,FIFO,0.28,0,variant_6
7465,INSPECTION_2_2,INSPECTION_2_2_LINE,26360.87015844337,2.329281001617346,7,2.329281001617346,175.03339105220948,7.971024666498124,26,26185.83676739116,26368.841183109867,experiment,FIFO,0.28,0,variant_6
7465,INSPECTION_2_3,INSPECTION_2_3_LINE,26366.25330817381,5.383149730441801,8,5.383149730441801,180.41654078265128,2.5878749360563233,25,26185.83676739116,26368.841183109867,experiment,FIFO,0.28,0,variant_6
7465,INSPECTION_2_4,INSPECTION_2_4_LINE,26366.546392079304,0.293083905493404,9,0.293083905493404,180.7096246881447,2.2947910305629193,25,26185.83676739116,26368.841183109867,experiment,FIFO,0.28,0,variant_6
7465,INSPECTION_2_5,INSPECTION_2_5_LINE,26367.13152031433,0.5851282350267866,10,0.5851282350267866,181.29475292317147,1.7096627955361328,25,26185.83676739116,26368.841183109867,experiment,FIFO,0.28,0,variant_6
7465,INSPECTION_2_6,INSPECTION_2_6_LINE,26367.759672142867,0.6281518285359198,11,0.6281518285359198,181.9229047517074,1.081510967000213,25,26185.83676739116,26368.841183109867,experiment,FIFO,0.28,0,variant_6
7465,INSPECTION_2_7,INSPECTION_2_7_LINE,26368.841183109867,1.081510967000213,12,1.081510967000213,183.0044157187076,0.0,24,26185.83676739116,26368.841183109867,experiment,FIFO,0.28,0,variant_6
7466,MOULDING_1,MOULDING_MACHINE_1,26197.708642862723,2.5630131250509294,1,0.0,0.0,63.11869663751713,42,26197.708642862723,26260.82733950024,experiment,FIFO,0.28,0,variant_1
7466,ASSEMBLY_1_5,LINE_5_ASSEMBLY1,26212.390096054525,14.681453191802575,2,14.681453191802575,14.681453191802575,48.43724344571456,41,26197.708642862723,26260.82733950024,experiment,FIFO,0.28,0,variant_1
7466,ASSEMBLY_2_2,ASSEMBLY2_LINE_2,26231.002406113155,6.272132624209917,3,18.6123100586301,33.293763250432676,29.824933387084457,42,26197.708642862723,26260.82733950024,experiment,FIFO,0.28,0,variant_1
7466,SORTING,SORTING_ROBOT_1,26237.171120908828,0.8773671753187955,4,6.168714795672713,39.46247804610539,23.656218591411744,42,26197.708642862723,26260.82733950024,experiment,FIFO,0.28,0,variant_1
7466,PACKAGING_2,PACKAGING_LINE_2,26252.25794480752,3.503782716310525,5,15.086823898691364,54.54930194479675,8.56939469272038,44,26197.708642862723,26260.82733950024,experiment,FIFO,0.28,0,variant_1
7466,INSPECTION_2_1,INSPECTION_2_1_LINE,26257.28244521882,5.024500411302142,6,5.024500411302142,59.573802356098895,3.5448942814182374,43,26197.708642862723,26260.82733950024,experiment,FIFO,0.28,0,variant_1
7466,INSPECTION_2_2,INSPECTION_2_2_LINE,26257.30671192809,0.024266709267976694,7,0.024266709267976694,59.59806906536687,3.5206275721502607,43,26197.708642862723,26260.82733950024,experiment,FIFO,0.28,0,variant_1
7466,INSPECTION_2_3,INSPECTION_2_3_LINE,26259.06500165646,1.7582897283718921,8,1.7582897283718921,61.356358793738764,1.7623378437783686,43,26197.708642862723,26260.82733950024,experiment,FIFO,0.28,0,variant_1
7466,INSPECTION_2_4,INSPECTION_2_4_LINE,26259.3187703185,0.2537686620380555,9,0.2537686620380555,61.61012745577682,1.508569181740313,43,26197.708642862723,26260.82733950024,experiment,FIFO,0.28,0,variant_1
7466,INSPECTION_2_5,INSPECTION_2_5_LINE,26259.44967890533,0.13090858683062834,10,0.13090858683062834,61.74103604260745,1.3776605949096847,44,26197.708642862723,26260.82733950024,experiment,FIFO,0.28,0,variant_1
7466,INSPECTION_2_6,INSPECTION_2_6_LINE,26260.72000144749,1.2703225421610114,11,1.2703225421610114,63.01135858476846,0.10733805274867336,44,26197.708642862723,26260.82733950024,experiment,FIFO,0.28,0,variant_1
7466,INSPECTION_2_7,INSPECTION_2_7_LINE,26260.82733950024,0.10733805274867336,12,0.10733805274867336,63.11869663751713,0.0,43,26197.708642862723,26260.82733950024,experiment,FIFO,0.28,0,variant_1
7467,MOULDING_3,MOULDING_MACHINE_3,26207.31751405221,7.002611025021906,1,0.0,0.0,67.16961257339062,44,26207.31751405221,26274.4871266256,experiment,FIFO,0.28,0,variant_2
7467,ASSEMBLY_1_1,LINE_1_ASSEMBLY1,26248.94729302584,18.30215531392969,2,41.62977897363089,41.62977897363089,25.53983359975973,42,26207.31751405221,26274.4871266256,experiment,FIFO,0.28,0,variant_2
7467,ASSEMBLY_2_2,ASSEMBLY2_LINE_2,26253.685054891783,4.497988903531223,3,4.737761865941138,46.36754083957203,20.802071733818593,43,26207.31751405221,26274.4871266256,experiment,FIFO,0.28,0,variant_2
7467,SORTING,SORTING_ROBOT_1,26268.660994633374,5.1450222720632155,4,14.975939741590992,61.34348058116302,5.826131992227602,40,26207.31751405221,26274.4871266256,experiment,FIFO,0.28,0,variant_2
7467,PACKAGING_2,PACKAGING_LINE_2,26269.4934382988,0.8324436654256715,5,0.8324436654256715,62.17592424658869,4.99368832680193,39,26207.31751405221,26274.4871266256,experiment,FIFO,0.28,0,variant_2
7467,INSPECTION_2_1,INSPECTION_2_1_LINE,26269.643853583137,0.15041528433721396,6,0.15041528433721396,62.32633953092591,4.843273042464716,39,26207.31751405221,26274.4871266256,experiment,FIFO,0.28,0,variant_2
7467,INSPECTION_2_2,INSPECTION_2_2_LINE,26270.52816395238,0.8843103692415752,7,0.8843103692415752,63.21064990016748,3.958962673223141,39,26207.31751405221,26274.4871266256,experiment,FIFO,0.28,0,variant_2
7467,INSPECTION_2_3,INSPECTION_2_3_LINE,26270.85419965103,0.3260356986502302,8,0.3260356986502302,63.53668559881771,3.6329269745729107,38,26207.31751405221,26274.4871266256,experiment,FIFO,0.28,0,variant_2
7467,INSPECTION_2_4,INSPECTION_2_4_LINE,26271.357087973065,0.502888322036597,9,0.502888322036597,64.03957392085431,3.1300386525363137,38,26207.31751405221,26274.4871266256,experiment,FIFO,0.28,0,variant_2
7467,INSPECTION_2_5,INSPECTION_2_5_LINE,26272.314246690727,0.957158717661514,10,0.957158717661514,64.99673263851582,2.1728799348748,38,26207.31751405221,26274.4871266256,experiment,FIFO,0.28,0,variant_2
7467,INSPECTION_2_6,INSPECTION_2_6_LINE,26272.72354397999,0.40929728926494136,11,0.40929728926494136,65.40602992778076,1.7635826456098584,37,26207.31751405221,26274.4871266256,experiment,FIFO,0.28,0,variant_2
7467,INSPECTION_2_7,INSPECTION_2_7_LINE,26274.4871266256,1.7635826456098584,12,1.7635826456098584,67.16961257339062,0.0,35,26207.31751405221,26274.4871266256,experiment,FIFO,0.28,0,variant_2
7468,MOULDING_4,MOULDING_MACHINE_4,26202.20574735026,0.15614971581453574,1,0.0,0.0,152.7300998099272,42,26202.20574735026,26354.935847160188,experiment,FIFO,0.28,0,variant_6
7468,ASSEMBLY_1_2,LINE_2_ASSEMBLY1,26235.22136034804,30.401669819231756,2,33.01561299778041,33.01561299778041,119.71448681214679,44,26202.20574735026,26354.935847160188,experiment,FIFO,0.28,0,variant_6
7468,ASSEMBLY_2_1,ASSEMBLY2_LINE_1,26345.546181204063,1.080576663982356,3,110.32482085602169,143.3404338538021,9.3896659561251,28,26202.20574735026,26354.935847160188,experiment,FIFO,0.28,0,variant_6
7468,SORTING,SORTING_ROBOT_1,26349.053070421192,3.0991144218824047,4,3.5068892171293555,146.84732307093145,5.882776738995744,28,26202.20574735026,26354.935847160188,experiment,FIFO,0.28,0,variant_6
7468,PACKAGING_1,PACKAGING_LINE_1,26349.413548292403,0.36047787121060537,5,0.36047787121060537,147.20780094214206,5.522298867785139,28,26202.20574735026,26354.935847160188,experiment,FIFO,0.28,0,variant_6
7468,INSPECTION_2_1,INSPECTION_2_1_LINE,26349.9016325562,0.4880842637976457,6,0.4880842637976457,147.6958852059397,5.034214603987493,27,26202.20574735026,26354.935847160188,experiment,FIFO,0.28,0,variant_6
7468,INSPECTION_2_2,INSPECTION_2_2_LINE,26350.198028710754,0.2963961545538041,7,0.2963961545538041,147.9922813604935,4.737818449433689,27,26202.20574735026,26354.935847160188,experiment,FIFO,0.28,0,variant_6
7468,INSPECTION_2_3,INSPECTION_2_3_LINE,26350.44255574397,0.2445270332173095,8,0.2445270332173095,148.23680839371082,4.49329141621638,27,26202.20574735026,26354.935847160188,experiment,FIFO,0.28,0,variant_6
7468,INSPECTION_2_4,INSPECTION_2_4_LINE,26350.6431557669,0.20060002292666468,9,0.20060002292666468,148.43740841663748,4.292691393289715,27,26202.20574735026,26354.935847160188,experiment,FIFO,0.28,0,variant_6
7468,INSPECTION_2_5,INSPECTION_2_5_LINE,26352.929304599864,2.018499938396417,10,2.2861488329654094,150.7235572496029,2.0065425603243057,26,26202.20574735026,26354.935847160188,experiment,FIFO,0.28,0,variant_6
7468,INSPECTION_2_6,INSPECTION_2_6_LINE,26353.27461829342,0.3453136935568182,11,0.3453136935568182,151.0688709431597,1.6612288667674875,26,26202.20574735026,26354.935847160188,experiment,FIFO,0.28,0,variant_6
7468,INSPECTION_2_7,INSPECTION_2_7_LINE,26354.935847160188,0.8292826397482713,12,1.6612288667674875,152.7300998099272,0.0,24,26202.20574735026,26354.935847160188,experiment,FIFO,0.28,0,variant_6
7469,MOULDING_5,MOULDING_MACHINE_5,26204.47040071849,1.0047454305677093,1,0.0,0.0,60.97589281495675,43,26204.47040071849,26265.446293533445,experiment,FIFO,0.28,0,variant_4
7469,ASSEMBLY_1_3,LINE_3_ASSEMBLY1,26209.306599308376,4.836198589888227,2,4.836198589888227,4.836198589888227,56.139694225068524,41,26204.47040071849,26265.446293533445,experiment,FIFO,0.28,0,variant_4
7469,ASSEMBLY_2_2,ASSEMBLY2_LINE_2,26224.730273488945,15.423674180568923,3,15.423674180568923,20.25987277045715,40.7160200444996,43,26204.47040071849,26265.446293533445,experiment,FIFO,0.28,0,variant_4
7469,SORTING,SORTING_ROBOT_1,26236.29375373351,3.528845932269178,4,11.563480244563834,31.823353015020984,29.152539799935766,43,26204.47040071849,26265.446293533445,experiment,FIFO,0.28,0,variant_4
7469,PACKAGING_2,PACKAGING_LINE_2,26248.75416209121,12.460408357699635,5,12.460408357699635,44.28376137272062,16.692131442236132,42,26204.47040071849,26265.446293533445,experiment,FIFO,0.28,0,variant_4
7469,INSPECTION_1_1,INSPECTION_1_1_LINE,26257.9349753924,1.3003643508309324,6,9.180813301190938,53.46457467391156,7.511318141045194,43,26204.47040071849,26265.446293533445,experiment,FIFO,0.28,0,variant_4
7469,INSPECTION_1_2,INSPECTION_1_2_LINE,26259.696601851465,1.7616264590651554,7,1.7616264590651554,55.22620113297671,5.749691681980039,44,26204.47040071849,26265.446293533445,experiment,FIFO,0.28,0,variant_4
7469,INSPECTION_1_3,INSPECTION_1_3_LINE,26261.04870205965,1.3521002081834013,8,1.3521002081834013,56.57830134116011,4.397591473796638,43,26204.47040071849,26265.446293533445,experiment,FIFO,0.28,0,variant_4
7469,INSPECTION_1_4,INSPECTION_1_4_LINE,26261.622083558363,0.5733814987142978,9,0.5733814987142978,57.15168283987441,3.82420997508234,43,26204.47040071849,26265.446293533445,experiment,FIFO,0.28,0,variant_4
7469,INSPECTION_1_5,INSPECTION_1_5_LINE,26261.94526849268,0.32318493431739626,10,0.32318493431739626,57.47486777419181,3.5010250407649437,44,26204.47040071849,26265.446293533445,experiment,FIFO,0.28,0,variant_4
7469,INSPECTION_1_6,INSPECTION_1_6_LINE,26263.28591142197,1.3406429292881512,11,1.3406429292881512,58.81551070347996,2.1603821114767925,44,26204.47040071849,26265.446293533445,experiment,FIFO,0.28,0,variant_4
7469,INSPECTION_1_7,INSPECTION_1_7_LINE,26265.446293533445,0.2808017821153044,12,2.1603821114767925,60.97589281495675,0.0,42,26204.47040071849,26265.446293533445,experiment,FIFO,0.28,0,variant_4
7470,MOULDING_5,MOULDING_MACHINE_5,26208.4671849872,0.4509112025370996,1,0.0,0.0,165.50790646043606,44,26208.4671849872,26373.975091447635,experiment,FIFO,0.28,0,variant_1
7470,ASSEMBLY_1_1,LINE_1_ASSEMBLY1,26256.327461803565,7.380168777723156,2,47.86027681636551,47.86027681636551,117.64762964407055,43,26208.4671849872,26373.975091447635,experiment,FIFO,0.28,0,variant_1
7470,ASSEMBLY_2_1,ASSEMBLY2_LINE_1,26353.10240421817,3.7599022758404317,3,96.7749424146059,144.63521923097142,20.872687229464645,26,26208.4671849872,26373.975091447635,experiment,FIFO,0.28,0,variant_1
7470,SORTING,SORTING_ROBOT_1,26364.62115873873,11.518754520559014,4,11.518754520559014,156.15397375153043,9.353932708905631,25,26208.4671849872,26373.975091447635,experiment,FIFO,0.28,0,variant_1
7470,PACKAGING_3,PACKAGING_LINE_3,26365.602586012978,0.9814272742478352,5,0.9814272742478352,157.13540102577826,8.372505434657796,25,26208.4671849872,26373.975091447635,experiment,FIFO,0.28,0,variant_1
7470,INSPECTION_2_1,INSPECTION_2_1_LINE,26367.252641554085,1.6500555411075766,6,1.6500555411075766,158.78545656688584,6.72244989355022,25,26208.4671849872,26373.975091447635,experiment,FIFO,0.28,0,variant_1
7470,INSPECTION_2_2,INSPECTION_2_2_LINE,26368.375615255663,1.122973701578303,7,1.122973701578303,159.90843026846414,5.599476191971917,25,26208.4671849872,26373.975091447635,experiment,FIFO,0.28,0,variant_1
7470,INSPECTION_2_3,INSPECTION_2_3_LINE,26369.519400561858,1.1437853061943315,8,1.1437853061943315,161.05221557465848,4.455690885777585,24,26208.4671849872,26373.975091447635,experiment,FIFO,0.28,0,variant_1
7470,INSPECTION_2_4,INSPECTION_2_4_LINE,26369.603600001745,0.08419943988701561,9,0.08419943988701561,161.1364150145455,4.37149144589057,24,26208.4671849872,26373.975091447635,experiment,FIFO,0.28,0,variant_1
7470,INSPECTION_2_5,INSPECTION_2_5_LINE,26371.31281137288,1.7092113711369166,10,1.7092113711369166,162.8456263856824,2.662280074753653,24,26208.4671849872,26373.975091447635,experiment,FIFO,0.28,0,variant_1
7470,INSPECTION_2_6,INSPECTION_2_6_LINE,26373.51278864587,2.199977272986871,11,2.199977272986871,165.04560365866928,0.46230280176678207,24,26208.4671849872,26373.975091447635,experiment,FIFO,0.28,0,variant_1
7470,INSPECTION_2_7,INSPECTION_2_7_LINE,26373.561660079024,0.04887143315499998,12,0.04887143315499998,165.09447509182428,0.4134313686117821,24,26208.4671849872,26373.975091447635,experiment,FIFO,0.28,0,variant_1
7470,INSPECTION_2_7,INSPECTION_2_7_LINE,26373.975091447635,0.4134313686117821,13,0.4134313686117821,165.50790646043606,0.0,23,26208.4671849872,26373.975091447635,experiment,FIFO,0.28,0,variant_1
7471,MOULDING_2,MOULDING_MACHINE_2,26213.2521643771,0.31504013370431494,1,0.0,0.0,107.00280832396311,42,26213.2521643771,26320.254972701063,experiment,FIFO,0.28,0,variant_4
7471,ASSEMBLY_1_1,LINE_1_ASSEMBLY1,26279.10200320249,22.774541398925066,2,65.84983882539018,65.84983882539018,41.15296949857293,37,26213.2521643771,26320.254972701063,experiment,FIFO,0.28,0,variant_4
7471,ASSEMBLY_2_2,ASSEMBLY2_LINE_2,26299.74898224298,0.49085751781240106,3,20.646979040491715,86.4968178658819,20.505990458081214,35,26213.2521643771,26320.254972701063,experiment,FIFO,0.28,0,variant_4
7471,SORTING,SORTING_ROBOT_1,26307.26178676091,5.643515717387345,4,7.512804517929908,94.0096223838118,12.993185940151307,32,26213.2521643771,26320.254972701063,experiment,FIFO,0.28,0,variant_4
7471,PACKAGING_1,PACKAGING_LINE_1,26308.62420540827,1.3624186473571172,5,1.3624186473571172,95.37204103116892,11.63076729279419,32,26213.2521643771,26320.254972701063,experiment,FIFO,0.28,0,variant_4
7471,INSPECTION_2_1,INSPECTION_2_1_LINE,26311.011731246912,2.3875258386433416,6,2.3875258386433416,97.75956686981226,9.243241454150848,30,26213.2521643771,26320.254972701063,experiment,FIFO,0.28,0,variant_4
7471,INSPECTION_2_2,INSPECTION_2_2_LINE,26312.9826688144,1.9709375674865441,7,1.9709375674865441,99.7305044372988,7.272303886664304,32,26213.2521643771,26320.254972701063,experiment,FIFO,0.28,0,variant_4
7471,INSPECTION_2_3,INSPECTION_2_3_LINE,26316.00482567896,3.0221568645611114,8,3.0221568645611114,102.75266130185992,4.250147022103192,32,26213.2521643771,26320.254972701063,experiment,FIFO,0.28,0,variant_4
7471,INSPECTION_2_4,INSPECTION_2_4_LINE,26317.38039316534,1.3755674863787135,9,1.3755674863787135,104.12822878823863,2.8745795357244788,32,26213.2521643771,26320.254972701063,experiment,FIFO,0.28,0,variant_4
7471,INSPECTION_2_5,INSPECTION_2_5_LINE,26318.78551958454,1.4051264192021335,10,1.4051264192021335,105.53335520744076,1.4694531165223452,30,26213.2521643771,26320.254972701063,experiment,FIFO,0.28,0,variant_4
7471,INSPECTION_2_6,INSPECTION_2_6_LINE,26320.21660330132,1.3159229088123539,11,1.4310837167795398,106.9644389242203,0.0383693997428054,29,26213.2521643771,26320.254972701063,experiment,FIFO,0.28,0,variant_4
7471,INSPECTION_2_7,INSPECTION_2_7_LINE,26320.254972701063,0.0383693997428054,12,0.0383693997428054,107.00280832396311,0.0,28,26213.2521643771,26320.254972701063,experiment,FIFO,0.28,0,variant_4
7472,MOULDING_4,MOULDING_MACHINE_4,26219.253907578248,2.275242224764952,1,0.0,0.0,189.07211803269456,41,26219.253907578248,26408.326025610942,experiment,FIFO,0.28,0,variant_1
7472,ASSEMBLY_1_1,LINE_1_ASSEMBLY1,26286.013627514883,6.911624312393542,2,66.75971993663552,66.75971993663552,122.31239809605904,38,26219.253907578248,26408.326025610942,experiment,FIFO,0.28,0,variant_1
7472,ASSEMBLY_2_1,ASSEMBLY2_LINE_1,26370.88510532764,1.235252065507666,3,84.8714778127578,151.63119774939332,37.44092028330124,24,26219.253907578248,26408.326025610942,experiment,FIFO,0.28,0,variant_1
7472,SORTING,SORTING_ROBOT_1,26384.74072719971,3.8191384291421855,4,13.855621872069605,165.48681962146293,23.585298411231634,24,26219.253907578248,26408.326025610942,experiment,FIFO,0.28,0,variant_1
7472,PACKAGING_3,PACKAGING_LINE_3,26399.786514498493,2.6947751292027533,5,15.04578729878267,180.5326069202456,8.539511112448963,24,26219.253907578248,26408.326025610942,experiment,FIFO,0.28,0,variant_1
7472,INSPECTION_2_1,INSPECTION_2_1_LINE,26402.99669703961,3.2101825411155005,6,3.2101825411155005,183.7427894613611,5.329328571333463,26,26219.253907578248,26408.326025610942,experiment,FIFO,0.28,0,variant_1
7472,INSPECTION_2_2,INSPECTION_2_2_LINE,26404.290344577363,1.2936475377537136,7,1.2936475377537136,185.0364369991148,4.035681033579749,26,26219.253907578248,26408.326025610942,experiment,FIFO,0.28,0,variant_1
7472,INSPECTION_2_3,INSPECTION_2_3_LINE,26405.13893310529,0.8485885279260401,8,0.8485885279260401,185.88502552704085,3.187092505653709,27,26219.253907578248,26408.326025610942,experiment,FIFO,0.28,0,variant_1
7472,INSPECTION_2_4,INSPECTION_2_4_LINE,26406.76584446547,1.6269113601811114,9,1.6269113601811114,187.51193688722196,1.5601811454725976,27,26219.253907578248,26408.326025610942,experiment,FIFO,0.28,0,variant_1
7472,INSPECTION_2_5,INSPECTION_2_5_LINE,26407.039984173178,0.2741397077079455,10,0.2741397077079455,187.7860765949299,1.286041437764652,27,26219.253907578248,26408.326025610942,experiment,FIFO,0.28,0,variant_1
7472,INSPECTION_2_6,INSPECTION_2_6_LINE,26408.001807651523,0.9618234783447406,11,0.9618234783447406,188.74790007327465,0.3242179594199115,28,26219.253907578248,26408.326025610942,experiment,FIFO,0.28,0,variant_1
7472,INSPECTION_2_7,INSPECTION_2_7_LINE,26408.326025610942,0.3242179594199115,12,0.3242179594199115,189.07211803269456,0.0,27,26219.253907578248,26408.326025610942,experiment,FIFO,0.28,0,variant_1
7473,MOULDING_3,MOULDING_MACHINE_3,26229.2472829143,11.088122865679907,1,0.0,0.0,130.81247321299088,43,26229.2472829143,26360.05975612729,experiment,FIFO,0.28,0,variant_5
7473,ASSEMBLY_1_4,LINE_4_ASSEMBLY1,26235.85864371098,6.611360796679946,2,6.611360796679946,6.611360796679946,124.20111241631093,44,26229.2472829143,26360.05975612729,experiment,FIFO,0.28,0,variant_5
7473,ASSEMBLY_2_1,ASSEMBLY2_LINE_1,26349.34250194233,3.796320738267241,3,113.48385823134959,120.09521902802953,10.717254184961348,28,26229.2472829143,26360.05975612729,experiment,FIFO,0.28,0,variant_5
7473,SORTING,SORTING_ROBOT_1,26349.55260659407,0.21010465173822013,4,0.21010465173822013,120.30532367976775,10.507149533223128,28,26229.2472829143,26360.05975612729,experiment,FIFO,0.28,0,variant_5
7473,PACKAGING_1,PACKAGING_LINE_1,26350.825904136444,1.2732975423750759,5,1.2732975423750759,121.57862122214283,9.233851990848052,27,26229.2472829143,26360.05975612729,experiment,FIFO,0.28,0,variant_5
7473,INSPECTION_2_1,INSPECTION_2_1_LINE,26352.19197903473,1.3660748982874793,6,1.3660748982874793,122.94469612043031,7.867777092560573,26,26229.2472829143,26360.05975612729,experiment,FIFO,0.28,0,variant_5
7473,INSPECTION_2_2,INSPECTION_2_2_LINE,26352.32739440151,0.13541536677803379,7,0.13541536677803379,123.08011148720834,7.732361725782539,26,26229.2472829143,26360.05975612729,experiment,FIFO,0.28,0,variant_5
7473,INSPECTION_2_3,INSPECTION_2_3_LINE,26352.906872667627,0.5794782661178033,8,0.5794782661178033,123.65958975332615,7.152883459664736,26,26229.2472829143,26360.05975612729,experiment,FIFO,0.28,0,variant_5
7473,INSPECTION_2_4,INSPECTION_2_4_LINE,26356.074133494323,3.1672608266962925,9,3.1672608266962925,126.82685058002244,3.985622632968443,24,26229.2472829143,26360.05975612729,experiment,FIFO,0.28,0,variant_5
7473,INSPECTION_2_5,INSPECTION_2_5_LINE,26359.276869269488,3.2027357751649106,10,3.2027357751649106,130.02958635518735,0.7828868578035326,27,26229.2472829143,26360.05975612729,experiment,FIFO,0.28,0,variant_5
7473,INSPECTION_2_6,INSPECTION_2_6_LINE,26359.87151297816,0.5946437086713559,11,0.5946437086713559,130.6242300638587,0.18824314913217677,27,26229.2472829143,26360.05975612729,experiment,FIFO,0.28,0,variant_5
7473,INSPECTION_2_7,INSPECTION_2_7_LINE,26360.05975612729,0.18824314913217677,12,0.18824314913217677,130.81247321299088,0.0,26,26229.2472829143,26360.05975612729,experiment,FIFO,0.28,0,variant_5
7474,MOULDING_2,MOULDING_MACHINE_2,26220.90873511364,1.929307100155711,1,0.0,0.0,97.20245018014612,42,26220.90873511364,26318.111185293787,experiment,FIFO,0.28,0,variant_1
7474,ASSEMBLY_1_1,LINE_1_ASSEMBLY1,26288.68112594456,2.6674984296769253,2,67.7723908309199,67.7723908309199,29.430059349226212,38,26220.90873511364,26318.111185293787,experiment,FIFO,0.28,0,variant_1
7474,ASSEMBLY_2_2,ASSEMBLY2_LINE_2,26302.123459768147,2.3744775251652754,3,13.442333823586523,81.21472465450643,15.98772552563969,34,26220.90873511364,26318.111185293787,experiment,FIFO,0.28,0,variant_1
7474,SORTING,SORTING_ROBOT_1,26308.68945379089,1.427667029976874,4,6.565994022741506,87.78071867724793,9.421731502898183,32,26220.90873511364,26318.111185293787,experiment,FIFO,0.28,0,variant_1
7474,PACKAGING_3,PACKAGING_LINE_3,26308.848604041024,0.15915025013600825,5,0.15915025013600825,87.93986892738394,9.262581252762175,32,26220.90873511364,26318.111185293787,experiment,FIFO,0.28,0,variant_1
7474,INSPECTION_1_1,INSPECTION_1_1_LINE,26311.21453013788,2.3659260968561284,6,2.3659260968561284,90.30579502424007,6.896655155906046,30,26220.90873511364,26318.111185293787,experiment,FIFO,0.28,0,variant_1
7474,INSPECTION_1_2,INSPECTION_1_2_LINE,26312.587514792216,1.3729846543355961,7,1.3729846543355961,91.67877967857567,5.52367050157045,31,26220.90873511364,26318.111185293787,experiment,FIFO,0.28,0,variant_1
7474,INSPECTION_1_3,INSPECTION_1_3_LINE,26314.28635214472,1.6988373525055067,8,1.6988373525055067,93.37761703108117,3.8248331490649434,32,26220.90873511364,26318.111185293787,experiment,FIFO,0.28,0,variant_1
7474,INSPECTION_1_4,INSPECTION_1_4_LINE,26315.60799808221,1.3216459374889382,9,1.3216459374889382,94.69926296857011,2.503187211576005,32,26220.90873511364,26318.111185293787,experiment,FIFO,0.28,0,variant_1
7474,INSPECTION_1_5,INSPECTION_1_5_LINE,26316.436588486813,0.828590404602437,10,0.828590404602437,95.52785337317255,1.6745968069735682,32,26220.90873511364,26318.111185293787,experiment,FIFO,0.28,0,variant_1
7474,INSPECTION_1_6,INSPECTION_1_6_LINE,26317.272076586563,0.8354880997503642,11,0.8354880997503642,96.36334147292291,0.839108707223204,32,26220.90873511364,26318.111185293787,experiment,FIFO,0.28,0,variant_1
7474,INSPECTION_1_7,INSPECTION_1_7_LINE,26318.111185293787,0.839108707223204,12,0.839108707223204,97.20245018014612,0.0,31,26220.90873511364,26318.111185293787,experiment,FIFO,0.28,0,variant_1
7475,MOULDING_1,MOULDING_MACHINE_1,26223.296041436224,4.173998115937138,1,0.0,0.0,139.4206591240254,43,26223.296041436224,26362.71670056025,experiment,FIFO,0.28,0,variant_4
7475,ASSEMBLY_1_3,LINE_3_ASSEMBLY1,26224.22281864449,0.9267772082675947,2,0.9267772082675947,0.9267772082675947,138.4938819157578,43,26223.296041436224,26362.71670056025,experiment,FIFO,0.28,0,variant_4
7475,ASSEMBLY_2_1,ASSEMBLY2_LINE_1,26341.33388931413,4.3042585868315655,3,117.11107066963814,118.03784787790573,21.382811246119672,27,26223.296041436224,26362.71670056025,experiment,FIFO,0.28,0,variant_4
7475,SORTING,SORTING_ROBOT_1,26345.73840018594,4.40451087180918,4,4.40451087180918,122.44235874971491,16.978300374310493,28,26223.296041436224,26362.71670056025,experiment,FIFO,0.28,0,variant_4
7475,PACKAGING_3,PACKAGING_LINE_3,26354.66126743432,8.922867248380498,5,8.922867248380498,131.3652259980954,8.055433125929994,25,26223.296041436224,26362.71670056025,experiment,FIFO,0.28,0,variant_4
7475,INSPECTION_2_1,INSPECTION_2_1_LINE,26357.436056506176,2.774789071856503,6,2.774789071856503,134.14001506995191,5.280644054073491,27,26223.296041436224,26362.71670056025,experiment,FIFO,0.28,0,variant_4
7475,INSPECTION_2_2,INSPECTION_2_2_LINE,26358.27034607478,0.8342895686037082,7,0.8342895686037082,134.97430463855562,4.446354485469783,27,26223.296041436224,26362.71670056025,experiment,FIFO,0.28,0,variant_4
7475,INSPECTION_2_3,INSPECTION_2_3_LINE,26359.12489125158,0.8545451768004568,8,0.8545451768004568,135.82884981535608,3.591809308669326,27,26223.296041436224,26362.71670056025,experiment,FIFO,0.28,0,variant_4
7475,INSPECTION_2_4,INSPECTION_2_4_LINE,26360.3379122045,1.2130209529204876,9,1.2130209529204876,137.04187076827657,2.3787883557488385,26,26223.296041436224,26362.71670056025,experiment,FIFO,0.28,0,variant_4
7475,INSPECTION_2_5,INSPECTION_2_5_LINE,26361.66865320547,1.330741000969283,10,1.330741000969283,138.37261176924585,1.0480473547795555,26,26223.296041436224,26362.71670056025,experiment,FIFO,0.28,0,variant_4
7475,INSPECTION_2_6,INSPECTION_2_6_LINE,26362.13091696563,0.46226376016056747,11,0.46226376016056747,138.83487552940642,0.585783594618988,26,26223.296041436224,26362.71670056025,experiment,FIFO,0.28,0,variant_4
7475,INSPECTION_2_7,INSPECTION_2_7_LINE,26362.71670056025,0.585783594618988,12,0.585783594618988,139.4206591240254,0.0,25,26223.296041436224,26362.71670056025,experiment,FIFO,0.28,0,variant_4
7476,MOULDING_5,MOULDING_MACHINE_5,26233.920300087608,9.038310558367812,1,0.0,0.0,147.09397122248265,44,26233.920300087608,26381.01427131009,experiment,FIFO,0.28,0,variant_6
7476,ASSEMBLY_1_3,LINE_3_ASSEMBLY1,26270.81517583308,36.89487574547093,2,36.89487574547093,36.89487574547093,110.19909547701172,38,26233.920300087608,26381.01427131009,experiment,FIFO,0.28,0,variant_6
7476,ASSEMBLY_2_1,ASSEMBLY2_LINE_1,26359.412669542195,2.5591393878094095,3,88.59749370911595,125.49236945458688,21.601601767895772,27,26233.920300087608,26381.01427131009,experiment,FIFO,0.28,0,variant_6
7476,SORTING,SORTING_ROBOT_1,26369.59285487714,3.008105330871331,4,10.180185334946145,135.67255478953302,11.421416432949627,24,26233.920300087608,26381.01427131009,experiment,FIFO,0.28,0,variant_6
7476,PACKAGING_2,PACKAGING_LINE_2,26373.229472206764,3.6366173296228226,5,3.6366173296228226,139.30917211915585,7.7847991033268045,24,26233.920300087608,26381.01427131009,experiment,FIFO,0.28,0,variant_6
7476,INSPECTION_1_1,INSPECTION_1_1_LINE,26373.409743064985,0.1802708582217747,6,0.1802708582217747,139.48944297737762,7.60452824510503,24,26233.920300087608,26381.01427131009,experiment,FIFO,0.28,0,variant_6
7476,INSPECTION_1_2,INSPECTION_1_2_LINE,26373.81745566973,0.40771260474502924,7,0.40771260474502924,139.89715558212265,7.1968156403600005,24,26233.920300087608,26381.01427131009,experiment,FIFO,0.28,0,variant_6
7476,INSPECTION_1_3,INSPECTION_1_3_LINE,26378.407582863445,4.590127193714579,8,4.590127193714579,144.48728277583723,2.606688446645421,24,26233.920300087608,26381.01427131009,experiment,FIFO,0.28,0,variant_6
7476,INSPECTION_1_4,INSPECTION_1_4_LINE,26378.805080594346,0.39749773090079543,9,0.39749773090079543,144.88478050673802,2.2091907157446258,24,26233.920300087608,26381.01427131009,experiment,FIFO,0.28,0,variant_6
7476,INSPECTION_1_5,INSPECTION_1_5_LINE,26378.880559082707,0.0754784883611137,10,0.0754784883611137,144.96025899509914,2.133712227383512,24,26233.920300087608,26381.01427131009,experiment,FIFO,0.28,0,variant_6
7476,INSPECTION_1_6,INSPECTION_1_6_LINE,26379.80348825981,0.922929177104379,11,0.922929177104379,145.88318817220352,1.210783050279133,24,26233.920300087608,26381.01427131009,experiment,FIFO,0.28,0,variant_6
7476,INSPECTION_1_7,INSPECTION_1_7_LINE,26381.01427131009,1.210783050279133,12,1.210783050279133,147.09397122248265,0.0,23,26233.920300087608,26381.01427131009,experiment,FIFO,0.28,0,variant_6
7477,MOULDING_3,MOULDING_MACHINE_3,26231.15272390452,1.905440990220086,1,0.0,0.0,49.86580928116018,43,26231.15272390452,26281.01853318568,experiment,FIFO,0.28,0,variant_4
7477,ASSEMBLY_1_4,LINE_4_ASSEMBLY1,26245.57994924031,9.721305529328674,2,14.427225335788535,14.427225335788535,35.43858394537165,41,26231.15272390452,26281.01853318568,experiment,FIFO,0.28,0,variant_4
7477,ASSEMBLY_2_2,ASSEMBLY2_LINE_2,26249.18706598825,3.6071167479422,3,3.6071167479422,18.034342083730735,31.831467197429447,42,26231.15272390452,26281.01853318568,experiment,FIFO,0.28,0,variant_4
7477,SORTING,SORTING_ROBOT_1,26249.95165742388,0.7645914356289722,4,0.7645914356289722,18.798933519359707,31.066875761800475,42,26231.15272390452,26281.01853318568,experiment,FIFO,0.28,0,variant_4
7477,PACKAGING_1,PACKAGING_LINE_1,26273.55508839161,0.8761638470823527,5,23.603430967730674,42.40236448709038,7.463444794069801,36,26231.15272390452,26281.01853318568,experiment,FIFO,0.28,0,variant_4
7477,INSPECTION_1_1,INSPECTION_1_1_LINE,26273.971556311662,0.41646792005121824,6,0.41646792005121824,42.8188324071416,7.046976874018583,36,26231.15272390452,26281.01853318568,experiment,FIFO,0.28,0,variant_4
7477,INSPECTION_1_2,INSPECTION_1_2_LINE,26274.062700714338,0.09114440267512691,7,0.09114440267512691,42.909976809816726,6.955832471343456,36,26231.15272390452,26281.01853318568,experiment,FIFO,0.28,0,variant_4
7477,INSPECTION_1_3,INSPECTION_1_3_LINE,26274.487098815607,0.42439810126961675,8,0.42439810126961675,43.33437491108634,6.531434370073839,36,26231.15272390452,26281.01853318568,experiment,FIFO,0.28,0,variant_4
7477,INSPECTION_1_4,INSPECTION_1_4_LINE,26277.42659834503,2.9394995294242108,9,2.9394995294242108,46.27387444051055,3.5919348406496283,38,26231.15272390452,26281.01853318568,experiment,FIFO,0.28,0,variant_4
7477,INSPECTION_1_5,INSPECTION_1_5_LINE,26278.818542808523,1.3919444634921092,10,1.3919444634921092,47.66581890400266,2.199990377157519,37,26231.15272390452,26281.01853318568,experiment,FIFO,0.28,0,variant_4
7477,INSPECTION_1_6,INSPECTION_1_6_LINE,26281.01130585249,2.192763043967716,11,2.192763043967716,49.85858194797038,0.007227333189803176,36,26231.15272390452,26281.01853318568,experiment,FIFO,0.28,0,variant_4
7477,INSPECTION_1_7,INSPECTION_1_7_LINE,26281.01853318568,0.007227333189803176,12,0.007227333189803176,49.86580928116018,0.0,35,26231.15272390452,26281.01853318568,experiment,FIFO,0.28,0,variant_4
7478,MOULDING_4,MOULDING_MACHINE_4,26232.582329400688,4.902270135247818,1,0.0,0.0,86.68009970024286,43,26232.582329400688,26319.26242910093,experiment,FIFO,0.28,0,variant_2
7478,ASSEMBLY_1_4,LINE_4_ASSEMBLY1,26278.702472227764,33.12252298745443,2,46.12014282707605,46.12014282707605,40.55995687316681,37,26232.582329400688,26319.26242910093,experiment,FIFO,0.28,0,variant_2
7478,ASSEMBLY_2_2,ASSEMBLY2_LINE_2,26294.84582381208,0.4613806925517565,3,16.143351584316406,62.26349441139246,24.416605288850405,37,26232.582329400688,26319.26242910093,experiment,FIFO,0.28,0,variant_2
7478,SORTING,SORTING_ROBOT_1,26296.916513810265,1.155702926695085,4,2.0706899981851166,64.33418440957757,22.34591529066529,38,26232.582329400688,26319.26242910093,experiment,FIFO,0.28,0,variant_2
7478,PACKAGING_1,PACKAGING_LINE_1,26303.948627733367,6.165790341558022,5,7.032113923101861,71.36629833267943,15.313801367563428,32,26232.582329400688,26319.26242910093,experiment,FIFO,0.28,0,variant_2
7478,INSPECTION_2_1,INSPECTION_2_1_LINE,26304.004553614603,0.055925881235452835,6,0.055925881235452835,71.42222421391489,15.257875486327976,32,26232.582329400688,26319.26242910093,experiment,FIFO,0.28,0,variant_2
7478,INSPECTION_2_2,INSPECTION_2_2_LINE,26305.41551142671,1.4109578121060622,7,1.4109578121060622,72.83318202602095,13.846917674221913,32,26232.582329400688,26319.26242910093,experiment,FIFO,0.28,0,variant_2
7478,INSPECTION_2_3,INSPECTION_2_3_LINE,26310.53446093695,1.5954270992078818,8,5.118949510240782,77.95213153626173,8.727968163981132,30,26232.582329400688,26319.26242910093,experiment,FIFO,0.28,0,variant_2
7478,INSPECTION_2_4,INSPECTION_2_4_LINE,26310.62052187345,0.08606093650087132,9,0.08606093650087132,78.0381924727626,8.64190722748026,30,26232.582329400688,26319.26242910093,experiment,FIFO,0.28,0,variant_2
7478,INSPECTION_2_5,INSPECTION_2_5_LINE,26314.764117012783,0.23961899071218795,10,4.143595139332319,82.18178761209492,4.498312088147941,32,26232.582329400688,26319.26242910093,experiment,FIFO,0.28,0,variant_2
7478,INSPECTION_2_6,INSPECTION_2_6_LINE,26318.900680392508,1.3997784160019364,11,4.136563379724976,86.3183509918199,0.36174870842296514,30,26232.582329400688,26319.26242910093,experiment,FIFO,0.28,0,variant_2
7478,INSPECTION_2_7,INSPECTION_2_7_LINE,26319.26242910093,0.36174870842296514,12,0.36174870842296514,86.68009970024286,0.0,29,26232.582329400688,26319.26242910093,experiment,FIFO,0.28,0,variant_2
7479,MOULDING_1,MOULDING_MACHINE_1,26241.09526585488,11.198156157312042,1,0.0,0.0,58.06586355129184,42,26241.09526585488,26299.161129406173,experiment,FIFO,0.28,0,variant_3
7479,ASSEMBLY_1_3,LINE_3_ASSEMBLY1,26272.92530423821,2.110128405132855,2,31.830038383330248,31.830038383330248,26.235825167961593,37,26241.09526585488,26299.161129406173,experiment,FIFO,0.28,0,variant_3
7479,ASSEMBLY_2_2,ASSEMBLY2_LINE_2,26277.08347754084,4.158173302628711,3,4.158173302628711,35.98821168595896,22.077651865332882,38,26241.09526585488,26299.161129406173,experiment,FIFO,0.28,0,variant_3
7479,SORTING,SORTING_ROBOT_1,26277.29234415092,0.2088666100789851,4,0.2088666100789851,36.197078296037944,21.868785255253897,38,26241.09526585488,26299.161129406173,experiment,FIFO,0.28,0,variant_3
7479,PACKAGING_1,PACKAGING_LINE_1,26279.53874145998,0.632542322815425,5,2.24639730905983,38.443475605097774,19.622387946194067,36,26241.09526585488,26299.161129406173,experiment,FIFO,0.28,0,variant_3
7479,INSPECTION_1_1,INSPECTION_1_1_LINE,26281.760485317827,1.7990921164418978,6,2.221743857848196,40.66521946294597,17.40064408834587,35,26241.09526585488,26299.161129406173,experiment,FIFO,0.28,0,variant_3
7479,INSPECTION_1_2,INSPECTION_1_2_LINE,26286.53307670576,0.024170814966055332,7,4.772591387933062,45.43781085087903,12.628052700412809,38,26241.09526585488,26299.161129406173,experiment,FIFO,0.28,0,variant_3
7479,INSPECTION_1_3,INSPECTION_1_3_LINE,26288.500641194285,1.0573184172499168,8,1.9675644885246584,47.40537533940369,10.66048821188815,38,26241.09526585488,26299.161129406173,experiment,FIFO,0.28,0,variant_3
7479,INSPECTION_1_4,INSPECTION_1_4_LINE,26295.93481408925,2.9408902899922396,9,7.434172894965741,54.83954823436943,3.2263153169224097,37,26241.09526585488,26299.161129406173,experiment,FIFO,0.28,0,variant_3
7479,INSPECTION_1_5,INSPECTION_1_5_LINE,26297.47192671788,1.3053460390183318,10,1.537112628629984,56.376660862999415,1.6892026882924256,38,26241.09526585488,26299.161129406173,experiment,FIFO,0.28,0,variant_3
7479,INSPECTION_1_6,INSPECTION_1_6_LINE,26298.00307828253,0.5311515646499174,11,0.5311515646499174,56.90781242764933,1.1580511236425082,37,26241.09526585488,26299.161129406173,experiment,FIFO,0.28,0,variant_3
7479,INSPECTION_1_7,INSPECTION_1_7_LINE,26299.161129406173,0.7062486359645845,12,1.1580511236425082,58.06586355129184,0.0,35,26241.09526585488,26299.161129406173,experiment,FIFO,0.28,0,variant_3
7480,MOULDING_5,MOULDING_MACHINE_5,26251.323169357114,7.221480484146014,1,0.0,0.0,166.72604247791605,43,26251.323169357114,26418.04921183503,experiment,FIFO,0.28,0,variant_5
7480,ASSEMBLY_1_4,LINE_4_ASSEMBLY1,26298.92517988833,2.104698079969239,2,47.602010531216365,47.602010531216365,119.12403194669969,36,26251.323169357114,26418.04921183503,experiment,FIFO,0.28,0,variant_5
7480,ASSEMBLY_2_1,ASSEMBLY2_LINE_1,26377.612398544043,0.5604183574250783,3,78.68721865571206,126.28922918692842,40.43681329098763,23,26251.323169357114,26418.04921183503,experiment,FIFO,0.28,0,variant_5
7480,SORTING,SORTING_ROBOT_1,26398.613659500985,12.631012342055328,4,21.001260956942133,147.29049014387056,19.435552334045497,24,26251.323169357114,26418.04921183503,experiment,FIFO,0.28,0,variant_5
7480,PACKAGING_2,PACKAGING_LINE_2,26408.2954412064,9.681781705414323,5,9.681781705414323,156.97227184928488,9.753770628631173,28,26251.323169357114,26418.04921183503,experiment,FIFO,0.28,0,variant_5
7480,INSPECTION_2_1,INSPECTION_2_1_LINE,26411.85292145385,2.291521501760144,6,3.557480247451167,160.52975209673605,6.196290381180006,28,26251.323169357114,26418.04921183503,experiment,FIFO,0.28,0,variant_5
7480,INSPECTION_2_2,INSPECTION_2_2_LINE,26412.52850326779,0.6364511980282259,7,0.6755818139390612,161.2053339106751,5.520708567240945,27,26251.323169357114,26418.04921183503,experiment,FIFO,0.28,0,variant_5
7480,INSPECTION_2_3,INSPECTION_2_3_LINE,26412.72101392313,0.022337540623993846,8,0.19251065533899236,161.3978445660141,5.3281979119019525,27,26251.323169357114,26418.04921183503,experiment,FIFO,0.28,0,variant_5
7480,INSPECTION_2_4,INSPECTION_2_4_LINE,26415.57673197288,0.3835209266617312,9,2.8557180497518857,164.253562615766,2.4724798621500668,27,26251.323169357114,26418.04921183503,experiment,FIFO,0.28,0,variant_5
7480,INSPECTION_2_5,INSPECTION_2_5_LINE,26415.80204841604,0.03494362918718252,10,0.2253164431604091,164.4788790589264,2.2471634189896577,27,26251.323169357114,26418.04921183503,experiment,FIFO,0.28,0,variant_5
7480,INSPECTION_2_6,INSPECTION_2_6_LINE,26416.36985512881,0.3719691254409554,11,0.567806712770107,165.0466857716965,1.6793567062195507,26,26251.323169357114,26418.04921183503,experiment,FIFO,0.28,0,variant_5
7480,INSPECTION_2_7,INSPECTION_2_7_LINE,26418.04921183503,1.6793567062195507,12,1.6793567062195507,166.72604247791605,0.0,25,26251.323169357114,26418.04921183503,experiment,FIFO,0.28,0,variant_5
7481,MOULDING_3,MOULDING_MACHINE_3,26246.861291325426,0.23953701265418204,1,0.0,0.0,102.91954470569544,42,26246.861291325426,26349.78083603112,experiment,FIFO,0.28,0,variant_2
7481,ASSEMBLY_1_4,LINE_4_ASSEMBLY1,26296.82048180836,18.118009580597572,2,49.95919048293581,49.95919048293581,52.960354222759634,38,26246.861291325426,26349.78083603112,experiment,FIFO,0.28,0,variant_2
7481,ASSEMBLY_2_2,ASSEMBLY2_LINE_2,26330.31705415513,5.081915148119151,3,33.49657234676852,83.45576282970433,19.463781875991117,28,26246.861291325426,26349.78083603112,experiment,FIFO,0.28,0,variant_2
7481,SORTING,SORTING_ROBOT_1,26331.006403496744,0.6893493416137062,4,0.6893493416137062,84.14511217131803,18.77443253437741,28,26246.861291325426,26349.78083603112,experiment,FIFO,0.28,0,variant_2
7481,PACKAGING_2,PACKAGING_LINE_2,26340.54640047004,9.539996973297093,5,9.539996973297093,93.68510914461513,9.234435561080318,27,26246.861291325426,26349.78083603112,experiment,FIFO,0.28,0,variant_2
7481,INSPECTION_2_1,INSPECTION_2_1_LINE,26341.521168250903,0.9747677808627486,6,0.9747677808627486,94.65987692547787,8.259667780217569,27,26246.861291325426,26349.78083603112,experiment,FIFO,0.28,0,variant_2
7481,INSPECTION_2_2,INSPECTION_2_2_LINE,26343.54842008551,2.0272518346064317,7,2.0272518346064317,96.6871287600843,6.232415945611137,29,26246.861291325426,26349.78083603112,experiment,FIFO,0.28,0,variant_2
7481,INSPECTION_2_3,INSPECTION_2_3_LINE,26344.433084328128,0.8846642426178732,8,0.8846642426178732,97.57179300270218,5.347751702993264,29,26246.861291325426,26349.78083603112,experiment,FIFO,0.28,0,variant_2
7481,INSPECTION_2_4,INSPECTION_2_4_LINE,26345.10545331102,0.6723689828904753,9,0.6723689828904753,98.24416198559265,4.675382720102789,28,26246.861291325426,26349.78083603112,experiment,FIFO,0.28,0,variant_2
7481,INSPECTION_2_5,INSPECTION_2_5_LINE,26347.3230001684,2.217546857380512,10,2.217546857380512,100.46170884297317,2.457835862722277,28,26246.861291325426,26349.78083603112,experiment,FIFO,0.28,0,variant_2
7481,INSPECTION_2_6,INSPECTION_2_6_LINE,26347.857004612008,0.5340044436088647,11,0.5340044436088647,100.99571328658203,1.9238314191134123,28,26246.861291325426,26349.78083603112,experiment,FIFO,0.28,0,variant_2
7481,INSPECTION_2_7,INSPECTION_2_7_LINE,26349.78083603112,1.9238314191134123,12,1.9238314191134123,102.91954470569544,0.0,27,26246.861291325426,26349.78083603112,experiment,FIFO,0.28,0,variant_2
7482,MOULDING_5,MOULDING_MACHINE_5,26251.39187406048,0.06870470336434664,1,0.0,0.0,58.835740177681146,44,26251.39187406048,26310.22761423816,experiment,FIFO,0.28,0,variant_3
7482,ASSEMBLY_1_3,LINE_3_ASSEMBLY1,26273.484450748365,0.5591465101533686,2,22.09257668788632,22.09257668788632,36.743163489794824,37,26251.39187406048,26310.22761423816,experiment,FIFO,0.28,0,variant_3
7482,ASSEMBLY_2_2,ASSEMBLY2_LINE_2,26287.54571936685,10.46224182601145,3,14.061268618486793,36.153845306373114,22.68189487130803,38,26251.39187406048,26310.22761423816,experiment,FIFO,0.28,0,variant_3
7482,SORTING,SORTING_ROBOT_1,26291.960056946627,1.3469363477270235,4,4.414337579775747,40.56818288614886,18.267557291532285,39,26251.39187406048,26310.22761423816,experiment,FIFO,0.28,0,variant_3
7482,PACKAGING_2,PACKAGING_LINE_2,26294.703709905883,2.7436529592559964,5,2.7436529592559964,43.31183584540486,15.523904332276288,37,26251.39187406048,26310.22761423816,experiment,FIFO,0.28,0,variant_3
7482,INSPECTION_2_1,INSPECTION_2_1_LINE,26299.60438604339,4.900676137505798,6,4.900676137505798,48.212511982910655,10.62322819477049,35,26251.39187406048,26310.22761423816,experiment,FIFO,0.28,0,variant_3
7482,INSPECTION_2_2,INSPECTION_2_2_LINE,26301.53317543981,1.9287893964210525,7,1.9287893964210525,50.14130137933171,8.694438798349438,34,26251.39187406048,26310.22761423816,experiment,FIFO,0.28,0,variant_3
7482,INSPECTION_2_3,INSPECTION_2_3_LINE,26302.7328298771,1.1996544372887001,8,1.1996544372887001,51.34095581662041,7.494784361060738,33,26251.39187406048,26310.22761423816,experiment,FIFO,0.28,0,variant_3
7482,INSPECTION_2_4,INSPECTION_2_4_LINE,26303.38196082328,0.6491309461816854,9,0.6491309461816854,51.99008676280209,6.845653414879052,32,26251.39187406048,26310.22761423816,experiment,FIFO,0.28,0,variant_3
7482,INSPECTION_2_5,INSPECTION_2_5_LINE,26303.77438054213,0.39241971884985105,10,0.39241971884985105,52.382506481651944,6.453233696029201,32,26251.39187406048,26310.22761423816,experiment,FIFO,0.28,0,variant_3
7482,INSPECTION_2_6,INSPECTION_2_6_LINE,26307.146574320534,3.372193778403016,11,3.372193778403016,55.75470026005496,3.0810399176261853,32,26251.39187406048,26310.22761423816,experiment,FIFO,0.28,0,variant_3
7482,INSPECTION_2_7,INSPECTION_2_7_LINE,26310.22761423816,3.0810399176261853,12,3.0810399176261853,58.835740177681146,0.0,30,26251.39187406048,26310.22761423816,experiment,FIFO,0.28,0,variant_3
7483,MOULDING_2,MOULDING_MACHINE_2,26276.058195075097,22.557666209497256,1,0.0,0.0,67.0753244719017,37,26276.058195075097,26343.133519547,experiment,FIFO,0.28,0,variant_1
7483,ASSEMBLY_1_1,LINE_1_ASSEMBLY1,26292.02709034649,0.9781802857105504,2,15.968895271395013,15.968895271395013,51.10642920050668,39,26276.058195075097,26343.133519547,experiment,FIFO,0.28,0,variant_1
7483,ASSEMBLY_2_2,ASSEMBLY2_LINE_2,26325.23513900701,9.907671749468136,3,33.208048660519125,49.17694393191414,17.898380539987556,27,26276.058195075097,26343.133519547,experiment,FIFO,0.28,0,variant_1
7483,SORTING,SORTING_ROBOT_1,26329.91211130777,4.676972300760099,4,4.676972300760099,53.85391623267424,13.221408239227458,28,26276.058195075097,26343.133519547,experiment,FIFO,0.28,0,variant_1
7483,PACKAGING_2,PACKAGING_LINE_2,26330.48605041287,0.5739391050992708,5,0.5739391050992708,54.42785533777351,12.647469134128187,28,26276.058195075097,26343.133519547,experiment,FIFO,0.28,0,variant_1
7483,INSPECTION_2_1,INSPECTION_2_1_LINE,26334.816491020745,4.330440607875062,6,4.330440607875062,58.75829594564857,8.317028526253125,28,26276.058195075097,26343.133519547,experiment,FIFO,0.28,0,variant_1
7483,INSPECTION_2_2,INSPECTION_2_2_LINE,26336.35674615767,1.5402551369261346,7,1.5402551369261346,60.298551082574704,6.776773389326991,28,26276.058195075097,26343.133519547,experiment,FIFO,0.28,0,variant_1
7483,INSPECTION_2_3,INSPECTION_2_3_LINE,26337.87983375861,1.5230876009372878,8,1.5230876009372878,61.82163868351199,5.253685788389703,27,26276.058195075097,26343.133519547,experiment,FIFO,0.28,0,variant_1
7483,INSPECTION_2_4,INSPECTION_2_4_LINE,26338.3104682869,0.4306345282930124,9,0.4306345282930124,62.252273211805004,4.82305126009669,27,26276.058195075097,26343.133519547,experiment,FIFO,0.28,0,variant_1
7483,INSPECTION_2_5,INSPECTION_2_5_LINE,26339.52056946989,1.2101011829872732,10,1.2101011829872732,63.46237439479228,3.612950077109417,27,26276.058195075097,26343.133519547,experiment,FIFO,0.28,0,variant_1
7483,INSPECTION_2_6,INSPECTION_2_6_LINE,26341.949907026832,2.42933755694321,11,2.42933755694321,65.89171195173549,1.183612520166207,27,26276.058195075097,26343.133519547,experiment,FIFO,0.28,0,variant_1
7483,INSPECTION_2_7,INSPECTION_2_7_LINE,26343.133519547,1.183612520166207,12,1.183612520166207,67.0753244719017,0.0,29,26276.058195075097,26343.133519547,experiment,FIFO,0.28,0,variant_1
7484,MOULDING_2,MOULDING_MACHINE_2,26283.02709145528,6.968896380181832,1,0.0,0.0,114.64858587697017,37,26283.02709145528,26397.67567733225,experiment,FIFO,0.28,0,variant_5
7484,ASSEMBLY_1_2,LINE_2_ASSEMBLY1,26283.48473728127,0.45764582599076675,2,0.45764582599076675,0.45764582599076675,114.1909400509794,37,26283.02709145528,26397.67567733225,experiment,FIFO,0.28,0,variant_5
7484,ASSEMBLY_2_1,ASSEMBLY2_LINE_1,26369.649853262134,7.933973228442483,3,86.16511598086436,86.62276180685512,28.02582407011505,24,26283.02709145528,26397.67567733225,experiment,FIFO,0.28,0,variant_5
7484,SORTING,SORTING_ROBOT_1,26375.39319632044,0.4478801685181679,4,5.743343058307801,92.36610486516292,22.28248101180725,23,26283.02709145528,26397.67567733225,experiment,FIFO,0.28,0,variant_5
7484,PACKAGING_3,PACKAGING_LINE_3,26388.51928379387,9.950035018395283,5,13.126087473428925,105.49219233859185,9.156393538378325,25,26283.02709145528,26397.67567733225,experiment,FIFO,0.28,0,variant_5
7484,INSPECTION_2_1,INSPECTION_2_1_LINE,26389.54032917307,1.0210453791987675,6,1.0210453791987675,106.51323771779062,8.135348159179557,25,26283.02709145528,26397.67567733225,experiment,FIFO,0.28,0,variant_5
7484,INSPECTION_2_2,INSPECTION_2_2_LINE,26391.63450354782,2.094174374749855,7,2.094174374749855,108.60741209254047,6.041173784429702,27,26283.02709145528,26397.67567733225,experiment,FIFO,0.28,0,variant_5
7484,INSPECTION_2_3,INSPECTION_2_3_LINE,26392.83890144738,1.2043978995607176,8,1.2043978995607176,109.81180999210119,4.836775884868985,26,26283.02709145528,26397.67567733225,experiment,FIFO,0.28,0,variant_5
7484,INSPECTION_2_4,INSPECTION_2_4_LINE,26392.87470966389,0.035808216511213686,9,0.035808216511213686,109.8476182086124,4.800967668357771,26,26283.02709145528,26397.67567733225,experiment,FIFO,0.28,0,variant_5
7484,INSPECTION_2_5,INSPECTION_2_5_LINE,26393.42184511588,0.5471354519904708,10,0.5471354519904708,110.39475366060287,4.2538322163673,26,26283.02709145528,26397.67567733225,experiment,FIFO,0.28,0,variant_5
7484,INSPECTION_2_6,INSPECTION_2_6_LINE,26394.6772997938,1.2554546779174416,11,1.2554546779174416,111.65020833852032,2.9983775384498585,25,26283.02709145528,26397.67567733225,experiment,FIFO,0.28,0,variant_5
7484,INSPECTION_2_7,INSPECTION_2_7_LINE,26397.67567733225,2.9983775384498585,12,2.9983775384498585,114.64858587697017,0.0,24,26283.02709145528,26397.67567733225,experiment,FIFO,0.28,0,variant_5
7485,MOULDING_4,MOULDING_MACHINE_4,26259.3797184193,2.3531501701472735,1,0.0,0.0,124.49642323214721,44,26259.3797184193,26383.876141651446,experiment,FIFO,0.28,0,variant_4
7485,ASSEMBLY_1_5,LINE_5_ASSEMBLY1,26264.823572618,5.443854198700137,2,5.443854198700137,5.443854198700137,119.05256903344707,44,26259.3797184193,26383.876141651446,experiment,FIFO,0.28,0,variant_4
7485,ASSEMBLY_2_1,ASSEMBLY2_LINE_1,26356.853530154385,3.751125936214521,3,92.02995753638606,97.4738117350862,27.022611497061007,26,26259.3797184193,26383.876141651446,experiment,FIFO,0.28,0,variant_4
7485,SORTING,SORTING_ROBOT_1,26366.58474954627,1.963590807539731,4,9.731219391884224,107.20503112697043,17.291392105176783,25,26259.3797184193,26383.876141651446,experiment,FIFO,0.28,0,variant_4
7485,PACKAGING_1,PACKAGING_LINE_1,26380.978369673587,14.393620127317263,5,14.393620127317263,121.59865125428769,2.89777197785952,24,26259.3797184193,26383.876141651446,experiment,FIFO,0.28,0,variant_4
7485,INSPECTION_1_1,INSPECTION_1_1_LINE,26381.04838540478,0.07001573119487148,6,0.07001573119487148,121.66866698548256,2.8277562466646486,23,26259.3797184193,26383.876141651446,experiment,FIFO,0.28,0,variant_4
7485,INSPECTION_1_2,INSPECTION_1_2_LINE,26383.101644359856,2.0532589550748526,7,2.0532589550748526,123.72192594055741,0.7744972915897961,25,26259.3797184193,26383.876141651446,experiment,FIFO,0.28,0,variant_4
7485,INSPECTION_1_3,INSPECTION_1_3_LINE,26383.2208490563,0.11920469644246623,8,0.11920469644246623,123.84113063699988,0.6552925951473298,25,26259.3797184193,26383.876141651446,experiment,FIFO,0.28,0,variant_4
7485,INSPECTION_1_4,INSPECTION_1_4_LINE,26383.4364796522,0.2156305958997109,9,0.2156305958997109,124.05676123289959,0.43966199924761895,25,26259.3797184193,26383.876141651446,experiment,FIFO,0.28,0,variant_4
7485,INSPECTION_1_5,INSPECTION_1_5_LINE,26383.62298700038,0.1865073481822037,10,0.1865073481822037,124.2432685810818,0.25315465106541524,25,26259.3797184193,26383.876141651446,experiment,FIFO,0.28,0,variant_4
7485,INSPECTION_1_6,INSPECTION_1_6_LINE,26383.74467743694,0.12169043655740097,11,0.12169043655740097,124.3649590176392,0.13146421450801427,25,26259.3797184193,26383.876141651446,experiment,FIFO,0.28,0,variant_4
7485,INSPECTION_1_7,INSPECTION_1_7_LINE,26383.876141651446,0.13146421450801427,12,0.13146421450801427,124.49642323214721,0.0,24,26259.3797184193,26383.876141651446,experiment,FIFO,0.28,0,variant_4
7486,MOULDING_4,MOULDING_MACHINE_4,26261.93337864209,2.5536602227912226,1,0.0,0.0,47.31435122904077,44,26261.93337864209,26309.24772987113,experiment,FIFO,0.28,0,variant_5
7486,ASSEMBLY_1_3,LINE_3_ASSEMBLY1,26278.80365138204,5.319200633675791,2,16.87027273995045,16.87027273995045,30.444078489090316,37,26261.93337864209,26309.24772987113,experiment,FIFO,0.28,0,variant_5
7486,ASSEMBLY_2_2,ASSEMBLY2_LINE_2,26299.25812472517,4.412300913088984,3,20.454473343128484,37.324746083078935,9.989605145961832,35,26261.93337864209,26309.24772987113,experiment,FIFO,0.28,0,variant_5
7486,SORTING,SORTING_ROBOT_1,26301.618271043524,0.4789447513576306,4,2.360146318354964,39.6848924014339,7.629458827606868,34,26261.93337864209,26309.24772987113,experiment,FIFO,0.28,0,variant_5
7486,PACKAGING_2,PACKAGING_LINE_2,26301.9668968305,0.043505018762516556,5,0.3486257869772089,40.03351818841111,7.280833040629659,34,26261.93337864209,26309.24772987113,experiment,FIFO,0.28,0,variant_5
7486,INSPECTION_1_1,INSPECTION_1_1_LINE,26303.30205061126,0.7728667415685777,6,1.3351537807575369,41.368671969168645,5.945679259872122,32,26261.93337864209,26309.24772987113,experiment,FIFO,0.28,0,variant_5
7486,INSPECTION_1_2,INSPECTION_1_2_LINE,26304.492831443706,1.1907808324467624,7,1.1907808324467624,42.55945280161541,4.75489842742536,32,26261.93337864209,26309.24772987113,experiment,FIFO,0.28,0,variant_5
7486,INSPECTION_1_3,INSPECTION_1_3_LINE,26307.27741743493,2.2753387035481865,8,2.784585991223139,45.344038792838546,1.9703124362022209,32,26261.93337864209,26309.24772987113,experiment,FIFO,0.28,0,variant_5
7486,INSPECTION_1_4,INSPECTION_1_4_LINE,26307.40363348455,0.1262160496225988,9,0.1262160496225988,45.470254842461145,1.844096386579622,32,26261.93337864209,26309.24772987113,experiment,FIFO,0.28,0,variant_5
7486,INSPECTION_1_5,INSPECTION_1_5_LINE,26307.77221955365,0.36858606910027447,10,0.36858606910027447,45.83884091156142,1.4755103174793476,32,26261.93337864209,26309.24772987113,experiment,FIFO,0.28,0,variant_5
7486,INSPECTION_1_6,INSPECTION_1_6_LINE,26309.208103962734,0.41918957856250927,11,1.435884409082064,47.27472532064348,0.03962590839728364,31,26261.93337864209,26309.24772987113,experiment,FIFO,0.28,0,variant_5
7486,INSPECTION_1_7,INSPECTION_1_7_LINE,26309.24772987113,0.03962590839728364,12,0.03962590839728364,47.31435122904077,0.0,30,26261.93337864209,26309.24772987113,experiment,FIFO,0.28,0,variant_5
7487,MOULDING_1,MOULDING_MACHINE_1,26269.800144719207,8.025331656648632,1,0.0,0.0,39.3596498927036,40,26269.800144719207,26309.15979461191,experiment,FIFO,0.28,0,variant_4
7487,ASSEMBLY_1_5,LINE_5_ASSEMBLY1,26276.07900061057,6.2788558913634915,2,6.2788558913634915,6.2788558913634915,33.08079400134011,37,26269.800144719207,26309.15979461191,experiment,FIFO,0.28,0,variant_4
7487,ASSEMBLY_2_2,ASSEMBLY2_LINE_2,26294.38444311953,6.838723752676742,3,18.30544250895764,24.58429840032113,14.77535149238247,37,26269.800144719207,26309.15979461191,experiment,FIFO,0.28,0,variant_4
7487,SORTING,SORTING_ROBOT_1,26295.76081088357,1.3763677640417882,4,1.3763677640417882,25.96066616436292,13.398983728340681,37,26269.800144719207,26309.15979461191,experiment,FIFO,0.28,0,variant_4
7487,PACKAGING_2,PACKAGING_LINE_2,26298.59909382136,2.8382829377915186,5,2.8382829377915186,28.798949102154438,10.560700790549163,36,26269.800144719207,26309.15979461191,experiment,FIFO,0.28,0,variant_4
7487,INSPECTION_1_1,INSPECTION_1_1_LINE,26302.52918386969,3.930090048328566,6,3.930090048328566,32.729039150483004,6.630610742220597,34,26269.800144719207,26309.15979461191,experiment,FIFO,0.28,0,variant_4
7487,INSPECTION_1_2,INSPECTION_1_2_LINE,26303.179473838743,0.6502899690531194,7,0.6502899690531194,33.37932911953612,5.9803207731674775,32,26269.800144719207,26309.15979461191,experiment,FIFO,0.28,0,variant_4
7487,INSPECTION_1_3,INSPECTION_1_3_LINE,26305.00207873138,1.8226048926371732,8,1.8226048926371732,35.2019340121733,4.157715880530304,32,26269.800144719207,26309.15979461191,experiment,FIFO,0.28,0,variant_4
7487,INSPECTION_1_4,INSPECTION_1_4_LINE,26305.5660869346,0.564008203218691,9,0.564008203218691,35.76594221539199,3.5937076773116132,32,26269.800144719207,26309.15979461191,experiment,FIFO,0.28,0,variant_4
7487,INSPECTION_1_5,INSPECTION_1_5_LINE,26305.632503396577,0.06641646197749651,10,0.06641646197749651,35.832358677369484,3.5272912153341167,32,26269.800144719207,26309.15979461191,experiment,FIFO,0.28,0,variant_4
7487,INSPECTION_1_6,INSPECTION_1_6_LINE,26308.78891438417,3.156410987594427,11,3.156410987594427,38.98876966496391,0.37088022773968987,32,26269.800144719207,26309.15979461191,experiment,FIFO,0.28,0,variant_4
7487,INSPECTION_1_7,INSPECTION_1_7_LINE,26309.15979461191,0.37088022773968987,12,0.37088022773968987,39.3596498927036,0.0,31,26269.800144719207,26309.15979461191,experiment,FIFO,0.28,0,variant_4
7488,MOULDING_2,MOULDING_MACHINE_2,26283.1148621596,0.08777070432188339,1,0.0,0.0,146.98612115790456,38,26283.1148621596,26430.100983317505,experiment,FIFO,0.28,0,variant_4
7488,ASSEMBLY_1_1,LINE_1_ASSEMBLY1,26301.78885255388,4.900335545560665,2,18.673990394279826,18.673990394279826,128.31213076362474,34,26283.1148621596,26430.100983317505,experiment,FIFO,0.28,0,variant_4
7488,ASSEMBLY_2_1,ASSEMBLY2_LINE_1,26386.636259195824,9.023860651781433,3,84.84740664194396,103.52139703622379,43.464724121680774,25,26283.1148621596,26430.100983317505,experiment,FIFO,0.28,0,variant_4
7488,SORTING,SORTING_ROBOT_1,26411.684633848945,3.376488489771873,4,25.048374653120845,128.56977168934463,18.41634946855993,28,26283.1148621596,26430.100983317505,experiment,FIFO,0.28,0,variant_4
7488,PACKAGING_3,PACKAGING_LINE_3,26412.304455000336,0.6198211513910792,5,0.6198211513910792,129.1895928407357,17.79652831716885,28,26283.1148621596,26430.100983317505,experiment,FIFO,0.28,0,variant_4
7488,INSPECTION_2_1,INSPECTION_2_1_LINE,26417.067869900908,0.04151000257843407,6,4.763414900571661,133.95300774130737,13.033113416597189,26,26283.1148621596,26430.100983317505,experiment,FIFO,0.28,0,variant_4
7488,INSPECTION_2_2,INSPECTION_2_2_LINE,26419.179839821016,0.6229176246852148,7,2.111969920108095,136.06497766141547,10.921143496489094,25,26283.1148621596,26430.100983317505,experiment,FIFO,0.28,0,variant_4
7488,INSPECTION_2_3,INSPECTION_2_3_LINE,26423.40039321403,4.042956788434822,8,4.220553393013688,140.28553105442916,6.700590103475406,24,26283.1148621596,26430.100983317505,experiment,FIFO,0.28,0,variant_4
7488,INSPECTION_2_4,INSPECTION_2_4_LINE,26426.6707430892,3.270349875168904,9,3.270349875168904,143.55588092959806,3.430240228306502,26,26283.1148621596,26430.100983317505,experiment,FIFO,0.28,0,variant_4
7488,INSPECTION_2_5,INSPECTION_2_5_LINE,26427.989820585222,1.319077496023965,10,1.319077496023965,144.87495842562203,2.111162732282537,26,26283.1148621596,26430.100983317505,experiment,FIFO,0.28,0,variant_4
7488,INSPECTION_2_6,INSPECTION_2_6_LINE,26427.990150178528,0.00032959330565063283,11,0.00032959330565063283,144.87528801892768,2.1108331389768864,26,26283.1148621596,26430.100983317505,experiment,FIFO,0.28,0,variant_4
7488,INSPECTION_2_7,INSPECTION_2_7_LINE,26430.100983317505,2.1108331389768864,12,2.1108331389768864,146.98612115790456,0.0,26,26283.1148621596,26430.100983317505,experiment,FIFO,0.28,0,variant_4
7489,MOULDING_3,MOULDING_MACHINE_3,26276.61292017,2.241622530898894,1,0.0,0.0,115.41329060084536,38,26276.61292017,26392.026210770844,experiment,FIFO,0.28,0,variant_6
7489,ASSEMBLY_1_5,LINE_5_ASSEMBLY1,26277.600452803334,0.9875326333349221,2,0.9875326333349221,0.9875326333349221,114.42575796751044,38,26276.61292017,26392.026210770844,experiment,FIFO,0.28,0,variant_6
7489,ASSEMBLY_2_1,ASSEMBLY2_LINE_1,26361.71588003369,2.3032104914964293,3,84.11542723035745,85.10295986369238,30.31033073715298,26,26276.61292017,26392.026210770844,experiment,FIFO,0.28,0,variant_6
7489,SORTING,SORTING_ROBOT_1,26371.269635833727,1.676780956586299,4,9.553755800036015,94.65671566372839,20.756574937116966,24,26276.61292017,26392.026210770844,experiment,FIFO,0.28,0,variant_6
7489,PACKAGING_3,PACKAGING_LINE_3,26378.569248775475,7.29961294174791,5,7.29961294174791,101.9563286054763,13.456961995369056,24,26276.61292017,26392.026210770844,experiment,FIFO,0.28,0,variant_6
7489,INSPECTION_2_1,INSPECTION_2_1_LINE,26380.1216359592,1.5523871837249317,6,1.5523871837249317,103.50871578920123,11.904574811644125,24,26276.61292017,26392.026210770844,experiment,FIFO,0.28,0,variant_6
7489,INSPECTION_2_2,INSPECTION_2_2_LINE,26384.1018561216,3.9802201624006557,7,3.9802201624006557,107.48893595160189,7.924354649243469,24,26276.61292017,26392.026210770844,experiment,FIFO,0.28,0,variant_6
7489,INSPECTION_2_3,INSPECTION_2_3_LINE,26384.10630326112,0.004447139519470511,8,0.004447139519470511,107.49338309112136,7.919907509723998,24,26276.61292017,26392.026210770844,experiment,FIFO,0.28,0,variant_6
7489,INSPECTION_2_4,INSPECTION_2_4_LINE,26385.210587264763,1.1042840036425332,9,1.1042840036425332,108.59766709476389,6.815623506081465,24,26276.61292017,26392.026210770844,experiment,FIFO,0.28,0,variant_6
7489,INSPECTION_2_5,INSPECTION_2_5_LINE,26387.280949391527,2.070362126763939,10,2.070362126763939,110.66802922152783,4.745261379317526,25,26276.61292017,26392.026210770844,experiment,FIFO,0.28,0,variant_6
7489,INSPECTION_2_6,INSPECTION_2_6_LINE,26388.720012078025,1.4390626864988008,11,1.4390626864988008,112.10709190802663,3.3061986928187252,25,26276.61292017,26392.026210770844,experiment,FIFO,0.28,0,variant_6
7489,INSPECTION_2_7,INSPECTION_2_7_LINE,26392.026210770844,3.3061986928187252,12,3.3061986928187252,115.41329060084536,0.0,26,26276.61292017,26392.026210770844,experiment,FIFO,0.28,0,variant_6
7490,MOULDING_5,MOULDING_MACHINE_5,26275.21168469234,0.06936070050142007,1,0.0,0.0,64.71745815954637,36,26275.21168469234,26339.929142851888,experiment,FIFO,0.28,0,variant_2
7490,ASSEMBLY_1_1,LINE_1_ASSEMBLY1,26291.04891006078,2.3677841162207187,2,15.837225368439249,15.837225368439249,48.88023279110712,39,26275.21168469234,26339.929142851888,experiment,FIFO,0.28,0,variant_2
7490,ASSEMBLY_2_2,ASSEMBLY2_LINE_2,26315.327467257543,13.204007489395735,3,24.27855719676154,40.11578256520079,24.60167559434558,32,26275.21168469234,26339.929142851888,experiment,FIFO,0.28,0,variant_2
7490,SORTING,SORTING_ROBOT_1,26323.16619354594,7.838726288398902,4,7.838726288398902,47.95450885359969,16.762949305946677,27,26275.21168469234,26339.929142851888,experiment,FIFO,0.28,0,variant_2
7490,PACKAGING_3,PACKAGING_LINE_3,26327.1306695597,3.4076115306997963,5,3.9644760137598496,51.91898486735954,12.798473292186827,28,26275.21168469234,26339.929142851888,experiment,FIFO,0.28,0,variant_2
7490,INSPECTION_2_1,INSPECTION_2_1_LINE,26329.696863973368,2.5661944136663806,6,2.5661944136663806,54.48517928102592,10.232278878520447,28,26275.21168469234,26339.929142851888,experiment,FIFO,0.28,0,variant_2
7490,INSPECTION_2_2,INSPECTION_2_2_LINE,26331.881653164368,2.1847891910001636,7,2.1847891910001636,56.669968472026085,8.047489687520283,28,26275.21168469234,26339.929142851888,experiment,FIFO,0.28,0,variant_2
7490,INSPECTION_2_3,INSPECTION_2_3_LINE,26332.2628435627,0.38119039833327406,8,0.38119039833327406,57.05115887035936,7.666299289187009,28,26275.21168469234,26339.929142851888,experiment,FIFO,0.28,0,variant_2
7490,INSPECTION_2_4,INSPECTION_2_4_LINE,26334.49636837284,0.7135413622490887,9,2.233524810137169,59.28468368049653,5.43277447904984,28,26275.21168469234,26339.929142851888,experiment,FIFO,0.28,0,variant_2
7490,INSPECTION_2_5,INSPECTION_2_5_LINE,26335.67204625096,1.175677878120041,10,1.175677878120041,60.46036155861657,4.257096600929799,28,26275.21168469234,26339.929142851888,experiment,FIFO,0.28,0,variant_2
7490,INSPECTION_2_6,INSPECTION_2_6_LINE,26337.85735101984,2.185304768881906,11,2.185304768881906,62.645666327498475,2.071791832047893,27,26275.21168469234,26339.929142851888,experiment,FIFO,0.28,0,variant_2
7490,INSPECTION_2_7,INSPECTION_2_7_LINE,26339.929142851888,2.071791832047893,12,2.071791832047893,64.71745815954637,0.0,26,26275.21168469234,26339.929142851888,experiment,FIFO,0.28,0,variant_2
7491,MOULDING_2,MOULDING_MACHINE_2,26296.722348982326,13.60748682272606,1,0.0,0.0,89.67784309993658,38,26296.722348982326,26386.400192082263,experiment,FIFO,0.28,0,variant_3
7491,ASSEMBLY_1_5,LINE_5_ASSEMBLY1,26314.3220024528,17.59965347047182,2,17.59965347047182,17.59965347047182,72.07818962946476,32,26296.722348982326,26386.400192082263,experiment,FIFO,0.28,0,variant_3
7491,ASSEMBLY_2_2,ASSEMBLY2_LINE_2,26366.070674436764,26.568465401818685,3,51.74867198396532,69.34832545443714,20.329517645499436,25,26296.722348982326,26386.400192082263,experiment,FIFO,0.28,0,variant_3
7491,SORTING,SORTING_ROBOT_1,26372.61783429298,1.3481984592544904,4,6.547159856218059,75.8954853106552,13.782357789281377,24,26296.722348982326,26386.400192082263,experiment,FIFO,0.28,0,variant_3
7491,PACKAGING_2,PACKAGING_LINE_2,26376.55723938731,3.3277671805481077,5,3.939405094330141,79.83489040498534,9.842952694951236,23,26296.722348982326,26386.400192082263,experiment,FIFO,0.28,0,variant_3
7491,INSPECTION_2_1,INSPECTION_2_1_LINE,26377.48076764747,0.9235282601584913,6,0.9235282601584913,80.75841866514384,8.919424434792745,23,26296.722348982326,26386.400192082263,experiment,FIFO,0.28,0,variant_3
7491,INSPECTION_2_2,INSPECTION_2_2_LINE,26377.51519999296,0.03443234548831242,7,0.03443234548831242,80.79285101063215,8.884992089304433,23,26296.722348982326,26386.400192082263,experiment,FIFO,0.28,0,variant_3
7491,INSPECTION_2_3,INSPECTION_2_3_LINE,26379.85689434886,2.341694355902291,8,2.341694355902291,83.13454536653444,6.543297733402142,24,26296.722348982326,26386.400192082263,experiment,FIFO,0.28,0,variant_3
7491,INSPECTION_2_4,INSPECTION_2_4_LINE,26380.945220214107,1.0883258652465884,9,1.0883258652465884,84.22287123178103,5.454971868155553,24,26296.722348982326,26386.400192082263,experiment,FIFO,0.28,0,variant_3
7491,INSPECTION_2_5,INSPECTION_2_5_LINE,26381.54143021484,0.5962100007309346,10,0.5962100007309346,84.81908123251196,4.858761867424619,23,26296.722348982326,26386.400192082263,experiment,FIFO,0.28,0,variant_3
7491,INSPECTION_2_6,INSPECTION_2_6_LINE,26383.5322269294,1.990796714562748,11,1.990796714562748,86.80987794707471,2.8679651528618706,25,26296.722348982326,26386.400192082263,experiment,FIFO,0.28,0,variant_3
7491,INSPECTION_2_7,INSPECTION_2_7_LINE,26386.400192082263,2.8679651528618706,12,2.8679651528618706,89.67784309993658,0.0,25,26296.722348982326,26386.400192082263,experiment,FIFO,0.28,0,variant_3
7492,MOULDING_5,MOULDING_MACHINE_5,26309.40195681258,30.775547873068717,1,0.0,0.0,84.6540327033108,31,26309.40195681258,26394.05598951589,experiment,FIFO,0.28,0,variant_1
7492,ASSEMBLY_1_1,LINE_1_ASSEMBLY1,26315.30845453977,5.906497727188253,2,5.906497727188253,5.906497727188253,78.74753497612255,32,26309.40195681258,26394.05598951589,experiment,FIFO,0.28,0,variant_1
7492,ASSEMBLY_2_2,ASSEMBLY2_LINE_2,26367.743982822853,1.6733083860890474,3,52.43552828308384,58.34202601027209,26.31200669303871,25,26309.40195681258,26394.05598951589,experiment,FIFO,0.28,0,variant_1
7492,SORTING,SORTING_ROBOT_1,26374.945316151923,2.32748185894161,4,7.201333329070621,65.54335933934271,19.11067336396809,23,26309.40195681258,26394.05598951589,experiment,FIFO,0.28,0,variant_1
7492,PACKAGING_1,PACKAGING_LINE_1,26386.239961681506,5.261592007918807,5,11.29464552958234,76.83800486892505,7.81602783438575,25,26309.40195681258,26394.05598951589,experiment,FIFO,0.28,0,variant_1
7492,INSPECTION_1_1,INSPECTION_1_1_LINE,26386.90661854905,0.6666568675427698,6,0.6666568675427698,77.50466173646782,7.14937096684298,25,26309.40195681258,26394.05598951589,experiment,FIFO,0.28,0,variant_1
7492,INSPECTION_1_2,INSPECTION_1_2_LINE,26389.15157947581,2.244960926760541,7,2.244960926760541,79.74962266322837,4.904410040082439,25,26309.40195681258,26394.05598951589,experiment,FIFO,0.28,0,variant_1
7492,INSPECTION_1_3,INSPECTION_1_3_LINE,26391.145001962574,1.9934224867647572,8,1.9934224867647572,81.74304514999312,2.910987553317682,26,26309.40195681258,26394.05598951589,experiment,FIFO,0.28,0,variant_1
7492,INSPECTION_1_4,INSPECTION_1_4_LINE,26391.362523801945,0.2175218393713294,9,0.2175218393713294,81.96056698936445,2.6934657139463525,26,26309.40195681258,26394.05598951589,experiment,FIFO,0.28,0,variant_1
7492,INSPECTION_1_5,INSPECTION_1_5_LINE,26391.989053222835,0.6265294208897103,10,0.6265294208897103,82.58709641025416,2.066936293056642,27,26309.40195681258,26394.05598951589,experiment,FIFO,0.28,0,variant_1
7492,INSPECTION_1_6,INSPECTION_1_6_LINE,26393.722404357257,1.7333511344222643,11,1.7333511344222643,84.32044754467643,0.3335851586343779,26,26309.40195681258,26394.05598951589,experiment,FIFO,0.28,0,variant_1
7492,INSPECTION_1_7,INSPECTION_1_7_LINE,26394.05598951589,0.3335851586343779,12,0.3335851586343779,84.6540327033108,0.0,25,26309.40195681258,26394.05598951589,experiment,FIFO,0.28,0,variant_1
7493,MOULDING_3,MOULDING_MACHINE_3,26282.008587859847,2.5322191854647826,1,0.0,0.0,62.531531506832835,36,26282.008587859847,26344.54011936668,experiment,FIFO,0.28,0,variant_1
7493,ASSEMBLY_1_1,LINE_1_ASSEMBLY1,26296.88851700832,4.861426661827863,2,14.879929148472002,14.879929148472002,47.65160235836083,38,26282.008587859847,26344.54011936668,experiment,FIFO,0.28,0,variant_1
7493,ASSEMBLY_2_2,ASSEMBLY2_LINE_2,26331.09929879498,0.7822446398495231,3,34.210781786659936,49.09071093513194,13.440820571700897,28,26282.008587859847,26344.54011936668,experiment,FIFO,0.28,0,variant_1
7493,SORTING,SORTING_ROBOT_1,26331.67897634461,0.5796775496310147,4,0.5796775496310147,49.67038848476295,12.861143022069882,28,26282.008587859847,26344.54011936668,experiment,FIFO,0.28,0,variant_1
7493,PACKAGING_3,PACKAGING_LINE_3,26331.900943494507,0.22196714989695465,5,0.22196714989695465,49.89235563465991,12.639175872172927,28,26282.008587859847,26344.54011936668,experiment,FIFO,0.28,0,variant_1
7493,INSPECTION_2_1,INSPECTION_2_1_LINE,26335.09825343432,0.28176241357505205,6,3.1973099398128397,53.08966557447275,9.441865932360088,28,26282.008587859847,26344.54011936668,experiment,FIFO,0.28,0,variant_1
7493,INSPECTION_2_2,INSPECTION_2_2_LINE,26336.736972918367,0.38022676069522277,7,1.6387194840463053,54.72838505851905,7.8031464483137825,27,26282.008587859847,26344.54011936668,experiment,FIFO,0.28,0,variant_1
7493,INSPECTION_2_3,INSPECTION_2_3_LINE,26338.438679202987,0.5588454443786759,8,1.701706284620741,56.43009134313979,6.1014401636930415,27,26282.008587859847,26344.54011936668,experiment,FIFO,0.28,0,variant_1
7493,INSPECTION_2_4,INSPECTION_2_4_LINE,26338.48046471286,0.04178550987126073,9,0.04178550987126073,56.471876853011054,6.059654653821781,27,26282.008587859847,26344.54011936668,experiment,FIFO,0.28,0,variant_1
7493,INSPECTION_2_5,INSPECTION_2_5_LINE,26339.584027692254,0.06345822236471577,10,1.1035629793950648,57.57543983240612,4.956091674426716,27,26282.008587859847,26344.54011936668,experiment,FIFO,0.28,0,variant_1
7493,INSPECTION_2_6,INSPECTION_2_6_LINE,26341.97472697808,0.024819951246172423,11,2.3906992858246667,59.966139118230785,2.5653923886020493,27,26282.008587859847,26344.54011936668,experiment,FIFO,0.28,0,variant_1
7493,INSPECTION_2_7,INSPECTION_2_7_LINE,26344.54011936668,1.4065998196820146,12,2.5653923886020493,62.531531506832835,0.0,28,26282.008587859847,26344.54011936668,experiment,FIFO,0.28,0,variant_1
7494,MOULDING_3,MOULDING_MACHINE_3,26285.10980620069,3.101218340842024,1,0.0,0.0,127.41820927659865,38,26285.10980620069,26412.528015477288,experiment,FIFO,0.28,0,variant_5
7494,ASSEMBLY_1_2,LINE_2_ASSEMBLY1,26286.881530964445,1.7717247637556284,2,1.7717247637556284,1.7717247637556284,125.64648451284302,38,26285.10980620069,26412.528015477288,experiment,FIFO,0.28,0,variant_5
7494,ASSEMBLY_2_1,ASSEMBLY2_LINE_1,26377.051980186618,6.166874858976371,3,90.17044922217246,91.9421739859281,35.47603529067055,23,26285.10980620069,26412.528015477288,experiment,FIFO,0.28,0,variant_5
7494,SORTING,SORTING_ROBOT_1,26385.98264715893,1.2419199592186487,4,8.930666972311883,100.87284095823998,26.54536831835867,25,26285.10980620069,26412.528015477288,experiment,FIFO,0.28,0,variant_5
7494,PACKAGING_3,PACKAGING_LINE_3,26401.999454229943,2.2129397314492962,5,16.016807071013318,116.8896480292533,10.528561247345351,26,26285.10980620069,26412.528015477288,experiment,FIFO,0.28,0,variant_5
7494,INSPECTION_2_1,INSPECTION_2_1_LINE,26408.58136454077,5.584667501159856,6,6.581910310826061,123.47155834007935,3.9466509365192906,27,26285.10980620069,26412.528015477288,experiment,FIFO,0.28,0,variant_5
7494,INSPECTION_2_2,INSPECTION_2_2_LINE,26409.165399401674,0.5840348609053763,7,0.5840348609053763,124.05559320098473,3.3626160756139143,27,26285.10980620069,26412.528015477288,experiment,FIFO,0.28,0,variant_5
7494,INSPECTION_2_3,INSPECTION_2_3_LINE,26410.04370707189,0.8783076702166,8,0.8783076702166,124.93390087120133,2.4843084053973143,28,26285.10980620069,26412.528015477288,experiment,FIFO,0.28,0,variant_5
7494,INSPECTION_2_4,INSPECTION_2_4_LINE,26410.710914202235,0.6672071303437406,9,0.6672071303437406,125.60110800154507,1.8171012750535738,28,26285.10980620069,26412.528015477288,experiment,FIFO,0.28,0,variant_5
7494,INSPECTION_2_5,INSPECTION_2_5_LINE,26411.41236899144,0.701454789206764,10,0.701454789206764,126.30256279075184,1.1156464858468098,28,26285.10980620069,26412.528015477288,experiment,FIFO,0.28,0,variant_5
7494,INSPECTION_2_6,INSPECTION_2_6_LINE,26412.12123697984,0.7088679884000157,11,0.7088679884000157,127.01143077915185,0.40677849744679406,28,26285.10980620069,26412.528015477288,experiment,FIFO,0.28,0,variant_5
7494,INSPECTION_2_7,INSPECTION_2_7_LINE,26412.137797719948,0.01656074010679731,12,0.01656074010679731,127.02799151925865,0.39021775733999675,28,26285.10980620069,26412.528015477288,experiment,FIFO,0.28,0,variant_5
7494,INSPECTION_2_7,INSPECTION_2_7_LINE,26412.528015477288,0.39021775733999675,13,0.39021775733999675,127.41820927659865,0.0,27,26285.10980620069,26412.528015477288,experiment,FIFO,0.28,0,variant_5
7495,MOULDING_5,MOULDING_MACHINE_5,26312.80446730204,3.4025104894608376,1,0.0,0.0,131.4407796898995,32,26312.80446730204,26444.24524699194,experiment,FIFO,0.28,0,variant_3
7495,ASSEMBLY_1_1,LINE_1_ASSEMBLY1,26334.103638654084,18.795184114314907,2,21.299171352042322,21.299171352042322,110.14160833785718,28,26312.80446730204,26444.24524699194,experiment,FIFO,0.28,0,variant_3
7495,ASSEMBLY_2_1,ASSEMBLY2_LINE_1,26400.06370117304,10.786541409219353,3,65.96006251895597,87.25923387099829,44.18154581890121,24,26312.80446730204,26444.24524699194,experiment,FIFO,0.28,0,variant_3
7495,SORTING,SORTING_ROBOT_1,26425.212333406893,3.672301627950219,4,25.148632233853277,112.40786610485156,19.032913585047936,25,26312.80446730204,26444.24524699194,experiment,FIFO,0.28,0,variant_3
7495,PACKAGING_1,PACKAGING_LINE_1,26432.409797751967,7.197464345073968,5,7.197464345073968,119.60533044992553,11.835449239973968,27,26312.80446730204,26444.24524699194,experiment,FIFO,0.28,0,variant_3
7495,INSPECTION_2_1,INSPECTION_2_1_LINE,26432.95817453048,0.5483767785117379,6,0.5483767785117379,120.15370722843727,11.28707246146223,27,26312.80446730204,26444.24524699194,experiment,FIFO,0.28,0,variant_3
7495,INSPECTION_2_2,INSPECTION_2_2_LINE,26437.291161987247,4.3329874567680235,7,4.3329874567680235,124.4866946852053,6.954085004694207,24,26312.80446730204,26444.24524699194,experiment,FIFO,0.28,0,variant_3
7495,INSPECTION_2_3,INSPECTION_2_3_LINE,26439.23466159573,1.9434996084819431,8,1.9434996084819431,126.43019429368724,5.010585396212264,25,26312.80446730204,26444.24524699194,experiment,FIFO,0.28,0,variant_3
7495,INSPECTION_2_4,INSPECTION_2_4_LINE,26439.26777982672,0.033118230992840836,9,0.033118230992840836,126.46331252468008,4.977467165219423,25,26312.80446730204,26444.24524699194,experiment,FIFO,0.28,0,variant_3
7495,INSPECTION_2_4,INSPECTION_2_4_LINE,26440.88806507122,1.6202852444985183,10,1.6202852444985183,128.0835977691786,3.3571819207209046,25,26312.80446730204,26444.24524699194,experiment,FIFO,0.28,0,variant_3
7495,INSPECTION_2_5,INSPECTION_2_5_LINE,26441.83057002817,0.9425049569508701,11,0.9425049569508701,129.02610272612947,2.4146769637700345,24,26312.80446730204,26444.24524699194,experiment,FIFO,0.28,0,variant_3
7495,INSPECTION_2_6,INSPECTION_2_6_LINE,26443.286003029567,1.455433001396159,12,1.455433001396159,130.48153572752562,0.9592439623738755,24,26312.80446730204,26444.24524699194,experiment,FIFO,0.28,0,variant_3
7495,INSPECTION_2_7,INSPECTION_2_7_LINE,26444.24524699194,0.9592439623738755,13,0.9592439623738755,131.4407796898995,0.0,23,26312.80446730204,26444.24524699194,experiment,FIFO,0.28,0,variant_3
7496,MOULDING_1,MOULDING_MACHINE_1,26290.934611762365,4.874124695885257,1,0.0,0.0,60.72988207923481,39,26290.934611762365,26351.6644938416,experiment,FIFO,0.28,0,variant_1
7496,ASSEMBLY_1_4,LINE_4_ASSEMBLY1,26300.358177214654,1.4329973263229476,2,9.42356545228904,9.42356545228904,51.30631662694577,34,26290.934611762365,26351.6644938416,experiment,FIFO,0.28,0,variant_1
7496,ASSEMBLY_2_2,ASSEMBLY2_LINE_2,26339.502209034945,8.402910239965422,3,39.144031820291275,48.567597272580315,12.162284806654498,27,26290.934611762365,26351.6644938416,experiment,FIFO,0.28,0,variant_1
7496,SORTING,SORTING_ROBOT_1,26341.24595557212,1.0985240867885295,4,1.7437465371767757,50.31134380975709,10.418538269477722,27,26290.934611762365,26351.6644938416,experiment,FIFO,0.28,0,variant_1
7496,PACKAGING_1,PACKAGING_LINE_1,26343.16795753016,1.9220019580388907,5,1.9220019580388907,52.23334576779598,8.496536311438831,29,26290.934611762365,26351.6644938416,experiment,FIFO,0.28,0,variant_1
7496,INSPECTION_1_1,INSPECTION_1_1_LINE,26345.32127624799,2.1533187178283697,6,2.1533187178283697,54.38666448562435,6.343217593610461,28,26290.934611762365,26351.6644938416,experiment,FIFO,0.28,0,variant_1
7496,INSPECTION_1_2,INSPECTION_1_2_LINE,26347.15777022665,1.8364939786624745,7,1.8364939786624745,56.223158464286826,4.506723614947987,28,26290.934611762365,26351.6644938416,experiment,FIFO,0.28,0,variant_1
7496,INSPECTION_1_3,INSPECTION_1_3_LINE,26347.53288680368,0.3751165770299849,8,0.3751165770299849,56.59827504131681,4.131607037918002,28,26290.934611762365,26351.6644938416,experiment,FIFO,0.28,0,variant_1
7496,INSPECTION_1_4,INSPECTION_1_4_LINE,26347.95501846093,0.4221316572475189,9,0.4221316572475189,57.02040669856433,3.709475380670483,28,26290.934611762365,26351.6644938416,experiment,FIFO,0.28,0,variant_1
7496,INSPECTION_1_5,INSPECTION_1_5_LINE,26349.81887806448,1.8638596035525552,10,1.8638596035525552,58.884266302116885,1.8456157771179278,27,26290.934611762365,26351.6644938416,experiment,FIFO,0.28,0,variant_1
7496,INSPECTION_1_6,INSPECTION_1_6_LINE,26350.38076673198,0.5618886675001704,11,0.5618886675001704,59.446154969617055,1.2837271096177574,27,26290.934611762365,26351.6644938416,experiment,FIFO,0.28,0,variant_1
7496,INSPECTION_1_7,INSPECTION_1_7_LINE,26351.6644938416,1.2837271096177574,12,1.2837271096177574,60.72988207923481,0.0,26,26290.934611762365,26351.6644938416,experiment,FIFO,0.28,0,variant_1
7497,MOULDING_3,MOULDING_MACHINE_3,26311.726538662017,3.1319033684958413,1,0.0,0.0,90.9399792925542,31,26311.726538662017,26402.66651795457,experiment,FIFO,0.28,0,variant_6
7497,ASSEMBLY_1_5,LINE_5_ASSEMBLY1,26322.782201149927,8.460198697128362,2,11.055662487910013,11.055662487910013,79.88431680464419,27,26311.726538662017,26402.66651795457,experiment,FIFO,0.28,0,variant_6
7497,ASSEMBLY_2_2,ASSEMBLY2_LINE_2,26370.4324479862,2.6884651633481553,3,47.650246836274164,58.70590932418418,32.23406996837002,24,26311.726538662017,26402.66651795457,experiment,FIFO,0.28,0,variant_6
7497,SORTING,SORTING_ROBOT_1,26380.92158877057,5.528392450127285,4,10.489140784367919,69.1950501085521,21.744929184002103,24,26311.726538662017,26402.66651795457,experiment,FIFO,0.28,0,variant_6
7497,PACKAGING_3,PACKAGING_LINE_3,26397.09173936929,8.572455575420463,5,16.170150598722103,85.3652007072742,5.574778585280001,25,26311.726538662017,26402.66651795457,experiment,FIFO,0.28,0,variant_6
7497,INSPECTION_2_1,INSPECTION_2_1_LINE,26397.431713202728,0.33997383343739784,6,0.33997383343739784,85.7051745407116,5.234804751842603,25,26311.726538662017,26402.66651795457,experiment,FIFO,0.28,0,variant_6
7497,INSPECTION_2_2,INSPECTION_2_2_LINE,26398.90961261372,1.4778994109910855,7,1.4778994109910855,87.18307395170268,3.7569053408515174,24,26311.726538662017,26402.66651795457,experiment,FIFO,0.28,0,variant_6
7497,INSPECTION_2_3,INSPECTION_2_3_LINE,26399.05271381764,0.14310120392110548,8,0.14310120392110548,87.32617515562379,3.613804136930412,24,26311.726538662017,26402.66651795457,experiment,FIFO,0.28,0,variant_6
7497,INSPECTION_2_4,INSPECTION_2_4_LINE,26399.77801453316,0.7253007155195519,9,0.7253007155195519,88.05147587114334,2.88850342141086,24,26311.726538662017,26402.66651795457,experiment,FIFO,0.28,0,variant_6
7497,INSPECTION_2_5,INSPECTION_2_5_LINE,26401.50864996392,1.7306354307584115,10,1.7306354307584115,89.78211130190175,1.1578679906524485,26,26311.726538662017,26402.66651795457,experiment,FIFO,0.28,0,variant_6
7497,INSPECTION_2_6,INSPECTION_2_6_LINE,26401.94974417397,0.44109421005123295,11,0.44109421005123295,90.22320551195298,0.7167737806012155,26,26311.726538662017,26402.66651795457,experiment,FIFO,0.28,0,variant_6
7497,INSPECTION_2_7,INSPECTION_2_7_LINE,26402.66651795457,0.7167737806012155,12,0.7167737806012155,90.9399792925542,0.0,26,26311.726538662017,26402.66651795457,experiment,FIFO,0.28,0,variant_6
7498,MOULDING_5,MOULDING_MACHINE_5,26315.923842780827,3.119375478785514,1,0.0,0.0,117.68946946075812,32,26315.923842780827,26433.613312241585,experiment,FIFO,0.28,0,variant_1
7498,ASSEMBLY_1_2,LINE_2_ASSEMBLY1,26321.5117845228,5.587941741974646,2,5.587941741974646,5.587941741974646,112.10152771878347,28,26315.923842780827,26433.613312241585,experiment,FIFO,0.28,0,variant_1
7498,ASSEMBLY_2_1,ASSEMBLY2_LINE_1,26389.27715976382,2.640900567996141,3,67.76537524101877,73.35331698299342,44.3361524777647,25,26315.923842780827,26433.613312241585,experiment,FIFO,0.28,0,variant_1
7498,SORTING,SORTING_ROBOT_1,26411.844428332734,0.15979448378857342,4,22.567268568913278,95.9205855519067,21.76888390885142,28,26315.923842780827,26433.613312241585,experiment,FIFO,0.28,0,variant_1
7498,PACKAGING_1,PACKAGING_LINE_1,26413.836328261907,1.991899929173087,5,1.991899929173087,97.91248548107978,19.776983979678334,27,26315.923842780827,26433.613312241585,experiment,FIFO,0.28,0,variant_1
7498,INSPECTION_2_1,INSPECTION_2_1_LINE,26417.161161909447,0.09329200853971997,6,3.3248336475407996,101.23731912862058,16.452150332137535,26,26315.923842780827,26433.613312241585,experiment,FIFO,0.28,0,variant_1
7498,INSPECTION_2_2,INSPECTION_2_2_LINE,26423.99001323444,4.810173413425218,7,6.828851324993593,108.06617045361418,9.623299007143942,25,26315.923842780827,26433.613312241585,experiment,FIFO,0.28,0,variant_1
7498,INSPECTION_2_3,INSPECTION_2_3_LINE,26427.665497837774,3.675484603332734,8,3.675484603332734,111.74165505694691,5.947814403811208,26,26315.923842780827,26433.613312241585,experiment,FIFO,0.28,0,variant_1
7498,INSPECTION_2_4,INSPECTION_2_4_LINE,26429.158350780835,1.4928529430617345,9,1.4928529430617345,113.23450800000865,4.454961460749473,27,26315.923842780827,26433.613312241585,experiment,FIFO,0.28,0,variant_1
7498,INSPECTION_2_5,INSPECTION_2_5_LINE,26430.5753804232,1.417029642365378,10,1.417029642365378,114.65153764237402,3.037931818384095,26,26315.923842780827,26433.613312241585,experiment,FIFO,0.28,0,variant_1
7498,INSPECTION_2_6,INSPECTION_2_6_LINE,26431.62193505275,1.046554629549064,11,1.046554629549064,115.69809227192309,1.9913771888350311,27,26315.923842780827,26433.613312241585,experiment,FIFO,0.28,0,variant_1
7498,INSPECTION_2_7,INSPECTION_2_7_LINE,26433.613312241585,1.9913771888350311,12,1.9913771888350311,117.68946946075812,0.0,26,26315.923842780827,26433.613312241585,experiment,FIFO,0.28,0,variant_1
7499,MOULDING_3,MOULDING_MACHINE_3,26317.18282318664,5.4562845246218785,1,0.0,0.0,104.16269378365178,32,26317.18282318664,26421.34551697029,experiment,FIFO,0.28,0,variant_5
7499,ASSEMBLY_1_1,LINE_1_ASSEMBLY1,26343.387120846164,9.283482192080555,2,26.204297659525764,26.204297659525764,77.95839612412601,29,26317.18282318664,26421.34551697029,experiment,FIFO,0.28,0,variant_5
7499,ASSEMBLY_2_2,ASSEMBLY2_LINE_2,26379.92483300801,0.025202079723385395,3,36.537712161847594,62.74200982137336,41.42068396227842,24,26317.18282318664,26421.34551697029,experiment,FIFO,0.28,0,variant_5
7499,SORTING,SORTING_ROBOT_1,26408.308145359173,3.3387471672431275,4,28.383312351161294,91.12532217253465,13.037371611117123,28,26317.18282318664,26421.34551697029,experiment,FIFO,0.28,0,variant_5
7499,PACKAGING_1,PACKAGING_LINE_1,26408.65526840316,0.3471230439863575,5,0.3471230439863575,91.47244521652101,12.690248567130766,27,26317.18282318664,26421.34551697029,experiment,FIFO,0.28,0,variant_5
7499,INSPECTION_2_1,INSPECTION_2_1_LINE,26416.03108662557,4.178165171721048,6,7.375818222411908,98.84826343893292,5.314430344718858,27,26317.18282318664,26421.34551697029,experiment,FIFO,0.28,0,variant_5
7499,INSPECTION_2_2,INSPECTION_2_2_LINE,26416.357220215195,0.326133589624078,7,0.326133589624078,99.174397028557,4.98829675509478,26,26317.18282318664,26421.34551697029,experiment,FIFO,0.28,0,variant_5
7499,INSPECTION_2_3,INSPECTION_2_3_LINE,26416.615269434496,0.25804921930102864,8,0.25804921930102864,99.43244624785802,4.730247535793751,26,26317.18282318664,26421.34551697029,experiment,FIFO,0.28,0,variant_5
7499,INSPECTION_2_4,INSPECTION_2_4_LINE,26417.66542637552,1.0501569410225784,9,1.0501569410225784,100.4826031888806,3.6800905947711726,26,26317.18282318664,26421.34551697029,experiment,FIFO,0.28,0,variant_5
7499,INSPECTION_2_5,INSPECTION_2_5_LINE,26417.80277722267,0.1373508471515379,10,0.1373508471515379,100.61995403603214,3.5427397476196347,26,26317.18282318664,26421.34551697029,experiment,FIFO,0.28,0,variant_5
7499,INSPECTION_2_6,INSPECTION_2_6_LINE,26420.68554585681,2.882768634139211,11,2.882768634139211,103.50272267017135,0.6599711134804238,25,26317.18282318664,26421.34551697029,experiment,FIFO,0.28,0,variant_5
7499,INSPECTION_2_7,INSPECTION_2_7_LINE,26421.34551697029,0.6599711134804238,12,0.6599711134804238,104.16269378365178,0.0,24,26317.18282318664,26421.34551697029,experiment,FIFO,0.28,0,variant_5
7500,MOULDING_5,MOULDING_MACHINE_5,26319.304038231443,3.3801954506161564,1,0.0,0.0,103.91694273830944,30,26319.304038231443,26423.220980969752,experiment,FIFO,0.28,0,variant_6
7500,ASSEMBLY_1_3,LINE_3_ASSEMBLY1,26325.224269271013,5.9202310395703535,2,5.9202310395703535,5.9202310395703535,97.99671169873909,27,26319.304038231443,26423.220980969752,experiment,FIFO,0.28,0,variant_6
7500,ASSEMBLY_2_2,ASSEMBLY2_LINE_2,26378.031286827503,7.598838841302495,3,52.80701755648988,58.727248596060235,45.18969414224921,23,26319.304038231443,26423.220980969752,experiment,FIFO,0.28,0,variant_6
7500,SORTING,SORTING_ROBOT_1,26399.54376620818,0.9301067071937723,4,21.51247938067536,80.2397279767356,23.67721476157385,24,26319.304038231443,26423.220980969752,experiment,FIFO,0.28,0,variant_6
7500,PACKAGING_2,PACKAGING_LINE_2,26412.136671588323,3.841230381924106,5,12.592905380144657,92.83263335688025,11.084309381429193,28,26319.304038231443,26423.220980969752,experiment,FIFO,0.28,0,variant_6
7500,INSPECTION_2_1,INSPECTION_2_1_LINE,26417.02635989833,0.9952732727579132,6,4.889688310006022,97.72232166688627,6.194621071423171,26,26319.304038231443,26423.220980969752,experiment,FIFO,0.28,0,variant_6
7500,INSPECTION_2_2,INSPECTION_2_2_LINE,26418.55692219633,1.530562298001314,7,1.530562298001314,99.25288396488759,4.664058773421857,25,26319.304038231443,26423.220980969752,experiment,FIFO,0.28,0,variant_6
7500,INSPECTION_2_3,INSPECTION_2_3_LINE,26419.357436425595,0.8005142292640812,8,0.8005142292640812,100.05339819415167,3.863544544157776,25,26319.304038231443,26423.220980969752,experiment,FIFO,0.28,0,variant_6
7500,INSPECTION_2_4,INSPECTION_2_4_LINE,26419.722217121656,0.36478069606164354,9,0.36478069606164354,100.41817889021331,3.4987638480961323,25,26319.304038231443,26423.220980969752,experiment,FIFO,0.28,0,variant_6
7500,INSPECTION_2_5,INSPECTION_2_5_LINE,26419.98349556656,0.2612784449047467,10,0.2612784449047467,100.67945733511806,3.2374854031913856,25,26319.304038231443,26423.220980969752,experiment,FIFO,0.28,0,variant_6
7500,INSPECTION_2_6,INSPECTION_2_6_LINE,26422.08100009963,1.3954542428218701,11,2.0975045330706052,102.77696186818866,1.1399808701207803,25,26319.304038231443,26423.220980969752,experiment,FIFO,0.28,0,variant_6
7500,INSPECTION_2_7,INSPECTION_2_7_LINE,26423.220980969752,1.1399808701207803,12,1.1399808701207803,103.91694273830944,0.0,24,26319.304038231443,26423.220980969752,experiment,FIFO,0.28,0,variant_6
7501,MOULDING_5,MOULDING_MACHINE_5,26326.10739416268,2.0257198453182355,1,0.0,0.0,110.37085495224528,28,26326.10739416268,26436.478249114924,experiment,FIFO,0.28,0,variant_3
7501,ASSEMBLY_1_1,LINE_1_ASSEMBLY1,26357.15098985842,13.763869012254872,2,31.043595695740805,31.043595695740805,79.32725925650448,27,26326.10739416268,26436.478249114924,experiment,FIFO,0.28,0,variant_3
7501,ASSEMBLY_2_2,ASSEMBLY2_LINE_2,26399.11858004741,0.18578218979746453,3,41.96759018898956,73.01118588473037,37.359669067514915,24,26326.10739416268,26436.478249114924,experiment,FIFO,0.28,0,variant_3
7501,SORTING,SORTING_ROBOT_1,26421.540031778943,6.35952417235967,4,22.421451731534034,95.4326376162644,14.93821733598088,25,26326.10739416268,26436.478249114924,experiment,FIFO,0.28,0,variant_3
7501,PACKAGING_2,PACKAGING_LINE_2,26426.7978161427,5.257784363759129,5,5.257784363759129,100.69042198002353,9.680432972221752,26,26326.10739416268,26436.478249114924,experiment,FIFO,0.28,0,variant_3
7501,INSPECTION_2_1,INSPECTION_2_1_LINE,26427.10016644725,0.30235030454787193,6,0.30235030454787193,100.9927722845714,9.37808266767388,26,26326.10739416268,26436.478249114924,experiment,FIFO,0.28,0,variant_3
7501,INSPECTION_2_2,INSPECTION_2_2_LINE,26427.13202594515,0.03185949789985898,7,0.03185949789985898,101.02463178247126,9.34622316977402,26,26326.10739416268,26436.478249114924,experiment,FIFO,0.28,0,variant_3
7501,INSPECTION_2_3,INSPECTION_2_3_LINE,26433.207566917044,3.472491968765098,8,6.075540971894952,107.10017275436621,3.2706821978790686,27,26326.10739416268,26436.478249114924,experiment,FIFO,0.28,0,variant_3
7501,INSPECTION_2_4,INSPECTION_2_4_LINE,26433.225248479328,0.017681562283542007,9,0.017681562283542007,107.11785431664975,3.2530006355955265,27,26326.10739416268,26436.478249114924,experiment,FIFO,0.28,0,variant_3
7501,INSPECTION_2_5,INSPECTION_2_5_LINE,26435.03918780461,1.8139393252822629,10,1.8139393252822629,108.93179364193202,1.4390613103132637,25,26326.10739416268,26436.478249114924,experiment,FIFO,0.28,0,variant_3
7501,INSPECTION_2_6,INSPECTION_2_6_LINE,26435.07386044793,0.03467264331993647,11,0.03467264331993647,108.96646628525195,1.4043886669933272,25,26326.10739416268,26436.478249114924,experiment,FIFO,0.28,0,variant_3
7501,INSPECTION_2_7,INSPECTION_2_7_LINE,26436.478249114924,1.4043886669933272,12,1.4043886669933272,110.37085495224528,0.0,24,26326.10739416268,26436.478249114924,experiment,FIFO,0.28,0,variant_3
7502,MOULDING_1,MOULDING_MACHINE_1,26342.105610644965,12.371088777814293,1,0.0,0.0,117.7112559506204,28,26342.105610644965,26459.816866595585,experiment,FIFO,0.28,0,variant_4
7502,ASSEMBLY_1_2,LINE_2_ASSEMBLY1,26349.60944848882,7.503837843854853,2,7.503837843854853,7.503837843854853,110.20741810676554,28,26342.105610644965,26459.816866595585,experiment,FIFO,0.28,0,variant_4
7502,ASSEMBLY_2_1,ASSEMBLY2_LINE_1,26413.194001988435,13.130300815395458,3,63.58455349961514,71.08839134347,46.622864607150404,27,26342.105610644965,26459.816866595585,experiment,FIFO,0.28,0,variant_4
7502,SORTING,SORTING_ROBOT_1,26435.686632704084,1.50738302370155,4,22.492630715649284,93.58102205911928,24.13023389150112,25,26342.105610644965,26459.816866595585,experiment,FIFO,0.28,0,variant_4
7502,PACKAGING_1,PACKAGING_LINE_1,26444.540578257514,8.853945553430094,5,8.853945553430094,102.43496761254937,15.276288338071026,23,26342.105610644965,26459.816866595585,experiment,FIFO,0.28,0,variant_4
7502,INSPECTION_2_1,INSPECTION_2_1_LINE,26445.80920499668,1.2686267391654837,6,1.2686267391654837,103.70359435171486,14.007661598905543,23,26342.105610644965,26459.816866595585,experiment,FIFO,0.28,0,variant_4
7502,INSPECTION_2_2,INSPECTION_2_2_LINE,26446.468658523,0.6594535263211583,7,0.6594535263211583,104.36304787803601,13.348208072584384,22,26342.105610644965,26459.816866595585,experiment,FIFO,0.28,0,variant_4
7502,INSPECTION_2_3,INSPECTION_2_3_LINE,26449.786791000377,0.151060673797474,8,3.3181324773759115,107.68118035541193,10.030075595208473,21,26342.105610644965,26459.816866595585,experiment,FIFO,0.28,0,variant_4
7502,INSPECTION_2_3,INSPECTION_2_3_LINE,26451.65715825336,1.870367252984579,9,1.870367252984579,109.5515476083965,8.159708342223894,20,26342.105610644965,26459.816866595585,experiment,FIFO,0.28,0,variant_4
7502,INSPECTION_2_4,INSPECTION_2_4_LINE,26454.55897932892,2.9018210755566543,10,2.9018210755566543,112.45336868395316,5.25788726666724,18,26342.105610644965,26459.816866595585,experiment,FIFO,0.28,0,variant_4
7502,INSPECTION_2_5,INSPECTION_2_5_LINE,26457.798962518435,3.2399831895163516,11,3.2399831895163516,115.69335187346951,2.017904077150888,16,26342.105610644965,26459.816866595585,experiment,FIFO,0.28,0,variant_4
7502,INSPECTION_2_6,INSPECTION_2_6_LINE,26458.59699231229,0.798029793855676,12,0.798029793855676,116.49138166732519,1.219874283295212,16,26342.105610644965,26459.816866595585,experiment,FIFO,0.28,0,variant_4
7502,INSPECTION_2_7,INSPECTION_2_7_LINE,26459.816866595585,1.219874283295212,13,1.219874283295212,117.7112559506204,0.0,16,26342.105610644965,26459.816866595585,experiment,FIFO,0.28,0,variant_4
7503,MOULDING_2,MOULDING_MACHINE_2,26342.91104869997,7.51791600958677,1,0.0,0.0,73.44000404817052,30,26342.91104869997,26416.35105274814,experiment,FIFO,0.28,0,variant_6
7503,ASSEMBLY_1_5,LINE_5_ASSEMBLY1,26343.05305417277,0.14200547280051978,2,0.14200547280051978,0.14200547280051978,73.29799857537,30,26342.91104869997,26416.35105274814,experiment,FIFO,0.28,0,variant_6
7503,ASSEMBLY_2_2,ASSEMBLY2_LINE_2,26379.89963092829,1.8683441007851798,3,36.84657675551716,36.98858222831768,36.45142181985284,24,26342.91104869997,26416.35105274814,experiment,FIFO,0.28,0,variant_6
7503,SORTING,SORTING_ROBOT_1,26404.96939819193,5.425631983751373,4,25.069767263641552,62.058349491959234,11.381654556211288,27,26342.91104869997,26416.35105274814,experiment,FIFO,0.28,0,variant_6
7503,PACKAGING_3,PACKAGING_LINE_3,26406.40995640671,1.4405582147810492,5,1.4405582147810492,63.49890770674028,9.941096341430239,27,26342.91104869997,26416.35105274814,experiment,FIFO,0.28,0,variant_6
7503,INSPECTION_2_1,INSPECTION_2_1_LINE,26409.56139995209,0.9800354113212961,6,3.151443545379152,66.65035125211944,6.789652796051087,27,26342.91104869997,26416.35105274814,experiment,FIFO,0.28,0,variant_6
7503,INSPECTION_2_2,INSPECTION_2_2_LINE,26411.89205206976,2.3306521176709794,7,2.3306521176709794,68.98100336979041,4.459000678380107,28,26342.91104869997,26416.35105274814,experiment,FIFO,0.28,0,variant_6
7503,INSPECTION_2_3,INSPECTION_2_3_LINE,26412.698676382504,0.8066243127432244,8,0.8066243127432244,69.78762768253364,3.652376365636883,27,26342.91104869997,26416.35105274814,experiment,FIFO,0.28,0,variant_6
7503,INSPECTION_2_4,INSPECTION_2_4_LINE,26415.19321104622,2.4945346637141483,9,2.4945346637141483,72.28216234624779,1.1578417019227345,27,26342.91104869997,26416.35105274814,experiment,FIFO,0.28,0,variant_6
7503,INSPECTION_2_5,INSPECTION_2_5_LINE,26415.767104786853,0.5738937406349578,10,0.5738937406349578,72.85605608688275,0.5839479612877767,27,26342.91104869997,26416.35105274814,experiment,FIFO,0.28,0,variant_6
7503,INSPECTION_2_6,INSPECTION_2_6_LINE,26415.99788600337,0.2307812165163341,11,0.2307812165163341,73.08683730339908,0.3531667447714426,27,26342.91104869997,26416.35105274814,experiment,FIFO,0.28,0,variant_6
7503,INSPECTION_2_7,INSPECTION_2_7_LINE,26416.35105274814,0.3531667447714426,12,0.3531667447714426,73.44000404817052,0.0,26,26342.91104869997,26416.35105274814,experiment,FIFO,0.28,0,variant_6
7504,MOULDING_5,MOULDING_MACHINE_5,26342.47061340977,6.2787654827552615,1,0.0,0.0,91.53778769434575,29,26342.47061340977,26434.008401104114,experiment,FIFO,0.28,0,variant_4
7504,ASSEMBLY_1_2,LINE_2_ASSEMBLY1,26351.538852838334,1.9294043495137885,2,9.068239428564993,9.068239428564993,82.46954826578076,27,26342.47061340977,26434.008401104114,experiment,FIFO,0.28,0,variant_4
7504,ASSEMBLY_2_2,ASSEMBLY2_LINE_2,26398.93279785761,19.007964849599375,3,47.39394501927745,56.462184447842446,35.075603246503306,24,26342.47061340977,26434.008401104114,experiment,FIFO,0.28,0,variant_4
7504,SORTING,SORTING_ROBOT_1,26415.180507606583,3.336079273849464,4,16.24770974897183,72.70989419681428,18.827893497531477,27,26342.47061340977,26434.008401104114,experiment,FIFO,0.28,0,variant_4
7504,PACKAGING_1,PACKAGING_LINE_1,26415.62766806798,0.4471604613972886,5,0.4471604613972886,73.15705465821156,18.38073303613419,27,26342.47061340977,26434.008401104114,experiment,FIFO,0.28,0,variant_4
7504,INSPECTION_2_1,INSPECTION_2_1_LINE,26417.941053959526,0.77989205007907,6,2.313385891546204,75.47044054975777,16.067347144587984,26,26342.47061340977,26434.008401104114,experiment,FIFO,0.28,0,variant_4
7504,INSPECTION_2_2,INSPECTION_2_2_LINE,26424.886903146413,0.8968899119718117,7,6.945849186886335,82.4162897366441,9.12149795770165,25,26342.47061340977,26434.008401104114,experiment,FIFO,0.28,0,variant_4
7504,INSPECTION_2_3,INSPECTION_2_3_LINE,26429.73507494828,2.0695771105056338,8,4.848171801866556,87.26446153851066,4.273326155835093,27,26342.47061340977,26434.008401104114,experiment,FIFO,0.28,0,variant_4
7504,INSPECTION_2_4,INSPECTION_2_4_LINE,26430.34028092076,0.6052059724788705,9,0.6052059724788705,87.86966751098953,3.6681201833562227,26,26342.47061340977,26434.008401104114,experiment,FIFO,0.28,0,variant_4
7504,INSPECTION_2_5,INSPECTION_2_5_LINE,26431.10870356299,0.5333231397889904,10,0.7684226422315987,88.63809015322113,2.899697541124624,26,26342.47061340977,26434.008401104114,experiment,FIFO,0.28,0,variant_4
7504,INSPECTION_2_6,INSPECTION_2_6_LINE,26433.051873518823,1.4299384660735086,11,1.9431699558335822,90.58126010905471,0.9565275852910418,27,26342.47061340977,26434.008401104114,experiment,FIFO,0.28,0,variant_4
7504,INSPECTION_2_7,INSPECTION_2_7_LINE,26434.008401104114,0.39508886252951925,12,0.9565275852910418,91.53778769434575,0.0,25,26342.47061340977,26434.008401104114,experiment,FIFO,0.28,0,variant_4
7505,MOULDING_3,MOULDING_MACHINE_3,26340.49188610059,0.397391462327505,1,0.0,0.0,112.13923193982919,27,26340.49188610059,26452.63111804042,experiment,FIFO,0.28,0,variant_6
7505,ASSEMBLY_1_1,LINE_1_ASSEMBLY1,26358.959614669915,1.8086248114959744,2,18.467728569325118,18.467728569325118,93.67150337050407,27,26340.49188610059,26452.63111804042,experiment,FIFO,0.28,0,variant_6
7505,ASSEMBLY_2_1,ASSEMBLY2_LINE_1,26423.72095000293,10.526948014496156,3,64.76133533301618,83.2290639023413,28.910168037487892,24,26340.49188610059,26452.63111804042,experiment,FIFO,0.28,0,variant_6
7505,SORTING,SORTING_ROBOT_1,26438.72133068385,2.2707953408789763,4,15.00038068091817,98.22944458325946,13.909787356569723,25,26340.49188610059,26452.63111804042,experiment,FIFO,0.28,0,variant_6
7505,PACKAGING_2,PACKAGING_LINE_2,26438.832684581823,0.11135389797345852,5,0.11135389797345852,98.34079848123292,13.798433458596264,25,26340.49188610059,26452.63111804042,experiment,FIFO,0.28,0,variant_6
7505,INSPECTION_1_1,INSPECTION_1_1_LINE,26441.073794060747,0.6302467598216026,6,2.241109478924045,100.58190796015697,11.55732397967222,25,26340.49188610059,26452.63111804042,experiment,FIFO,0.28,0,variant_6
7505,INSPECTION_1_2,INSPECTION_1_2_LINE,26442.47144016329,1.1267842710367404,7,1.39764610254133,101.9795540626983,10.159677877130889,24,26340.49188610059,26452.63111804042,experiment,FIFO,0.28,0,variant_6
7505,INSPECTION_1_3,INSPECTION_1_3_LINE,26442.827634089048,0.35619392575972597,8,0.35619392575972597,102.33574798845802,9.803483951371163,24,26340.49188610059,26452.63111804042,experiment,FIFO,0.28,0,variant_6
7505,INSPECTION_1_4,INSPECTION_1_4_LINE,26444.98086761409,1.9642114500420575,9,2.153233525041287,104.48898151349931,7.650250426329876,23,26340.49188610059,26452.63111804042,experiment,FIFO,0.28,0,variant_6
7505,INSPECTION_1_5,INSPECTION_1_5_LINE,26447.19470735404,2.2138397399503447,10,2.2138397399503447,106.70282125344966,5.436410686379531,22,26340.49188610059,26452.63111804042,experiment,FIFO,0.28,0,variant_6
7505,INSPECTION_1_6,INSPECTION_1_6_LINE,26449.82820548,1.8940717548175598,11,2.633498125960614,109.33631937941027,2.8029125604189176,21,26340.49188610059,26452.63111804042,experiment,FIFO,0.28,0,variant_6
7505,INSPECTION_1_7,INSPECTION_1_7_LINE,26452.63111804042,2.8029125604189176,12,2.8029125604189176,112.13923193982919,0.0,18,26340.49188610059,26452.63111804042,experiment,FIFO,0.28,0,variant_6
7506,MOULDING_3,MOULDING_MACHINE_3,26356.51002764451,12.748936563417374,1,0.0,0.0,94.23222142898521,25,26356.51002764451,26450.742249073493,experiment,FIFO,0.28,0,variant_3
7506,ASSEMBLY_1_5,LINE_5_ASSEMBLY1,26365.846924460453,9.336896815944783,2,9.336896815944783,9.336896815944783,84.89532461304043,25,26356.51002764451,26450.742249073493,experiment,FIFO,0.28,0,variant_3
7506,ASSEMBLY_2_2,ASSEMBLY2_LINE_2,26400.47774610032,0.2904566342331236,3,34.63082163986837,43.967718455813156,50.26450297317206,24,26356.51002764451,26450.742249073493,experiment,FIFO,0.28,0,variant_3
7506,SORTING,SORTING_ROBOT_1,26428.92211277446,2.543844275336596,4,28.44436667413902,72.41208512995217,21.820136299033038,27,26356.51002764451,26450.742249073493,experiment,FIFO,0.28,0,variant_3
7506,PACKAGING_3,PACKAGING_LINE_3,26437.06172918461,2.232759626425832,5,8.139616410149756,80.55170154010193,13.680519888883282,24,26356.51002764451,26450.742249073493,experiment,FIFO,0.28,0,variant_3
7506,INSPECTION_2_1,INSPECTION_2_1_LINE,26438.10238186132,1.0406526767110336,6,1.0406526767110336,81.59235421681296,12.639867212172248,25,26356.51002764451,26450.742249073493,experiment,FIFO,0.28,0,variant_3
7506,INSPECTION_2_2,INSPECTION_2_2_LINE,26441.01679203539,2.914410174067598,7,2.914410174067598,84.50676439088056,9.72545703810465,25,26356.51002764451,26450.742249073493,experiment,FIFO,0.28,0,variant_3
7506,INSPECTION_2_3,INSPECTION_2_3_LINE,26441.23249289513,0.21570085974235553,8,0.21570085974235553,84.72246525062292,9.509756178362295,24,26356.51002764451,26450.742249073493,experiment,FIFO,0.28,0,variant_3
7506,INSPECTION_2_4,INSPECTION_2_4_LINE,26441.37547905048,0.1429861553478986,9,0.1429861553478986,84.86545140597082,9.366770023014396,24,26356.51002764451,26450.742249073493,experiment,FIFO,0.28,0,variant_3
7506,INSPECTION_2_5,INSPECTION_2_5_LINE,26443.39061294457,1.3197349081638095,10,2.015133894092287,86.8805853000631,7.3516361289221095,24,26356.51002764451,26450.742249073493,experiment,FIFO,0.28,0,variant_3
7506,INSPECTION_2_6,INSPECTION_2_6_LINE,26446.55443063268,0.05805505450553028,11,3.1638176881097024,90.0444029881728,4.187818440812407,22,26356.51002764451,26450.742249073493,experiment,FIFO,0.28,0,variant_3
7506,INSPECTION_2_7,INSPECTION_2_7_LINE,26450.742249073493,2.5919967572335736,12,4.187818440812407,94.23222142898521,0.0,20,26356.51002764451,26450.742249073493,experiment,FIFO,0.28,0,variant_3
7507,MOULDING_1,MOULDING_MACHINE_1,26356.97954971897,12.240732287929859,1,0.0,0.0,91.17070259729007,27,26356.97954971897,26448.15025231626,experiment,FIFO,0.28,0,variant_1
7507,ASSEMBLY_1_2,LINE_2_ASSEMBLY1,26359.763414554065,2.783864835095301,2,2.783864835095301,2.783864835095301,88.38683776219477,27,26356.97954971897,26448.15025231626,experiment,FIFO,0.28,0,variant_1
7507,ASSEMBLY_2_2,ASSEMBLY2_LINE_2,26400.18728946609,1.0687094186796458,3,40.423874912023166,43.20773974711847,47.96296285017161,24,26356.97954971897,26448.15025231626,experiment,FIFO,0.28,0,variant_1
7507,SORTING,SORTING_ROBOT_1,26426.378268499124,1.1659350922309386,4,26.190979033035546,69.39871878015401,21.77198381713606,26,26356.97954971897,26448.15025231626,experiment,FIFO,0.28,0,variant_1
7507,PACKAGING_3,PACKAGING_LINE_3,26434.828969558184,8.45070105906052,5,8.45070105906052,77.84941983921453,13.32128275807554,25,26356.97954971897,26448.15025231626,experiment,FIFO,0.28,0,variant_1
7507,INSPECTION_2_1,INSPECTION_2_1_LINE,26435.65553323793,0.8265636797441402,6,0.8265636797441402,78.67598351895867,12.4947190783314,25,26356.97954971897,26448.15025231626,experiment,FIFO,0.28,0,variant_1
7507,INSPECTION_2_2,INSPECTION_2_2_LINE,26437.448311488828,0.15714950158144347,7,1.7927782508995733,80.46876176985825,10.701940827431827,24,26356.97954971897,26448.15025231626,experiment,FIFO,0.28,0,variant_1
7507,INSPECTION_2_3,INSPECTION_2_3_LINE,26440.639624629173,1.4049630334448011,8,3.191313140345301,83.66007491020355,7.510627687086526,25,26356.97954971897,26448.15025231626,experiment,FIFO,0.28,0,variant_1
7507,INSPECTION_2_4,INSPECTION_2_4_LINE,26440.99407644316,0.10601137193953036,9,0.3544518139860884,84.01452672418964,7.1561758731004375,25,26356.97954971897,26448.15025231626,experiment,FIFO,0.28,0,variant_1
7507,INSPECTION_2_5,INSPECTION_2_5_LINE,26442.070878036408,0.24030800823675236,10,1.076801593248092,85.09132831743773,6.079374279852345,24,26356.97954971897,26448.15025231626,experiment,FIFO,0.28,0,variant_1
7507,INSPECTION_2_6,INSPECTION_2_6_LINE,26446.496375578176,3.210372548608575,11,4.425497541767982,89.51682585920571,1.6538767380843638,22,26356.97954971897,26448.15025231626,experiment,FIFO,0.28,0,variant_1
7507,INSPECTION_2_7,INSPECTION_2_7_LINE,26448.15025231626,1.6538767380843638,12,1.6538767380843638,91.17070259729007,0.0,21,26356.97954971897,26448.15025231626,experiment,FIFO,0.28,0,variant_1
7508,MOULDING_1,MOULDING_MACHINE_1,26378.1022398332,21.122690114229044,1,0.0,0.0,63.01726987599977,24,26378.1022398332,26441.1195097092,experiment,FIFO,0.28,0,variant_5
7508,ASSEMBLY_1_5,LINE_5_ASSEMBLY1,26379.723102069867,1.6208622366684722,2,1.6208622366684722,1.6208622366684722,61.3964076393313,24,26378.1022398332,26441.1195097092,experiment,FIFO,0.28,0,variant_5
7508,ASSEMBLY_2_2,ASSEMBLY2_LINE_2,26408.10927288021,7.6315267798891,3,28.386170810343174,30.007033047011646,33.01023682898813,28,26378.1022398332,26441.1195097092,experiment,FIFO,0.28,0,variant_5
7508,SORTING,SORTING_ROBOT_1,26431.276250149745,2.354137375285063,4,23.166977269534982,53.17401031654663,9.843259559453145,26,26378.1022398332,26441.1195097092,experiment,FIFO,0.28,0,variant_5
7508,PACKAGING_2,PACKAGING_LINE_2,26431.541191556305,0.2649414065599558,5,0.2649414065599558,53.438951723106584,9.578318152893189,27,26378.1022398332,26441.1195097092,experiment,FIFO,0.28,0,variant_5
7508,INSPECTION_1_1,INSPECTION_1_1_LINE,26431.872235288844,0.3310437325380917,6,0.3310437325380917,53.769995455644676,9.247274420355097,27,26378.1022398332,26441.1195097092,experiment,FIFO,0.28,0,variant_5
7508,INSPECTION_1_2,INSPECTION_1_2_LINE,26431.96296485589,0.09072956704767421,7,0.09072956704767421,53.86072502269235,9.156544853307423,27,26378.1022398332,26441.1195097092,experiment,FIFO,0.28,0,variant_5
7508,INSPECTION_1_3,INSPECTION_1_3_LINE,26432.803107122945,0.8401422670540342,8,0.8401422670540342,54.700867289746384,8.316402586253389,27,26378.1022398332,26441.1195097092,experiment,FIFO,0.28,0,variant_5
7508,INSPECTION_1_4,INSPECTION_1_4_LINE,26434.41676105283,1.6136539298859134,9,1.6136539298859134,56.3145212196323,6.702748656367476,25,26378.1022398332,26441.1195097092,experiment,FIFO,0.28,0,variant_5
7508,INSPECTION_1_5,INSPECTION_1_5_LINE,26438.907267071794,4.49050601896306,10,4.49050601896306,60.80502723859536,2.2122426374044153,25,26378.1022398332,26441.1195097092,experiment,FIFO,0.28,0,variant_5
7508,INSPECTION_1_6,INSPECTION_1_6_LINE,26440.84580371445,1.9385366426540713,11,1.9385366426540713,62.74356388124943,0.27370599475034396,25,26378.1022398332,26441.1195097092,experiment,FIFO,0.28,0,variant_5
7508,INSPECTION_1_7,INSPECTION_1_7_LINE,26441.1195097092,0.27370599475034396,12,0.27370599475034396,63.01726987599977,0.0,24,26378.1022398332,26441.1195097092,experiment,FIFO,0.28,0,variant_5
7509,MOULDING_3,MOULDING_MACHINE_3,26356.75562876476,0.245601120252104,1,0.0,0.0,100.16459461327031,26,26356.75562876476,26456.92022337803,experiment,FIFO,0.28,0,variant_4
7509,ASSEMBLY_1_5,LINE_5_ASSEMBLY1,26368.19411986741,2.3471954069573258,2,11.438491102650005,11.438491102650005,88.7261035106203,25,26356.75562876476,26456.92022337803,experiment,FIFO,0.28,0,variant_4
7509,ASSEMBLY_2_1,ASSEMBLY2_LINE_1,26426.06059956178,2.339649558849487,3,57.866479694370355,69.30497079702036,30.85962381624995,25,26356.75562876476,26456.92022337803,experiment,FIFO,0.28,0,variant_4
7509,SORTING,SORTING_ROBOT_1,26442.333296659624,3.0138169473284506,4,16.272697097843775,85.57766789486413,14.586926718406175,24,26356.75562876476,26456.92022337803,experiment,FIFO,0.28,0,variant_4
7509,PACKAGING_2,PACKAGING_LINE_2,26453.09856582113,10.765269161503966,5,10.765269161503966,96.3429370563681,3.8216575569022098,17,26356.75562876476,26456.92022337803,experiment,FIFO,0.28,0,variant_4
7509,INSPECTION_1_1,INSPECTION_1_1_LINE,26453.178217536024,0.07965171489558998,6,0.07965171489558998,96.42258877126369,3.74200584200662,17,26356.75562876476,26456.92022337803,experiment,FIFO,0.28,0,variant_4
7509,INSPECTION_1_2,INSPECTION_1_2_LINE,26453.709855322784,0.5316377867602569,7,0.5316377867602569,96.95422655802395,3.210368055246363,17,26356.75562876476,26456.92022337803,experiment,FIFO,0.28,0,variant_4
7509,INSPECTION_1_3,INSPECTION_1_3_LINE,26455.362432961763,1.6525776389789826,8,1.6525776389789826,98.60680419700293,1.5577904162673804,17,26356.75562876476,26456.92022337803,experiment,FIFO,0.28,0,variant_4
7509,INSPECTION_1_4,INSPECTION_1_4_LINE,26455.877375645967,0.5149426842035609,9,0.5149426842035609,99.12174688120649,1.0428477320638194,17,26356.75562876476,26456.92022337803,experiment,FIFO,0.28,0,variant_4
7509,INSPECTION_1_5,INSPECTION_1_5_LINE,26456.049070121524,0.17169447555716033,10,0.17169447555716033,99.29344135676365,0.8711532565066591,17,26356.75562876476,26456.92022337803,experiment,FIFO,0.28,0,variant_4
7509,INSPECTION_1_6,INSPECTION_1_6_LINE,26456.61097942285,0.5619093013265228,11,0.5619093013265228,99.85535065809017,0.30924395518013625,17,26356.75562876476,26456.92022337803,experiment,FIFO,0.28,0,variant_4
7509,INSPECTION_1_7,INSPECTION_1_7_LINE,26456.92022337803,0.30924395518013625,12,0.30924395518013625,100.16459461327031,0.0,16,26356.75562876476,26456.92022337803,experiment,FIFO,0.28,0,variant_4
7510,MOULDING_1,MOULDING_MACHINE_1,26382.53228008941,4.430040256211214,1,0.0,0.0,72.53176592961245,24,26382.53228008941,26455.064046019022,experiment,FIFO,0.28,0,variant_1
7510,ASSEMBLY_1_4,LINE_4_ASSEMBLY1,26386.91131760064,4.379037511229399,2,4.379037511229399,4.379037511229399,68.15272841838305,25,26382.53228008941,26455.064046019022,experiment,FIFO,0.28,0,variant_1
7510,ASSEMBLY_2_1,ASSEMBLY2_LINE_1,26448.787354255448,22.726754693667317,3,61.87603665480856,66.25507416603796,6.27669176357449,21,26382.53228008941,26455.064046019022,experiment,FIFO,0.28,0,variant_1
7510,SORTING,SORTING_ROBOT_1,26449.18515994758,0.343394302733941,4,0.3978056921332609,66.65287985817122,5.878886071441229,21,26382.53228008941,26455.064046019022,experiment,FIFO,0.28,0,variant_1
7510,PACKAGING_3,PACKAGING_LINE_3,26450.33746054029,1.1523005927083432,5,1.1523005927083432,67.80518045087956,4.726585478732886,21,26382.53228008941,26455.064046019022,experiment,FIFO,0.28,0,variant_1
7510,INSPECTION_1_1,INSPECTION_1_1_LINE,26452.323242967137,1.985782426847436,6,1.985782426847436,69.790962877727,2.7408030518854503,19,26382.53228008941,26455.064046019022,experiment,FIFO,0.28,0,variant_1
7510,INSPECTION_1_2,INSPECTION_1_2_LINE,26452.365049050662,0.04180608352544368,7,0.04180608352544368,69.83276896125244,2.6989969683600066,19,26382.53228008941,26455.064046019022,experiment,FIFO,0.28,0,variant_1
7510,INSPECTION_1_3,INSPECTION_1_3_LINE,26452.76602314394,0.40097409327790956,8,0.40097409327790956,70.23374305453035,2.298022875082097,18,26382.53228008941,26455.064046019022,experiment,FIFO,0.28,0,variant_1
7510,INSPECTION_1_4,INSPECTION_1_4_LINE,26454.497143342825,1.731120198885037,9,1.731120198885037,71.96486325341539,0.5669026761970599,18,26382.53228008941,26455.064046019022,experiment,FIFO,0.28,0,variant_1
7510,INSPECTION_1_5,INSPECTION_1_5_LINE,26454.52454047979,0.027397136964282254,10,0.027397136964282254,71.99226039037967,0.5395055392327777,18,26382.53228008941,26455.064046019022,experiment,FIFO,0.28,0,variant_1
7510,INSPECTION_1_6,INSPECTION_1_6_LINE,26454.99466637388,0.4701258940913249,11,0.4701258940913249,72.462386284471,0.06937964514145278,18,26382.53228008941,26455.064046019022,experiment,FIFO,0.28,0,variant_1
7510,INSPECTION_1_7,INSPECTION_1_7_LINE,26455.064046019022,0.06937964514145278,12,0.06937964514145278,72.53176592961245,0.0,17,26382.53228008941,26455.064046019022,experiment,FIFO,0.28,0,variant_1
7511,MOULDING_1,MOULDING_MACHINE_1,26382.966271232825,0.43399114341445966,1,0.0,0.0,62.20186460242621,25,26382.966271232825,26445.16813583525,experiment,FIFO,0.28,0,variant_4
7511,ASSEMBLY_1_4,LINE_4_ASSEMBLY1,26400.208915292784,13.297597692144336,2,17.242644059959275,17.242644059959275,44.95922054246694,24,26382.966271232825,26445.16813583525,experiment,FIFO,0.28,0,variant_4
7511,ASSEMBLY_2_2,ASSEMBLY2_LINE_2,26411.87863396772,0.4155511675962771,3,11.66971867493703,28.912362734896305,33.28950186752991,28,26382.966271232825,26445.16813583525,experiment,FIFO,0.28,0,variant_4
7511,SORTING,SORTING_ROBOT_1,26434.047535157,0.3070566652677371,4,22.168901189277676,51.08126392417398,11.12060067825223,25,26382.966271232825,26445.16813583525,experiment,FIFO,0.28,0,variant_4
7511,PACKAGING_2,PACKAGING_LINE_2,26435.00179986976,0.9542647127600503,5,0.9542647127600503,52.03552863693403,10.16633596549218,25,26382.966271232825,26445.16813583525,experiment,FIFO,0.28,0,variant_4
7511,INSPECTION_1_1,INSPECTION_1_1_LINE,26435.800608752244,0.7988088824859005,6,0.7988088824859005,52.83433751941993,9.36752708300628,25,26382.966271232825,26445.16813583525,experiment,FIFO,0.28,0,variant_4
7511,INSPECTION_1_2,INSPECTION_1_2_LINE,26435.86478779669,0.06417904444606393,7,0.06417904444606393,52.898516563865996,9.303348038560216,25,26382.966271232825,26445.16813583525,experiment,FIFO,0.28,0,variant_4
7511,INSPECTION_1_3,INSPECTION_1_3_LINE,26437.856444369976,1.9916565732855815,8,1.9916565732855815,54.89017313715158,7.3116914652746345,24,26382.966271232825,26445.16813583525,experiment,FIFO,0.28,0,variant_4
7511,INSPECTION_1_4,INSPECTION_1_4_LINE,26439.50966981332,1.6532254433441267,9,1.6532254433441267,56.543398580495705,5.658466021930508,25,26382.966271232825,26445.16813583525,experiment,FIFO,0.28,0,variant_4
7511,INSPECTION_1_5,INSPECTION_1_5_LINE,26440.449605787635,0.9399359743147215,10,0.9399359743147215,57.483334554810426,4.718530047615786,25,26382.966271232825,26445.16813583525,experiment,FIFO,0.28,0,variant_4
7511,INSPECTION_1_6,INSPECTION_1_6_LINE,26445.092335374567,4.246531660119217,11,4.642729586932546,62.12606414174297,0.07580046068324009,23,26382.966271232825,26445.16813583525,experiment,FIFO,0.28,0,variant_4
7511,INSPECTION_1_7,INSPECTION_1_7_LINE,26445.16813583525,0.07580046068324009,12,0.07580046068324009,62.20186460242621,0.0,22,26382.966271232825,26445.16813583525,experiment,FIFO,0.28,0,variant_4
7512,MOULDING_1,MOULDING_MACHINE_1,26391.616993570533,8.65072233770843,1,0.0,0.0,56.351196236693795,27,26391.616993570533,26447.968189807227,experiment,FIFO,0.28,0,variant_1
7512,ASSEMBLY_1_2,LINE_2_ASSEMBLY1,26395.857436054022,4.24044248348946,2,4.24044248348946,4.24044248348946,52.110753753204335,25,26391.616993570533,26447.968189807227,experiment,FIFO,0.28,0,variant_1
7512,ASSEMBLY_2_2,ASSEMBLY2_LINE_2,26411.463082800125,3.353809919914056,3,15.605646746102138,19.8460892295916,36.5051070071022,28,26391.616993570533,26447.968189807227,experiment,FIFO,0.28,0,variant_1
7512,SORTING,SORTING_ROBOT_1,26433.74047849173,2.46422834198529,4,22.277395691606216,42.123484921197814,14.22771131549598,26,26391.616993570533,26447.968189807227,experiment,FIFO,0.28,0,variant_1
7512,PACKAGING_3,PACKAGING_LINE_3,26437.90299989922,0.8412707146089815,5,4.162521407488384,46.2860063286862,10.065189908007596,24,26391.616993570533,26447.968189807227,experiment,FIFO,0.28,0,variant_1
7512,INSPECTION_1_1,INSPECTION_1_1_LINE,26440.443547300925,1.7394043216772843,6,2.540547401706135,48.826553730392334,7.524642506301461,25,26391.616993570533,26447.968189807227,experiment,FIFO,0.28,0,variant_1
7512,INSPECTION_1_2,INSPECTION_1_2_LINE,26441.34465589225,0.9011085913261923,7,0.9011085913261923,49.727662321718526,6.623533914975269,24,26391.616993570533,26447.968189807227,experiment,FIFO,0.28,0,variant_1
7512,INSPECTION_1_3,INSPECTION_1_3_LINE,26441.76272400276,0.4180681105099211,8,0.4180681105099211,50.14573043222845,6.205465804465348,24,26391.616993570533,26447.968189807227,experiment,FIFO,0.28,0,variant_1
7512,INSPECTION_1_4,INSPECTION_1_4_LINE,26443.016656164047,1.2539321612857748,9,1.2539321612857748,51.39966259351422,4.951533643179573,24,26391.616993570533,26447.968189807227,experiment,FIFO,0.28,0,variant_1
7512,INSPECTION_1_5,INSPECTION_1_5_LINE,26444.47109833208,1.4544421680329833,10,1.4544421680329833,52.854104761547205,3.49709147514659,23,26391.616993570533,26447.968189807227,experiment,FIFO,0.28,0,variant_1
7512,INSPECTION_1_6,INSPECTION_1_6_LINE,26447.934133725183,2.1531407884540386,11,3.463035393102473,56.31714015464968,0.03405608204411692,23,26391.616993570533,26447.968189807227,experiment,FIFO,0.28,0,variant_1
7512,INSPECTION_1_7,INSPECTION_1_7_LINE,26447.968189807227,0.03405608204411692,12,0.03405608204411692,56.351196236693795,0.0,22,26391.616993570533,26447.968189807227,experiment,FIFO,0.28,0,variant_1
7513,MOULDING_5,MOULDING_MACHINE_5,26386.338089044755,8.952025100374158,1,0.0,0.0,90.35956152147628,26,26386.338089044755,26476.69765056623,experiment,FIFO,0.28,0,variant_6
7513,ASSEMBLY_1_3,LINE_3_ASSEMBLY1,26388.96205958148,2.6239705367261195,2,2.6239705367261195,2.6239705367261195,87.73559098475016,25,26386.338089044755,26476.69765056623,experiment,FIFO,0.28,0,variant_6
7513,ASSEMBLY_2_1,ASSEMBLY2_LINE_1,26460.059031464392,11.271677208944311,3,71.09697188291102,73.72094241963714,16.63861910183914,16,26386.338089044755,26476.69765056623,experiment,FIFO,0.28,0,variant_6
7513,SORTING,SORTING_ROBOT_1,26460.507161125694,0.4481296613012091,4,0.4481296613012091,74.16907208093835,16.19048944053793,16,26386.338089044755,26476.69765056623,experiment,FIFO,0.28,0,variant_6
7513,PACKAGING_2,PACKAGING_LINE_2,26469.477623980387,8.970462854693324,5,8.970462854693324,83.13953493563167,7.220026585844607,14,26386.338089044755,26476.69765056623,experiment,FIFO,0.28,0,variant_6
7513,INSPECTION_1_1,INSPECTION_1_1_LINE,26471.211940264388,1.7343162840006698,6,1.7343162840006698,84.87385121963234,5.4857103018439375,16,26386.338089044755,26476.69765056623,experiment,FIFO,0.28,0,variant_6
7513,INSPECTION_1_2,INSPECTION_1_2_LINE,26471.298012423977,0.08607215958909364,7,0.08607215958909364,84.95992337922144,5.399638142254844,16,26386.338089044755,26476.69765056623,experiment,FIFO,0.28,0,variant_6
7513,INSPECTION_1_3,INSPECTION_1_3_LINE,26472.71726438589,1.4192519619136874,8,1.4192519619136874,86.37917534113512,3.9803861803411564,16,26386.338089044755,26476.69765056623,experiment,FIFO,0.28,0,variant_6
7513,INSPECTION_1_4,INSPECTION_1_4_LINE,26473.16414437164,0.4468799857495469,9,0.4468799857495469,86.82605532688467,3.5335061945916095,17,26386.338089044755,26476.69765056623,experiment,FIFO,0.28,0,variant_6
7513,INSPECTION_1_5,INSPECTION_1_5_LINE,26473.331036760777,0.1668923891375016,10,0.1668923891375016,86.99294771602217,3.366613805454108,17,26386.338089044755,26476.69765056623,experiment,FIFO,0.28,0,variant_6
7513,INSPECTION_1_6,INSPECTION_1_6_LINE,26476.474258366103,3.1432216053253796,11,3.1432216053253796,90.13616932134755,0.2233922001287283,17,26386.338089044755,26476.69765056623,experiment,FIFO,0.28,0,variant_6
7513,INSPECTION_1_7,INSPECTION_1_7_LINE,26476.69765056623,0.2233922001287283,12,0.2233922001287283,90.35956152147628,0.0,16,26386.338089044755,26476.69765056623,experiment,FIFO,0.28,0,variant_6
7514,MOULDING_2,MOULDING_MACHINE_2,26385.388082620146,1.956490689135535,1,0.0,0.0,102.52535960169553,25,26385.388082620146,26487.91344222184,experiment,FIFO,0.28,0,variant_6
7514,ASSEMBLY_1_2,LINE_2_ASSEMBLY1,26388.98915767515,3.6010750550049124,2,3.6010750550049124,3.6010750550049124,98.92428454669061,25,26385.388082620146,26487.91344222184,experiment,FIFO,0.28,0,variant_6
7514,ASSEMBLY_2_1,ASSEMBLY2_LINE_1,26463.12402546672,3.0649940023286035,3,74.13486779157029,77.7359428465752,24.789416755120328,15,26385.388082620146,26487.91344222184,experiment,FIFO,0.28,0,variant_6
7514,SORTING,SORTING_ROBOT_1,26466.053216737728,1.4541063864126045,4,2.9291912710068573,80.66513411758206,21.86022548411347,14,26385.388082620146,26487.91344222184,experiment,FIFO,0.28,0,variant_6
7514,PACKAGING_2,PACKAGING_LINE_2,26470.268695251,0.7910712706143386,5,4.2154785132734105,84.88061263085547,17.64474697084006,15,26385.388082620146,26487.91344222184,experiment,FIFO,0.28,0,variant_6
7514,INSPECTION_2_1,INSPECTION_2_1_LINE,26470.565880419457,0.29718516845605336,6,0.29718516845605336,85.17779779931152,17.347561802384007,15,26385.388082620146,26487.91344222184,experiment,FIFO,0.28,0,variant_6
7514,INSPECTION_2_2,INSPECTION_2_2_LINE,26471.69203010737,1.1261496879124024,7,1.1261496879124024,86.30394748722392,16.221412114471605,16,26385.388082620146,26487.91344222184,experiment,FIFO,0.28,0,variant_6
7514,INSPECTION_2_3,INSPECTION_2_3_LINE,26475.785200682363,4.0931705749935645,8,4.0931705749935645,90.39711806221749,12.12824153947804,17,26385.388082620146,26487.91344222184,experiment,FIFO,0.28,0,variant_6
7514,INSPECTION_2_4,INSPECTION_2_4_LINE,26479.705970608647,3.9207699262842652,9,3.9207699262842652,94.31788798850175,8.207471613193775,16,26385.388082620146,26487.91344222184,experiment,FIFO,0.28,0,variant_6
7514,INSPECTION_2_5,INSPECTION_2_5_LINE,26481.309628281884,1.6036576732367394,10,1.6036576732367394,95.92154566173849,6.6038139399570355,17,26385.388082620146,26487.91344222184,experiment,FIFO,0.28,0,variant_6
7514,INSPECTION_2_6,INSPECTION_2_6_LINE,26487.5569952009,6.247366919014894,11,6.247366919014894,102.16891258075339,0.35644702094214153,17,26385.388082620146,26487.91344222184,experiment,FIFO,0.28,0,variant_6
7514,INSPECTION_2_7,INSPECTION_2_7_LINE,26487.91344222184,0.35644702094214153,12,0.35644702094214153,102.52535960169553,0.0,16,26385.388082620146,26487.91344222184,experiment,FIFO,0.28,0,variant_6
7515,MOULDING_1,MOULDING_MACHINE_1,26401.483572734327,9.866579163794086,1,0.0,0.0,86.69378837475233,26,26401.483572734327,26488.17736110908,experiment,FIFO,0.28,0,variant_5
7515,ASSEMBLY_1_2,LINE_2_ASSEMBLY1,26404.14769130769,2.1303599690836563,2,2.6641185733642487,2.6641185733642487,84.02966980138808,26,26401.483572734327,26488.17736110908,experiment,FIFO,0.28,0,variant_5
7515,ASSEMBLY_2_1,ASSEMBLY2_LINE_1,26478.14221044145,6.115629159008677,3,73.99451913375742,76.65863770712167,10.03515066763066,16,26401.483572734327,26488.17736110908,experiment,FIFO,0.28,0,variant_5
7515,SORTING,SORTING_ROBOT_1,26478.805837915454,0.6636274740048975,4,0.6636274740048975,77.32226518112657,9.371523193625762,17,26401.483572734327,26488.17736110908,experiment,FIFO,0.28,0,variant_5
7515,PACKAGING_3,PACKAGING_LINE_3,26482.08663622268,3.280798307227087,5,3.280798307227087,80.60306348835365,6.090724886398675,17,26401.483572734327,26488.17736110908,experiment,FIFO,0.28,0,variant_5
7515,INSPECTION_1_1,INSPECTION_1_1_LINE,26482.668441578084,0.5818053554030485,6,0.5818053554030485,81.1848688437567,5.508919530995627,17,26401.483572734327,26488.17736110908,experiment,FIFO,0.28,0,variant_5
7515,INSPECTION_1_2,INSPECTION_1_2_LINE,26482.939014939708,0.27057336162397405,7,0.27057336162397405,81.45544220538068,5.238346169371653,17,26401.483572734327,26488.17736110908,experiment,FIFO,0.28,0,variant_5
7515,INSPECTION_1_3,INSPECTION_1_3_LINE,26483.28003469985,0.3410197601406253,8,0.3410197601406253,81.7964619655213,4.897326409231027,17,26401.483572734327,26488.17736110908,experiment,FIFO,0.28,0,variant_5
7515,INSPECTION_1_4,INSPECTION_1_4_LINE,26483.69187034435,0.4118356445032987,9,0.4118356445032987,82.2082976100246,4.485490764727729,17,26401.483572734327,26488.17736110908,experiment,FIFO,0.28,0,variant_5
7515,INSPECTION_1_5,INSPECTION_1_5_LINE,26485.18970388301,1.4978335386585968,10,1.4978335386585968,83.7061311486832,2.987657226069132,17,26401.483572734327,26488.17736110908,experiment,FIFO,0.28,0,variant_5
7515,INSPECTION_1_6,INSPECTION_1_6_LINE,26486.454344746955,1.2646408639448055,11,1.2646408639448055,84.970772012628,1.7230163621243264,17,26401.483572734327,26488.17736110908,experiment,FIFO,0.28,0,variant_5
7515,INSPECTION_1_7,INSPECTION_1_7_LINE,26488.17736110908,1.7230163621243264,12,1.7230163621243264,86.69378837475233,0.0,15,26401.483572734327,26488.17736110908,experiment,FIFO,0.28,0,variant_5
7516,MOULDING_2,MOULDING_MACHINE_2,26390.143405245617,0.1789772402626113,1,0.0,0.0,105.52201430461355,26,26390.143405245617,26495.66541955023,experiment,FIFO,0.28,0,variant_5
7516,ASSEMBLY_1_3,LINE_3_ASSEMBLY1,26401.45779465944,11.314389413822937,2,11.314389413822937,11.314389413822937,94.20762489079061,25,26390.143405245617,26495.66541955023,experiment,FIFO,0.28,0,variant_5
7516,ASSEMBLY_2_1,ASSEMBLY2_LINE_1,26464.70920998045,1.585184513729473,3,63.25141532101043,74.56580473483336,30.956209569780185,15,26390.143405245617,26495.66541955023,experiment,FIFO,0.28,0,variant_5
7516,SORTING,SORTING_ROBOT_1,26468.52048262932,2.4672658915915235,4,3.8112726488689077,78.37707738370227,27.144936920911277,14,26390.143405245617,26495.66541955023,experiment,FIFO,0.28,0,variant_5
7516,PACKAGING_2,PACKAGING_LINE_2,26481.84819002113,11.579494770128804,5,13.32770739181069,91.70478477551296,13.817229529100587,17,26390.143405245617,26495.66541955023,experiment,FIFO,0.28,0,variant_5
7516,INSPECTION_2_1,INSPECTION_2_1_LINE,26481.85473368836,0.006543667230289429,6,0.006543667230289429,91.71132844274325,13.810685861870297,17,26390.143405245617,26495.66541955023,experiment,FIFO,0.28,0,variant_5
7516,INSPECTION_2_2,INSPECTION_2_2_LINE,26485.23947574964,3.3847420612801216,7,3.3847420612801216,95.09607050402337,10.425943800590176,17,26390.143405245617,26495.66541955023,experiment,FIFO,0.28,0,variant_5
7516,INSPECTION_2_3,INSPECTION_2_3_LINE,26488.41013910155,3.1706633519097522,8,3.1706633519097522,98.26673385593313,7.255280448680423,15,26390.143405245617,26495.66541955023,experiment,FIFO,0.28,0,variant_5
7516,INSPECTION_2_4,INSPECTION_2_4_LINE,26489.08573572821,0.6755966266609903,9,0.6755966266609903,98.94233048259412,6.579683822019433,16,26390.143405245617,26495.66541955023,experiment,FIFO,0.28,0,variant_5
7516,INSPECTION_2_5,INSPECTION_2_5_LINE,26490.52073215692,1.434996428710292,10,1.434996428710292,100.37732691130441,5.144687393309141,16,26390.143405245617,26495.66541955023,experiment,FIFO,0.28,0,variant_5
7516,INSPECTION_2_6,INSPECTION_2_6_LINE,26491.38494580137,0.8642136444468633,11,0.8642136444468633,101.24154055575127,4.280473748862278,16,26390.143405245617,26495.66541955023,experiment,FIFO,0.28,0,variant_5
7516,INSPECTION_2_7,INSPECTION_2_7_LINE,26495.66541955023,4.280473748862278,12,4.280473748862278,105.52201430461355,0.0,16,26390.143405245617,26495.66541955023,experiment,FIFO,0.28,0,variant_5
7517,MOULDING_4,MOULDING_MACHINE_4,26401.27911704172,6.625921184597246,1,0.0,0.0,44.872181190541596,25,26401.27911704172,26446.15129823226,experiment,FIFO,0.28,0,variant_5
7517,ASSEMBLY_1_2,LINE_2_ASSEMBLY1,26402.017331338608,0.7382142968890548,2,0.7382142968890548,0.7382142968890548,44.13396689365254,26,26401.27911704172,26446.15129823226,experiment,FIFO,0.28,0,variant_5
7517,ASSEMBLY_2_2,ASSEMBLY2_LINE_2,26412.963593372227,1.0849594045066624,3,10.94626203361986,11.684476330508915,33.18770486003268,27,26401.27911704172,26446.15129823226,experiment,FIFO,0.28,0,variant_5
7517,SORTING,SORTING_ROBOT_1,26434.179249680383,0.13171452338428935,4,21.215656308155303,32.90013263866422,11.972048551877378,25,26401.27911704172,26446.15129823226,experiment,FIFO,0.28,0,variant_5
7517,PACKAGING_2,PACKAGING_LINE_2,26436.36697101168,1.365171141922474,5,2.187721331298235,35.08785396996245,9.784327220579144,25,26401.27911704172,26446.15129823226,experiment,FIFO,0.28,0,variant_5
7517,INSPECTION_1_1,INSPECTION_1_1_LINE,26438.704142979248,2.3371719675669738,6,2.3371719675669738,37.425025937529426,7.44715525301217,25,26401.27911704172,26446.15129823226,experiment,FIFO,0.28,0,variant_5
7517,INSPECTION_1_2,INSPECTION_1_2_LINE,26440.116479218254,1.4123362390055263,7,1.4123362390055263,38.83736217653495,6.034819014006644,25,26401.27911704172,26446.15129823226,experiment,FIFO,0.28,0,variant_5
7517,INSPECTION_1_3,INSPECTION_1_3_LINE,26440.34085646665,0.22437724839619477,8,0.22437724839619477,39.06173942493115,5.810441765610449,25,26401.27911704172,26446.15129823226,experiment,FIFO,0.28,0,variant_5
7517,INSPECTION_1_4,INSPECTION_1_4_LINE,26440.491596118147,0.1507396514971333,9,0.1507396514971333,39.21247907642828,5.6597021141133155,25,26401.27911704172,26446.15129823226,experiment,FIFO,0.28,0,variant_5
7517,INSPECTION_1_5,INSPECTION_1_5_LINE,26441.854588346185,1.3629922280379105,10,1.3629922280379105,40.57547130446619,4.296709886075405,24,26401.27911704172,26446.15129823226,experiment,FIFO,0.28,0,variant_5
7517,INSPECTION_1_6,INSPECTION_1_6_LINE,26445.78099293673,0.6886575621610973,11,3.926404590543825,44.501875895010016,0.37030529553157976,23,26401.27911704172,26446.15129823226,experiment,FIFO,0.28,0,variant_5
7517,INSPECTION_1_7,INSPECTION_1_7_LINE,26446.15129823226,0.37030529553157976,12,0.37030529553157976,44.872181190541596,0.0,22,26401.27911704172,26446.15129823226,experiment,FIFO,0.28,0,variant_5
7518,MOULDING_1,MOULDING_MACHINE_1,26402.24842555312,0.7648528187928605,1,0.0,0.0,119.82934840588132,27,26402.24842555312,26522.077773959,experiment,FIFO,0.28,0,variant_5
7518,ASSEMBLY_1_1,LINE_1_ASSEMBLY1,26403.87642037669,1.6279948235714983,2,1.6279948235714983,1.6279948235714983,118.20135358230982,26,26402.24842555312,26522.077773959,experiment,FIFO,0.28,0,variant_5
7518,ASSEMBLY_2_1,ASSEMBLY2_LINE_1,26472.02658128244,7.317371301989624,3,68.15016090574863,69.77815572932013,50.051192676561186,15,26402.24842555312,26522.077773959,experiment,FIFO,0.28,0,variant_5
7518,ASSEMBLY_2_1,ASSEMBLY2_LINE_1,26499.81084915352,2.8977960048796376,4,27.784267871080374,97.5624236004005,22.266924805480812,16,26402.24842555312,26522.077773959,experiment,FIFO,0.28,0,variant_5
7518,SORTING,SORTING_ROBOT_1,26505.50148149745,2.2195975961694785,5,5.690632343928883,103.25305594432939,16.57629246155193,16,26402.24842555312,26522.077773959,experiment,FIFO,0.28,0,variant_5
7518,PACKAGING_3,PACKAGING_LINE_3,26511.370771655973,2.2996373427231447,6,5.869290158523654,109.12234610285304,10.707002303028275,16,26402.24842555312,26522.077773959,experiment,FIFO,0.28,0,variant_5
7518,INSPECTION_2_1,INSPECTION_2_1_LINE,26512.86398908784,1.4932174318673788,7,1.4932174318673788,110.61556353472042,9.213784871160897,16,26402.24842555312,26522.077773959,experiment,FIFO,0.28,0,variant_5
7518,INSPECTION_2_2,INSPECTION_2_2_LINE,26514.57773951432,1.713750426479237,8,1.713750426479237,112.32931396119966,7.50003444468166,17,26402.24842555312,26522.077773959,experiment,FIFO,0.28,0,variant_5
7518,INSPECTION_2_3,INSPECTION_2_3_LINE,26516.74600801149,2.168268497171084,9,2.168268497171084,114.49758245837074,5.331765947510576,18,26402.24842555312,26522.077773959,experiment,FIFO,0.28,0,variant_5
7518,INSPECTION_2_4,INSPECTION_2_4_LINE,26519.272487105933,2.5264790944420383,10,2.5264790944420383,117.02406155281278,2.8052868530685373,18,26402.24842555312,26522.077773959,experiment,FIFO,0.28,0,variant_5
7518,INSPECTION_2_5,INSPECTION_2_5_LINE,26519.28256078896,0.01007368302816758,11,0.01007368302816758,117.03413523584095,2.7952131700403697,18,26402.24842555312,26522.077773959,experiment,FIFO,0.28,0,variant_5
7518,INSPECTION_2_6,INSPECTION_2_6_LINE,26521.888711125008,2.606150336046994,12,2.606150336046994,119.64028557188794,0.18906283399337553,18,26402.24842555312,26522.077773959,experiment,FIFO,0.28,0,variant_5
7518,INSPECTION_2_7,INSPECTION_2_7_LINE,26522.077773959,0.18906283399337553,13,0.18906283399337553,119.82934840588132,0.0,17,26402.24842555312,26522.077773959,experiment,FIFO,0.28,0,variant_5
7519,MOULDING_3,MOULDING_MACHINE_3,26404.731018341885,6.131434565977543,1,0.0,0.0,106.26304896275542,27,26404.731018341885,26510.99406730464,experiment,FIFO,0.28,0,variant_1
7519,ASSEMBLY_1_3,LINE_3_ASSEMBLY1,26418.21025556564,13.479237223753444,2,13.479237223753444,13.479237223753444,92.78381173900198,25,26404.731018341885,26510.99406730464,experiment,FIFO,0.28,0,variant_1
7519,ASSEMBLY_2_1,ASSEMBLY2_LINE_1,26491.159604013537,13.017393572088622,3,72.94934844789896,86.4285856716524,19.83446329110302,16,26404.731018341885,26510.99406730464,experiment,FIFO,0.28,0,variant_1
7519,SORTING,SORTING_ROBOT_1,26498.49157929972,4.642374981533067,4,7.331975286182569,93.76056095783497,12.502488004920451,16,26404.731018341885,26510.99406730464,experiment,FIFO,0.28,0,variant_1
7519,PACKAGING_1,PACKAGING_LINE_1,26502.455045253857,3.963465954137064,5,3.963465954137064,97.72402691197203,8.539022050783387,16,26404.731018341885,26510.99406730464,experiment,FIFO,0.28,0,variant_1
7519,INSPECTION_2_1,INSPECTION_2_1_LINE,26505.25836526172,2.803320007864386,6,2.803320007864386,100.52734691983642,5.7357020429190015,16,26404.731018341885,26510.99406730464,experiment,FIFO,0.28,0,variant_1
7519,INSPECTION_2_2,INSPECTION_2_2_LINE,26507.49592783159,2.237562569869624,7,2.237562569869624,102.76490948970604,3.4981394730493776,16,26404.731018341885,26510.99406730464,experiment,FIFO,0.28,0,variant_1
7519,INSPECTION_2_3,INSPECTION_2_3_LINE,26508.458570020644,0.9626421890534402,8,0.9626421890534402,103.72755167875948,2.5354972839959373,16,26404.731018341885,26510.99406730464,experiment,FIFO,0.28,0,variant_1
7519,INSPECTION_2_4,INSPECTION_2_4_LINE,26510.043243416712,1.5846733960679558,9,1.5846733960679558,105.31222507482744,0.9508238879279816,17,26404.731018341885,26510.99406730464,experiment,FIFO,0.28,0,variant_1
7519,INSPECTION_2_5,INSPECTION_2_5_LINE,26510.08935928917,0.04611587245744886,10,0.04611587245744886,105.35834094728489,0.9047080154705327,17,26404.731018341885,26510.99406730464,experiment,FIFO,0.28,0,variant_1
7519,INSPECTION_2_6,INSPECTION_2_6_LINE,26510.846097359143,0.7567380699729256,11,0.7567380699729256,106.11507901725781,0.1479699454976071,17,26404.731018341885,26510.99406730464,experiment,FIFO,0.28,0,variant_1
7519,INSPECTION_2_7,INSPECTION_2_7_LINE,26510.99406730464,0.1479699454976071,12,0.1479699454976071,106.26304896275542,0.0,16,26404.731018341885,26510.99406730464,experiment,FIFO,0.28,0,variant_1
7520,MOULDING_4,MOULDING_MACHINE_4,26407.19656668713,5.91744964541067,1,0.0,0.0,44.59413852308353,28,26407.19656668713,26451.790705210213,experiment,FIFO,0.28,0,variant_4
7520,ASSEMBLY_1_4,LINE_4_ASSEMBLY1,26410.76774390364,3.5711772165122966,2,3.5711772165122966,3.5711772165122966,41.02296130657123,28,26407.19656668713,26451.790705210213,experiment,FIFO,0.28,0,variant_4
7520,ASSEMBLY_2_2,ASSEMBLY2_LINE_2,26413.705185278413,0.7415919061859313,3,2.937441374771879,6.508618591284176,38.085519931799354,27,26407.19656668713,26451.790705210213,experiment,FIFO,0.28,0,variant_4
7520,SORTING,SORTING_ROBOT_1,26436.45053534297,0.7639026388860657,4,22.745350064556987,29.253968655841163,15.340169867242366,25,26407.19656668713,26451.790705210213,experiment,FIFO,0.28,0,variant_4
7520,PACKAGING_2,PACKAGING_LINE_2,26438.065156835,1.6146214920299826,5,1.6146214920299826,30.868590147871146,13.725548375212384,25,26407.19656668713,26451.790705210213,experiment,FIFO,0.28,0,variant_4
7520,INSPECTION_2_1,INSPECTION_2_1_LINE,26438.620461851417,0.5180799900954298,6,0.5553050164162414,31.423895164287387,13.170243358796142,25,26407.19656668713,26451.790705210213,experiment,FIFO,0.28,0,variant_4
7520,INSPECTION_2_2,INSPECTION_2_2_LINE,26443.8054065854,2.7886145500124258,7,5.184944733984594,36.60883989827198,7.9852986248115485,24,26407.19656668713,26451.790705210213,experiment,FIFO,0.28,0,variant_4
7520,INSPECTION_2_3,INSPECTION_2_3_LINE,26448.62162891291,4.8162223275103315,8,4.8162223275103315,41.42506222578231,3.169076297301217,21,26407.19656668713,26451.790705210213,experiment,FIFO,0.28,0,variant_4
7520,INSPECTION_2_4,INSPECTION_2_4_LINE,26448.95208434397,0.3304554310598178,9,0.3304554310598178,41.75551765684213,2.838620866241399,21,26407.19656668713,26451.790705210213,experiment,FIFO,0.28,0,variant_4
7520,INSPECTION_2_5,INSPECTION_2_5_LINE,26449.432207743223,0.48012339925116976,10,0.48012339925116976,42.2356410560933,2.3584974669902294,21,26407.19656668713,26451.790705210213,experiment,FIFO,0.28,0,variant_4
7520,INSPECTION_2_6,INSPECTION_2_6_LINE,26449.79767354029,0.36546579706919147,11,0.36546579706919147,42.60110685316249,1.993031669921038,21,26407.19656668713,26451.790705210213,experiment,FIFO,0.28,0,variant_4
7520,INSPECTION_2_7,INSPECTION_2_7_LINE,26451.790705210213,1.0484561367193237,12,1.993031669921038,44.59413852308353,0.0,19,26407.19656668713,26451.790705210213,experiment,FIFO,0.28,0,variant_4
7521,MOULDING_2,MOULDING_MACHINE_2,26423.93311940934,20.77277627323201,1,0.0,0.0,101.151470720215,25,26423.93311940934,26525.084590129554,experiment,FIFO,0.28,0,variant_4
7521,ASSEMBLY_1_1,LINE_1_ASSEMBLY1,26426.02821022232,2.0950908129816526,2,2.0950908129816526,2.0950908129816526,99.05637990723335,25,26423.93311940934,26525.084590129554,experiment,FIFO,0.28,0,variant_4
7521,ASSEMBLY_2_1,ASSEMBLY2_LINE_1,26493.85013388346,2.690529869923921,3,67.82192366114032,69.91701447412197,31.234456246093032,17,26423.93311940934,26525.084590129554,experiment,FIFO,0.28,0,variant_4
7521,SORTING,SORTING_ROBOT_1,26500.087715532587,1.5961362328671385,4,6.2375816491257865,76.15459612324776,24.996874596967245,16,26423.93311940934,26525.084590129554,experiment,FIFO,0.28,0,variant_4
7521,PACKAGING_1,PACKAGING_LINE_1,26510.36679668568,7.9117514318240865,5,10.279081153094012,86.43367727634177,14.717793443873234,17,26423.93311940934,26525.084590129554,experiment,FIFO,0.28,0,variant_4
7521,INSPECTION_1_1,INSPECTION_1_1_LINE,26513.156814029444,0.9183175992948236,6,2.7900173437628837,89.22369462010465,11.92777610011035,16,26423.93311940934,26525.084590129554,experiment,FIFO,0.28,0,variant_4
7521,INSPECTION_1_2,INSPECTION_1_2_LINE,26516.964222897725,0.43473102380448836,7,3.8074088682806178,93.03110348838527,8.120367231829732,18,26423.93311940934,26525.084590129554,experiment,FIFO,0.28,0,variant_4
7521,INSPECTION_1_3,INSPECTION_1_3_LINE,26518.53829342835,0.6549283308631857,8,1.5740705306270684,94.60517401901234,6.546296701202664,18,26423.93311940934,26525.084590129554,experiment,FIFO,0.28,0,variant_4
7521,INSPECTION_1_4,INSPECTION_1_4_LINE,26520.30873695696,0.39905692104730406,9,1.7704435286068474,96.37561754761919,4.775853172595816,18,26423.93311940934,26525.084590129554,experiment,FIFO,0.28,0,variant_4
7521,INSPECTION_1_5,INSPECTION_1_5_LINE,26520.74523714636,0.43650018940024893,10,0.43650018940024893,96.81211773701943,4.3393529831955675,18,26423.93311940934,26525.084590129554,experiment,FIFO,0.28,0,variant_4
7521,INSPECTION_1_6,INSPECTION_1_6_LINE,26522.789195702862,1.1060377095745935,11,2.0439585565036396,98.85607629352307,2.295394426691928,17,26423.93311940934,26525.084590129554,experiment,FIFO,0.28,0,variant_4
7521,INSPECTION_1_7,INSPECTION_1_7_LINE,26525.084590129554,0.750427576029324,12,2.295394426691928,101.151470720215,0.0,15,26423.93311940934,26525.084590129554,experiment,FIFO,0.28,0,variant_4
7522,MOULDING_4,MOULDING_MACHINE_4,26410.022238969545,2.8256722824153258,1,0.0,0.0,50.819223128379235,28,26410.022238969545,26460.841462097924,experiment,FIFO,0.28,0,variant_1
7522,ASSEMBLY_1_3,LINE_3_ASSEMBLY1,26432.857746705933,14.647491140294733,2,22.835507736388536,22.835507736388536,27.9837153919907,27,26410.022238969545,26460.841462097924,experiment,FIFO,0.28,0,variant_1
7522,ASSEMBLY_2_2,ASSEMBLY2_LINE_2,26446.443913093422,13.586166387489357,3,13.586166387489357,36.42167412387789,14.397549004501343,22,26410.022238969545,26460.841462097924,experiment,FIFO,0.28,0,variant_1
7522,SORTING,SORTING_ROBOT_1,26448.841765644847,2.397852551424876,4,2.397852551424876,38.81952667530277,11.999696453076467,21,26410.022238969545,26460.841462097924,experiment,FIFO,0.28,0,variant_1
7522,PACKAGING_1,PACKAGING_LINE_1,26451.527460875324,2.6856952304769948,5,2.6856952304769948,41.50522190577976,9.314001222599472,20,26410.022238969545,26460.841462097924,experiment,FIFO,0.28,0,variant_1
7522,INSPECTION_2_1,INSPECTION_2_1_LINE,26456.49610057473,4.968639699403866,6,4.968639699403866,46.47386160518363,4.345361523195606,17,26410.022238969545,26460.841462097924,experiment,FIFO,0.28,0,variant_1
7522,INSPECTION_2_2,INSPECTION_2_2_LINE,26456.92035423601,0.42425366128009045,7,0.42425366128009045,46.89811526646372,3.921107861915516,16,26410.022238969545,26460.841462097924,experiment,FIFO,0.28,0,variant_1
7522,INSPECTION_2_3,INSPECTION_2_3_LINE,26457.288794074622,0.36843983861399465,8,0.36843983861399465,47.266555105077714,3.5526680233015213,16,26410.022238969545,26460.841462097924,experiment,FIFO,0.28,0,variant_1
7522,INSPECTION_2_4,INSPECTION_2_4_LINE,26458.77243838735,1.4836443127278471,9,1.4836443127278471,48.75019941780556,2.069023710573674,16,26410.022238969545,26460.841462097924,experiment,FIFO,0.28,0,variant_1
7522,INSPECTION_2_5,INSPECTION_2_5_LINE,26459.17629802574,0.40385963839071337,10,0.40385963839071337,49.154059056196274,1.6651640721829608,16,26410.022238969545,26460.841462097924,experiment,FIFO,0.28,0,variant_1
7522,INSPECTION_2_6,INSPECTION_2_6_LINE,26459.77112955502,0.594831529280782,11,0.594831529280782,49.74889058547706,1.0703325429021788,17,26410.022238969545,26460.841462097924,experiment,FIFO,0.28,0,variant_1
7522,INSPECTION_2_7,INSPECTION_2_7_LINE,26460.841462097924,1.024595502338343,12,1.0703325429021788,50.819223128379235,0.0,15,26410.022238969545,26460.841462097924,experiment,FIFO,0.28,0,variant_1
7523,MOULDING_3,MOULDING_MACHINE_3,26426.37592925836,9.698633559135487,1,0.0,0.0,99.68447258427113,26,26426.37592925836,26526.06040184263,experiment,FIFO,0.28,0,variant_5
7523,ASSEMBLY_1_3,LINE_3_ASSEMBLY1,26438.965228536457,6.107481830524193,2,12.589299278097315,12.589299278097315,87.09517330617382,25,26426.37592925836,26526.06040184263,experiment,FIFO,0.28,0,variant_5
7523,ASSEMBLY_2_1,ASSEMBLY2_LINE_1,26495.46813715749,1.6180032740303432,3,56.502908621034294,69.09220789913161,30.592264685139526,17,26426.37592925836,26526.06040184263,experiment,FIFO,0.28,0,variant_5
7523,SORTING,SORTING_ROBOT_1,26500.386830212723,0.29911468013597187,4,4.918693055231415,74.01090095436302,25.67357162990811,16,26426.37592925836,26526.06040184263,experiment,FIFO,0.28,0,variant_5
7523,PACKAGING_1,PACKAGING_LINE_1,26517.965130128458,7.598333442776493,5,17.578299915734533,91.58920087009756,8.095271714173577,18,26426.37592925836,26526.06040184263,experiment,FIFO,0.28,0,variant_5
7523,INSPECTION_1_1,INSPECTION_1_1_LINE,26518.582271907617,0.617141779159283,6,0.617141779159283,92.20634264925684,7.4781299350142945,18,26426.37592925836,26526.06040184263,experiment,FIFO,0.28,0,variant_5
7523,INSPECTION_1_2,INSPECTION_1_2_LINE,26520.56431115097,1.9820392433539382,7,1.9820392433539382,94.18838189261078,5.496090691660356,18,26426.37592925836,26526.06040184263,experiment,FIFO,0.28,0,variant_5
7523,INSPECTION_1_3,INSPECTION_1_3_LINE,26522.675376253832,2.1110651028611755,8,2.1110651028611755,96.29944699547195,3.3850255887991807,17,26426.37592925836,26526.06040184263,experiment,FIFO,0.28,0,variant_5
7523,INSPECTION_1_4,INSPECTION_1_4_LINE,26522.77669923669,0.10132298285680008,9,0.10132298285680008,96.40076997832875,3.2837026059423806,17,26426.37592925836,26526.06040184263,experiment,FIFO,0.28,0,variant_5
7523,INSPECTION_1_5,INSPECTION_1_5_LINE,26523.09428861452,0.31758937783160945,10,0.31758937783160945,96.71835935616036,2.966113228110771,17,26426.37592925836,26526.06040184263,experiment,FIFO,0.28,0,variant_5
7523,INSPECTION_1_6,INSPECTION_1_6_LINE,26524.504425575087,1.4101369605668879,11,1.4101369605668879,98.12849631672725,1.5559762675438833,16,26426.37592925836,26526.06040184263,experiment,FIFO,0.28,0,variant_5
7523,INSPECTION_1_7,INSPECTION_1_7_LINE,26526.06040184263,0.9758117130768369,12,1.5559762675438833,99.68447258427113,0.0,14,26426.37592925836,26526.06040184263,experiment,FIFO,0.28,0,variant_5
7524,MOULDING_1,MOULDING_MACHINE_1,26431.50980734492,11.683667037228588,1,0.0,0.0,35.55875758385446,27,26431.50980734492,26467.068564928773,experiment,FIFO,0.28,0,variant_6
7524,ASSEMBLY_1_2,LINE_2_ASSEMBLY1,26438.27710586366,6.767298518741882,2,6.767298518741882,6.767298518741882,28.791459065112576,25,26431.50980734492,26467.068564928773,experiment,FIFO,0.28,0,variant_6
7524,ASSEMBLY_2_2,ASSEMBLY2_LINE_2,26448.98472575893,2.540812665509293,3,10.70761989527091,17.47491841401279,18.083839169841667,21,26431.50980734492,26467.068564928773,experiment,FIFO,0.28,0,variant_6
7524,SORTING,SORTING_ROBOT_1,26449.50565118221,0.32049123463002616,4,0.5209254232795502,17.99584383729234,17.562913746562117,21,26431.50980734492,26467.068564928773,experiment,FIFO,0.28,0,variant_6
7524,PACKAGING_3,PACKAGING_LINE_3,26463.098662026787,12.761201486497157,5,13.593010844575474,31.588854681867815,3.969902901986643,15,26431.50980734492,26467.068564928773,experiment,FIFO,0.28,0,variant_6
7524,INSPECTION_2_1,INSPECTION_2_1_LINE,26463.24875056563,0.1500885388450115,6,0.1500885388450115,31.738943220712827,3.8198143631416315,15,26431.50980734492,26467.068564928773,experiment,FIFO,0.28,0,variant_6
7524,INSPECTION_2_2,INSPECTION_2_2_LINE,26463.468451120418,0.21970055478595896,7,0.21970055478595896,31.958643775498786,3.6001138083556725,15,26431.50980734492,26467.068564928773,experiment,FIFO,0.28,0,variant_6
7524,INSPECTION_2_3,INSPECTION_2_3_LINE,26463.596537957284,0.1280868368667143,8,0.1280868368667143,32.0867306123655,3.4720269714889582,15,26431.50980734492,26467.068564928773,experiment,FIFO,0.28,0,variant_6
7524,INSPECTION_2_4,INSPECTION_2_4_LINE,26464.44694985012,0.8504118928358366,9,0.8504118928358366,32.93714250520134,2.6216150786531216,15,26431.50980734492,26467.068564928773,experiment,FIFO,0.28,0,variant_6
7524,INSPECTION_2_5,INSPECTION_2_5_LINE,26464.905092127658,0.458142277537263,10,0.458142277537263,33.3952847827386,2.1634728011158586,15,26431.50980734492,26467.068564928773,experiment,FIFO,0.28,0,variant_6
7524,INSPECTION_2_6,INSPECTION_2_6_LINE,26465.748133050707,0.843040923049557,11,0.843040923049557,34.23832570578816,1.3204318780663016,14,26431.50980734492,26467.068564928773,experiment,FIFO,0.28,0,variant_6
7524,INSPECTION_2_7,INSPECTION_2_7_LINE,26467.068564928773,1.3204318780663016,12,1.3204318780663016,35.55875758385446,0.0,14,26431.50980734492,26467.068564928773,experiment,FIFO,0.28,0,variant_6
7525,MOULDING_3,MOULDING_MACHINE_3,26437.971505524907,11.595576266547141,1,0.0,0.0,27.726269770133513,25,26437.971505524907,26465.69777529504,experiment,FIFO,0.28,0,variant_4
7525,ASSEMBLY_1_1,LINE_1_ASSEMBLY1,26446.23908504075,8.267579515842954,2,8.267579515842954,8.267579515842954,19.45869025429056,22,26437.971505524907,26465.69777529504,experiment,FIFO,0.28,0,variant_4
7525,ASSEMBLY_2_2,ASSEMBLY2_LINE_2,26451.996797801414,3.012072042482032,3,5.757712760663708,14.025292276506661,13.700977493626851,19,26437.971505524907,26465.69777529504,experiment,FIFO,0.28,0,variant_4
7525,SORTING,SORTING_ROBOT_1,26454.10746618053,2.1106683791149408,4,2.1106683791149408,16.135960655621602,11.59030911451191,18,26437.971505524907,26465.69777529504,experiment,FIFO,0.28,0,variant_4
7525,PACKAGING_2,PACKAGING_LINE_2,26456.98687497056,2.879408790031448,5,2.879408790031448,19.01536944565305,8.710900324480463,16,26437.971505524907,26465.69777529504,experiment,FIFO,0.28,0,variant_4
7525,INSPECTION_2_1,INSPECTION_2_1_LINE,26458.71093771924,1.724062748678989,6,1.724062748678989,20.73943219433204,6.986837575801474,16,26437.971505524907,26465.69777529504,experiment,FIFO,0.28,0,variant_4
7525,INSPECTION_2_2,INSPECTION_2_2_LINE,26459.140069851583,0.42913213234351133,7,0.42913213234351133,21.16856432667555,6.557705443457962,16,26437.971505524907,26465.69777529504,experiment,FIFO,0.28,0,variant_4
7525,INSPECTION_2_3,INSPECTION_2_3_LINE,26459.60651866125,0.46644880966778146,8,0.46644880966778146,21.635013136343332,6.091256633790181,17,26437.971505524907,26465.69777529504,experiment,FIFO,0.28,0,variant_4
7525,INSPECTION_2_4,INSPECTION_2_4_LINE,26459.657634691048,0.05111602979741292,9,0.05111602979741292,21.686129166140745,6.040140603992768,17,26437.971505524907,26465.69777529504,experiment,FIFO,0.28,0,variant_4
7525,INSPECTION_2_5,INSPECTION_2_5_LINE,26460.853222886788,1.1955881957401289,10,1.1955881957401289,22.881717361880874,4.844552408252639,15,26437.971505524907,26465.69777529504,experiment,FIFO,0.28,0,variant_4
7525,INSPECTION_2_6,INSPECTION_2_6_LINE,26461.0296145642,0.17639167741072015,11,0.17639167741072015,23.058109039291594,4.668160730841919,15,26437.971505524907,26465.69777529504,experiment,FIFO,0.28,0,variant_4
7525,INSPECTION_2_7,INSPECTION_2_7_LINE,26465.69777529504,4.668160730841919,12,4.668160730841919,27.726269770133513,0.0,14,26437.971505524907,26465.69777529504,experiment,FIFO,0.28,0,variant_4
7526,MOULDING_5,MOULDING_MACHINE_5,26421.528089709933,0.21078360962928855,1,0.0,0.0,31.40842742177483,25,26421.528089709933,26452.936517131708,experiment,FIFO,0.28,0,variant_2
7526,ASSEMBLY_1_4,LINE_4_ASSEMBLY1,26421.837066021104,0.30897631117113633,2,0.30897631117113633,0.30897631117113633,31.099451110603695,25,26421.528089709933,26452.936517131708,experiment,FIFO,0.28,0,variant_2
7526,ASSEMBLY_2_2,ASSEMBLY2_LINE_2,26424.174337065622,2.3372710445182747,3,2.3372710445182747,2.646247355689411,28.76218006608542,25,26421.528089709933,26452.936517131708,experiment,FIFO,0.28,0,variant_2
7526,SORTING,SORTING_ROBOT_1,26439.319479712296,0.5981490284466418,4,15.145142646673776,17.791390002363187,13.617037419411645,25,26421.528089709933,26452.936517131708,experiment,FIFO,0.28,0,variant_2
7526,PACKAGING_3,PACKAGING_LINE_3,26440.90400760724,1.584527894945495,5,1.584527894945495,19.375917897308682,12.03250952446615,25,26421.528089709933,26452.936517131708,experiment,FIFO,0.28,0,variant_2
7526,INSPECTION_2_1,INSPECTION_2_1_LINE,26441.048680946988,0.14467333974607754,6,0.14467333974607754,19.52059123705476,11.887836184720072,25,26421.528089709933,26452.936517131708,experiment,FIFO,0.28,0,variant_2
7526,INSPECTION_2_2,INSPECTION_2_2_LINE,26445.28732173602,1.4819151506198978,7,4.238640789033525,23.759232026088284,7.649195395686547,22,26421.528089709933,26452.936517131708,experiment,FIFO,0.28,0,variant_2
7526,INSPECTION_2_3,INSPECTION_2_3_LINE,26449.63573032658,1.0141014136679587,8,4.3484085905583925,28.107640616646677,3.300786805128155,21,26421.528089709933,26452.936517131708,experiment,FIFO,0.28,0,variant_2
7526,INSPECTION_2_4,INSPECTION_2_4_LINE,26449.86363196132,0.22790163474201108,9,0.22790163474201108,28.335542251388688,3.0728851703861437,21,26421.528089709933,26452.936517131708,experiment,FIFO,0.28,0,variant_2
7526,INSPECTION_2_5,INSPECTION_2_5_LINE,26450.814692355725,0.951060394403612,10,0.951060394403612,29.2866026457923,2.1218247759825317,20,26421.528089709933,26452.936517131708,experiment,FIFO,0.28,0,variant_2
7526,INSPECTION_2_6,INSPECTION_2_6_LINE,26451.537734748697,0.7230423929722747,11,0.7230423929722747,30.009645038764575,1.398782383010257,20,26421.528089709933,26452.936517131708,experiment,FIFO,0.28,0,variant_2
7526,INSPECTION_2_7,INSPECTION_2_7_LINE,26452.936517131708,1.1458119214948965,12,1.398782383010257,31.40842742177483,0.0,17,26421.528089709933,26452.936517131708,experiment,FIFO,0.28,0,variant_2
7527,MOULDING_5,MOULDING_MACHINE_5,26428.51412980459,4.276261700357281,1,0.0,0.0,68.32086718493156,27,26428.51412980459,26496.83499698952,experiment,FIFO,0.28,0,variant_2
7527,ASSEMBLY_1_3,LINE_3_ASSEMBLY1,26467.760243808607,28.795015272149612,2,39.24611400401773,39.24611400401773,29.07475318091383,14,26428.51412980459,26496.83499698952,experiment,FIFO,0.28,0,variant_2
7527,ASSEMBLY_2_2,ASSEMBLY2_LINE_2,26469.69925202773,1.9390082191239344,3,1.9390082191239344,41.18512222314166,27.135744961789896,15,26428.51412980459,26496.83499698952,experiment,FIFO,0.28,0,variant_2
7527,SORTING,SORTING_ROBOT_1,26477.561371256084,7.862119228353549,4,7.862119228353549,49.04724145149521,19.273625733436347,16,26428.51412980459,26496.83499698952,experiment,FIFO,0.28,0,variant_2
7527,PACKAGING_1,PACKAGING_LINE_1,26481.863557267105,4.30218601102024,5,4.30218601102024,53.34942746251545,14.971439722416108,17,26428.51412980459,26496.83499698952,experiment,FIFO,0.28,0,variant_2
7527,INSPECTION_2_1,INSPECTION_2_1_LINE,26483.224349298776,1.3607920316717355,6,1.3607920316717355,54.710219494187186,13.610647690744372,17,26428.51412980459,26496.83499698952,experiment,FIFO,0.28,0,variant_2
7527,INSPECTION_2_2,INSPECTION_2_2_LINE,26487.9126259023,2.6731501526592183,7,4.6882766035232635,59.39849609771045,8.922371087221109,17,26428.51412980459,26496.83499698952,experiment,FIFO,0.28,0,variant_2
7527,INSPECTION_2_3,INSPECTION_2_3_LINE,26492.102892432395,3.6927533308444254,8,4.190266530094959,63.58876262780541,4.732104557126149,16,26428.51412980459,26496.83499698952,experiment,FIFO,0.28,0,variant_2
7527,INSPECTION_2_4,INSPECTION_2_4_LINE,26492.620512853584,0.5176204211893491,9,0.5176204211893491,64.10638304899476,4.2144841359368,16,26428.51412980459,26496.83499698952,experiment,FIFO,0.28,0,variant_2
7527,INSPECTION_2_5,INSPECTION_2_5_LINE,26493.105761071813,0.48524821822866215,10,0.48524821822866215,64.59163126722342,3.729235917708138,17,26428.51412980459,26496.83499698952,experiment,FIFO,0.28,0,variant_2
7527,INSPECTION_2_6,INSPECTION_2_6_LINE,26493.963106619296,0.8573455474834191,11,0.8573455474834191,65.44897681470684,2.871890370224719,17,26428.51412980459,26496.83499698952,experiment,FIFO,0.28,0,variant_2
7527,INSPECTION_2_7,INSPECTION_2_7_LINE,26496.83499698952,1.1695774392901512,12,2.871890370224719,68.32086718493156,0.0,16,26428.51412980459,26496.83499698952,experiment,FIFO,0.28,0,variant_2
7528,MOULDING_4,MOULDING_MACHINE_4,26445.75112901688,9.523654708846152,1,0.0,0.0,26.271723784728238,23,26445.75112901688,26472.02285280161,experiment,FIFO,0.28,0,variant_4
7528,ASSEMBLY_1_5,LINE_5_ASSEMBLY1,26447.232462235355,1.4813332184749015,2,1.4813332184749015,1.4813332184749015,24.790390566253336,22,26445.75112901688,26472.02285280161,experiment,FIFO,0.28,0,variant_4
7528,ASSEMBLY_2_2,ASSEMBLY2_LINE_2,26453.900418683654,1.9036208822399203,3,6.667956448298355,8.149289666773257,18.12243411795498,17,26445.75112901688,26472.02285280161,experiment,FIFO,0.28,0,variant_4
7528,SORTING,SORTING_ROBOT_1,26455.33773570541,1.2302695248799864,4,1.4373170217550069,9.586606688528263,16.685117096199974,17,26445.75112901688,26472.02285280161,experiment,FIFO,0.28,0,variant_4
7528,SORTING,SORTING_ROBOT_1,26455.547935909384,0.21020020397554617,5,0.21020020397554617,9.79680689250381,16.474916892224428,17,26445.75112901688,26472.02285280161,experiment,FIFO,0.28,0,variant_4
7528,PACKAGING_2,PACKAGING_LINE_2,26460.30352687557,3.316651905010076,6,4.755590966185991,14.552397858689801,11.719325926038437,16,26445.75112901688,26472.02285280161,experiment,FIFO,0.28,0,variant_4
7528,INSPECTION_1_1,INSPECTION_1_1_LINE,26461.741085232126,1.43755835655611,7,1.43755835655611,15.989956215245911,10.281767569482327,15,26445.75112901688,26472.02285280161,experiment,FIFO,0.28,0,variant_4
7528,INSPECTION_1_2,INSPECTION_1_2_LINE,26463.423553840046,1.6824686079198727,8,1.6824686079198727,17.672424823165784,8.599298961562454,15,26445.75112901688,26472.02285280161,experiment,FIFO,0.28,0,variant_4
7528,INSPECTION_1_3,INSPECTION_1_3_LINE,26464.44012574769,1.0165719076430833,9,1.0165719076430833,18.688996730808867,7.5827270539193705,15,26445.75112901688,26472.02285280161,experiment,FIFO,0.28,0,variant_4
7528,INSPECTION_1_4,INSPECTION_1_4_LINE,26466.624549553093,2.1844238054036396,10,2.1844238054036396,20.873420536212507,5.398303248515731,15,26445.75112901688,26472.02285280161,experiment,FIFO,0.28,0,variant_4
7528,INSPECTION_1_5,INSPECTION_1_5_LINE,26468.036484351403,1.41193479831054,11,1.41193479831054,22.285355334523047,3.986368450205191,14,26445.75112901688,26472.02285280161,experiment,FIFO,0.28,0,variant_4
7528,INSPECTION_1_6,INSPECTION_1_6_LINE,26470.05472524055,2.0182408891450905,12,2.0182408891450905,24.303596223668137,1.9681275610601006,15,26445.75112901688,26472.02285280161,experiment,FIFO,0.28,0,variant_4
7528,INSPECTION_1_7,INSPECTION_1_7_LINE,26472.02285280161,1.9681275610601006,13,1.9681275610601006,26.271723784728238,0.0,15,26445.75112901688,26472.02285280161,experiment,FIFO,0.28,0,variant_4
7529,MOULDING_4,MOULDING_MACHINE_4,26466.37517180612,20.624042789240775,1,0.0,0.0,60.94814463793591,15,26466.37517180612,26527.323316444057,experiment,FIFO,0.28,0,variant_3
7529,ASSEMBLY_1_1,LINE_1_ASSEMBLY1,26489.133714390697,22.75854258457548,2,22.75854258457548,22.75854258457548,38.18960205336043,16,26466.37517180612,26527.323316444057,experiment,FIFO,0.28,0,variant_3
7529,ASSEMBLY_2_1,ASSEMBLY2_LINE_1,26504.39359721511,1.6593358703648846,3,15.259882824411761,38.01842540898724,22.92971922894867,16,26466.37517180612,26527.323316444057,experiment,FIFO,0.28,0,variant_3
7529,SORTING,SORTING_ROBOT_1,26517.5189334942,7.026550381669949,4,13.125336279092153,51.143761688079394,9.804382949856517,18,26466.37517180612,26527.323316444057,experiment,FIFO,0.28,0,variant_3
7529,PACKAGING_2,PACKAGING_LINE_2,26522.847177545664,5.328244051463116,5,5.328244051463116,56.47200573954251,4.476138898393401,17,26466.37517180612,26527.323316444057,experiment,FIFO,0.28,0,variant_3
7529,INSPECTION_2_1,INSPECTION_2_1_LINE,26523.654068146232,0.8068906005682948,6,0.8068906005682948,57.278896340110805,3.6692482978251064,17,26466.37517180612,26527.323316444057,experiment,FIFO,0.28,0,variant_3
7529,INSPECTION_2_2,INSPECTION_2_2_LINE,26524.18590203314,0.5318338869074068,7,0.5318338869074068,57.81073022701821,3.1374144109176996,17,26466.37517180612,26527.323316444057,experiment,FIFO,0.28,0,variant_3
7529,INSPECTION_2_3,INSPECTION_2_3_LINE,26524.4295816896,0.24367965646160883,8,0.24367965646160883,58.05440988347982,2.8937347544560907,16,26466.37517180612,26527.323316444057,experiment,FIFO,0.28,0,variant_3
7529,INSPECTION_2_4,INSPECTION_2_4_LINE,26525.017772048985,0.5881903593835887,9,0.5881903593835887,58.64260024286341,2.305544395072502,16,26466.37517180612,26527.323316444057,experiment,FIFO,0.28,0,variant_3
7529,INSPECTION_2_5,INSPECTION_2_5_LINE,26525.28500039376,0.2672283447755035,10,0.2672283447755035,58.90982858763891,2.0383160502969986,15,26466.37517180612,26527.323316444057,experiment,FIFO,0.28,0,variant_3
7529,INSPECTION_2_6,INSPECTION_2_6_LINE,26526.78737242428,1.5023720305216557,11,1.5023720305216557,60.41220061816057,0.5359440197753429,14,26466.37517180612,26527.323316444057,experiment,FIFO,0.28,0,variant_3
7529,INSPECTION_2_7,INSPECTION_2_7_LINE,26527.323316444057,0.5359440197753429,12,0.5359440197753429,60.94814463793591,0.0,13,26466.37517180612,26527.323316444057,experiment,FIFO,0.28,0,variant_3
7530,MOULDING_3,MOULDING_MACHINE_3,26447.89899609785,0.41949007736548083,1,0.0,0.0,30.977177340308117,23,26447.89899609785,26478.87617343816,experiment,FIFO,0.28,0,variant_4
7530,ASSEMBLY_1_4,LINE_4_ASSEMBLY1,26455.21400186225,7.315005764397938,2,7.315005764397938,7.315005764397938,23.66217157591018,17,26447.89899609785,26478.87617343816,experiment,FIFO,0.28,0,variant_4
7530,ASSEMBLY_2_2,ASSEMBLY2_LINE_2,26461.640659062847,6.426657200598129,3,6.426657200598129,13.741662964996067,17.23551437531205,15,26447.89899609785,26478.87617343816,experiment,FIFO,0.28,0,variant_4
7530,SORTING,SORTING_ROBOT_1,26464.599110351315,2.9584512884684955,4,2.9584512884684955,16.700114253464562,14.277063086843555,15,26447.89899609785,26478.87617343816,experiment,FIFO,0.28,0,variant_4
7530,PACKAGING_1,PACKAGING_LINE_1,26473.84849501734,9.249384666025435,5,9.249384666025435,25.949498919489997,5.02767842081812,17,26447.89899609785,26478.87617343816,experiment,FIFO,0.28,0,variant_4
7530,INSPECTION_1_1,INSPECTION_1_1_LINE,26477.02491518316,3.176420165818854,6,3.176420165818854,29.12591908530885,1.8512582549992658,16,26447.89899609785,26478.87617343816,experiment,FIFO,0.28,0,variant_4
7530,INSPECTION_1_2,INSPECTION_1_2_LINE,26477.535662968174,0.5107477850142459,7,0.5107477850142459,29.636666870323097,1.3405104699850199,16,26447.89899609785,26478.87617343816,experiment,FIFO,0.28,0,variant_4
7530,INSPECTION_1_3,INSPECTION_1_3_LINE,26477.746447288584,0.21078432041031192,8,0.21078432041031192,29.84745119073341,1.129726149574708,16,26447.89899609785,26478.87617343816,experiment,FIFO,0.28,0,variant_4
7530,INSPECTION_1_4,INSPECTION_1_4_LINE,26478.104668967288,0.3582216787035577,9,0.3582216787035577,30.205672869436967,0.7715044708711503,16,26447.89899609785,26478.87617343816,experiment,FIFO,0.28,0,variant_4
7530,INSPECTION_1_5,INSPECTION_1_5_LINE,26478.54650931487,0.4418403475829109,10,0.4418403475829109,30.647513217019878,0.32966412328823935,16,26447.89899609785,26478.87617343816,experiment,FIFO,0.28,0,variant_4
7530,INSPECTION_1_6,INSPECTION_1_6_LINE,26478.546720056063,0.00021074119285913184,11,0.00021074119285913184,30.647723958212737,0.3294533820953802,16,26447.89899609785,26478.87617343816,experiment,FIFO,0.28,0,variant_4
7530,INSPECTION_1_7,INSPECTION_1_7_LINE,26478.87617343816,0.3294533820953802,12,0.3294533820953802,30.977177340308117,0.0,16,26447.89899609785,26478.87617343816,experiment,FIFO,0.28,0,variant_4
7531,MOULDING_5,MOULDING_MACHINE_5,26453.98139712531,1.2076133239497722,1,0.0,0.0,86.79292678895581,18,26453.98139712531,26540.774323914266,experiment,FIFO,0.28,0,variant_3
7531,ASSEMBLY_1_3,LINE_3_ASSEMBLY1,26481.422169908423,13.6619260998159,2,27.44077278311306,27.44077278311306,59.35215400584275,17,26453.98139712531,26540.774323914266,experiment,FIFO,0.28,0,variant_3
7531,ASSEMBLY_1_3,LINE_3_ASSEMBLY1,26492.94536007825,5.618479567783652,3,11.523190169828013,38.963962952941074,47.828963836014736,17,26453.98139712531,26540.774323914266,experiment,FIFO,0.28,0,variant_3
7531,ASSEMBLY_2_1,ASSEMBLY2_LINE_1,26505.23345464011,0.8398574250022648,4,12.288094561859907,51.25205751480098,35.54086927415483,16,26453.98139712531,26540.774323914266,experiment,FIFO,0.28,0,variant_3
7531,SORTING,SORTING_ROBOT_1,26518.556557524866,1.0376240306650288,5,13.323102884754917,64.5751603995559,22.217766389399912,18,26453.98139712531,26540.774323914266,experiment,FIFO,0.28,0,variant_3
7531,PACKAGING_1,PACKAGING_LINE_1,26534.05514334306,4.901067976177728,6,15.498585818193533,80.07374621774943,6.71918057120638,13,26453.98139712531,26540.774323914266,experiment,FIFO,0.28,0,variant_3
7531,INSPECTION_1_1,INSPECTION_1_1_LINE,26535.32460485728,1.2694615142208932,7,1.2694615142208932,81.34320773197032,5.4497190569854865,13,26453.98139712531,26540.774323914266,experiment,FIFO,0.28,0,variant_3
7531,INSPECTION_1_2,INSPECTION_1_2_LINE,26537.20882540137,1.8842205440887483,8,1.8842205440887483,83.22742827605907,3.5654985128967382,13,26453.98139712531,26540.774323914266,experiment,FIFO,0.28,0,variant_3
7531,INSPECTION_1_3,INSPECTION_1_3_LINE,26537.51243818786,0.303612786490703,9,0.303612786490703,83.53104106254978,3.2618857264060352,13,26453.98139712531,26540.774323914266,experiment,FIFO,0.28,0,variant_3
7531,INSPECTION_1_4,INSPECTION_1_4_LINE,26538.71251777126,1.2000795833992015,10,1.2000795833992015,84.73112064594898,2.0618061430068337,12,26453.98139712531,26540.774323914266,experiment,FIFO,0.28,0,variant_3
7531,INSPECTION_1_5,INSPECTION_1_5_LINE,26539.45696831525,0.7444505439925706,11,0.7444505439925706,85.47557118994155,1.3173555990142631,11,26453.98139712531,26540.774323914266,experiment,FIFO,0.28,0,variant_3
7531,INSPECTION_1_6,INSPECTION_1_6_LINE,26539.997053311552,0.5400849963007204,12,0.5400849963007204,86.01565618624227,0.7772706027135428,11,26453.98139712531,26540.774323914266,experiment,FIFO,0.28,0,variant_3
7531,INSPECTION_1_7,INSPECTION_1_7_LINE,26540.774323914266,0.7772706027135428,13,0.7772706027135428,86.79292678895581,0.0,10,26453.98139712531,26540.774323914266,experiment,FIFO,0.28,0,variant_3
7532,MOULDING_1,MOULDING_MACHINE_1,26469.520106069383,13.6536597392369,1,0.0,0.0,69.28040556391352,15,26469.520106069383,26538.800511633297,experiment,FIFO,0.28,0,variant_2
7532,ASSEMBLY_1_1,LINE_1_ASSEMBLY1,26493.04701680868,3.913302417982777,2,23.526910739296,23.526910739296,45.75349482461752,17,26469.520106069383,26538.800511633297,experiment,FIFO,0.28,0,variant_2
7532,ASSEMBLY_2_1,ASSEMBLY2_LINE_1,26511.456864347303,6.2234097071923316,3,18.40984753862358,41.93675827791958,27.34364728599394,16,26469.520106069383,26538.800511633297,experiment,FIFO,0.28,0,variant_2
7532,SORTING,SORTING_ROBOT_1,26518.77237424666,0.21581672179308953,4,7.315509899355675,49.252268177275255,20.028137386638264,18,26469.520106069383,26538.800511633297,experiment,FIFO,0.28,0,variant_2
7532,PACKAGING_2,PACKAGING_LINE_2,26529.147414029747,6.300236484083143,5,10.375039783088141,59.627307960363396,9.653097603550123,13,26469.520106069383,26538.800511633297,experiment,FIFO,0.28,0,variant_2
7532,INSPECTION_2_1,INSPECTION_2_1_LINE,26529.40715702874,0.25974299899462494,6,0.25974299899462494,59.88705095935802,9.393354604555498,13,26469.520106069383,26538.800511633297,experiment,FIFO,0.28,0,variant_2
7532,INSPECTION_2_2,INSPECTION_2_2_LINE,26529.970516926183,0.5633598974418419,7,0.5633598974418419,60.45041085679986,8.829994707113656,12,26469.520106069383,26538.800511633297,experiment,FIFO,0.28,0,variant_2
7532,INSPECTION_2_3,INSPECTION_2_3_LINE,26534.015224794734,4.0447078685501765,8,4.0447078685501765,64.49511872535004,4.785286838563479,13,26469.520106069383,26538.800511633297,experiment,FIFO,0.28,0,variant_2
7532,INSPECTION_2_4,INSPECTION_2_4_LINE,26534.02602410477,0.010799310035508825,9,0.010799310035508825,64.50591803538555,4.77448752852797,13,26469.520106069383,26538.800511633297,experiment,FIFO,0.28,0,variant_2
7532,INSPECTION_2_5,INSPECTION_2_5_LINE,26538.461427632505,4.435403527735616,10,4.435403527735616,68.94132156312116,0.33908400079235435,12,26469.520106069383,26538.800511633297,experiment,FIFO,0.28,0,variant_2
7532,INSPECTION_2_6,INSPECTION_2_6_LINE,26538.46204182073,0.0006141882258816622,11,0.0006141882258816622,68.94193575134705,0.3384698125664727,12,26469.520106069383,26538.800511633297,experiment,FIFO,0.28,0,variant_2
7532,INSPECTION_2_7,INSPECTION_2_7_LINE,26538.800511633297,0.3384698125664727,12,0.3384698125664727,69.28040556391352,0.0,11,26469.520106069383,26538.800511633297,experiment,FIFO,0.28,0,variant_2
7533,MOULDING_5,MOULDING_MACHINE_5,26459.525752255668,1.2733151035790797,1,0.0,0.0,64.80841029785734,17,26459.525752255668,26524.334162553525,experiment,FIFO,0.28,0,variant_2
7533,ASSEMBLY_1_5,LINE_5_ASSEMBLY1,26466.245002877684,6.719250622016261,2,6.719250622016261,6.719250622016261,58.089159675841074,14,26459.525752255668,26524.334162553525,experiment,FIFO,0.28,0,variant_2
7533,ASSEMBLY_2_1,ASSEMBLY2_LINE_1,26496.91305314864,1.4449159911491734,3,30.668050270956883,37.387300892973144,27.42110940488419,16,26459.525752255668,26524.334162553525,experiment,FIFO,0.28,0,variant_2
7533,SORTING,SORTING_ROBOT_1,26503.28188390128,2.8950536885568,4,6.368830752639042,43.756131645612186,21.05227865224515,16,26459.525752255668,26524.334162553525,experiment,FIFO,0.28,0,variant_2
7533,PACKAGING_3,PACKAGING_LINE_3,26509.07113431325,5.789250411969988,5,5.789250411969988,49.545382057582174,15.263028240275162,16,26459.525752255668,26524.334162553525,experiment,FIFO,0.28,0,variant_2
7533,INSPECTION_1_1,INSPECTION_1_1_LINE,26512.23849643015,3.1673621168993122,6,3.1673621168993122,52.712744174481486,12.09566612337585,16,26459.525752255668,26524.334162553525,experiment,FIFO,0.28,0,variant_2
7533,INSPECTION_1_2,INSPECTION_1_2_LINE,26516.52949187392,4.290995443770953,7,4.290995443770953,57.00373961825244,7.804670679604897,18,26459.525752255668,26524.334162553525,experiment,FIFO,0.28,0,variant_2
7533,INSPECTION_1_3,INSPECTION_1_3_LINE,26517.88336509749,1.353873223568371,8,1.353873223568371,58.35761284182081,6.4507974560365255,18,26459.525752255668,26524.334162553525,experiment,FIFO,0.28,0,variant_2
7533,INSPECTION_1_4,INSPECTION_1_4_LINE,26519.90968003591,2.026314938422729,9,2.026314938422729,60.38392778024354,4.4244825176137965,18,26459.525752255668,26524.334162553525,experiment,FIFO,0.28,0,variant_2
7533,INSPECTION_1_5,INSPECTION_1_5_LINE,26520.063917968742,0.15423793283116538,10,0.15423793283116538,60.538165713074704,4.270244584782631,18,26459.525752255668,26524.334162553525,experiment,FIFO,0.28,0,variant_2
7533,INSPECTION_1_6,INSPECTION_1_6_LINE,26521.683157993288,1.6192400245454337,11,1.6192400245454337,62.15740573762014,2.6510045602371974,18,26459.525752255668,26524.334162553525,experiment,FIFO,0.28,0,variant_2
7533,INSPECTION_1_7,INSPECTION_1_7_LINE,26524.334162553525,2.6510045602371974,12,2.6510045602371974,64.80841029785734,0.0,16,26459.525752255668,26524.334162553525,experiment,FIFO,0.28,0,variant_2
7534,MOULDING_1,MOULDING_MACHINE_1,26470.60091214413,1.0808060747476702,1,0.0,0.0,34.405201934972865,16,26470.60091214413,26505.006114079104,experiment,FIFO,0.28,0,variant_1
7534,ASSEMBLY_1_3,LINE_3_ASSEMBLY1,26482.00939640824,0.5872264998179162,2,11.408484264109575,11.408484264109575,22.99671767086329,17,26470.60091214413,26505.006114079104,experiment,FIFO,0.28,0,variant_1
7534,ASSEMBLY_2_2,ASSEMBLY2_LINE_2,26489.328967738074,7.319571329833707,3,7.319571329833707,18.72805559394328,15.677146341029584,16,26470.60091214413,26505.006114079104,experiment,FIFO,0.28,0,variant_1
7534,SORTING,SORTING_ROBOT_1,26493.849204318187,4.520236580112396,4,4.520236580112396,23.248292174055678,11.156909760917188,17,26470.60091214413,26505.006114079104,experiment,FIFO,0.28,0,variant_1
7534,PACKAGING_2,PACKAGING_LINE_2,26497.35590276308,3.506698444893118,5,3.506698444893118,26.754990618948796,7.65021131602407,16,26470.60091214413,26505.006114079104,experiment,FIFO,0.28,0,variant_1
7534,INSPECTION_1_1,INSPECTION_1_1_LINE,26497.55097254715,0.1950697840693465,6,0.1950697840693465,26.950060403018142,7.455141531954723,16,26470.60091214413,26505.006114079104,experiment,FIFO,0.28,0,variant_1
7534,INSPECTION_1_2,INSPECTION_1_2_LINE,26500.36559098949,2.81461844234218,7,2.81461844234218,29.764678845360322,4.640523089612543,16,26470.60091214413,26505.006114079104,experiment,FIFO,0.28,0,variant_1
7534,INSPECTION_1_3,INSPECTION_1_3_LINE,26501.133959492683,0.7683685031915957,8,0.7683685031915957,30.533047348551918,3.8721545864209475,16,26470.60091214413,26505.006114079104,experiment,FIFO,0.28,0,variant_1
7534,INSPECTION_1_4,INSPECTION_1_4_LINE,26501.61263090948,0.47867141679671477,9,0.47867141679671477,31.011718765348633,3.3934831696242327,16,26470.60091214413,26505.006114079104,experiment,FIFO,0.28,0,variant_1
7534,INSPECTION_1_5,INSPECTION_1_5_LINE,26502.37852458573,0.7658936762491066,10,0.7658936762491066,31.77761244159774,2.627589493375126,16,26470.60091214413,26505.006114079104,experiment,FIFO,0.28,0,variant_1
7534,INSPECTION_1_6,INSPECTION_1_6_LINE,26504.12079699304,1.7422724073112477,11,1.7422724073112477,33.51988484890899,0.8853170860638784,16,26470.60091214413,26505.006114079104,experiment,FIFO,0.28,0,variant_1
7534,INSPECTION_1_7,INSPECTION_1_7_LINE,26505.006114079104,0.8853170860638784,12,0.8853170860638784,34.405201934972865,0.0,16,26470.60091214413,26505.006114079104,experiment,FIFO,0.28,0,variant_1
7535,MOULDING_1,MOULDING_MACHINE_1,26472.706384725025,2.1054725808935473,1,0.0,0.0,65.60498285986614,16,26472.706384725025,26538.31136758489,experiment,FIFO,0.28,0,variant_1
7535,MOULDING_1,MOULDING_MACHINE_1,26494.80953129892,1.9250533149424882,2,22.103146573896083,22.103146573896083,43.50183628597006,17,26472.706384725025,26538.31136758489,experiment,FIFO,0.28,0,variant_1
7535,ASSEMBLY_1_3,LINE_3_ASSEMBLY1,26497.341215141587,2.531683842666098,3,2.531683842666098,24.63483041656218,40.97015244330396,16,26472.706384725025,26538.31136758489,experiment,FIFO,0.28,0,variant_1
7535,ASSEMBLY_2_1,ASSEMBLY2_LINE_1,26513.20819923503,1.751334887725534,4,15.866984093441715,40.501814510003896,25.103168349862244,16,26472.706384725025,26538.31136758489,experiment,FIFO,0.28,0,variant_1
7535,SORTING,SORTING_ROBOT_1,26528.448647199668,9.528235327288712,5,15.240447964639316,55.74226247464321,9.862720385222929,13,26472.706384725025,26538.31136758489,experiment,FIFO,0.28,0,variant_1
7535,PACKAGING_3,PACKAGING_LINE_3,26533.425279049028,4.976631849360274,6,4.976631849360274,60.718894324003486,4.886088535862655,12,26472.706384725025,26538.31136758489,experiment,FIFO,0.28,0,variant_1
7535,INSPECTION_1_1,INSPECTION_1_1_LINE,26533.93582723556,0.5105481865321053,7,0.5105481865321053,61.22944251053559,4.375540349330549,13,26472.706384725025,26538.31136758489,experiment,FIFO,0.28,0,variant_1
7535,INSPECTION_1_2,INSPECTION_1_2_LINE,26534.547766659063,0.6119394235029176,8,0.6119394235029176,61.84138193403851,3.7636009258276317,13,26472.706384725025,26538.31136758489,experiment,FIFO,0.28,0,variant_1
7535,INSPECTION_1_3,INSPECTION_1_3_LINE,26535.204464595416,0.6566979363524297,9,0.6566979363524297,62.49807987039094,3.106902989475202,13,26472.706384725025,26538.31136758489,experiment,FIFO,0.28,0,variant_1
7535,INSPECTION_1_4,INSPECTION_1_4_LINE,26535.614179758057,0.40971516264107777,10,0.40971516264107777,62.907795033032016,2.6971878268341243,13,26472.706384725025,26538.31136758489,experiment,FIFO,0.28,0,variant_1
7535,INSPECTION_1_5,INSPECTION_1_5_LINE,26536.49655740081,0.8823776427525445,11,0.8823776427525445,63.79017267578456,1.8148101840815798,13,26472.706384725025,26538.31136758489,experiment,FIFO,0.28,0,variant_1
7535,INSPECTION_1_6,INSPECTION_1_6_LINE,26537.65455715304,1.1579997522312624,12,1.1579997522312624,64.94817242801582,0.6568104318503174,13,26472.706384725025,26538.31136758489,experiment,FIFO,0.28,0,variant_1
7535,INSPECTION_1_7,INSPECTION_1_7_LINE,26538.31136758489,0.6568104318503174,13,0.6568104318503174,65.60498285986614,0.0,12,26472.706384725025,26538.31136758489,experiment,FIFO,0.28,0,variant_1
7536,MOULDING_4,MOULDING_MACHINE_4,26473.071923033127,6.696751227005734,1,0.0,0.0,20.235640468981728,17,26473.071923033127,26493.30756350211,experiment,FIFO,0.28,0,variant_3
7536,ASSEMBLY_1_5,LINE_5_ASSEMBLY1,26476.81602178697,3.744098753842991,2,3.744098753842991,3.744098753842991,16.491541715138737,16,26473.071923033127,26493.30756350211,experiment,FIFO,0.28,0,variant_3
7536,ASSEMBLY_2_2,ASSEMBLY2_LINE_2,26480.63769337265,3.8216715856797236,3,3.8216715856797236,7.5657703395227145,12.669870129459014,17,26473.071923033127,26493.30756350211,experiment,FIFO,0.28,0,variant_3
7536,SORTING,SORTING_ROBOT_1,26485.93889497553,5.30120160288061,4,5.30120160288061,12.866971942403325,7.3686685265784035,17,26473.071923033127,26493.30756350211,experiment,FIFO,0.28,0,variant_3
7536,PACKAGING_2,PACKAGING_LINE_2,26487.52148599139,1.582591015860089,5,1.582591015860089,14.449562958263414,5.786077510718314,17,26473.071923033127,26493.30756350211,experiment,FIFO,0.28,0,variant_3
7536,INSPECTION_1_1,INSPECTION_1_1_LINE,26488.78503337682,1.2635473854279553,6,1.2635473854279553,15.713110343691369,4.522530125290359,15,26473.071923033127,26493.30756350211,experiment,FIFO,0.28,0,variant_3
7536,INSPECTION_1_2,INSPECTION_1_2_LINE,26488.79897205676,0.013938679941929877,7,0.013938679941929877,15.727049023633299,4.508591445348429,15,26473.071923033127,26493.30756350211,experiment,FIFO,0.28,0,variant_3
7536,INSPECTION_1_3,INSPECTION_1_3_LINE,26488.962713873752,0.16374181699211476,8,0.16374181699211476,15.890790840625414,4.3448496283563145,16,26473.071923033127,26493.30756350211,experiment,FIFO,0.28,0,variant_3
7536,INSPECTION_1_4,INSPECTION_1_4_LINE,26489.080346886785,0.11763301303290064,9,0.11763301303290064,16.008423853658314,4.227216615323414,16,26473.071923033127,26493.30756350211,experiment,FIFO,0.28,0,variant_3
7536,INSPECTION_1_5,INSPECTION_1_5_LINE,26491.34552567008,2.2651787832946866,10,2.2651787832946866,18.273602636953,1.9620378320287273,16,26473.071923033127,26493.30756350211,experiment,FIFO,0.28,0,variant_3
7536,INSPECTION_1_6,INSPECTION_1_6_LINE,26492.9176688979,1.5721432278187422,11,1.5721432278187422,19.845745864771743,0.3898946042099851,17,26473.071923033127,26493.30756350211,experiment,FIFO,0.28,0,variant_3
7536,INSPECTION_1_7,INSPECTION_1_7_LINE,26493.30756350211,0.3898946042099851,12,0.3898946042099851,20.235640468981728,0.0,16,26473.071923033127,26493.30756350211,experiment,FIFO,0.28,0,variant_3
7537,MOULDING_1,MOULDING_MACHINE_1,26492.88447798398,20.178093258953595,1,0.0,0.0,78.1558146102725,17,26492.88447798398,26571.04029259425,experiment,FIFO,0.28,0,variant_5
7537,ASSEMBLY_1_4,LINE_4_ASSEMBLY1,26516.125372419985,15.876076316282706,2,23.240894436006784,23.240894436006784,54.91492017426572,18,26492.88447798398,26571.04029259425,experiment,FIFO,0.28,0,variant_5
7537,ASSEMBLY_2_2,ASSEMBLY2_LINE_2,26531.753606323968,1.0993387419475766,3,15.628233903982618,38.8691283399894,39.2866862702831,12,26492.88447798398,26571.04029259425,experiment,FIFO,0.28,0,variant_5
7537,SORTING,SORTING_ROBOT_1,26559.0083887049,7.421259319300589,4,27.25478238093274,66.12391072092214,12.03190388935036,10,26492.88447798398,26571.04029259425,experiment,FIFO,0.28,0,variant_5
7537,PACKAGING_2,PACKAGING_LINE_2,26560.059970466216,1.0515817613159015,5,1.0515817613159015,67.17549248223804,10.980322128034459,10,26492.88447798398,26571.04029259425,experiment,FIFO,0.28,0,variant_5
7537,INSPECTION_2_1,INSPECTION_2_1_LINE,26560.07403814221,0.014067675994738238,6,0.014067675994738238,67.18956015823278,10.96625445203972,10,26492.88447798398,26571.04029259425,experiment,FIFO,0.28,0,variant_5
7537,INSPECTION_2_2,INSPECTION_2_2_LINE,26561.686642704102,1.612604561891203,7,1.612604561891203,68.80216472012398,9.353649890148517,11,26492.88447798398,26571.04029259425,experiment,FIFO,0.28,0,variant_5
7537,INSPECTION_2_3,INSPECTION_2_3_LINE,26562.637792427795,0.9511497236926516,8,0.9511497236926516,69.75331444381663,8.402500166455866,13,26492.88447798398,26571.04029259425,experiment,FIFO,0.28,0,variant_5
7537,INSPECTION_2_4,INSPECTION_2_4_LINE,26563.66396346607,1.026171038276516,9,1.026171038276516,70.77948548209315,7.37632912817935,13,26492.88447798398,26571.04029259425,experiment,FIFO,0.28,0,variant_5
7537,INSPECTION_2_5,INSPECTION_2_5_LINE,26566.185925086924,2.5219616208523803,10,2.5219616208523803,73.30144710294553,4.85436750732697,13,26492.88447798398,26571.04029259425,experiment,FIFO,0.28,0,variant_5
7537,INSPECTION_2_6,INSPECTION_2_6_LINE,26568.241872817,2.0559477300776052,11,2.0559477300776052,75.35739483302314,2.7984197772493644,13,26492.88447798398,26571.04029259425,experiment,FIFO,0.28,0,variant_5
7537,INSPECTION_2_7,INSPECTION_2_7_LINE,26571.04029259425,2.7984197772493644,12,2.7984197772493644,78.1558146102725,0.0,13,26492.88447798398,26571.04029259425,experiment,FIFO,0.28,0,variant_5
7538,MOULDING_3,MOULDING_MACHINE_3,26478.802920317165,2.0720388138979615,1,0.0,0.0,62.467226568034675,17,26478.802920317165,26541.2701468852,experiment,FIFO,0.28,0,variant_5
7538,ASSEMBLY_1_3,LINE_3_ASSEMBLY1,26487.326880510467,5.3174841022264445,2,8.523960193302628,8.523960193302628,53.94326637473205,17,26478.802920317165,26541.2701468852,experiment,FIFO,0.28,0,variant_5
7538,ASSEMBLY_2_1,ASSEMBLY2_LINE_1,26502.734261344744,0.8437199022628192,3,15.40738083427641,23.931341027579037,38.53588554045564,16,26478.802920317165,26541.2701468852,experiment,FIFO,0.28,0,variant_5
7538,SORTING,SORTING_ROBOT_1,26510.49238311253,2.8072381272068014,4,7.758121767787088,31.689462795366126,30.77776377266855,17,26478.802920317165,26541.2701468852,experiment,FIFO,0.28,0,variant_5
7538,PACKAGING_1,PACKAGING_LINE_1,26529.15407536688,6.214907364072133,5,18.661692254350783,50.35115504971691,12.116071518317767,13,26478.802920317165,26541.2701468852,experiment,FIFO,0.28,0,variant_5
7538,INSPECTION_2_1,INSPECTION_2_1_LINE,26530.76652168737,1.3593646586268733,6,1.6124463204869244,51.96360137020383,10.503625197830843,12,26478.802920317165,26541.2701468852,experiment,FIFO,0.28,0,variant_5
7538,INSPECTION_2_2,INSPECTION_2_2_LINE,26531.436309304427,0.6697876170583186,7,0.6697876170583186,52.63338898726215,9.833837580772524,12,26478.802920317165,26541.2701468852,experiment,FIFO,0.28,0,variant_5
7538,INSPECTION_2_3,INSPECTION_2_3_LINE,26535.406786894924,1.3915621001906402,8,3.9704775904974667,56.60386657775962,5.8633599902750575,13,26478.802920317165,26541.2701468852,experiment,FIFO,0.28,0,variant_5
7538,INSPECTION_2_4,INSPECTION_2_4_LINE,26537.63697091932,2.2301840243962943,9,2.2301840243962943,58.83405060215591,3.6331759658787632,13,26478.802920317165,26541.2701468852,experiment,FIFO,0.28,0,variant_5
7538,INSPECTION_2_5,INSPECTION_2_5_LINE,26539.83197792605,1.370550293544511,10,2.1950070067287015,61.029057608884614,1.4381689591500617,11,26478.802920317165,26541.2701468852,experiment,FIFO,0.28,0,variant_5
7538,INSPECTION_2_6,INSPECTION_2_6_LINE,26541.23085486112,1.3988769350726216,11,1.3988769350726216,62.427934543957235,0.039292024077440146,10,26478.802920317165,26541.2701468852,experiment,FIFO,0.28,0,variant_5
7538,INSPECTION_2_7,INSPECTION_2_7_LINE,26541.2701468852,0.039292024077440146,12,0.039292024077440146,62.467226568034675,0.0,9,26478.802920317165,26541.2701468852,experiment,FIFO,0.28,0,variant_5
7539,MOULDING_3,MOULDING_MACHINE_3,26480.472837519686,1.6699172025219013,1,0.0,0.0,49.36746319540907,17,26480.472837519686,26529.840300715096,experiment,FIFO,0.28,0,variant_1
7539,ASSEMBLY_1_2,LINE_2_ASSEMBLY1,26480.603107456915,0.1302699372281495,2,0.1302699372281495,0.1302699372281495,49.23719325818092,17,26480.472837519686,26529.840300715096,experiment,FIFO,0.28,0,variant_1
7539,ASSEMBLY_2_1,ASSEMBLY2_LINE_1,26501.89054144248,2.0796922889603593,3,21.287433985566167,21.417703922794317,27.949759272614756,16,26480.472837519686,26529.840300715096,experiment,FIFO,0.28,0,variant_1
7539,SORTING,SORTING_ROBOT_1,26507.685144985324,2.1836634878745826,4,5.794603542843106,27.212307465637423,22.15515572977165,16,26480.472837519686,26529.840300715096,experiment,FIFO,0.28,0,variant_1
7539,PACKAGING_1,PACKAGING_LINE_1,26522.93916800281,4.9740378743517795,5,15.254023017485451,42.466330483122874,6.9011327122861985,17,26480.472837519686,26529.840300715096,experiment,FIFO,0.28,0,variant_1
7539,INSPECTION_2_1,INSPECTION_2_1_LINE,26524.476494736467,0.8224265902354091,6,1.5373267336581193,44.003657216780994,5.363805978628079,16,26480.472837519686,26529.840300715096,experiment,FIFO,0.28,0,variant_1
7539,INSPECTION_2_2,INSPECTION_2_2_LINE,26525.98697230951,1.5104775730433175,7,1.5104775730433175,45.51413478982431,3.8533284055847616,15,26480.472837519686,26529.840300715096,experiment,FIFO,0.28,0,variant_1
7539,INSPECTION_2_3,INSPECTION_2_3_LINE,26526.05313423483,0.06616192531873821,8,0.06616192531873821,45.58029671514305,3.7871664802660234,15,26480.472837519686,26529.840300715096,experiment,FIFO,0.28,0,variant_1
7539,INSPECTION_2_4,INSPECTION_2_4_LINE,26527.13292305248,1.079788817649387,9,1.079788817649387,46.660085532792436,2.7073776626166364,14,26480.472837519686,26529.840300715096,experiment,FIFO,0.28,0,variant_1
7539,INSPECTION_2_5,INSPECTION_2_5_LINE,26527.30778789852,0.17486484604160069,10,0.17486484604160069,46.83495037883404,2.5325128165750357,14,26480.472837519686,26529.840300715096,experiment,FIFO,0.28,0,variant_1
7539,INSPECTION_2_6,INSPECTION_2_6_LINE,26527.657424212583,0.3496363140620815,11,0.3496363140620815,47.18458669289612,2.182876502512954,13,26480.472837519686,26529.840300715096,experiment,FIFO,0.28,0,variant_1
7539,INSPECTION_2_7,INSPECTION_2_7_LINE,26529.840300715096,2.182876502512954,12,2.182876502512954,49.36746319540907,0.0,12,26480.472837519686,26529.840300715096,experiment,FIFO,0.28,0,variant_1
7540,MOULDING_5,MOULDING_MACHINE_5,26488.820029696653,5.2032493443730345,1,0.0,0.0,57.62169079083105,16,26488.820029696653,26546.441720487484,experiment,FIFO,0.28,0,variant_5
7540,ASSEMBLY_1_4,LINE_4_ASSEMBLY1,26500.249296103702,11.429266407048999,2,11.429266407048999,11.429266407048999,46.192424383782054,16,26488.820029696653,26546.441720487484,experiment,FIFO,0.28,0,variant_5
7540,ASSEMBLY_2_1,ASSEMBLY2_LINE_1,26521.16982814885,7.961628913821187,3,20.92053204514741,32.34979845219641,25.271892338634643,18,26488.820029696653,26546.441720487484,experiment,FIFO,0.28,0,variant_5
7540,SORTING,SORTING_ROBOT_1,26540.905925447285,12.457278247617069,4,19.736097298435197,52.08589575063161,5.535795040199446,10,26488.820029696653,26546.441720487484,experiment,FIFO,0.28,0,variant_5
7540,PACKAGING_3,PACKAGING_LINE_3,26541.233414514765,0.3274890674802009,5,0.3274890674802009,52.41338481811181,5.208305972719245,10,26488.820029696653,26546.441720487484,experiment,FIFO,0.28,0,variant_5
7540,INSPECTION_1_1,INSPECTION_1_1_LINE,26541.63120769747,0.3977931827030261,6,0.3977931827030261,52.811178000814834,4.810512790016219,9,26488.820029696653,26546.441720487484,experiment,FIFO,0.28,0,variant_5
7540,INSPECTION_1_2,INSPECTION_1_2_LINE,26541.81217621621,0.18096851874361164,7,0.18096851874361164,52.992146519558446,4.629544271272607,9,26488.820029696653,26546.441720487484,experiment,FIFO,0.28,0,variant_5
7540,INSPECTION_1_3,INSPECTION_1_3_LINE,26543.219218959795,1.4070427435835882,8,1.4070427435835882,54.399189263142034,3.222501527689019,8,26488.820029696653,26546.441720487484,experiment,FIFO,0.28,0,variant_5
7540,INSPECTION_1_4,INSPECTION_1_4_LINE,26543.400740856217,0.18152189642205485,9,0.18152189642205485,54.58071115956409,3.040979631266964,8,26488.820029696653,26546.441720487484,experiment,FIFO,0.28,0,variant_5
7540,INSPECTION_1_5,INSPECTION_1_5_LINE,26544.254248748995,0.8535078927779978,10,0.8535078927779978,55.43421905234209,2.1874717384889664,8,26488.820029696653,26546.441720487484,experiment,FIFO,0.28,0,variant_5
7540,INSPECTION_1_6,INSPECTION_1_6_LINE,26545.10370464579,0.8494558967940975,11,0.8494558967940975,56.283674949136184,1.3380158416948689,8,26488.820029696653,26546.441720487484,experiment,FIFO,0.28,0,variant_5
7540,INSPECTION_1_7,INSPECTION_1_7_LINE,26546.441720487484,1.3380158416948689,12,1.3380158416948689,57.62169079083105,0.0,9,26488.820029696653,26546.441720487484,experiment,FIFO,0.28,0,variant_5
7541,MOULDING_5,MOULDING_MACHINE_5,26504.717392990835,13.608217486864305,1,0.0,0.0,71.94470641817679,17,26504.717392990835,26576.66209940901,experiment,FIFO,0.28,0,variant_4
7541,ASSEMBLY_1_2,LINE_2_ASSEMBLY1,26510.65760620684,3.489150669902301,2,5.9402132160066685,5.9402132160066685,66.00449320217012,17,26504.717392990835,26576.66209940901,experiment,FIFO,0.28,0,variant_4
7541,ASSEMBLY_2_1,ASSEMBLY2_LINE_1,26533.393608223247,2.524164765396563,3,22.73600201640511,28.676215232411778,43.268491185765015,12,26504.717392990835,26576.66209940901,experiment,FIFO,0.28,0,variant_4
7541,SORTING,SORTING_ROBOT_1,26560.6793943292,1.6710056242991413,4,27.285786105952866,55.962001338364644,15.982705079812149,10,26504.717392990835,26576.66209940901,experiment,FIFO,0.28,0,variant_4
7541,PACKAGING_3,PACKAGING_LINE_3,26563.430976874955,2.7515825457558094,5,2.7515825457558094,58.71358388412045,13.23112253405634,13,26504.717392990835,26576.66209940901,experiment,FIFO,0.28,0,variant_4
7541,INSPECTION_2_1,INSPECTION_2_1_LINE,26563.53984942025,0.10887254529370693,6,0.10887254529370693,58.82245642941416,13.122249988762633,13,26504.717392990835,26576.66209940901,experiment,FIFO,0.28,0,variant_4
7541,INSPECTION_2_2,INSPECTION_2_2_LINE,26564.48486908885,0.9450196686011623,7,0.9450196686011623,59.76747609801532,12.17723032016147,13,26504.717392990835,26576.66209940901,experiment,FIFO,0.28,0,variant_4
7541,INSPECTION_2_3,INSPECTION_2_3_LINE,26565.3376146672,0.8527455783514597,8,0.8527455783514597,60.62022167636678,11.32448474181001,13,26504.717392990835,26576.66209940901,experiment,FIFO,0.28,0,variant_4
7541,INSPECTION_2_4,INSPECTION_2_4_LINE,26571.81985985821,6.482245191007678,9,6.482245191007678,67.10246686737446,4.842239550802333,13,26504.717392990835,26576.66209940901,experiment,FIFO,0.28,0,variant_4
7541,INSPECTION_2_5,INSPECTION_2_5_LINE,26576.08746225689,4.267602398682357,10,4.267602398682357,71.37006926605682,0.5746371521199762,15,26504.717392990835,26576.66209940901,experiment,FIFO,0.28,0,variant_4
7541,INSPECTION_2_6,INSPECTION_2_6_LINE,26576.1660528659,0.07859060900955228,11,0.07859060900955228,71.44865987506637,0.49604654311042395,15,26504.717392990835,26576.66209940901,experiment,FIFO,0.28,0,variant_4
7541,INSPECTION_2_7,INSPECTION_2_7_LINE,26576.66209940901,0.49604654311042395,12,0.49604654311042395,71.94470641817679,0.0,14,26504.717392990835,26576.66209940901,experiment,FIFO,0.28,0,variant_4
7542,MOULDING_3,MOULDING_MACHINE_3,26493.435020602465,1.718841431895271,1,0.0,0.0,93.37862415163545,17,26493.435020602465,26586.8136447541,experiment,FIFO,0.28,0,variant_5
7542,ASSEMBLY_1_2,LINE_2_ASSEMBLY1,26507.16845553694,13.733434934474644,2,13.733434934474644,13.733434934474644,79.6451892171608,16,26493.435020602465,26586.8136447541,experiment,FIFO,0.28,0,variant_5
7542,ASSEMBLY_2_1,ASSEMBLY2_LINE_1,26530.86944345785,9.699615309000365,3,23.700987920910848,37.43442285538549,55.94420129624996,12,26493.435020602465,26586.8136447541,experiment,FIFO,0.28,0,variant_5
7542,SORTING,SORTING_ROBOT_1,26551.5871293856,7.741299140772753,4,20.7176859277497,58.15210878313519,35.22651536850026,9,26493.435020602465,26586.8136447541,experiment,FIFO,0.28,0,variant_5
7542,PACKAGING_1,PACKAGING_LINE_1,26571.84956076928,20.26243138367863,5,20.26243138367863,78.41454016681382,14.964083984821627,13,26493.435020602465,26586.8136447541,experiment,FIFO,0.28,0,variant_5
7542,INSPECTION_1_1,INSPECTION_1_1_LINE,26575.797397446902,3.9478366776238545,6,3.9478366776238545,82.36237684443768,11.016247307197773,15,26493.435020602465,26586.8136447541,experiment,FIFO,0.28,0,variant_5
7542,INSPECTION_1_2,INSPECTION_1_2_LINE,26577.61365521085,1.81625776394867,7,1.81625776394867,84.17863460838635,9.199989543249103,14,26493.435020602465,26586.8136447541,experiment,FIFO,0.28,0,variant_5
7542,INSPECTION_1_3,INSPECTION_1_3_LINE,26578.10692438877,0.4932691779176821,8,0.4932691779176821,84.67190378630403,8.706720365331421,13,26493.435020602465,26586.8136447541,experiment,FIFO,0.28,0,variant_5
7542,INSPECTION_1_4,INSPECTION_1_4_LINE,26578.621290346106,0.5143659573368495,9,0.5143659573368495,85.18626974364088,8.192354407994571,14,26493.435020602465,26586.8136447541,experiment,FIFO,0.28,0,variant_5
7542,INSPECTION_1_5,INSPECTION_1_5_LINE,26580.9653441079,2.344053761793475,10,2.344053761793475,87.53032350543435,5.848300646201096,15,26493.435020602465,26586.8136447541,experiment,FIFO,0.28,0,variant_5
7542,INSPECTION_1_6,INSPECTION_1_6_LINE,26582.36224047188,1.3968963639817957,11,1.3968963639817957,88.92721986941615,4.4514042822193005,15,26493.435020602465,26586.8136447541,experiment,FIFO,0.28,0,variant_5
7542,INSPECTION_1_7,INSPECTION_1_7_LINE,26586.8136447541,4.4514042822193005,12,4.4514042822193005,93.37862415163545,0.0,14,26493.435020602465,26586.8136447541,experiment,FIFO,0.28,0,variant_5
7543,MOULDING_1,MOULDING_MACHINE_1,26496.352940091496,1.5434087925750646,1,0.0,0.0,46.55186259916809,17,26496.352940091496,26542.904802690664,experiment,FIFO,0.28,0,variant_2
7543,ASSEMBLY_1_5,LINE_5_ASSEMBLY1,26511.63069096954,15.277750878045481,2,15.277750878045481,15.277750878045481,31.27411172112261,16,26496.352940091496,26542.904802690664,experiment,FIFO,0.28,0,variant_2
7543,ASSEMBLY_2_2,ASSEMBLY2_LINE_2,26511.96777339051,0.3370824209669081,3,0.3370824209669081,15.614833299012389,30.9370293001557,16,26496.352940091496,26542.904802690664,experiment,FIFO,0.28,0,variant_2
7543,SORTING,SORTING_ROBOT_1,26518.92041187238,0.14803762572046253,4,6.952638481870963,22.567471780883352,23.984390818284737,18,26496.352940091496,26542.904802690664,experiment,FIFO,0.28,0,variant_2
7543,PACKAGING_1,PACKAGING_LINE_1,26534.81985646297,0.764713119911903,5,15.899444590591884,38.466916371475236,8.084946227692853,13,26496.352940091496,26542.904802690664,experiment,FIFO,0.28,0,variant_2
7543,INSPECTION_1_1,INSPECTION_1_1_LINE,26535.580122627376,0.2555177700960485,6,0.7602661644050386,39.227182535880274,7.324680063287815,13,26496.352940091496,26542.904802690664,experiment,FIFO,0.28,0,variant_2
7543,INSPECTION_1_2,INSPECTION_1_2_LINE,26540.24534793666,3.0365225352907146,7,4.665225309283414,43.89240784516369,2.6594547540044005,11,26496.352940091496,26542.904802690664,experiment,FIFO,0.28,0,variant_2
7543,INSPECTION_1_3,INSPECTION_1_3_LINE,26541.57233752845,1.3269895917910617,8,1.3269895917910617,45.21939743695475,1.3324651622133388,9,26496.352940091496,26542.904802690664,experiment,FIFO,0.28,0,variant_2
7543,INSPECTION_1_4,INSPECTION_1_4_LINE,26541.75341058522,0.1810730567704013,9,0.1810730567704013,45.40047049372515,1.1513921054429375,9,26496.352940091496,26542.904802690664,experiment,FIFO,0.28,0,variant_2
7543,INSPECTION_1_5,INSPECTION_1_5_LINE,26542.339170161224,0.5857595760026015,10,0.5857595760026015,45.98623006972775,0.5656325294403359,9,26496.352940091496,26542.904802690664,experiment,FIFO,0.28,0,variant_2
7543,INSPECTION_1_6,INSPECTION_1_6_LINE,26542.782227582386,0.4430574211619387,11,0.4430574211619387,46.42928749088969,0.12257510827839724,9,26496.352940091496,26542.904802690664,experiment,FIFO,0.28,0,variant_2
7543,INSPECTION_1_7,INSPECTION_1_7_LINE,26542.904802690664,0.12257510827839724,12,0.12257510827839724,46.55186259916809,0.0,8,26496.352940091496,26542.904802690664,experiment,FIFO,0.28,0,variant_2
7544,MOULDING_1,MOULDING_MACHINE_1,26515.079004038787,9.707608947934204,1,0.0,0.0,76.52909913322583,18,26515.079004038787,26591.608103172013,experiment,FIFO,0.28,0,variant_3
7544,ASSEMBLY_1_2,LINE_2_ASSEMBLY1,26524.938618066542,9.859614027755015,2,9.859614027755015,9.859614027755015,66.66948510547081,16,26515.079004038787,26591.608103172013,experiment,FIFO,0.28,0,variant_3
7544,ASSEMBLY_2_2,ASSEMBLY2_LINE_2,26541.634912516314,7.733043019867182,3,16.696294449771813,26.555908477526827,49.973190655699,9,26515.079004038787,26591.608103172013,experiment,FIFO,0.28,0,variant_3
7544,SORTING,SORTING_ROBOT_1,26564.128396932418,1.5226530545696733,4,22.493484416103456,49.049392893630284,27.479706239595544,13,26515.079004038787,26591.608103172013,experiment,FIFO,0.28,0,variant_3
7544,PACKAGING_1,PACKAGING_LINE_1,26577.272035201968,0.2717792368348455,5,13.143638269550138,62.19303116318042,14.336067970045406,14,26515.079004038787,26591.608103172013,experiment,FIFO,0.28,0,variant_3
7544,INSPECTION_2_1,INSPECTION_2_1_LINE,26578.683844015846,1.4118088138784515,6,1.4118088138784515,63.60483997705887,12.924259156166954,14,26515.079004038787,26591.608103172013,experiment,FIFO,0.28,0,variant_3
7544,INSPECTION_2_2,INSPECTION_2_2_LINE,26580.00902388141,1.3251798655619496,7,1.3251798655619496,64.93001984262082,11.599079290605005,15,26515.079004038787,26591.608103172013,experiment,FIFO,0.28,0,variant_3
7544,INSPECTION_2_3,INSPECTION_2_3_LINE,26581.70227700287,1.693253121462476,8,1.693253121462476,66.6232729640833,9.905826169142529,15,26515.079004038787,26591.608103172013,experiment,FIFO,0.28,0,variant_3
7544,INSPECTION_2_4,INSPECTION_2_4_LINE,26582.03471771988,0.3324407170075574,9,0.3324407170075574,66.95571368109086,9.573385452134971,15,26515.079004038787,26591.608103172013,experiment,FIFO,0.28,0,variant_3
7544,INSPECTION_2_5,INSPECTION_2_5_LINE,26583.073887140585,1.0391694207064575,10,1.0391694207064575,67.99488310179731,8.534216031428514,15,26515.079004038787,26591.608103172013,experiment,FIFO,0.28,0,variant_3
7544,INSPECTION_2_6,INSPECTION_2_6_LINE,26588.087810501725,5.013923361140769,11,5.013923361140769,73.00880646293808,3.520292670287745,15,26515.079004038787,26591.608103172013,experiment,FIFO,0.28,0,variant_3
7544,INSPECTION_2_7,INSPECTION_2_7_LINE,26591.608103172013,3.520292670287745,12,3.520292670287745,76.52909913322583,0.0,13,26515.079004038787,26591.608103172013,experiment,FIFO,0.28,0,variant_3
7545,MOULDING_2,MOULDING_MACHINE_2,26509.629003903185,2.9630851485271705,1,0.0,0.0,81.50067566650614,17,26509.629003903185,26591.12967956969,experiment,FIFO,0.28,0,variant_3
7545,ASSEMBLY_1_4,LINE_4_ASSEMBLY1,26524.326633862373,8.201261442387477,2,14.697629959187907,14.697629959187907,66.80304570731823,17,26509.629003903185,26591.12967956969,experiment,FIFO,0.28,0,variant_3
7545,ASSEMBLY_2_2,ASSEMBLY2_LINE_2,26533.901869496447,2.1482631724793464,3,9.575235634074488,24.272865593262395,57.227810073243745,13,26509.629003903185,26591.12967956969,experiment,FIFO,0.28,0,variant_3
7545,SORTING,SORTING_ROBOT_1,26562.605743877848,1.9263495486484317,4,28.703874381400965,52.97673997466336,28.52393569184278,13,26509.629003903185,26591.12967956969,experiment,FIFO,0.28,0,variant_3
7545,PACKAGING_1,PACKAGING_LINE_1,26577.000255965133,5.150695195854496,5,14.394512087284966,67.37125206194833,14.129423604557815,14,26509.629003903185,26591.12967956969,experiment,FIFO,0.28,0,variant_3
7545,INSPECTION_1_1,INSPECTION_1_1_LINE,26577.61034413434,0.6100881692073017,6,0.6100881692073017,67.98134023115563,13.519335435350513,14,26509.629003903185,26591.12967956969,experiment,FIFO,0.28,0,variant_3
7545,INSPECTION_1_2,INSPECTION_1_2_LINE,26578.626411691508,1.0127564806571172,7,1.016067557167844,68.99740778832347,12.503267878182669,14,26509.629003903185,26591.12967956969,experiment,FIFO,0.28,0,variant_3
7545,INSPECTION_1_3,INSPECTION_1_3_LINE,26578.661971321773,0.035559630265197484,8,0.035559630265197484,69.03296741858867,12.467708247917471,14,26509.629003903185,26591.12967956969,experiment,FIFO,0.28,0,variant_3
7545,INSPECTION_1_4,INSPECTION_1_4_LINE,26579.32173066257,0.6597593407968816,9,0.6597593407968816,69.69272675938555,11.80794890712059,14,26509.629003903185,26591.12967956969,experiment,FIFO,0.28,0,variant_3
7545,INSPECTION_1_5,INSPECTION_1_5_LINE,26582.073415804924,1.1080716970245703,10,2.751685142353381,72.44441190173893,9.056263764767209,15,26509.629003903185,26591.12967956969,experiment,FIFO,0.28,0,variant_3
7545,INSPECTION_1_6,INSPECTION_1_6_LINE,26582.820084237213,0.4578437653326546,11,0.74666843228988,73.19108033402881,8.309595332477329,15,26509.629003903185,26591.12967956969,experiment,FIFO,0.28,0,variant_3
7545,INSPECTION_1_7,INSPECTION_1_7_LINE,26591.12967956969,4.316034815590683,12,8.309595332477329,81.50067566650614,0.0,14,26509.629003903185,26591.12967956969,experiment,FIFO,0.28,0,variant_3
7546,MOULDING_3,MOULDING_MACHINE_3,26513.7058253923,0.2603497756572324,1,0.0,0.0,45.47145624980112,17,26513.7058253923,26559.1772816421,experiment,FIFO,0.28,0,variant_4
7546,ASSEMBLY_1_2,LINE_2_ASSEMBLY1,26513.968146287443,0.2623208951445122,2,0.2623208951445122,0.2623208951445122,45.20913535465661,17,26513.7058253923,26559.1772816421,experiment,FIFO,0.28,0,variant_4
7546,ASSEMBLY_2_2,ASSEMBLY2_LINE_2,26530.65426758202,16.68612129457688,3,16.68612129457688,16.94844218972139,28.52301406007973,12,26513.7058253923,26559.1772816421,experiment,FIFO,0.28,0,variant_4
7546,SORTING,SORTING_ROBOT_1,26543.845830244827,2.9399047975421126,4,13.191562662806973,30.140004852528364,15.331451397272758,8,26513.7058253923,26559.1772816421,experiment,FIFO,0.28,0,variant_4
7546,PACKAGING_3,PACKAGING_LINE_3,26550.45259965115,6.60676940632402,5,6.60676940632402,36.74677425885238,8.724681990948739,9,26513.7058253923,26559.1772816421,experiment,FIFO,0.28,0,variant_4
7546,INSPECTION_2_1,INSPECTION_2_1_LINE,26551.32845161088,0.8758519597286067,6,0.8758519597286067,37.62262621858099,7.848830031220132,9,26513.7058253923,26559.1772816421,experiment,FIFO,0.28,0,variant_4
7546,INSPECTION_2_2,INSPECTION_2_2_LINE,26553.828628534025,2.500176923145773,7,2.500176923145773,40.12280314172676,5.348653108074359,9,26513.7058253923,26559.1772816421,experiment,FIFO,0.28,0,variant_4
7546,INSPECTION_2_3,INSPECTION_2_3_LINE,26554.00161675977,0.17298822574593942,8,0.17298822574593942,40.2957913674727,5.1756648823284195,9,26513.7058253923,26559.1772816421,experiment,FIFO,0.28,0,variant_4
7546,INSPECTION_2_4,INSPECTION_2_4_LINE,26555.647514863856,1.645898104085063,9,1.645898104085063,41.941689471557766,3.5297667782433564,10,26513.7058253923,26559.1772816421,experiment,FIFO,0.28,0,variant_4
7546,INSPECTION_2_5,INSPECTION_2_5_LINE,26556.746215080304,1.0987002164474688,10,1.0987002164474688,43.040389688005234,2.4310665617958875,10,26513.7058253923,26559.1772816421,experiment,FIFO,0.28,0,variant_4
7546,INSPECTION_2_6,INSPECTION_2_6_LINE,26557.22789515244,0.4816800721346226,11,0.4816800721346226,43.52206976013986,1.949386489661265,10,26513.7058253923,26559.1772816421,experiment,FIFO,0.28,0,variant_4
7546,INSPECTION_2_7,INSPECTION_2_7_LINE,26559.1772816421,1.949386489661265,12,1.949386489661265,45.47145624980112,0.0,9,26513.7058253923,26559.1772816421,experiment,FIFO,0.28,0,variant_4
7547,MOULDING_4,MOULDING_MACHINE_4,26533.479713127726,0.12181509030415327,1,0.0,0.0,44.3341634141143,13,26533.479713127726,26577.81387654184,experiment,FIFO,0.28,0,variant_2
7547,ASSEMBLY_1_2,LINE_2_ASSEMBLY1,26535.96747113101,2.487758003284398,2,2.487758003284398,2.487758003284398,41.8464054108299,13,26533.479713127726,26577.81387654184,experiment,FIFO,0.28,0,variant_2
7547,ASSEMBLY_2_2,ASSEMBLY2_LINE_2,26541.719892437643,0.08497992132834042,3,5.752421306631732,8.24017930991613,36.09398410419817,9,26533.479713127726,26577.81387654184,experiment,FIFO,0.28,0,variant_2
7547,SORTING,SORTING_ROBOT_1,26565.299011586914,1.1706146544966032,4,23.57911914927172,31.81929845918785,12.514864954926452,13,26533.479713127726,26577.81387654184,experiment,FIFO,0.28,0,variant_2
7547,PACKAGING_3,PACKAGING_LINE_3,26569.6878271031,4.388815516183968,5,4.388815516183968,36.208113975371816,8.126049438742484,13,26533.479713127726,26577.81387654184,experiment,FIFO,0.28,0,variant_2
7547,INSPECTION_1_1,INSPECTION_1_1_LINE,26571.64581516134,1.9579880582423357,6,1.9579880582423357,38.16610203361415,6.1680613805001485,13,26533.479713127726,26577.81387654184,experiment,FIFO,0.28,0,variant_2
7547,INSPECTION_1_2,INSPECTION_1_2_LINE,26572.322874124893,0.6770589635525539,7,0.6770589635525539,38.843160997166706,5.491002416947595,13,26533.479713127726,26577.81387654184,experiment,FIFO,0.28,0,variant_2
7547,INSPECTION_1_3,INSPECTION_1_3_LINE,26573.19837384169,0.8754997167961847,8,0.8754997167961847,39.71866071396289,4.61550270015141,13,26533.479713127726,26577.81387654184,experiment,FIFO,0.28,0,variant_2
7547,INSPECTION_1_4,INSPECTION_1_4_LINE,26574.25115363466,1.0527797929717053,9,1.0527797929717053,40.771440506934596,3.5627229071797046,14,26533.479713127726,26577.81387654184,experiment,FIFO,0.28,0,variant_2
7547,INSPECTION_1_5,INSPECTION_1_5_LINE,26576.49370518397,2.2425515493087005,10,2.2425515493087005,43.013992056243296,1.3201713578710041,15,26533.479713127726,26577.81387654184,experiment,FIFO,0.28,0,variant_2
7547,INSPECTION_1_6,INSPECTION_1_6_LINE,26576.50152995012,0.007824766151315998,11,0.007824766151315998,43.02181682239461,1.3123465917196881,15,26533.479713127726,26577.81387654184,experiment,FIFO,0.28,0,variant_2
7547,INSPECTION_1_7,INSPECTION_1_7_LINE,26577.81387654184,1.3123465917196881,12,1.3123465917196881,44.3341634141143,0.0,13,26533.479713127726,26577.81387654184,experiment,FIFO,0.28,0,variant_2
7548,MOULDING_5,MOULDING_MACHINE_5,26560.04379526081,17.679307887163304,1,0.0,0.0,47.95073833299102,10,26560.04379526081,26607.994533593803,experiment,FIFO,0.28,0,variant_4
7548,ASSEMBLY_1_5,LINE_5_ASSEMBLY1,26567.06726062448,7.023465363668947,2,7.023465363668947,7.023465363668947,40.927272969322075,13,26560.04379526081,26607.994533593803,experiment,FIFO,0.28,0,variant_4
7548,ASSEMBLY_2_1,ASSEMBLY2_LINE_1,26585.36135600701,9.892008788512612,3,18.29409538253094,25.317560746199888,22.633177586791135,15,26560.04379526081,26607.994533593803,experiment,FIFO,0.28,0,variant_4
7548,SORTING,SORTING_ROBOT_1,26596.125575160106,10.764219153094018,4,10.764219153094018,36.081779899293906,11.868958433697117,12,26560.04379526081,26607.994533593803,experiment,FIFO,0.28,0,variant_4
7548,PACKAGING_3,PACKAGING_LINE_3,26597.160243538623,1.034668378517381,5,1.034668378517381,37.11644827781129,10.834290055179736,11,26560.04379526081,26607.994533593803,experiment,FIFO,0.28,0,variant_4
7548,INSPECTION_1_1,INSPECTION_1_1_LINE,26597.42243556456,0.2621920259371109,6,0.2621920259371109,37.3786403037484,10.572098029242625,11,26560.04379526081,26607.994533593803,experiment,FIFO,0.28,0,variant_4
7548,INSPECTION_1_2,INSPECTION_1_2_LINE,26598.908342782943,1.4859072183826356,7,1.4859072183826356,38.86454752213103,9.08619081085999,10,26560.04379526081,26607.994533593803,experiment,FIFO,0.28,0,variant_4
7548,INSPECTION_1_3,INSPECTION_1_3_LINE,26602.14083111251,3.2324883295659674,8,3.2324883295659674,42.097035851697,5.853702481294022,12,26560.04379526081,26607.994533593803,experiment,FIFO,0.28,0,variant_4
7548,INSPECTION_1_4,INSPECTION_1_4_LINE,26604.31886777576,2.178036663251987,9,2.178036663251987,44.27507251494899,3.6756658180420345,12,26560.04379526081,26607.994533593803,experiment,FIFO,0.28,0,variant_4
7548,INSPECTION_1_5,INSPECTION_1_5_LINE,26605.33746476052,1.018596984758915,10,1.018596984758915,45.2936694997079,2.6570688332831196,12,26560.04379526081,26607.994533593803,experiment,FIFO,0.28,0,variant_4
7548,INSPECTION_1_6,INSPECTION_1_6_LINE,26607.02873166628,1.6912669057601306,11,1.6912669057601306,46.984936405468034,0.965801927522989,12,26560.04379526081,26607.994533593803,experiment,FIFO,0.28,0,variant_4
7548,INSPECTION_1_7,INSPECTION_1_7_LINE,26607.994533593803,0.965801927522989,12,0.965801927522989,47.95073833299102,0.0,10,26560.04379526081,26607.994533593803,experiment,FIFO,0.28,0,variant_4
7549,MOULDING_2,MOULDING_MACHINE_2,26545.653508891377,3.1787107362579263,1,0.0,0.0,52.27902461832127,10,26545.653508891377,26597.9325335097,experiment,FIFO,0.28,0,variant_1
7549,ASSEMBLY_1_3,LINE_3_ASSEMBLY1,26565.90461374159,20.25110485021287,2,20.25110485021287,20.25110485021287,32.027919768108404,13,26545.653508891377,26597.9325335097,experiment,FIFO,0.28,0,variant_1
7549,ASSEMBLY_2_1,ASSEMBLY2_LINE_1,26575.4693472185,9.564733476909169,3,9.564733476909169,29.815838327122037,22.463186291199236,14,26545.653508891377,26597.9325335097,experiment,FIFO,0.28,0,variant_1
7549,SORTING,SORTING_ROBOT_1,26577.592023785488,0.4162961541696859,4,2.1226765669889573,31.938514894110995,20.34050972421028,14,26545.653508891377,26597.9325335097,experiment,FIFO,0.28,0,variant_1
7549,PACKAGING_1,PACKAGING_LINE_1,26587.78111067413,4.794690359431115,5,10.189086888640304,42.1276017827513,10.151422835569974,15,26545.653508891377,26597.9325335097,experiment,FIFO,0.28,0,variant_1
7549,INSPECTION_1_1,INSPECTION_1_1_LINE,26588.035867234816,0.25475656068738317,6,0.25475656068738317,42.38235834343868,9.896666274882591,15,26545.653508891377,26597.9325335097,experiment,FIFO,0.28,0,variant_1
7549,INSPECTION_1_2,INSPECTION_1_2_LINE,26590.971151631737,2.935284396920906,7,2.935284396920906,45.31764274035959,6.961381877961685,15,26545.653508891377,26597.9325335097,experiment,FIFO,0.28,0,variant_1
7549,INSPECTION_1_3,INSPECTION_1_3_LINE,26591.774872444,0.803720812262327,8,0.803720812262327,46.121363552621915,6.157661065699358,13,26545.653508891377,26597.9325335097,experiment,FIFO,0.28,0,variant_1
7549,INSPECTION_1_4,INSPECTION_1_4_LINE,26592.59609869993,0.8212262559318333,9,0.8212262559318333,46.94258980855375,5.336434809767525,11,26545.653508891377,26597.9325335097,experiment,FIFO,0.28,0,variant_1
7549,INSPECTION_1_5,INSPECTION_1_5_LINE,26594.22533490501,0.44654605145115056,10,1.6292362050808151,48.57182601363456,3.7071986046867096,12,26545.653508891377,26597.9325335097,experiment,FIFO,0.28,0,variant_1
7549,INSPECTION_1_6,INSPECTION_1_6_LINE,26594.34838445076,0.12304954574938165,11,0.12304954574938165,48.694875559383945,3.584149058937328,12,26545.653508891377,26597.9325335097,experiment,FIFO,0.28,0,variant_1
7549,INSPECTION_1_7,INSPECTION_1_7_LINE,26597.9325335097,0.9525806690326135,12,3.584149058937328,52.27902461832127,0.0,10,26545.653508891377,26597.9325335097,experiment,FIFO,0.28,0,variant_1
7550,MOULDING_4,MOULDING_MACHINE_4,26545.55145879942,0.09758818096815958,1,0.0,0.0,46.51219062515156,9,26545.55145879942,26592.06364942457,experiment,FIFO,0.28,0,variant_6
7550,ASSEMBLY_1_2,LINE_2_ASSEMBLY1,26546.1410531968,0.5895943973810063,2,0.5895943973810063,0.5895943973810063,45.922596227770555,10,26545.55145879942,26592.06364942457,experiment,FIFO,0.28,0,variant_6
7550,ASSEMBLY_2_2,ASSEMBLY2_LINE_2,26562.02680775914,15.88575456233957,3,15.88575456233957,16.475348959720577,30.036841665430984,12,26545.55145879942,26592.06364942457,experiment,FIFO,0.28,0,variant_6
7550,SORTING,SORTING_ROBOT_1,26569.56201234264,4.263000755727262,4,7.535204583502491,24.010553543223068,22.501637081928493,13,26545.55145879942,26592.06364942457,experiment,FIFO,0.28,0,variant_6
7550,PACKAGING_2,PACKAGING_LINE_2,26578.536610409214,8.97459806657207,5,8.97459806657207,32.98515160979514,13.527039015356422,14,26545.55145879942,26592.06364942457,experiment,FIFO,0.28,0,variant_6
7550,INSPECTION_1_1,INSPECTION_1_1_LINE,26579.653769302968,1.1171588937540946,6,1.1171588937540946,34.10231050354923,12.409880121602328,14,26545.55145879942,26592.06364942457,experiment,FIFO,0.28,0,variant_6
7550,INSPECTION_1_2,INSPECTION_1_2_LINE,26581.51141045793,1.8576411549620389,7,1.8576411549620389,35.95995165851127,10.552238966640289,15,26545.55145879942,26592.06364942457,experiment,FIFO,0.28,0,variant_6
7550,INSPECTION_1_3,INSPECTION_1_3_LINE,26582.51480474172,1.0033942837908398,8,1.0033942837908398,36.96334594230211,9.548844682849449,15,26545.55145879942,26592.06364942457,experiment,FIFO,0.28,0,variant_6
7550,INSPECTION_1_4,INSPECTION_1_4_LINE,26584.78311216672,2.2683074249980564,9,2.2683074249980564,39.23165336730017,7.2805372578513925,15,26545.55145879942,26592.06364942457,experiment,FIFO,0.28,0,variant_6
7550,INSPECTION_1_5,INSPECTION_1_5_LINE,26585.19383739964,0.41072523292314145,10,0.41072523292314145,39.64237860022331,6.869812024928251,15,26545.55145879942,26592.06364942457,experiment,FIFO,0.28,0,variant_6
7550,INSPECTION_1_6,INSPECTION_1_6_LINE,26586.086955612303,0.8931182126616477,11,0.8931182126616477,40.53549681288496,5.976693812266603,15,26545.55145879942,26592.06364942457,experiment,FIFO,0.28,0,variant_6
7550,INSPECTION_1_7,INSPECTION_1_7_LINE,26592.06364942457,0.9339698548792512,12,5.976693812266603,46.51219062515156,0.0,11,26545.55145879942,26592.06364942457,experiment,FIFO,0.28,0,variant_6
7551,MOULDING_1,MOULDING_MACHINE_1,26561.51907189036,10.893962604095577,1,0.0,0.0,52.805748823302565,11,26561.51907189036,26614.324820713664,experiment,FIFO,0.28,0,variant_2
7551,ASSEMBLY_1_2,LINE_2_ASSEMBLY1,26571.201157295203,9.682085404841928,2,9.682085404841928,9.682085404841928,43.12366341846064,13,26561.51907189036,26614.324820713664,experiment,FIFO,0.28,0,variant_2
7551,ASSEMBLY_1_2,LINE_2_ASSEMBLY1,26590.15683630421,4.253910953946615,3,18.955679009006417,28.637764413848345,24.16798440945422,15,26561.51907189036,26614.324820713664,experiment,FIFO,0.28,0,variant_2
7551,ASSEMBLY_2_2,ASSEMBLY2_LINE_2,26592.248665775885,0.04300654981852858,4,2.0918294716757373,30.729593885524082,22.076154937778483,11,26561.51907189036,26614.324820713664,experiment,FIFO,0.28,0,variant_2
7551,SORTING,SORTING_ROBOT_1,26602.908034310138,1.6452997183077969,5,10.65936853425228,41.38896241977636,11.416786403526203,12,26561.51907189036,26614.324820713664,experiment,FIFO,0.28,0,variant_2
7551,PACKAGING_1,PACKAGING_LINE_1,26604.980178836984,2.0721445268463867,6,2.0721445268463867,43.46110694662275,9.344641876679816,12,26561.51907189036,26614.324820713664,experiment,FIFO,0.28,0,variant_2
7551,INSPECTION_1_1,INSPECTION_1_1_LINE,26605.14596950502,0.1657906680375163,7,0.1657906680375163,43.626897614660265,9.1788512086423,12,26561.51907189036,26614.324820713664,experiment,FIFO,0.28,0,variant_2
7551,INSPECTION_1_2,INSPECTION_1_2_LINE,26606.579425614887,1.4334561098658014,8,1.4334561098658014,45.06035372452607,7.745395098776498,12,26561.51907189036,26614.324820713664,experiment,FIFO,0.28,0,variant_2
7551,INSPECTION_1_3,INSPECTION_1_3_LINE,26606.690230350807,0.11080473591937334,9,0.11080473591937334,45.17115846044544,7.634590362857125,12,26561.51907189036,26614.324820713664,experiment,FIFO,0.28,0,variant_2
7551,INSPECTION_1_4,INSPECTION_1_4_LINE,26606.94433581133,0.2541054605244426,10,0.2541054605244426,45.42526392096988,7.380484902332682,12,26561.51907189036,26614.324820713664,experiment,FIFO,0.28,0,variant_2
7551,INSPECTION_1_5,INSPECTION_1_5_LINE,26606.97494402396,0.03060821262988611,11,0.03060821262988611,45.45587213359977,7.349876689702796,12,26561.51907189036,26614.324820713664,experiment,FIFO,0.28,0,variant_2
7551,INSPECTION_1_6,INSPECTION_1_6_LINE,26613.77288380293,6.744152136649063,12,6.797939778967702,52.25381191256747,0.551936910735094,9,26561.51907189036,26614.324820713664,experiment,FIFO,0.28,0,variant_2
7551,INSPECTION_1_7,INSPECTION_1_7_LINE,26614.324820713664,0.551936910735094,13,0.551936910735094,52.805748823302565,0.0,8,26561.51907189036,26614.324820713664,experiment,FIFO,0.28,0,variant_2
7552,MOULDING_4,MOULDING_MACHINE_4,26555.61652030739,1.0912911010927928,1,0.0,0.0,41.16275105900422,10,26555.61652030739,26596.779271366395,experiment,FIFO,0.28,0,variant_3
7552,ASSEMBLY_1_4,LINE_4_ASSEMBLY1,26558.0492289278,2.432708620410267,2,2.432708620410267,2.432708620410267,38.730042438593955,10,26555.61652030739,26596.779271366395,experiment,FIFO,0.28,0,variant_3
7552,ASSEMBLY_2_2,ASSEMBLY2_LINE_2,26573.25488638656,11.228078627420473,3,15.205657458758651,17.638366079168918,23.524384979835304,13,26555.61652030739,26596.779271366395,experiment,FIFO,0.28,0,variant_3
7552,SORTING,SORTING_ROBOT_1,26574.12280548853,0.8679191019691643,4,0.8679191019691643,18.506285181138082,22.65646587786614,14,26555.61652030739,26596.779271366395,experiment,FIFO,0.28,0,variant_3
7552,PACKAGING_2,PACKAGING_LINE_2,26582.97580874191,4.439198332696833,5,8.853003253381758,27.35928843451984,13.803462624484382,15,26555.61652030739,26596.779271366395,experiment,FIFO,0.28,0,variant_3
7552,INSPECTION_1_1,INSPECTION_1_1_LINE,26583.242723516403,0.26691477449276135,6,0.26691477449276135,27.6262032090126,13.53654784999162,15,26555.61652030739,26596.779271366395,experiment,FIFO,0.28,0,variant_3
7552,INSPECTION_1_2,INSPECTION_1_2_LINE,26583.899579199864,0.6568556834608898,7,0.6568556834608898,28.28305889247349,12.879692166530731,15,26555.61652030739,26596.779271366395,experiment,FIFO,0.28,0,variant_3
7552,INSPECTION_1_3,INSPECTION_1_3_LINE,26585.849280140144,1.9497009402803087,8,1.9497009402803087,30.2327598327538,10.929991226250422,15,26555.61652030739,26596.779271366395,experiment,FIFO,0.28,0,variant_3
7552,INSPECTION_1_4,INSPECTION_1_4_LINE,26586.30451961242,0.45523947227411554,9,0.45523947227411554,30.687999305027915,10.474751753976307,15,26555.61652030739,26596.779271366395,experiment,FIFO,0.28,0,variant_3
7552,INSPECTION_1_5,INSPECTION_1_5_LINE,26588.17861081412,1.8740912017019582,10,1.8740912017019582,32.562090506729874,8.600660552274348,15,26555.61652030739,26596.779271366395,experiment,FIFO,0.28,0,variant_3
7552,INSPECTION_1_6,INSPECTION_1_6_LINE,26588.66413338191,0.48552256778930314,11,0.48552256778930314,33.04761307451918,8.115137984485045,15,26555.61652030739,26596.779271366395,experiment,FIFO,0.28,0,variant_3
7552,INSPECTION_1_7,INSPECTION_1_7_LINE,26596.779271366395,4.715621941824793,12,8.115137984485045,41.16275105900422,0.0,11,26555.61652030739,26596.779271366395,experiment,FIFO,0.28,0,variant_3
7553,MOULDING_1,MOULDING_MACHINE_1,26562.459310995346,0.9402391049843573,1,0.0,0.0,34.520641845319915,13,26562.459310995346,26596.979952840666,experiment,FIFO,0.28,0,variant_3
7553,ASSEMBLY_1_1,LINE_1_ASSEMBLY1,26563.596246126337,1.1369351309913327,2,1.1369351309913327,1.1369351309913327,33.38370671432858,13,26562.459310995346,26596.979952840666,experiment,FIFO,0.28,0,variant_3
7553,ASSEMBLY_2_2,ASSEMBLY2_LINE_2,26573.3913158446,0.1364294580416754,3,9.79506971826413,10.932004849255463,23.58863699606445,13,26562.459310995346,26596.979952840666,experiment,FIFO,0.28,0,variant_3
7553,SORTING,SORTING_ROBOT_1,26577.17572763132,3.052922142789612,4,3.7844117867171008,14.716416635972564,19.80422520934735,14,26562.459310995346,26596.979952840666,experiment,FIFO,0.28,0,variant_3
7553,PACKAGING_1,PACKAGING_LINE_1,26582.986420314697,5.71438511272936,5,5.810692683378875,20.52710931935144,13.993532525968476,15,26562.459310995346,26596.979952840666,experiment,FIFO,0.28,0,variant_3
7553,INSPECTION_1_1,INSPECTION_1_1_LINE,26583.40016329012,0.1574397737167601,6,0.41374297542279237,20.94085229477423,13.579789550545684,15,26562.459310995346,26596.979952840666,experiment,FIFO,0.28,0,variant_3
7553,INSPECTION_1_2,INSPECTION_1_2_LINE,26584.43850992636,0.5389307264958916,7,1.0383466362400213,21.979198931014253,12.541442914305662,15,26562.459310995346,26596.979952840666,experiment,FIFO,0.28,0,variant_3
7553,INSPECTION_1_3,INSPECTION_1_3_LINE,26588.32946562177,2.4801854816250852,8,3.8909556954095024,25.870154626423755,8.65048721889616,15,26562.459310995346,26596.979952840666,experiment,FIFO,0.28,0,variant_3
7553,INSPECTION_1_4,INSPECTION_1_4_LINE,26591.6540885222,3.324622900428949,9,3.324622900428949,29.194777526852704,5.325864318467211,13,26562.459310995346,26596.979952840666,experiment,FIFO,0.28,0,variant_3
7553,INSPECTION_1_5,INSPECTION_1_5_LINE,26593.77878885356,2.1247003313619643,10,2.1247003313619643,31.31947785821467,3.2011639871052466,12,26562.459310995346,26596.979952840666,experiment,FIFO,0.28,0,variant_3
7553,INSPECTION_1_6,INSPECTION_1_6_LINE,26593.959995507,0.18120665344031295,11,0.18120665344031295,31.50068451165498,3.0199573336649337,12,26562.459310995346,26596.979952840666,experiment,FIFO,0.28,0,variant_3
7553,INSPECTION_1_7,INSPECTION_1_7_LINE,26596.979952840666,0.20068147427082295,12,3.0199573336649337,34.520641845319915,0.0,11,26562.459310995346,26596.979952840666,experiment,FIFO,0.28,0,variant_3
7554,MOULDING_2,MOULDING_MACHINE_2,26561.807489480947,2.9282260927866446,1,0.0,0.0,55.06228562812248,12,26561.807489480947,26616.86977510907,experiment,FIFO,0.28,0,variant_1
7554,ASSEMBLY_1_2,LINE_2_ASSEMBLY1,26585.902925350263,14.701768055059802,2,24.095435869316134,24.095435869316134,30.966849758806347,15,26561.807489480947,26616.86977510907,experiment,FIFO,0.28,0,variant_1
7554,ASSEMBLY_2_1,ASSEMBLY2_LINE_1,26594.617351479734,5.911001102293085,3,8.714426129470667,32.8098619987868,22.25242362933568,12,26561.807489480947,26616.86977510907,experiment,FIFO,0.28,0,variant_1
7554,SORTING,SORTING_ROBOT_1,26605.81800684232,2.3857545801001834,4,11.200655362586986,44.010517361373786,11.051768266748695,12,26561.807489480947,26616.86977510907,experiment,FIFO,0.28,0,variant_1
7554,PACKAGING_1,PACKAGING_LINE_1,26611.216099671088,5.398092828767403,5,5.398092828767403,49.40861019014119,5.653675437981292,9,26561.807489480947,26616.86977510907,experiment,FIFO,0.28,0,variant_1
7554,INSPECTION_2_1,INSPECTION_2_1_LINE,26612.45683124908,1.2407315779928467,6,1.2407315779928467,50.649341768134036,4.412943859988445,9,26561.807489480947,26616.86977510907,experiment,FIFO,0.28,0,variant_1
7554,INSPECTION_2_2,INSPECTION_2_2_LINE,26612.80458098386,0.34774973477760796,7,0.34774973477760796,50.997091502911644,4.065194125210837,9,26561.807489480947,26616.86977510907,experiment,FIFO,0.28,0,variant_1
7554,INSPECTION_2_3,INSPECTION_2_3_LINE,26613.800104950456,0.9955239665978297,8,0.9955239665978297,51.992615469509474,3.0696701586130075,9,26561.807489480947,26616.86977510907,experiment,FIFO,0.28,0,variant_1
7554,INSPECTION_2_4,INSPECTION_2_4_LINE,26614.19334273604,0.39323778558537015,9,0.39323778558537015,52.385853255094844,2.6764323730276374,9,26561.807489480947,26616.86977510907,experiment,FIFO,0.28,0,variant_1
7554,INSPECTION_2_5,INSPECTION_2_5_LINE,26614.92228027672,0.7289375406799081,10,0.7289375406799081,53.11479079577475,1.9474948323477292,8,26561.807489480947,26616.86977510907,experiment,FIFO,0.28,0,variant_1
7554,INSPECTION_2_6,INSPECTION_2_6_LINE,26616.404953280413,1.4826730036911613,11,1.4826730036911613,54.59746379946591,0.46482182865656796,8,26561.807489480947,26616.86977510907,experiment,FIFO,0.28,0,variant_1
7554,INSPECTION_2_7,INSPECTION_2_7_LINE,26616.86977510907,0.46482182865656796,12,0.46482182865656796,55.06228562812248,0.0,7,26561.807489480947,26616.86977510907,experiment,FIFO,0.28,0,variant_1
7555,MOULDING_1,MOULDING_MACHINE_1,26570.12790284871,7.587588769292779,1,0.0,0.0,21.767960200650123,14,26570.12790284871,26591.89586304936,experiment,FIFO,0.28,0,variant_6
7555,ASSEMBLY_1_3,LINE_3_ASSEMBLY1,26570.43627470631,0.3083718575981038,2,0.3083718575981038,0.3083718575981038,21.45958834305202,14,26570.12790284871,26591.89586304936,experiment,FIFO,0.28,0,variant_6
7555,ASSEMBLY_2_2,ASSEMBLY2_LINE_2,26577.44862267304,4.057306828439323,3,7.012347966730886,7.3207198243289895,14.447240376321133,14,26570.12790284871,26591.89586304936,experiment,FIFO,0.28,0,variant_6
7555,SORTING,SORTING_ROBOT_1,26577.7272011462,0.13517736071298714,4,0.2785784731604508,7.59929829748944,14.168661903160682,14,26570.12790284871,26591.89586304936,experiment,FIFO,0.28,0,variant_6
7555,PACKAGING_3,PACKAGING_LINE_3,26586.112380912,8.385179765798966,5,8.385179765798966,15.984478063288407,5.783482137361716,15,26570.12790284871,26591.89586304936,experiment,FIFO,0.28,0,variant_6
7555,INSPECTION_2_1,INSPECTION_2_1_LINE,26586.5249902864,0.41260937440165435,6,0.41260937440165435,16.39708743769006,5.370872762960062,15,26570.12790284871,26591.89586304936,experiment,FIFO,0.28,0,variant_6
7555,INSPECTION_2_2,INSPECTION_2_2_LINE,26587.435951982094,0.9109616956920945,7,0.9109616956920945,17.308049133382156,4.459911067267967,14,26570.12790284871,26591.89586304936,experiment,FIFO,0.28,0,variant_6
7555,INSPECTION_2_3,INSPECTION_2_3_LINE,26587.616372938468,0.18042095637429156,8,0.18042095637429156,17.488470089756447,4.279490110893676,14,26570.12790284871,26591.89586304936,experiment,FIFO,0.28,0,variant_6
7555,INSPECTION_2_4,INSPECTION_2_4_LINE,26588.23050260628,0.61412966781063,9,0.61412966781063,18.102599757567077,3.6653604430830455,15,26570.12790284871,26591.89586304936,experiment,FIFO,0.28,0,variant_6
7555,INSPECTION_2_5,INSPECTION_2_5_LINE,26588.68918284002,0.45868023373986944,10,0.45868023373986944,18.561279991306947,3.206680209343176,15,26570.12790284871,26591.89586304936,experiment,FIFO,0.28,0,variant_6
7555,INSPECTION_2_6,INSPECTION_2_6_LINE,26589.2803667191,0.5911838790816546,11,0.5911838790816546,19.1524638703886,2.6154963302615215,15,26570.12790284871,26591.89586304936,experiment,FIFO,0.28,0,variant_6
7555,INSPECTION_2_7,INSPECTION_2_7_LINE,26591.89586304936,0.2877598773484351,12,2.6154963302615215,21.767960200650123,0.0,12,26570.12790284871,26591.89586304936,experiment,FIFO,0.28,0,variant_6
7556,MOULDING_3,MOULDING_MACHINE_3,26573.659533248767,3.473410900460294,1,0.0,0.0,56.605709362043854,14,26573.659533248767,26630.26524261081,experiment,FIFO,0.28,0,variant_5
7556,ASSEMBLY_1_2,LINE_2_ASSEMBLY1,26597.087379803208,6.930543498998304,2,23.427846554441203,23.427846554441203,33.17786280760265,11,26573.659533248767,26630.26524261081,experiment,FIFO,0.28,0,variant_5
7556,ASSEMBLY_2_1,ASSEMBLY2_LINE_1,26609.931669265017,11.265247184353939,3,12.84428946180924,36.27213601625044,20.33357334579341,10,26573.659533248767,26630.26524261081,experiment,FIFO,0.28,0,variant_5
7556,SORTING,SORTING_ROBOT_1,26614.09688251193,2.59132466660958,4,4.165213246913481,40.437349263163924,16.16836009887993,9,26573.659533248767,26630.26524261081,experiment,FIFO,0.28,0,variant_5
7556,PACKAGING_2,PACKAGING_LINE_2,26621.967561504265,1.4631989408371737,5,7.870678992334433,48.30802825549836,8.297681106545497,10,26573.659533248767,26630.26524261081,experiment,FIFO,0.28,0,variant_5
7556,INSPECTION_1_1,INSPECTION_1_1_LINE,26626.438187792264,1.1193941475830798,6,4.470626287999039,52.778654543497396,3.8270548185464577,10,26573.659533248767,26630.26524261081,experiment,FIFO,0.28,0,variant_5
7556,INSPECTION_1_2,INSPECTION_1_2_LINE,26626.87331351548,0.43512572321560583,7,0.43512572321560583,53.213780266713,3.391929095330852,9,26573.659533248767,26630.26524261081,experiment,FIFO,0.28,0,variant_5
7556,INSPECTION_1_3,INSPECTION_1_3_LINE,26627.25525682498,0.38194330950136646,8,0.38194330950136646,53.59572357621437,3.0099857858294854,9,26573.659533248767,26630.26524261081,experiment,FIFO,0.28,0,variant_5
7556,INSPECTION_1_4,INSPECTION_1_4_LINE,26628.875654048355,1.6203972233743116,9,1.6203972233743116,55.21612079958868,1.3895885624551738,8,26573.659533248767,26630.26524261081,experiment,FIFO,0.28,0,variant_5
7556,INSPECTION_1_5,INSPECTION_1_5_LINE,26629.42765312277,0.5519990744141978,10,0.5519990744141978,55.76811987400288,0.837589488040976,8,26573.659533248767,26630.26524261081,experiment,FIFO,0.28,0,variant_5
7556,INSPECTION_1_6,INSPECTION_1_6_LINE,26630.142481729432,0.7148286066621949,11,0.7148286066621949,56.48294848066507,0.12276088137878105,8,26573.659533248767,26630.26524261081,experiment,FIFO,0.28,0,variant_5
7556,INSPECTION_1_7,INSPECTION_1_7_LINE,26630.26524261081,0.12276088137878105,12,0.12276088137878105,56.605709362043854,0.0,7,26573.659533248767,26630.26524261081,experiment,FIFO,0.28,0,variant_5
7557,MOULDING_1,MOULDING_MACHINE_1,26579.9276876723,6.458938019022753,1,0.0,0.0,27.356579490857257,15,26579.9276876723,26607.28426716316,experiment,FIFO,0.28,0,variant_3
7557,ASSEMBLY_1_5,LINE_5_ASSEMBLY1,26584.45614333644,4.528455664138164,2,4.528455664138164,4.528455664138164,22.828123826719093,15,26579.9276876723,26607.28426716316,experiment,FIFO,0.28,0,variant_3
7557,ASSEMBLY_2_1,ASSEMBLY2_LINE_1,26588.70635037744,3.344994370429049,3,4.2502070410009765,8.77866270513914,18.577916785718116,15,26579.9276876723,26607.28426716316,experiment,FIFO,0.28,0,variant_3
7557,SORTING,SORTING_ROBOT_1,26596.45423098067,0.3286558205654728,4,7.747880603230442,16.526543308369583,10.830036182487675,12,26579.9276876723,26607.28426716316,experiment,FIFO,0.28,0,variant_3
7557,PACKAGING_2,PACKAGING_LINE_2,26598.44925076223,1.9950197815596766,5,1.9950197815596766,18.52156308992926,8.835016400927998,10,26579.9276876723,26607.28426716316,experiment,FIFO,0.28,0,variant_3
7557,INSPECTION_2_1,INSPECTION_2_1_LINE,26600.412118022905,1.962867260674102,6,1.962867260674102,20.48443035060336,6.872149140253896,10,26579.9276876723,26607.28426716316,experiment,FIFO,0.28,0,variant_3
7557,INSPECTION_2_2,INSPECTION_2_2_LINE,26600.58743331792,0.17531529501502519,7,0.17531529501502519,20.659745645618386,6.696833845238871,10,26579.9276876723,26607.28426716316,experiment,FIFO,0.28,0,variant_3
7557,INSPECTION_2_3,INSPECTION_2_3_LINE,26603.713880850373,3.1264475324533123,8,3.1264475324533123,23.7861931780717,3.5703863127855584,12,26579.9276876723,26607.28426716316,experiment,FIFO,0.28,0,variant_3
7557,INSPECTION_2_4,INSPECTION_2_4_LINE,26603.92451871575,0.2106378653770662,9,0.2106378653770662,23.996831043448765,3.359748447408492,12,26579.9276876723,26607.28426716316,experiment,FIFO,0.28,0,variant_3
7557,INSPECTION_2_5,INSPECTION_2_5_LINE,26604.026316712967,0.10179799721663585,10,0.10179799721663585,24.0986290406654,3.2579504501918564,12,26579.9276876723,26607.28426716316,experiment,FIFO,0.28,0,variant_3
7557,INSPECTION_2_6,INSPECTION_2_6_LINE,26605.991797328024,1.9654806150574586,11,1.9654806150574586,26.06410965572286,1.2924698351343977,12,26579.9276876723,26607.28426716316,experiment,FIFO,0.28,0,variant_3
7557,INSPECTION_2_7,INSPECTION_2_7_LINE,26607.28426716316,1.2924698351343977,12,1.2924698351343977,27.356579490857257,0.0,11,26579.9276876723,26607.28426716316,experiment,FIFO,0.28,0,variant_3
7558,MOULDING_5,MOULDING_MACHINE_5,26575.66193737473,1.689940270891384,1,0.0,0.0,33.40857806949498,15,26575.66193737473,26609.070515444226,experiment,FIFO,0.28,0,variant_5
7558,ASSEMBLY_1_4,LINE_4_ASSEMBLY1,26577.53340345713,1.8714660824007296,2,1.8714660824007296,1.8714660824007296,31.53711198709425,14,26575.66193737473,26609.070515444226,experiment,FIFO,0.28,0,variant_5
7558,ASSEMBLY_2_2,ASSEMBLY2_LINE_2,26592.205659226067,14.672255768935429,3,14.672255768935429,16.54372185133616,16.86485621815882,11,26575.66193737473,26609.070515444226,experiment,FIFO,0.28,0,variant_5
7558,SORTING,SORTING_ROBOT_1,26601.26273459183,4.808503611158812,4,9.057075365763012,25.60079721709917,7.807780852395808,11,26575.66193737473,26609.070515444226,experiment,FIFO,0.28,0,variant_5
7558,PACKAGING_1,PACKAGING_LINE_1,26601.27147667848,0.008742086651182035,5,0.008742086651182035,25.609539303750353,7.799038765744626,11,26575.66193737473,26609.070515444226,experiment,FIFO,0.28,0,variant_5
7558,INSPECTION_2_1,INSPECTION_2_1_LINE,26601.27203425121,0.0005575727300310973,6,0.0005575727300310973,25.610096876480384,7.798481193014595,11,26575.66193737473,26609.070515444226,experiment,FIFO,0.28,0,variant_5
7558,INSPECTION_2_2,INSPECTION_2_2_LINE,26602.095925208963,0.8238909577521554,7,0.8238909577521554,26.43398783423254,6.97459023526244,12,26575.66193737473,26609.070515444226,experiment,FIFO,0.28,0,variant_5
7558,INSPECTION_2_3,INSPECTION_2_3_LINE,26604.77226678304,1.05838593266526,8,2.6763415740751952,29.110329408307734,4.298248661187245,12,26575.66193737473,26609.070515444226,experiment,FIFO,0.28,0,variant_5
7558,INSPECTION_2_4,INSPECTION_2_4_LINE,26605.68701890715,0.9147521241102368,9,0.9147521241102368,30.02508153241797,3.383496537077008,12,26575.66193737473,26609.070515444226,experiment,FIFO,0.28,0,variant_5
7558,INSPECTION_2_5,INSPECTION_2_5_LINE,26606.52099458396,0.833975676810951,10,0.833975676810951,30.859057209228922,2.549520860266057,12,26575.66193737473,26609.070515444226,experiment,FIFO,0.28,0,variant_5
7558,INSPECTION_2_6,INSPECTION_2_6_LINE,26607.50328846312,0.982293879158533,11,0.982293879158533,31.841351088387455,1.567226981107524,11,26575.66193737473,26609.070515444226,experiment,FIFO,0.28,0,variant_5
7558,INSPECTION_2_7,INSPECTION_2_7_LINE,26609.070515444226,1.567226981107524,12,1.567226981107524,33.40857806949498,0.0,9,26575.66193737473,26609.070515444226,experiment,FIFO,0.28,0,variant_5
7559,MOULDING_3,MOULDING_MACHINE_3,26578.23054742173,1.7931272288842592,1,0.0,0.0,32.88774199305408,14,26578.23054742173,26611.118289414782,experiment,FIFO,0.28,0,variant_5
7559,ASSEMBLY_1_3,LINE_3_ASSEMBLY1,26592.579102201533,14.348554779804545,2,14.348554779804545,14.348554779804545,18.539187213249534,11,26578.23054742173,26611.118289414782,experiment,FIFO,0.28,0,variant_5
7559,ASSEMBLY_2_2,ASSEMBLY2_LINE_2,26592.62226962833,0.04316742679657182,3,0.04316742679657182,14.391722206601116,18.496019786452962,11,26578.23054742173,26611.118289414782,experiment,FIFO,0.28,0,variant_5
7559,SORTING,SORTING_ROBOT_1,26603.43225226222,0.5242179520828358,4,10.809982633891195,25.20170484049231,7.686037152561767,12,26578.23054742173,26611.118289414782,experiment,FIFO,0.28,0,variant_5
7559,PACKAGING_3,PACKAGING_LINE_3,26607.54473885901,4.112486596790404,5,4.112486596790404,29.314191437282716,3.5735505557713623,11,26578.23054742173,26611.118289414782,experiment,FIFO,0.28,0,variant_5
7559,INSPECTION_2_1,INSPECTION_2_1_LINE,26608.056508658912,0.5117697999012307,6,0.5117697999012307,29.825961237183947,3.0617807558701315,10,26578.23054742173,26611.118289414782,experiment,FIFO,0.28,0,variant_5
7559,INSPECTION_2_2,INSPECTION_2_2_LINE,26609.00496146696,0.948452808046568,7,0.948452808046568,30.774414045230515,2.1133279478235636,10,26578.23054742173,26611.118289414782,experiment,FIFO,0.28,0,variant_5
7559,INSPECTION_2_3,INSPECTION_2_3_LINE,26609.504056799065,0.4990953321066627,8,0.4990953321066627,31.273509377337177,1.614232615716901,9,26578.23054742173,26611.118289414782,experiment,FIFO,0.28,0,variant_5
7559,INSPECTION_2_4,INSPECTION_2_4_LINE,26610.48564517577,0.9815883767041669,9,0.9815883767041669,32.255097754041344,0.632644239012734,10,26578.23054742173,26611.118289414782,experiment,FIFO,0.28,0,variant_5
7559,INSPECTION_2_5,INSPECTION_2_5_LINE,26610.834558777377,0.34891360160690965,10,0.34891360160690965,32.604011355648254,0.2837306374058244,10,26578.23054742173,26611.118289414782,experiment,FIFO,0.28,0,variant_5
7559,INSPECTION_2_6,INSPECTION_2_6_LINE,26611.018536537897,0.1839777605200652,11,0.1839777605200652,32.78798911616832,0.09975287688575918,10,26578.23054742173,26611.118289414782,experiment,FIFO,0.28,0,variant_5
7559,INSPECTION_2_7,INSPECTION_2_7_LINE,26611.118289414782,0.09975287688575918,12,0.09975287688575918,32.88774199305408,0.0,9,26578.23054742173,26611.118289414782,experiment,FIFO,0.28,0,variant_5
7560,MOULDING_2,MOULDING_MACHINE_2,26587.618167511788,5.684583399746771,1,0.0,0.0,40.51154474847135,15,26587.618167511788,26628.12971226026,experiment,FIFO,0.28,0,variant_3
7560,ASSEMBLY_1_5,LINE_5_ASSEMBLY1,26591.2453388654,3.6271713536116295,2,3.6271713536116295,3.6271713536116295,36.88437339485972,14,26587.618167511788,26628.12971226026,experiment,FIFO,0.28,0,variant_3
7560,ASSEMBLY_2_1,ASSEMBLY2_LINE_1,26598.666422080663,4.049070600929554,3,7.421083215263934,11.048254568875564,29.463290179595788,10,26587.618167511788,26628.12971226026,experiment,FIFO,0.28,0,variant_3
7560,SORTING,SORTING_ROBOT_1,26610.49961539245,4.681608550130477,4,11.833193311787909,22.881447880663472,17.63009686780788,10,26587.618167511788,26628.12971226026,experiment,FIFO,0.28,0,variant_3
7560,PACKAGING_2,PACKAGING_LINE_2,26620.504362563428,10.00474717097677,5,10.00474717097677,32.88619505164024,7.625349696831108,9,26587.618167511788,26628.12971226026,experiment,FIFO,0.28,0,variant_3
7560,INSPECTION_2_1,INSPECTION_2_1_LINE,26621.90290509594,1.398542532511783,6,1.398542532511783,34.284737584152026,6.226807164319325,10,26587.618167511788,26628.12971226026,experiment,FIFO,0.28,0,variant_3
7560,INSPECTION_2_2,INSPECTION_2_2_LINE,26622.48576389629,0.5828588003496407,7,0.5828588003496407,34.86759638450167,5.643948363969685,10,26587.618167511788,26628.12971226026,experiment,FIFO,0.28,0,variant_3
7560,INSPECTION_2_3,INSPECTION_2_3_LINE,26623.27938678845,0.7936228921607835,8,0.7936228921607835,35.66121927666245,4.850325471808901,10,26587.618167511788,26628.12971226026,experiment,FIFO,0.28,0,variant_3
7560,INSPECTION_2_4,INSPECTION_2_4_LINE,26624.05226167225,0.7728748837980675,9,0.7728748837980675,36.43409416046052,4.077450588010834,10,26587.618167511788,26628.12971226026,experiment,FIFO,0.28,0,variant_3
7560,INSPECTION_2_5,INSPECTION_2_5_LINE,26627.002801307764,2.9505396355161793,10,2.9505396355161793,39.3846337959767,1.1269109524946543,9,26587.618167511788,26628.12971226026,experiment,FIFO,0.28,0,variant_3
7560,INSPECTION_2_6,INSPECTION_2_6_LINE,26627.50908992623,0.5062886184641684,11,0.5062886184641684,39.890922414440865,0.620622334030486,9,26587.618167511788,26628.12971226026,experiment,FIFO,0.28,0,variant_3
7560,INSPECTION_2_7,INSPECTION_2_7_LINE,26628.12971226026,0.620622334030486,12,0.620622334030486,40.51154474847135,0.0,8,26587.618167511788,26628.12971226026,experiment,FIFO,0.28,0,variant_3
7561,MOULDING_1,MOULDING_MACHINE_1,26593.320637172703,6.511835430595966,1,0.0,0.0,33.409274025820196,12,26593.320637172703,26626.729911198523,experiment,FIFO,0.28,0,variant_1
7561,ASSEMBLY_1_1,LINE_1_ASSEMBLY1,26598.81348348058,5.49284630787588,2,5.49284630787588,5.49284630787588,27.916427717944316,10,26593.320637172703,26626.729911198523,experiment,FIFO,0.28,0,variant_1
7561,ASSEMBLY_2_2,ASSEMBLY2_LINE_2,26601.896054130604,3.0825706500254455,3,3.0825706500254455,8.575416957901325,24.83385706791887,12,26593.320637172703,26626.729911198523,experiment,FIFO,0.28,0,variant_1
7561,SORTING,SORTING_ROBOT_1,26611.50555784532,1.005942452869931,4,9.609503714716993,18.18492067261832,15.224353353201877,9,26593.320637172703,26626.729911198523,experiment,FIFO,0.28,0,variant_1
7561,PACKAGING_3,PACKAGING_LINE_3,26612.07880624425,0.5732483989304455,5,0.5732483989304455,18.758169071548764,14.651104954271432,9,26593.320637172703,26626.729911198523,experiment,FIFO,0.28,0,variant_1
7561,INSPECTION_1_1,INSPECTION_1_1_LINE,26625.31879364468,13.239987400429527,6,13.239987400429527,31.99815647197829,1.4111175538419047,10,26593.320637172703,26626.729911198523,experiment,FIFO,0.28,0,variant_1
7561,INSPECTION_1_2,INSPECTION_1_2_LINE,26625.47579370604,0.15700006135739386,7,0.15700006135739386,32.155156533335685,1.2541174924845109,10,26593.320637172703,26626.729911198523,experiment,FIFO,0.28,0,variant_1
7561,INSPECTION_1_3,INSPECTION_1_3_LINE,26625.7807686944,0.3049749883612094,8,0.3049749883612094,32.460131521696894,0.9491425041233015,10,26593.320637172703,26626.729911198523,experiment,FIFO,0.28,0,variant_1
7561,INSPECTION_1_4,INSPECTION_1_4_LINE,26625.880213106164,0.0994444117641251,9,0.0994444117641251,32.55957593346102,0.8496980923591764,10,26593.320637172703,26626.729911198523,experiment,FIFO,0.28,0,variant_1
7561,INSPECTION_1_5,INSPECTION_1_5_LINE,26626.29206503134,0.41185192517514224,10,0.41185192517514224,32.97142785863616,0.43784616718403413,10,26593.320637172703,26626.729911198523,experiment,FIFO,0.28,0,variant_1
7561,INSPECTION_1_6,INSPECTION_1_6_LINE,26626.40707939909,0.11501436775142793,11,0.11501436775142793,33.08644222638759,0.3228317994326062,10,26593.320637172703,26626.729911198523,experiment,FIFO,0.28,0,variant_1
7561,INSPECTION_1_7,INSPECTION_1_7_LINE,26626.729911198523,0.3228317994326062,12,0.3228317994326062,33.409274025820196,0.0,9,26593.320637172703,26626.729911198523,experiment,FIFO,0.28,0,variant_1
7562,MOULDING_4,MOULDING_MACHINE_4,26596.81180776745,3.403769169766747,1,0.0,0.0,34.145231925420376,12,26596.81180776745,26630.957039692872,experiment,FIFO,0.28,0,variant_5
7562,ASSEMBLY_1_1,LINE_1_ASSEMBLY1,26599.99024344901,1.1767599684317247,2,3.178435681558767,3.178435681558767,30.96679624386161,10,26596.81180776745,26630.957039692872,experiment,FIFO,0.28,0,variant_5
7562,ASSEMBLY_2_2,ASSEMBLY2_LINE_2,26614.155055606738,12.259001476133562,3,14.164812157727283,17.34324783928605,16.801984086134325,9,26596.81180776745,26630.957039692872,experiment,FIFO,0.28,0,variant_5
7562,SORTING,SORTING_ROBOT_1,26621.022301437173,6.867245830435422,4,6.867245830435422,24.210493669721473,9.934738255698903,10,26596.81180776745,26630.957039692872,experiment,FIFO,0.28,0,variant_5
7562,PACKAGING_2,PACKAGING_LINE_2,26623.47178511057,1.5042236063054588,5,2.4494836733974807,26.659977343118953,7.4852545823014225,10,26596.81180776745,26630.957039692872,experiment,FIFO,0.28,0,variant_5
7562,INSPECTION_2_1,INSPECTION_2_1_LINE,26624.13248124644,0.6606961358702392,6,0.6606961358702392,27.320673478989193,6.824558446431183,10,26596.81180776745,26630.957039692872,experiment,FIFO,0.28,0,variant_5
7562,INSPECTION_2_2,INSPECTION_2_2_LINE,26626.370054044462,2.2375727980215743,7,2.2375727980215743,29.558246277010767,4.586985648409609,10,26596.81180776745,26630.957039692872,experiment,FIFO,0.28,0,variant_5
7562,INSPECTION_2_3,INSPECTION_2_3_LINE,26627.716721046025,1.3466670015623095,8,1.3466670015623095,30.904913278573076,3.2403186468472995,9,26596.81180776745,26630.957039692872,experiment,FIFO,0.28,0,variant_5
7562,INSPECTION_2_4,INSPECTION_2_4_LINE,26627.9088058036,0.19208475757477572,9,0.19208475757477572,31.096998036147852,3.048233889272524,9,26596.81180776745,26630.957039692872,experiment,FIFO,0.28,0,variant_5
7562,INSPECTION_2_5,INSPECTION_2_5_LINE,26628.432006727635,0.5232009240353364,10,0.5232009240353364,31.62019896018319,2.5250329652371875,8,26596.81180776745,26630.957039692872,experiment,FIFO,0.28,0,variant_5
7562,INSPECTION_2_6,INSPECTION_2_6_LINE,26630.613323872964,2.1813171453286486,11,2.1813171453286486,33.80151610551184,0.34371581990853883,7,26596.81180776745,26630.957039692872,experiment,FIFO,0.28,0,variant_5
7562,INSPECTION_2_7,INSPECTION_2_7_LINE,26630.957039692872,0.34371581990853883,12,0.34371581990853883,34.145231925420376,0.0,6,26596.81180776745,26630.957039692872,experiment,FIFO,0.28,0,variant_5
7563,MOULDING_2,MOULDING_MACHINE_2,26601.59874868171,4.24750031475196,1,0.0,0.0,49.70792203456949,12,26601.59874868171,26651.30667071628,experiment,FIFO,0.28,0,variant_1
7563,ASSEMBLY_1_5,LINE_5_ASSEMBLY1,26601.97699874965,0.37825006794082583,2,0.37825006794082583,0.37825006794082583,49.329671966628666,12,26601.59874868171,26651.30667071628,experiment,FIFO,0.28,0,variant_1
7563,ASSEMBLY_2_2,ASSEMBLY2_LINE_2,26625.80134748688,11.64629188014078,3,23.82434873722741,24.202598805168236,25.505323229401256,10,26601.59874868171,26651.30667071628,experiment,FIFO,0.28,0,variant_1
7563,SORTING,SORTING_ROBOT_1,26635.65079309181,3.7573173458877136,4,9.849445604930224,34.05204441009846,15.655877624471032,4,26601.59874868171,26651.30667071628,experiment,FIFO,0.28,0,variant_1
7563,PACKAGING_1,PACKAGING_LINE_1,26639.495441956075,3.844648864265764,5,3.844648864265764,37.896693274364225,11.811228760205267,4,26601.59874868171,26651.30667071628,experiment,FIFO,0.28,0,variant_1
7563,INSPECTION_1_1,INSPECTION_1_1_LINE,26640.062213572062,0.5667716159878182,6,0.5667716159878182,38.46346489035204,11.24445714421745,4,26601.59874868171,26651.30667071628,experiment,FIFO,0.28,0,variant_1
7563,INSPECTION_1_2,INSPECTION_1_2_LINE,26640.49049539039,0.42828181832737755,7,0.42828181832737755,38.89174670867942,10.816175325890072,5,26601.59874868171,26651.30667071628,experiment,FIFO,0.28,0,variant_1
7563,INSPECTION_1_3,INSPECTION_1_3_LINE,26645.36339030069,2.4209960837470135,8,4.872894910298783,43.7646416189782,5.943280415591289,8,26601.59874868171,26651.30667071628,experiment,FIFO,0.28,0,variant_1
7563,INSPECTION_1_4,INSPECTION_1_4_LINE,26646.14569856752,0.7823082668328425,9,0.7823082668328425,44.546949885811046,5.160972148758447,10,26601.59874868171,26651.30667071628,experiment,FIFO,0.28,0,variant_1
7563,INSPECTION_1_5,INSPECTION_1_5_LINE,26647.130174574468,0.9844760069463518,10,0.9844760069463518,45.5314258927574,4.176496141812095,10,26601.59874868171,26651.30667071628,experiment,FIFO,0.28,0,variant_1
7563,INSPECTION_1_6,INSPECTION_1_6_LINE,26650.9747078159,3.8445332414339646,11,3.8445332414339646,49.37595913419136,0.33196290037813014,13,26601.59874868171,26651.30667071628,experiment,FIFO,0.28,0,variant_1
7563,INSPECTION_1_7,INSPECTION_1_7_LINE,26651.30667071628,0.33196290037813014,12,0.33196290037813014,49.70792203456949,0.0,12,26601.59874868171,26651.30667071628,experiment,FIFO,0.28,0,variant_1
7564,MOULDING_5,MOULDING_MACHINE_5,26600.749459860603,1.0474292888320633,1,0.0,0.0,33.74083192272519,11,26600.749459860603,26634.490291783328,experiment,FIFO,0.28,0,variant_4
7564,ASSEMBLY_1_4,LINE_4_ASSEMBLY1,26608.31468740448,7.565227543876972,2,7.565227543876972,7.565227543876972,26.17560437884822,10,26600.749459860603,26634.490291783328,experiment,FIFO,0.28,0,variant_4
7564,ASSEMBLY_2_1,ASSEMBLY2_LINE_1,26616.302904153446,6.371234888429171,3,7.988216748966806,15.553444292843778,18.187387629881414,8,26600.749459860603,26634.490291783328,experiment,FIFO,0.28,0,variant_4
7564,SORTING,SORTING_ROBOT_1,26621.334563338853,0.3122619016794488,4,5.03165918540617,20.58510347824995,13.155728444475244,10,26600.749459860603,26634.490291783328,experiment,FIFO,0.28,0,variant_4
7564,PACKAGING_3,PACKAGING_LINE_3,26622.46747536915,1.13291203029803,5,1.13291203029803,21.71801550854798,12.022816414177214,10,26600.749459860603,26634.490291783328,experiment,FIFO,0.28,0,variant_4
7564,INSPECTION_1_1,INSPECTION_1_1_LINE,26627.64519298575,1.2070051934861112,6,5.177717616599693,26.89573312514767,6.845098797577521,9,26600.749459860603,26634.490291783328,experiment,FIFO,0.28,0,variant_4
7564,INSPECTION_1_2,INSPECTION_1_2_LINE,26628.439068249216,0.793875263465452,7,0.793875263465452,27.689608388613124,6.051223534112069,8,26600.749459860603,26634.490291783328,experiment,FIFO,0.28,0,variant_4
7564,INSPECTION_1_3,INSPECTION_1_3_LINE,26628.989585616386,0.5505173671699595,8,0.5505173671699595,28.240125755783083,5.500706166942109,8,26600.749459860603,26634.490291783328,experiment,FIFO,0.28,0,variant_4
7564,INSPECTION_1_4,INSPECTION_1_4_LINE,26629.326524224834,0.3369386084486905,9,0.3369386084486905,28.577064364231774,5.163767558493419,8,26600.749459860603,26634.490291783328,experiment,FIFO,0.28,0,variant_4
7564,INSPECTION_1_5,INSPECTION_1_5_LINE,26630.445681755784,1.0180286330141826,10,1.119157530949451,29.696221895181225,4.044610027543968,7,26600.749459860603,26634.490291783328,experiment,FIFO,0.28,0,variant_4
7564,INSPECTION_1_6,INSPECTION_1_6_LINE,26630.88983594339,0.44415418760763714,11,0.44415418760763714,30.140376082788862,3.6004558399363304,7,26600.749459860603,26634.490291783328,experiment,FIFO,0.28,0,variant_4
7564,INSPECTION_1_7,INSPECTION_1_7_LINE,26634.490291783328,3.6004558399363304,12,3.6004558399363304,33.74083192272519,0.0,4,26600.749459860603,26634.490291783328,experiment,FIFO,0.28,0,variant_4
7565,MOULDING_2,MOULDING_MACHINE_2,26609.681200710056,1.033755709293473,1,0.0,0.0,21.9265279813917,10,26609.681200710056,26631.607728691448,experiment,FIFO,0.28,0,variant_2
7565,ASSEMBLY_1_5,LINE_5_ASSEMBLY1,26610.80032454938,1.1191238393221283,2,1.1191238393221283,1.1191238393221283,20.807404142069572,10,26609.681200710056,26631.607728691448,experiment,FIFO,0.28,0,variant_2
7565,ASSEMBLY_2_1,ASSEMBLY2_LINE_1,26618.19551591229,1.8926117588453053,3,7.395191362913465,8.514315202235593,13.412212779156107,9,26609.681200710056,26631.607728691448,experiment,FIFO,0.28,0,variant_2
7565,SORTING,SORTING_ROBOT_1,26626.54420529016,5.209641951307276,4,8.34868937786814,16.863004580103734,5.063523401287966,10,26609.681200710056,26631.607728691448,experiment,FIFO,0.28,0,variant_2
7565,PACKAGING_2,PACKAGING_LINE_2,26627.004331962853,0.4601266726931499,5,0.4601266726931499,17.323131252796884,4.6033967285948165,9,26609.681200710056,26631.607728691448,experiment,FIFO,0.28,0,variant_2
7565,INSPECTION_2_1,INSPECTION_2_1_LINE,26629.416886702176,2.412554739323241,6,2.412554739323241,19.735685992120125,2.1908419892715756,8,26609.681200710056,26631.607728691448,experiment,FIFO,0.28,0,variant_2
7565,INSPECTION_2_2,INSPECTION_2_2_LINE,26629.64647673143,0.22959002925199457,7,0.22959002925199457,19.96527602137212,1.961251960019581,8,26609.681200710056,26631.607728691448,experiment,FIFO,0.28,0,variant_2
7565,INSPECTION_2_3,INSPECTION_2_3_LINE,26629.85266709681,0.20619036538118962,8,0.20619036538118962,20.17146638675331,1.7550615946383914,8,26609.681200710056,26631.607728691448,experiment,FIFO,0.28,0,variant_2
7565,INSPECTION_2_4,INSPECTION_2_4_LINE,26630.22585844065,0.3731913438423362,9,0.3731913438423362,20.544657730595645,1.3818702507960552,8,26609.681200710056,26631.607728691448,experiment,FIFO,0.28,0,variant_2
7565,INSPECTION_2_5,INSPECTION_2_5_LINE,26630.726156305995,0.5002978653428727,10,0.5002978653428727,21.044955595938518,0.8815723854531825,7,26609.681200710056,26631.607728691448,experiment,FIFO,0.28,0,variant_2
7565,INSPECTION_2_6,INSPECTION_2_6_LINE,26630.79386831284,0.06771200684670475,11,0.06771200684670475,21.112667602785223,0.8138603786064778,7,26609.681200710056,26631.607728691448,experiment,FIFO,0.28,0,variant_2
7565,INSPECTION_2_7,INSPECTION_2_7_LINE,26631.607728691448,0.650688998575788,12,0.8138603786064778,21.9265279813917,0.0,5,26609.681200710056,26631.607728691448,experiment,FIFO,0.28,0,variant_2
7566,MOULDING_5,MOULDING_MACHINE_5,26617.72167388576,4.911064937139599,1,0.0,0.0,36.44413301984241,9,26617.72167388576,26654.165806905603,experiment,FIFO,0.28,0,variant_1
7566,ASSEMBLY_1_2,LINE_2_ASSEMBLY1,26628.969100383307,11.247426497546257,2,11.247426497546257,11.247426497546257,25.196706522296154,8,26617.72167388576,26654.165806905603,experiment,FIFO,0.28,0,variant_1
7566,ASSEMBLY_2_2,ASSEMBLY2_LINE_2,26629.39276826324,0.4236678799315996,3,0.4236678799315996,11.671094377477857,24.773038642364554,8,26617.72167388576,26654.165806905603,experiment,FIFO,0.28,0,variant_1
7566,SORTING,SORTING_ROBOT_1,26636.41080404785,0.7600109560407873,4,7.018035784611129,18.689130162088986,17.755002857753425,4,26617.72167388576,26654.165806905603,experiment,FIFO,0.28,0,variant_1
7566,PACKAGING_2,PACKAGING_LINE_2,26644.23697204277,7.826167994920979,5,7.826167994920979,26.515298157009966,9.928834862832446,7,26617.72167388576,26654.165806905603,experiment,FIFO,0.28,0,variant_1
7566,PACKAGING_2,PACKAGING_LINE_2,26650.19411262412,5.3418000919955375,6,5.957140581351268,32.472438738361234,3.9716942814811773,12,26617.72167388576,26654.165806905603,experiment,FIFO,0.28,0,variant_1
7566,INSPECTION_2_1,INSPECTION_2_1_LINE,26650.28681499324,0.09270236911834218,7,0.09270236911834218,32.565141107479576,3.878991912362835,12,26617.72167388576,26654.165806905603,experiment,FIFO,0.28,0,variant_1
7566,INSPECTION_2_2,INSPECTION_2_2_LINE,26650.75494241702,0.4681274237809703,8,0.4681274237809703,33.033268531260546,3.410864488581865,12,26617.72167388576,26654.165806905603,experiment,FIFO,0.28,0,variant_1
7566,INSPECTION_2_3,INSPECTION_2_3_LINE,26650.94331386868,0.18837145165889524,9,0.18837145165889524,33.22163998291944,3.2224930369229696,13,26617.72167388576,26654.165806905603,experiment,FIFO,0.28,0,variant_1
7566,INSPECTION_2_3,INSPECTION_2_3_LINE,26651.05910151481,0.11578764612931991,10,0.11578764612931991,33.33742762904876,3.1067053907936497,13,26617.72167388576,26654.165806905603,experiment,FIFO,0.28,0,variant_1
7566,INSPECTION_2_4,INSPECTION_2_4_LINE,26651.403046087293,0.34394457248345134,11,0.34394457248345134,33.68137220153221,2.7627608183101984,12,26617.72167388576,26654.165806905603,experiment,FIFO,0.28,0,variant_1
7566,INSPECTION_2_5,INSPECTION_2_5_LINE,26651.41369936128,0.010653273988282308,12,0.010653273988282308,33.692025475520495,2.752107544321916,12,26617.72167388576,26654.165806905603,experiment,FIFO,0.28,0,variant_1
7566,INSPECTION_2_6,INSPECTION_2_6_LINE,26653.00386573447,1.5901663731892768,13,1.5901663731892768,35.28219184870977,1.1619411711326393,14,26617.72167388576,26654.165806905603,experiment,FIFO,0.28,0,variant_1
7566,INSPECTION_2_7,INSPECTION_2_7_LINE,26654.165806905603,1.1619411711326393,14,1.1619411711326393,36.44413301984241,0.0,14,26617.72167388576,26654.165806905603,experiment,FIFO,0.28,0,variant_1
7567,MOULDING_1,MOULDING_MACHINE_1,26617.61638571315,3.9523690629648627,1,0.0,0.0,26.778752367597917,8,26617.61638571315,26644.39513808075,experiment,FIFO,0.28,0,variant_3
7567,ASSEMBLY_1_3,LINE_3_ASSEMBLY1,26619.23009210261,1.6137063894602761,2,1.6137063894602761,1.6137063894602761,25.16504597813764,9,26617.61638571315,26644.39513808075,experiment,FIFO,0.28,0,variant_3
7567,ASSEMBLY_2_1,ASSEMBLY2_LINE_1,26622.11494173736,2.8848496347491164,3,2.8848496347491164,4.4985560242093925,22.280196343388525,10,26617.61638571315,26644.39513808075,experiment,FIFO,0.28,0,variant_3
7567,SORTING,SORTING_ROBOT_1,26631.89347574592,5.349270455761143,4,9.77853400856111,14.277090032770502,12.501662334827415,5,26617.61638571315,26644.39513808075,experiment,FIFO,0.28,0,variant_3
7567,PACKAGING_3,PACKAGING_LINE_3,26637.871001070787,5.977525324866292,5,5.977525324866292,20.254615357636794,6.524137009961123,4,26617.61638571315,26644.39513808075,experiment,FIFO,0.28,0,variant_3
7567,INSPECTION_1_1,INSPECTION_1_1_LINE,26639.387864737604,1.5168636668167892,6,1.5168636668167892,21.771479024453583,5.007273343144334,4,26617.61638571315,26644.39513808075,experiment,FIFO,0.28,0,variant_3
7567,INSPECTION_1_2,INSPECTION_1_2_LINE,26639.5452358796,0.1573711419950996,7,0.1573711419950996,21.928850166448683,4.849902201149234,4,26617.61638571315,26644.39513808075,experiment,FIFO,0.28,0,variant_3
7567,INSPECTION_1_3,INSPECTION_1_3_LINE,26642.94239421694,3.397158337342262,8,3.397158337342262,25.326008503790945,1.4527438638069725,6,26617.61638571315,26644.39513808075,experiment,FIFO,0.28,0,variant_3
7567,INSPECTION_1_4,INSPECTION_1_4_LINE,26643.34707844261,0.4046842256684613,9,0.4046842256684613,25.730692729459406,1.0480596381385112,6,26617.61638571315,26644.39513808075,experiment,FIFO,0.28,0,variant_3
7567,INSPECTION_1_5,INSPECTION_1_5_LINE,26643.4295074752,0.08242903259088052,10,0.08242903259088052,25.813121762050287,0.9656306055476307,6,26617.61638571315,26644.39513808075,experiment,FIFO,0.28,0,variant_3
7567,INSPECTION_1_6,INSPECTION_1_6_LINE,26643.58324642025,0.15373894504955388,11,0.15373894504955388,25.96686070709984,0.8118916604980768,6,26617.61638571315,26644.39513808075,experiment,FIFO,0.28,0,variant_3
7567,INSPECTION_1_7,INSPECTION_1_7_LINE,26644.39513808075,0.8118916604980768,12,0.8118916604980768,26.778752367597917,0.0,6,26617.61638571315,26644.39513808075,experiment,FIFO,0.28,0,variant_3
7568,MOULDING_3,MOULDING_MACHINE_3,26620.955351446773,1.3214530338264012,1,0.0,0.0,33.65444522774487,10,26620.955351446773,26654.60979667452,experiment,FIFO,0.28,0,variant_6
7568,ASSEMBLY_1_2,LINE_2_ASSEMBLY1,26629.26973452926,0.30063414595497306,2,8.314383082488348,8.314383082488348,25.340062145256525,8,26620.955351446773,26654.60979667452,experiment,FIFO,0.28,0,variant_6
7568,ASSEMBLY_2_1,ASSEMBLY2_LINE_1,26630.025623927824,0.7558893985624309,3,0.7558893985624309,9.070272481050779,24.584172746694094,8,26620.955351446773,26654.60979667452,experiment,FIFO,0.28,0,variant_6
7568,SORTING,SORTING_ROBOT_1,26638.998445736903,2.587641689053271,4,8.972821809078596,18.043094290129375,15.611350937615498,4,26620.955351446773,26654.60979667452,experiment,FIFO,0.28,0,variant_6
7568,PACKAGING_2,PACKAGING_LINE_2,26644.852312532126,0.6153404893557308,5,5.853866795223439,23.896961085352814,9.757484142392059,7,26620.955351446773,26654.60979667452,experiment,FIFO,0.28,0,variant_6
7568,INSPECTION_1_1,INSPECTION_1_1_LINE,26645.12483378593,0.27252125380255166,6,0.27252125380255166,24.169482339155365,9.484962888589507,7,26620.955351446773,26654.60979667452,experiment,FIFO,0.28,0,variant_6
7568,INSPECTION_1_2,INSPECTION_1_2_LINE,26650.457170117243,5.332336331313854,7,5.332336331313854,29.50181867046922,4.152626557275653,12,26620.955351446773,26654.60979667452,experiment,FIFO,0.28,0,variant_6
7568,INSPECTION_1_3,INSPECTION_1_3_LINE,26650.525188748503,0.0680186312602018,8,0.0680186312602018,29.56983730172942,4.084607926015451,12,26620.955351446773,26654.60979667452,experiment,FIFO,0.28,0,variant_6
7568,INSPECTION_1_4,INSPECTION_1_4_LINE,26650.762069233355,0.23688048485200852,9,0.23688048485200852,29.80671778658143,3.8477274411634426,12,26620.955351446773,26654.60979667452,experiment,FIFO,0.28,0,variant_6
7568,INSPECTION_1_5,INSPECTION_1_5_LINE,26652.25558373392,1.4935145005656523,10,1.4935145005656523,31.300232287147082,2.3542129405977903,14,26620.955351446773,26654.60979667452,experiment,FIFO,0.28,0,variant_6
7568,INSPECTION_1_6,INSPECTION_1_6_LINE,26654.20639866545,1.9508149315297487,11,1.9508149315297487,33.25104721867683,0.4033980090680416,14,26620.955351446773,26654.60979667452,experiment,FIFO,0.28,0,variant_6
7568,INSPECTION_1_6,INSPECTION_1_6_LINE,26654.42899009887,0.22259143341943854,12,0.22259143341943854,33.47363865209627,0.18080657564860303,14,26620.955351446773,26654.60979667452,experiment,FIFO,0.28,0,variant_6
7568,INSPECTION_1_7,INSPECTION_1_7_LINE,26654.60979667452,0.18080657564860303,13,0.18080657564860303,33.65444522774487,0.0,13,26620.955351446773,26654.60979667452,experiment,FIFO,0.28,0,variant_6
7569,MOULDING_5,MOULDING_MACHINE_5,26642.72243048664,14.634264479627745,1,0.0,0.0,30.592225360171142,6,26642.72243048664,26673.31465584681,experiment,FIFO,0.28,0,variant_5
7569,ASSEMBLY_1_3,LINE_3_ASSEMBLY1,26652.07674021094,9.354309724301856,2,9.354309724301856,9.354309724301856,21.237915635869285,13,26642.72243048664,26673.31465584681,experiment,FIFO,0.28,0,variant_5
7569,ASSEMBLY_2_1,ASSEMBLY2_LINE_1,26665.7819349034,0.8428678989694163,3,13.705194692458463,23.05950441676032,7.532720943410823,15,26642.72243048664,26673.31465584681,experiment,FIFO,0.28,0,variant_5
7569,SORTING,SORTING_ROBOT_1,26666.12937151852,0.12427118801133474,4,0.3474366151203867,23.406941031880706,7.185284328290436,15,26642.72243048664,26673.31465584681,experiment,FIFO,0.28,0,variant_5
7569,PACKAGING_3,PACKAGING_LINE_3,26666.684934591296,0.5555630727758398,5,0.5555630727758398,23.962504104656546,6.629721255514596,15,26642.72243048664,26673.31465584681,experiment,FIFO,0.28,0,variant_5
7569,INSPECTION_2_1,INSPECTION_2_1_LINE,26666.88531355948,0.20037896818394074,6,0.20037896818394074,24.162883072840486,6.429342287330655,15,26642.72243048664,26673.31465584681,experiment,FIFO,0.28,0,variant_5
7569,INSPECTION_2_2,INSPECTION_2_2_LINE,26668.79303359888,1.907720039398555,7,1.907720039398555,26.07060311223904,4.5216222479321,14,26642.72243048664,26673.31465584681,experiment,FIFO,0.28,0,variant_5
7569,INSPECTION_2_3,INSPECTION_2_3_LINE,26669.26873014085,0.4756965419728658,8,0.4756965419728658,26.546299654211907,4.045925705959235,14,26642.72243048664,26673.31465584681,experiment,FIFO,0.28,0,variant_5
7569,INSPECTION_2_4,INSPECTION_2_4_LINE,26672.11194562457,2.8432154837173584,9,2.8432154837173584,29.389515137929266,1.2027102222418762,15,26642.72243048664,26673.31465584681,experiment,FIFO,0.28,0,variant_5
7569,INSPECTION_2_5,INSPECTION_2_5_LINE,26672.69514381896,0.5831981943920255,10,0.5831981943920255,29.97271333232129,0.6195120278498507,15,26642.72243048664,26673.31465584681,experiment,FIFO,0.28,0,variant_5
7569,INSPECTION_2_6,INSPECTION_2_6_LINE,26673.08977272389,0.3946289049308689,11,0.3946289049308689,30.36734223725216,0.22488312291898183,16,26642.72243048664,26673.31465584681,experiment,FIFO,0.28,0,variant_5
7569,INSPECTION_2_7,INSPECTION_2_7_LINE,26673.31465584681,0.22488312291898183,12,0.22488312291898183,30.592225360171142,0.0,15,26642.72243048664,26673.31465584681,experiment,FIFO,0.28,0,variant_5
7570,MOULDING_5,MOULDING_MACHINE_5,26645.93705897631,3.214628489669849,1,0.0,0.0,33.57535845318125,9,26645.93705897631,26679.51241742949,experiment,FIFO,0.28,0,variant_3
7570,ASSEMBLY_1_5,LINE_5_ASSEMBLY1,26647.126787166544,1.1897281902347459,2,1.1897281902347459,1.1897281902347459,32.385630262946506,10,26645.93705897631,26679.51241742949,experiment,FIFO,0.28,0,variant_3
7570,ASSEMBLY_2_2,ASSEMBLY2_LINE_2,26667.11783797275,10.581530423471122,3,19.99105080620575,21.180778996440495,12.394579456740757,14,26645.93705897631,26679.51241742949,experiment,FIFO,0.28,0,variant_3
7570,SORTING,SORTING_ROBOT_1,26667.61107123824,0.4932332654898346,4,0.4932332654898346,21.67401226193033,11.901346191250923,14,26645.93705897631,26679.51241742949,experiment,FIFO,0.28,0,variant_3
7570,PACKAGING_1,PACKAGING_LINE_1,26671.293833270607,0.0844843825980206,5,3.6827620323674637,25.356774294297793,8.21858415888346,14,26645.93705897631,26679.51241742949,experiment,FIFO,0.28,0,variant_3
7570,INSPECTION_1_1,INSPECTION_1_1_LINE,26671.3532342462,0.05940097559141577,6,0.05940097559141577,25.41617526988921,8.159183183292043,14,26645.93705897631,26679.51241742949,experiment,FIFO,0.28,0,variant_3
7570,INSPECTION_1_2,INSPECTION_1_2_LINE,26671.41469040608,0.06145615988134523,7,0.06145615988134523,25.477631429770554,8.097727023410698,14,26645.93705897631,26679.51241742949,experiment,FIFO,0.28,0,variant_3
7570,INSPECTION_1_3,INSPECTION_1_3_LINE,26673.105894086868,1.6912036807880213,8,1.6912036807880213,27.168835110558575,6.406523342622677,16,26645.93705897631,26679.51241742949,experiment,FIFO,0.28,0,variant_3
7570,INSPECTION_1_4,INSPECTION_1_4_LINE,26673.41729103683,0.3113969499609084,9,0.3113969499609084,27.480232060519484,6.0951263926617685,15,26645.93705897631,26679.51241742949,experiment,FIFO,0.28,0,variant_3
7570,INSPECTION_1_5,INSPECTION_1_5_LINE,26677.03974522773,3.622454190899589,10,3.622454190899589,31.102686251419073,2.4726722017621796,16,26645.93705897631,26679.51241742949,experiment,FIFO,0.28,0,variant_3
7570,INSPECTION_1_6,INSPECTION_1_6_LINE,26678.41147871828,1.3717334905522875,11,1.3717334905522875,32.47441974197136,1.100938711209892,16,26645.93705897631,26679.51241742949,experiment,FIFO,0.28,0,variant_3
7570,INSPECTION_1_7,INSPECTION_1_7_LINE,26679.51241742949,1.100938711209892,12,1.100938711209892,33.57535845318125,0.0,15,26645.93705897631,26679.51241742949,experiment,FIFO,0.28,0,variant_3
7571,MOULDING_1,MOULDING_MACHINE_1,26644.41608073951,10.023895339021692,1,0.0,0.0,22.677238695312553,7,26644.41608073951,26667.09331943482,experiment,FIFO,0.28,0,variant_4
7571,ASSEMBLY_1_5,LINE_5_ASSEMBLY1,26645.89010531005,1.2097383780601376,2,1.4740245705397683,1.4740245705397683,21.203214124772785,8,26644.41608073951,26667.09331943482,experiment,FIFO,0.28,0,variant_4
7571,ASSEMBLY_2_2,ASSEMBLY2_LINE_2,26654.63152303593,8.741417725879728,3,8.741417725879728,10.215442296419496,12.461796398893057,13,26644.41608073951,26667.09331943482,experiment,FIFO,0.28,0,variant_4
7571,SORTING,SORTING_ROBOT_1,26655.82283050014,1.1913074642106949,4,1.1913074642106949,11.406749760630191,11.270488934682362,13,26644.41608073951,26667.09331943482,experiment,FIFO,0.28,0,variant_4
7571,PACKAGING_2,PACKAGING_LINE_2,26658.88310247243,3.0602719722919574,5,3.0602719722919574,14.467021732922149,8.210216962390405,14,26644.41608073951,26667.09331943482,experiment,FIFO,0.28,0,variant_4
7571,INSPECTION_2_1,INSPECTION_2_1_LINE,26660.1274855968,1.244383124369051,6,1.244383124369051,15.7114048572912,6.965833838021354,15,26644.41608073951,26667.09331943482,experiment,FIFO,0.28,0,variant_4
7571,INSPECTION_2_2,INSPECTION_2_2_LINE,26660.66422964951,0.5367440527079452,7,0.5367440527079452,16.248148909999145,6.429089785313408,15,26644.41608073951,26667.09331943482,experiment,FIFO,0.28,0,variant_4
7571,INSPECTION_2_3,INSPECTION_2_3_LINE,26660.91931424404,0.2550845945334004,8,0.2550845945334004,16.503233504532545,6.174005190780008,15,26644.41608073951,26667.09331943482,experiment,FIFO,0.28,0,variant_4
7571,INSPECTION_2_4,INSPECTION_2_4_LINE,26661.054934742355,0.13562049831307377,9,0.13562049831307377,16.63885400284562,6.038384692466934,15,26644.41608073951,26667.09331943482,experiment,FIFO,0.28,0,variant_4
7571,INSPECTION_2_5,INSPECTION_2_5_LINE,26664.02795499227,2.9730202499158622,10,2.9730202499158622,19.61187425276148,3.065364442551072,15,26644.41608073951,26667.09331943482,experiment,FIFO,0.28,0,variant_4
7571,INSPECTION_2_6,INSPECTION_2_6_LINE,26665.35838583052,1.3304308382503223,11,1.3304308382503223,20.942305091011804,1.7349336043007497,15,26644.41608073951,26667.09331943482,experiment,FIFO,0.28,0,variant_4
7571,INSPECTION_2_7,INSPECTION_2_7_LINE,26667.09331943482,1.7349336043007497,12,1.7349336043007497,22.677238695312553,0.0,14,26644.41608073951,26667.09331943482,experiment,FIFO,0.28,0,variant_4
7572,MOULDING_5,MOULDING_MACHINE_5,26645.99665237833,0.05959340202025487,1,0.0,0.0,69.38868326236116,10,26645.99665237833,26715.38533564069,experiment,FIFO,0.28,0,variant_1
7572,ASSEMBLY_1_3,LINE_3_ASSEMBLY1,26658.61110710319,6.534366892246908,2,12.61445472485866,12.61445472485866,56.774228537502495,14,26645.99665237833,26715.38533564069,experiment,FIFO,0.28,0,variant_1
7572,ASSEMBLY_2_1,ASSEMBLY2_LINE_1,26697.56197387398,23.377396546809905,3,38.950866770792345,51.565321495651006,17.82336176671015,19,26645.99665237833,26715.38533564069,experiment,FIFO,0.28,0,variant_1
7572,SORTING,SORTING_ROBOT_1,26702.017950150275,4.4559762762946775,4,4.4559762762946775,56.02129777194568,13.367385490415472,19,26645.99665237833,26715.38533564069,experiment,FIFO,0.28,0,variant_1
7572,PACKAGING_2,PACKAGING_LINE_2,26704.861122640683,2.8431724904075963,5,2.8431724904075963,58.86447026235328,10.524213000007876,21,26645.99665237833,26715.38533564069,experiment,FIFO,0.28,0,variant_1
7572,INSPECTION_2_1,INSPECTION_2_1_LINE,26705.1332271239,0.272104483217845,6,0.272104483217845,59.136574745571124,10.252108516790031,21,26645.99665237833,26715.38533564069,experiment,FIFO,0.28,0,variant_1
7572,INSPECTION_2_2,INSPECTION_2_2_LINE,26705.76888975973,0.6356626358283393,7,0.6356626358283393,59.772237381399464,9.616445880961692,21,26645.99665237833,26715.38533564069,experiment,FIFO,0.28,0,variant_1
7572,INSPECTION_2_3,INSPECTION_2_3_LINE,26708.072139123484,2.3032493637547304,8,2.3032493637547304,62.075486745154194,7.313196517206961,21,26645.99665237833,26715.38533564069,experiment,FIFO,0.28,0,variant_1
7572,INSPECTION_2_4,INSPECTION_2_4_LINE,26710.087856329264,2.0157172057806747,9,2.0157172057806747,64.09120395093487,5.297479311426287,22,26645.99665237833,26715.38533564069,experiment,FIFO,0.28,0,variant_1
7572,INSPECTION_2_5,INSPECTION_2_5_LINE,26712.66961135025,2.5817550209867477,10,2.5817550209867477,66.67295897192162,2.715724290439539,23,26645.99665237833,26715.38533564069,experiment,FIFO,0.28,0,variant_1
7572,INSPECTION_2_6,INSPECTION_2_6_LINE,26714.569634759555,1.9000234093036852,11,1.9000234093036852,68.5729823812253,0.8157008811358537,22,26645.99665237833,26715.38533564069,experiment,FIFO,0.28,0,variant_1
7572,INSPECTION_2_7,INSPECTION_2_7_LINE,26715.38533564069,0.8157008811358537,12,0.8157008811358537,69.38868326236116,0.0,21,26645.99665237833,26715.38533564069,experiment,FIFO,0.28,0,variant_1
7573,MOULDING_2,MOULDING_MACHINE_2,26640.278626215804,1.1770652855630033,1,0.0,0.0,32.313871867103444,5,26640.278626215804,26672.592498082908,experiment,FIFO,0.28,0,variant_3
7573,ASSEMBLY_1_4,LINE_4_ASSEMBLY1,26646.62351986597,6.344893650166341,2,6.344893650166341,6.344893650166341,25.968978216937103,10,26640.278626215804,26672.592498082908,experiment,FIFO,0.28,0,variant_3
7573,ASSEMBLY_2_2,ASSEMBLY2_LINE_2,26656.53630754928,1.9047845133500232,3,9.912787683308125,16.257681333474466,16.05619053362898,13,26640.278626215804,26672.592498082908,experiment,FIFO,0.28,0,variant_3
7573,SORTING,SORTING_ROBOT_1,26657.75403947829,1.2177319290130981,4,1.2177319290130981,17.475413262487564,14.83845860461588,13,26640.278626215804,26672.592498082908,experiment,FIFO,0.28,0,variant_3
7573,PACKAGING_2,PACKAGING_LINE_2,26663.481827935782,4.598725463351002,5,5.727788457490533,23.203201719978097,9.110670147125347,15,26640.278626215804,26672.592498082908,experiment,FIFO,0.28,0,variant_3
7573,INSPECTION_1_1,INSPECTION_1_1_LINE,26664.013732695537,0.5319047597549798,6,0.5319047597549798,23.735106479733076,8.578765387370368,15,26640.278626215804,26672.592498082908,experiment,FIFO,0.28,0,variant_3
7573,INSPECTION_1_2,INSPECTION_1_2_LINE,26664.34607155262,0.33233885708250455,7,0.33233885708250455,24.06744533681558,8.246426530287863,15,26640.278626215804,26672.592498082908,experiment,FIFO,0.28,0,variant_3
7573,INSPECTION_1_3,INSPECTION_1_3_LINE,26668.2052154834,3.859143930778373,8,3.859143930778373,27.926589267593954,4.38728259950949,14,26640.278626215804,26672.592498082908,experiment,FIFO,0.28,0,variant_3
7573,INSPECTION_1_4,INSPECTION_1_4_LINE,26668.991752754115,0.7865372707165079,9,0.7865372707165079,28.713126538310462,3.600745328792982,14,26640.278626215804,26672.592498082908,experiment,FIFO,0.28,0,variant_3
7573,INSPECTION_1_5,INSPECTION_1_5_LINE,26669.689904432285,0.6981516781706887,10,0.6981516781706887,29.41127821648115,2.9025936506222934,14,26640.278626215804,26672.592498082908,experiment,FIFO,0.28,0,variant_3
7573,INSPECTION_1_6,INSPECTION_1_6_LINE,26669.756192700534,0.06628826824817224,11,0.06628826824817224,29.477566484729323,2.836305382374121,14,26640.278626215804,26672.592498082908,experiment,FIFO,0.28,0,variant_3
7573,INSPECTION_1_7,INSPECTION_1_7_LINE,26672.592498082908,2.836305382374121,12,2.836305382374121,32.313871867103444,0.0,15,26640.278626215804,26672.592498082908,experiment,FIFO,0.28,0,variant_3
7574,MOULDING_2,MOULDING_MACHINE_2,26643.81748099896,3.5388547831571486,1,0.0,0.0,37.05590763268992,7,26643.81748099896,26680.87338863165,experiment,FIFO,0.28,0,variant_3
7574,ASSEMBLY_1_5,LINE_5_ASSEMBLY1,26644.68036693199,0.8628859330274281,2,0.8628859330274281,0.8628859330274281,36.193021699662495,7,26643.81748099896,26680.87338863165,experiment,FIFO,0.28,0,variant_3
7574,ASSEMBLY_2_1,ASSEMBLY2_LINE_1,26664.93906700443,20.25870007244157,3,20.25870007244157,21.121586005469,15.934321627220925,15,26643.81748099896,26680.87338863165,experiment,FIFO,0.28,0,variant_3
7574,SORTING,SORTING_ROBOT_1,26666.00510033051,1.0660333260784682,4,1.0660333260784682,22.187619331547467,14.868288301142456,15,26643.81748099896,26680.87338863165,experiment,FIFO,0.28,0,variant_3
7574,PACKAGING_1,PACKAGING_LINE_1,26671.20934888801,5.20424855750025,5,5.20424855750025,27.391867889047717,9.664039743642206,14,26643.81748099896,26680.87338863165,experiment,FIFO,0.28,0,variant_3
7574,INSPECTION_2_1,INSPECTION_2_1_LINE,26673.88498372077,2.675634832761716,6,2.675634832761716,30.067502721809433,6.98840491088049,16,26643.81748099896,26680.87338863165,experiment,FIFO,0.28,0,variant_3
7574,INSPECTION_2_2,INSPECTION_2_2_LINE,26674.40978438221,0.5248006614383485,7,0.5248006614383485,30.59230338324778,6.463604249442142,16,26643.81748099896,26680.87338863165,experiment,FIFO,0.28,0,variant_3
7574,INSPECTION_2_3,INSPECTION_2_3_LINE,26675.83372220881,1.4239378265992855,8,1.4239378265992855,32.01624120984707,5.039666422842856,16,26643.81748099896,26680.87338863165,experiment,FIFO,0.28,0,variant_3
7574,INSPECTION_2_4,INSPECTION_2_4_LINE,26676.8905542057,1.0568319968915603,9,1.0568319968915603,33.07307320673863,3.982834425951296,16,26643.81748099896,26680.87338863165,experiment,FIFO,0.28,0,variant_3
7574,INSPECTION_2_5,INSPECTION_2_5_LINE,26677.37828187025,0.48772766454931116,10,0.48772766454931116,33.56080087128794,3.495106761401985,16,26643.81748099896,26680.87338863165,experiment,FIFO,0.28,0,variant_3
7574,INSPECTION_2_6,INSPECTION_2_6_LINE,26679.95075998513,2.57247811488196,11,2.57247811488196,36.1332789861699,0.9226286465200246,16,26643.81748099896,26680.87338863165,experiment,FIFO,0.28,0,variant_3
7574,INSPECTION_2_7,INSPECTION_2_7_LINE,26680.87338863165,0.9226286465200246,12,0.9226286465200246,37.05590763268992,0.0,16,26643.81748099896,26680.87338863165,experiment,FIFO,0.28,0,variant_3
7575,MOULDING_4,MOULDING_MACHINE_4,26645.275120204413,2.003554277744115,1,0.0,0.0,79.73154783137579,8,26645.275120204413,26725.00666803579,experiment,FIFO,0.28,0,variant_1
7575,ASSEMBLY_1_4,LINE_4_ASSEMBLY1,26651.837476780984,5.213956915013114,2,6.562356576570892,6.562356576570892,73.1691912548049,12,26645.275120204413,26725.00666803579,experiment,FIFO,0.28,0,variant_1
7575,ASSEMBLY_2_2,ASSEMBLY2_LINE_2,26698.65220337584,31.534365403091215,3,46.81472659485735,53.37708317142824,26.354464659947553,19,26645.275120204413,26725.00666803579,experiment,FIFO,0.28,0,variant_1
7575,SORTING,SORTING_ROBOT_1,26702.46447339526,0.4465232449838368,4,3.812270019418065,57.189353190846305,22.542194640529488,20,26645.275120204413,26725.00666803579,experiment,FIFO,0.28,0,variant_1
7575,PACKAGING_2,PACKAGING_LINE_2,26713.108401590576,8.24727894989337,5,10.64392819531713,67.83328138616343,11.898266445212357,23,26645.275120204413,26725.00666803579,experiment,FIFO,0.28,0,variant_1
7575,INSPECTION_1_1,INSPECTION_1_1_LINE,26715.7985914233,2.690189832723263,6,2.690189832723263,70.5234712188867,9.208076612489094,21,26645.275120204413,26725.00666803579,experiment,FIFO,0.28,0,variant_1
7575,INSPECTION_1_2,INSPECTION_1_2_LINE,26716.34268105642,0.5440896331201657,7,0.5440896331201657,71.06756085200686,8.663986979368929,22,26645.275120204413,26725.00666803579,experiment,FIFO,0.28,0,variant_1
7575,INSPECTION_1_3,INSPECTION_1_3_LINE,26717.133642837867,0.7909617814475496,8,0.7909617814475496,71.85852263345441,7.873025197921379,22,26645.275120204413,26725.00666803579,experiment,FIFO,0.28,0,variant_1
7575,INSPECTION_1_4,INSPECTION_1_4_LINE,26721.233691890924,4.100049053056864,9,4.100049053056864,75.95857168651128,3.772976144864515,23,26645.275120204413,26725.00666803579,experiment,FIFO,0.28,0,variant_1
7575,INSPECTION_1_5,INSPECTION_1_5_LINE,26722.243264782715,1.009572891791322,10,1.009572891791322,76.9681445783026,2.763403253073193,23,26645.275120204413,26725.00666803579,experiment,FIFO,0.28,0,variant_1
7575,INSPECTION_1_6,INSPECTION_1_6_LINE,26724.77211889513,2.5288541124136827,11,2.5288541124136827,79.49699869071628,0.23454914065951016,24,26645.275120204413,26725.00666803579,experiment,FIFO,0.28,0,variant_1
7575,INSPECTION_1_7,INSPECTION_1_7_LINE,26725.00666803579,0.23454914065951016,12,0.23454914065951016,79.73154783137579,0.0,23,26645.275120204413,26725.00666803579,experiment,FIFO,0.28,0,variant_1
7576,MOULDING_2,MOULDING_MACHINE_2,26648.51401329972,3.6745942110392207,1,0.0,0.0,130.6442066663658,11,26648.51401329972,26779.158219966084,experiment,FIFO,0.28,0,variant_3
7576,ASSEMBLY_1_3,LINE_3_ASSEMBLY1,26673.119047929555,14.507940826366394,2,24.605034629836155,24.605034629836155,106.03917203652964,16,26648.51401329972,26779.158219966084,experiment,FIFO,0.28,0,variant_3
7576,ASSEMBLY_2_2,ASSEMBLY2_LINE_2,26723.319774626423,3.6966082458784513,3,50.200726696868514,74.80576132670467,55.83844533966112,23,26648.51401329972,26779.158219966084,experiment,FIFO,0.28,0,variant_3
7576,SORTING,SORTING_ROBOT_1,26753.163879669853,0.4894970513487351,4,29.844105043430318,104.64986637013499,25.994340296230803,31,26648.51401329972,26779.158219966084,experiment,FIFO,0.28,0,variant_3
7576,PACKAGING_3,PACKAGING_LINE_3,26760.7839204731,7.620040803245502,5,7.620040803245502,112.26990717338049,18.3742994929853,29,26648.51401329972,26779.158219966084,experiment,FIFO,0.28,0,variant_3
7576,INSPECTION_2_1,INSPECTION_2_1_LINE,26765.568851742843,4.784931269743538,6,4.784931269743538,117.05483844312403,13.589368223241763,30,26648.51401329972,26779.158219966084,experiment,FIFO,0.28,0,variant_3
7576,INSPECTION_2_2,INSPECTION_2_2_LINE,26765.77978677533,0.2109350324863044,7,0.2109350324863044,117.26577347561033,13.378433190755459,30,26648.51401329972,26779.158219966084,experiment,FIFO,0.28,0,variant_3
7576,INSPECTION_2_3,INSPECTION_2_3_LINE,26768.88410826764,3.0192586662233225,8,3.1043214923120104,120.37009496792234,10.274111698443448,30,26648.51401329972,26779.158219966084,experiment,FIFO,0.28,0,variant_3
7576,INSPECTION_2_4,INSPECTION_2_4_LINE,26769.894682386348,1.0105741187071544,9,1.0105741187071544,121.3806690866295,9.263537579736294,30,26648.51401329972,26779.158219966084,experiment,FIFO,0.28,0,variant_3
7576,INSPECTION_2_5,INSPECTION_2_5_LINE,26772.05516644121,0.8250844261419843,10,2.160484054860717,123.54115314149021,7.103053524875577,30,26648.51401329972,26779.158219966084,experiment,FIFO,0.28,0,variant_3
7576,INSPECTION_2_6,INSPECTION_2_6_LINE,26773.692296627585,1.2730338159453822,11,1.637130186376453,125.17828332786667,5.465923338499124,30,26648.51401329972,26779.158219966084,experiment,FIFO,0.28,0,variant_3
7576,INSPECTION_2_7,INSPECTION_2_7_LINE,26779.158219966084,0.04889440091574215,12,5.465923338499124,130.6442066663658,0.0,26,26648.51401329972,26779.158219966084,experiment,FIFO,0.28,0,variant_3
7577,MOULDING_5,MOULDING_MACHINE_5,26650.907068532186,4.415565814022557,1,0.0,0.0,125.70074974464296,13,26650.907068532186,26776.60781827683,experiment,FIFO,0.28,0,variant_2
7577,ASSEMBLY_1_3,LINE_3_ASSEMBLY1,26674.13580443834,1.0167565087867843,2,23.228735906155634,23.228735906155634,102.47201383848733,16,26650.907068532186,26776.60781827683,experiment,FIFO,0.28,0,variant_2
7577,ASSEMBLY_2_2,ASSEMBLY2_LINE_2,26737.688001023253,14.368226396829414,3,63.552196584911144,86.78093249106678,38.919817253576184,27,26650.907068532186,26776.60781827683,experiment,FIFO,0.28,0,variant_2
7577,SORTING,SORTING_ROBOT_1,26764.237244060703,6.0492111899729935,4,26.54924303745065,113.33017552851743,12.370574216125533,29,26650.907068532186,26776.60781827683,experiment,FIFO,0.28,0,variant_2
7577,PACKAGING_2,PACKAGING_LINE_2,26765.99108668432,1.753842623616947,5,1.753842623616947,115.08401815213438,10.616731592508586,30,26650.907068532186,26776.60781827683,experiment,FIFO,0.28,0,variant_2
7577,INSPECTION_1_1,INSPECTION_1_1_LINE,26767.80149037564,1.8104036913209711,6,1.8104036913209711,116.89442184345535,8.806327901187615,30,26650.907068532186,26776.60781827683,experiment,FIFO,0.28,0,variant_2
7577,INSPECTION_1_2,INSPECTION_1_2_LINE,26770.52809465356,2.7266042779192503,7,2.7266042779192503,119.6210261213746,6.0797236232683645,30,26650.907068532186,26776.60781827683,experiment,FIFO,0.28,0,variant_2
7577,INSPECTION_1_3,INSPECTION_1_3_LINE,26771.056814864973,0.528720211412292,8,0.528720211412292,120.14974633278689,5.5510034118560725,30,26650.907068532186,26776.60781827683,experiment,FIFO,0.28,0,variant_2
7577,INSPECTION_1_4,INSPECTION_1_4_LINE,26773.376541267888,2.3197264029149665,9,2.3197264029149665,122.46947273570186,3.231277008941106,30,26650.907068532186,26776.60781827683,experiment,FIFO,0.28,0,variant_2
7577,INSPECTION_1_5,INSPECTION_1_5_LINE,26774.672071814235,1.295530546347436,10,1.295530546347436,123.76500328204929,1.93574646259367,30,26650.907068532186,26776.60781827683,experiment,FIFO,0.28,0,variant_2
7577,INSPECTION_1_6,INSPECTION_1_6_LINE,26776.14345796708,1.471386152843479,11,1.471386152843479,125.23638943489277,0.46436030975019094,29,26650.907068532186,26776.60781827683,experiment,FIFO,0.28,0,variant_2
7577,INSPECTION_1_7,INSPECTION_1_7_LINE,26776.60781827683,0.46436030975019094,12,0.46436030975019094,125.70074974464296,0.0,28,26650.907068532186,26776.60781827683,experiment,FIFO,0.28,0,variant_2
7578,MOULDING_3,MOULDING_MACHINE_3,26651.96092796963,4.891426644087915,1,0.0,0.0,85.83805314611891,13,26651.96092796963,26737.79898111575,experiment,FIFO,0.28,0,variant_3
7578,ASSEMBLY_1_1,LINE_1_ASSEMBLY1,26657.89215375178,5.931225782151159,2,5.931225782151159,5.931225782151159,79.90682736396775,13,26651.96092796963,26737.79898111575,experiment,FIFO,0.28,0,variant_3
7578,ASSEMBLY_2_2,ASSEMBLY2_LINE_2,26715.691873968863,1.7696446059017035,3,57.7997202170809,63.73094599923206,22.107107146886847,21,26651.96092796963,26737.79898111575,experiment,FIFO,0.28,0,variant_3
7578,SORTING,SORTING_ROBOT_1,26730.68605670324,6.570264770471113,4,14.994182734379137,78.7251287336112,7.112924412507709,25,26651.96092796963,26737.79898111575,experiment,FIFO,0.28,0,variant_3
7578,PACKAGING_3,PACKAGING_LINE_3,26730.83338733415,0.14733063090898213,5,0.14733063090898213,78.87245936452018,6.965593781598727,25,26651.96092796963,26737.79898111575,experiment,FIFO,0.28,0,variant_3
7578,INSPECTION_2_1,INSPECTION_2_1_LINE,26731.927255225248,1.0938678910970339,6,1.0938678910970339,79.96632725561722,5.871725890501693,25,26651.96092796963,26737.79898111575,experiment,FIFO,0.28,0,variant_3
7578,INSPECTION_2_2,INSPECTION_2_2_LINE,26732.26345191449,0.33619668924075086,7,0.33619668924075086,80.30252394485797,5.5355292012609425,25,26651.96092796963,26737.79898111575,experiment,FIFO,0.28,0,variant_3
7578,INSPECTION_2_3,INSPECTION_2_3_LINE,26735.320559351705,2.678403201080073,8,3.057107437216473,83.35963138207444,2.4784217640444695,27,26651.96092796963,26737.79898111575,experiment,FIFO,0.28,0,variant_3
7578,INSPECTION_2_4,INSPECTION_2_4_LINE,26735.42581694489,0.10525759318625205,9,0.10525759318625205,83.46488897526069,2.3731641708582174,27,26651.96092796963,26737.79898111575,experiment,FIFO,0.28,0,variant_3
7578,INSPECTION_2_5,INSPECTION_2_5_LINE,26736.699120310896,1.2733033660042565,10,1.2733033660042565,84.73819234126495,1.0998608048539609,26,26651.96092796963,26737.79898111575,experiment,FIFO,0.28,0,variant_3
7578,INSPECTION_2_6,INSPECTION_2_6_LINE,26736.86613451612,0.16701420522440458,11,0.16701420522440458,84.90520654648935,0.9328465996295563,26,26651.96092796963,26737.79898111575,experiment,FIFO,0.28,0,variant_3
7578,INSPECTION_2_7,INSPECTION_2_7_LINE,26737.79898111575,0.9328465996295563,12,0.9328465996295563,85.83805314611891,0.0,26,26651.96092796963,26737.79898111575,experiment,FIFO,0.28,0,variant_3
7579,MOULDING_5,MOULDING_MACHINE_5,26653.982892568343,3.075824036157428,1,0.0,0.0,106.14604037247045,15,26653.982892568343,26760.128932940814,experiment,FIFO,0.28,0,variant_3
7579,ASSEMBLY_1_5,LINE_5_ASSEMBLY1,26670.361730307115,15.13267440551499,2,16.378837738771836,16.378837738771836,89.76720263369862,14,26653.982892568343,26760.128932940814,experiment,FIFO,0.28,0,variant_3
7579,ASSEMBLY_2_2,ASSEMBLY2_LINE_2,26719.623166380545,0.1598257885852945,3,49.26143607342965,65.64027381220149,40.50576656026897,22,26653.982892568343,26760.128932940814,experiment,FIFO,0.28,0,variant_3
7579,SORTING,SORTING_ROBOT_1,26752.23932402065,9.65056210468174,4,32.616157640106394,98.25643145230788,7.889608920162573,30,26653.982892568343,26760.128932940814,experiment,FIFO,0.28,0,variant_3
7579,PACKAGING_3,PACKAGING_LINE_3,26752.2585665092,0.019242488549934933,5,0.019242488549934933,98.27567394085781,7.870366431612638,30,26653.982892568343,26760.128932940814,experiment,FIFO,0.28,0,variant_3
7579,INSPECTION_2_1,INSPECTION_2_1_LINE,26753.72562444809,1.0078439628850901,6,1.4670579388875922,99.7427318797454,6.403308492725046,31,26653.982892568343,26760.128932940814,experiment,FIFO,0.28,0,variant_3
7579,INSPECTION_2_2,INSPECTION_2_2_LINE,26755.706756491705,1.4783708123286488,7,1.981132043616526,101.72386392336193,4.42217644910852,32,26653.982892568343,26760.128932940814,experiment,FIFO,0.28,0,variant_3
7579,INSPECTION_2_3,INSPECTION_2_3_LINE,26759.504112274582,3.7973557828772755,8,3.7973557828772755,105.52121970623921,0.6248206662312441,30,26653.982892568343,26760.128932940814,experiment,FIFO,0.28,0,variant_3
7579,INSPECTION_2_4,INSPECTION_2_4_LINE,26759.617827064147,0.11371478956425563,9,0.11371478956425563,105.63493449580346,0.5111058766669885,30,26653.982892568343,26760.128932940814,experiment,FIFO,0.28,0,variant_3
7579,INSPECTION_2_5,INSPECTION_2_5_LINE,26759.67395141448,0.0561243503325386,10,0.0561243503325386,105.691058846136,0.4549815263344499,30,26653.982892568343,26760.128932940814,experiment,FIFO,0.28,0,variant_3
7579,INSPECTION_2_6,INSPECTION_2_6_LINE,26759.73204278625,0.05809137177129742,11,0.05809137177129742,105.7491502179073,0.39689015456315246,30,26653.982892568343,26760.128932940814,experiment,FIFO,0.28,0,variant_3
7579,INSPECTION_2_7,INSPECTION_2_7_LINE,26760.128932940814,0.39689015456315246,12,0.39689015456315246,106.14604037247045,0.0,29,26653.982892568343,26760.128932940814,experiment,FIFO,0.28,0,variant_3
7580,MOULDING_1,MOULDING_MACHINE_1,26648.5368357538,0.9874087197713379,1,0.0,0.0,38.440084736881545,12,26648.5368357538,26686.97692049068,experiment,FIFO,0.28,0,variant_3
7580,ASSEMBLY_1_4,LINE_4_ASSEMBLY1,26657.24331868832,5.405841907337162,2,8.706482934521773,8.706482934521773,29.73360180235977,13,26648.5368357538,26686.97692049068,experiment,FIFO,0.28,0,variant_3
7580,ASSEMBLY_2_1,ASSEMBLY2_LINE_1,26674.18457732717,8.402642423770885,3,16.94125863884983,25.647741573371604,12.79234316350994,16,26648.5368357538,26686.97692049068,experiment,FIFO,0.28,0,variant_3
7580,SORTING,SORTING_ROBOT_1,26675.109233039533,0.924655712362437,4,0.924655712362437,26.57239728573404,11.867687451147503,16,26648.5368357538,26686.97692049068,experiment,FIFO,0.28,0,variant_3
7580,PACKAGING_2,PACKAGING_LINE_2,26679.638473458755,4.529240419222333,5,4.529240419222333,31.101637704956374,7.3384470319251704,15,26648.5368357538,26686.97692049068,experiment,FIFO,0.28,0,variant_3
7580,INSPECTION_1_1,INSPECTION_1_1_LINE,26679.825367632915,0.18689417415953358,6,0.18689417415953358,31.288531879115908,7.151552857765637,16,26648.5368357538,26686.97692049068,experiment,FIFO,0.28,0,variant_3
7580,INSPECTION_1_2,INSPECTION_1_2_LINE,26684.15165707435,4.326289441436529,7,4.326289441436529,35.61482132055244,2.8252634163291077,17,26648.5368357538,26686.97692049068,experiment,FIFO,0.28,0,variant_3
7580,INSPECTION_1_3,INSPECTION_1_3_LINE,26684.16898248752,0.017325413169601234,8,0.017325413169601234,35.63214673372204,2.8079380031595065,17,26648.5368357538,26686.97692049068,experiment,FIFO,0.28,0,variant_3
7580,INSPECTION_1_4,INSPECTION_1_4_LINE,26684.432190648888,0.2632081613664923,9,0.2632081613664923,35.89535489508853,2.544729841793014,17,26648.5368357538,26686.97692049068,experiment,FIFO,0.28,0,variant_3
7580,INSPECTION_1_5,INSPECTION_1_5_LINE,26685.84417470175,1.4119840528619534,10,1.4119840528619534,37.307338947950484,1.1327457889310608,17,26648.5368357538,26686.97692049068,experiment,FIFO,0.28,0,variant_3
7580,INSPECTION_1_6,INSPECTION_1_6_LINE,26686.20464962744,0.3604749256919604,11,0.3604749256919604,37.667813873642444,0.7722708632391004,17,26648.5368357538,26686.97692049068,experiment,FIFO,0.28,0,variant_3
7580,INSPECTION_1_7,INSPECTION_1_7_LINE,26686.97692049068,0.7722708632391004,12,0.7722708632391004,38.440084736881545,0.0,17,26648.5368357538,26686.97692049068,experiment,FIFO,0.28,0,variant_3
7581,MOULDING_3,MOULDING_MACHINE_3,26652.17913103413,0.21820306449808413,1,0.0,0.0,83.65817921192865,14,26652.17913103413,26735.837310246057,experiment,FIFO,0.28,0,variant_5
7581,ASSEMBLY_1_5,LINE_5_ASSEMBLY1,26655.2290559016,3.049924867471418,2,3.049924867471418,3.049924867471418,80.60825434445724,13,26652.17913103413,26735.837310246057,experiment,FIFO,0.28,0,variant_5
7581,ASSEMBLY_2_2,ASSEMBLY2_LINE_2,26713.92222936296,15.27002598711988,3,58.69317346136086,61.743098328832275,21.91508088309638,23,26652.17913103413,26735.837310246057,experiment,FIFO,0.28,0,variant_5
7581,SORTING,SORTING_ROBOT_1,26724.11579193277,7.43458657496376,4,10.193562569809728,71.936660898642,11.721518313286651,23,26652.17913103413,26735.837310246057,experiment,FIFO,0.28,0,variant_5
7581,PACKAGING_3,PACKAGING_LINE_3,26728.48656754744,4.370775614668673,5,4.370775614668673,76.30743651331068,7.350742698617978,24,26652.17913103413,26735.837310246057,experiment,FIFO,0.28,0,variant_5
7581,INSPECTION_2_1,INSPECTION_2_1_LINE,26730.820330179737,2.3337626322972937,6,2.3337626322972937,78.64119914560797,5.016980066320684,25,26652.17913103413,26735.837310246057,experiment,FIFO,0.28,0,variant_5
7581,INSPECTION_2_2,INSPECTION_2_2_LINE,26731.849083647016,1.0287534672788752,7,1.0287534672788752,79.66995261288685,3.988226599041809,25,26652.17913103413,26735.837310246057,experiment,FIFO,0.28,0,variant_5
7581,INSPECTION_2_3,INSPECTION_2_3_LINE,26732.642156150625,0.7930725036094373,8,0.7930725036094373,80.46302511649628,3.195154095432372,25,26652.17913103413,26735.837310246057,experiment,FIFO,0.28,0,variant_5
7581,INSPECTION_2_4,INSPECTION_2_4_LINE,26732.952888796324,0.3107326456993178,9,0.3107326456993178,80.7737577621956,2.884421449733054,25,26652.17913103413,26735.837310246057,experiment,FIFO,0.28,0,variant_5
7581,INSPECTION_2_5,INSPECTION_2_5_LINE,26733.373107055955,0.4202182596309285,10,0.4202182596309285,81.19397602182653,2.4642031901021255,26,26652.17913103413,26735.837310246057,experiment,FIFO,0.28,0,variant_5
7581,INSPECTION_2_6,INSPECTION_2_6_LINE,26734.462243573867,1.0891365179122658,11,1.0891365179122658,82.2831125397388,1.3750666721898597,26,26652.17913103413,26735.837310246057,experiment,FIFO,0.28,0,variant_5
7581,INSPECTION_2_7,INSPECTION_2_7_LINE,26735.837310246057,1.3750666721898597,12,1.3750666721898597,83.65817921192865,0.0,26,26652.17913103413,26735.837310246057,experiment,FIFO,0.28,0,variant_5
7582,MOULDING_2,MOULDING_MACHINE_2,26659.268957094708,10.75494379498923,1,0.0,0.0,99.24475288447138,15,26659.268957094708,26758.51370997918,experiment,FIFO,0.28,0,variant_3
7582,ASSEMBLY_1_2,LINE_2_ASSEMBLY1,26666.12220631896,6.8532492242520675,2,6.8532492242520675,6.8532492242520675,92.39150366021931,15,26659.268957094708,26758.51370997918,experiment,FIFO,0.28,0,variant_3
7582,ASSEMBLY_2_2,ASSEMBLY2_LINE_2,26719.46334059196,3.771466623096785,3,53.341134272999625,60.19438349725169,39.05036938721969,22,26659.268957094708,26758.51370997918,experiment,FIFO,0.28,0,variant_3
7582,SORTING,SORTING_ROBOT_1,26742.58876191597,6.49222161544094,4,23.12542132400995,83.31980482126164,15.92494806320974,26,26659.268957094708,26758.51370997918,experiment,FIFO,0.28,0,variant_3
7582,PACKAGING_2,PACKAGING_LINE_2,26748.92984279412,1.8475113894564856,5,6.341080878151843,89.66088569941348,9.583867185057898,30,26659.268957094708,26758.51370997918,experiment,FIFO,0.28,0,variant_3
7582,INSPECTION_2_1,INSPECTION_2_1_LINE,26752.717780485204,0.9045758518441289,6,3.787937691082334,93.44882339049582,5.795929493975564,30,26659.268957094708,26758.51370997918,experiment,FIFO,0.28,0,variant_3
7582,INSPECTION_2_2,INSPECTION_2_2_LINE,26754.228385679377,0.3180352773197228,7,1.5106051941729675,94.95942858466879,4.285324299802596,31,26659.268957094708,26758.51370997918,experiment,FIFO,0.28,0,variant_3
7582,INSPECTION_2_3,INSPECTION_2_3_LINE,26755.2385175533,1.0101318739252747,8,1.0101318739252747,95.96956045859406,3.2751924258773215,32,26659.268957094708,26758.51370997918,experiment,FIFO,0.28,0,variant_3
7582,INSPECTION_2_4,INSPECTION_2_4_LINE,26755.471545800687,0.23302824738493655,9,0.23302824738493655,96.202588705979,3.042164178492385,32,26659.268957094708,26758.51370997918,experiment,FIFO,0.28,0,variant_3
7582,INSPECTION_2_5,INSPECTION_2_5_LINE,26757.86385349723,0.6676927186272223,10,2.3923076965438668,98.59489640252286,0.6498564819485182,32,26659.268957094708,26758.51370997918,experiment,FIFO,0.28,0,variant_3
7582,INSPECTION_2_6,INSPECTION_2_6_LINE,26758.46036040133,0.5965069040976232,11,0.5965069040976232,99.19140330662049,0.053349577850895,31,26659.268957094708,26758.51370997918,experiment,FIFO,0.28,0,variant_3
7582,INSPECTION_2_7,INSPECTION_2_7_LINE,26758.51370997918,0.053349577850895,12,0.053349577850895,99.24475288447138,0.0,30,26659.268957094708,26758.51370997918,experiment,FIFO,0.28,0,variant_3
7583,MOULDING_2,MOULDING_MACHINE_2,26673.820078926787,14.551121832078934,1,0.0,0.0,40.26863704571588,16,26673.820078926787,26714.088715972503,experiment,FIFO,0.28,0,variant_5
7583,ASSEMBLY_1_5,LINE_5_ASSEMBLY1,26682.83176016536,8.160897546298656,2,9.011681238574965,9.011681238574965,31.256955807140912,16,26673.820078926787,26714.088715972503,experiment,FIFO,0.28,0,variant_5
7583,ASSEMBLY_2_1,ASSEMBLY2_LINE_1,26700.64102558781,3.0790517138302675,3,17.809265422449243,26.82094666102421,13.447690384691668,19,26673.820078926787,26714.088715972503,experiment,FIFO,0.28,0,variant_5
7583,SORTING,SORTING_ROBOT_1,26702.67607858865,0.21160519339173334,4,2.03505300083998,28.85599966186419,11.412637383851688,20,26673.820078926787,26714.088715972503,experiment,FIFO,0.28,0,variant_5
7583,PACKAGING_1,PACKAGING_LINE_1,26705.068174271124,2.3920956824731547,5,2.3920956824731547,31.248095344337344,9.020541701378534,21,26673.820078926787,26714.088715972503,experiment,FIFO,0.28,0,variant_5
7583,INSPECTION_1_1,INSPECTION_1_1_LINE,26705.753349981464,0.6851757103395357,6,0.6851757103395357,31.93327105467688,8.335365991038998,21,26673.820078926787,26714.088715972503,experiment,FIFO,0.28,0,variant_5
7583,INSPECTION_1_2,INSPECTION_1_2_LINE,26706.57911286514,0.8257628836763615,7,0.8257628836763615,32.75903393835324,7.509603107362636,21,26673.820078926787,26714.088715972503,experiment,FIFO,0.28,0,variant_5
7583,INSPECTION_1_3,INSPECTION_1_3_LINE,26706.8443567116,0.26524384646108956,8,0.26524384646108956,33.02427778481433,7.244359260901547,21,26673.820078926787,26714.088715972503,experiment,FIFO,0.28,0,variant_5
7583,INSPECTION_1_4,INSPECTION_1_4_LINE,26707.606324262582,0.7619675509813533,9,0.7619675509813533,33.786245335795684,6.4823917099201935,21,26673.820078926787,26714.088715972503,experiment,FIFO,0.28,0,variant_5
7583,INSPECTION_1_5,INSPECTION_1_5_LINE,26708.380820195995,0.7744959334122541,10,0.7744959334122541,34.56074126920794,5.7078957765079394,21,26673.820078926787,26714.088715972503,experiment,FIFO,0.28,0,variant_5
7583,INSPECTION_1_6,INSPECTION_1_6_LINE,26712.912639377104,4.531819181109313,11,4.531819181109313,39.09256045031725,1.1760765953986265,23,26673.820078926787,26714.088715972503,experiment,FIFO,0.28,0,variant_5
7583,INSPECTION_1_7,INSPECTION_1_7_LINE,26714.088715972503,1.1760765953986265,12,1.1760765953986265,40.26863704571588,0.0,22,26673.820078926787,26714.088715972503,experiment,FIFO,0.28,0,variant_5
7584,MOULDING_5,MOULDING_MACHINE_5,26657.918623650454,3.6413805303491245,1,0.0,0.0,122.3145299603566,14,26657.918623650454,26780.23315361081,experiment,FIFO,0.28,0,variant_5
7584,ASSEMBLY_1_3,LINE_3_ASSEMBLY1,26675.08455778555,0.9487533472092764,2,17.165934135096904,17.165934135096904,105.14859582525969,16,26657.918623650454,26780.23315361081,experiment,FIFO,0.28,0,variant_5
7584,ASSEMBLY_2_2,ASSEMBLY2_LINE_2,26761.870471170223,19.05163868712043,3,86.78591338467231,103.95184751976922,18.362682440587378,30,26657.918623650454,26780.23315361081,experiment,FIFO,0.28,0,variant_5
7584,SORTING,SORTING_ROBOT_1,26767.76892582302,0.7362659583013738,4,5.898454652797227,109.85030217256644,12.46422778779015,30,26657.918623650454,26780.23315361081,experiment,FIFO,0.28,0,variant_5
7584,PACKAGING_1,PACKAGING_LINE_1,26767.979588934853,0.21066311183312791,5,0.21066311183312791,110.06096528439957,12.253564675957023,30,26657.918623650454,26780.23315361081,experiment,FIFO,0.28,0,variant_5
7584,INSPECTION_1_1,INSPECTION_1_1_LINE,26768.23598110419,0.2563921693363227,6,0.2563921693363227,110.3173574537359,11.9971725066207,30,26657.918623650454,26780.23315361081,experiment,FIFO,0.28,0,variant_5
7584,INSPECTION_1_2,INSPECTION_1_2_LINE,26771.01341142431,0.48531677074788604,7,2.777430320118583,113.09478777385448,9.219742186502117,30,26657.918623650454,26780.23315361081,experiment,FIFO,0.28,0,variant_5
7584,INSPECTION_1_3,INSPECTION_1_3_LINE,26771.41348806116,0.3566731961873302,8,0.4000766368517361,113.49486441070621,8.81966554965038,30,26657.918623650454,26780.23315361081,experiment,FIFO,0.28,0,variant_5
7584,INSPECTION_1_4,INSPECTION_1_4_LINE,26774.41233839785,1.035797129963612,9,2.9988503366912482,116.49371474739746,5.820815212959133,30,26657.918623650454,26780.23315361081,experiment,FIFO,0.28,0,variant_5
7584,INSPECTION_1_5,INSPECTION_1_5_LINE,26778.57073589963,3.8986640853945573,10,4.158397501778381,120.65211224917584,1.6624177111807512,28,26657.918623650454,26780.23315361081,experiment,FIFO,0.28,0,variant_5
7584,INSPECTION_1_6,INSPECTION_1_6_LINE,26779.641756095687,1.0710201960573613,11,1.0710201960573613,121.7231324452332,0.5913975151233899,25,26657.918623650454,26780.23315361081,experiment,FIFO,0.28,0,variant_5
7584,INSPECTION_1_7,INSPECTION_1_7_LINE,26780.23315361081,0.5913975151233899,12,0.5913975151233899,122.3145299603566,0.0,24,26657.918623650454,26780.23315361081,experiment,FIFO,0.28,0,variant_5
7585,MOULDING_3,MOULDING_MACHINE_3,26680.63297249009,21.764208002106898,1,0.0,0.0,114.81921628550117,17,26680.63297249009,26795.45218877559,experiment,FIFO,0.28,0,variant_1
7585,ASSEMBLY_1_3,LINE_3_ASSEMBLY1,26689.97253273352,9.33956024343206,2,9.33956024343206,9.33956024343206,105.47965604206911,19,26680.63297249009,26795.45218877559,experiment,FIFO,0.28,0,variant_1
7585,ASSEMBLY_2_2,ASSEMBLY2_LINE_2,26771.16369191415,1.0317679332583793,3,81.19115918062744,90.5307194240595,24.288496861441672,30,26680.63297249009,26795.45218877559,experiment,FIFO,0.28,0,variant_1
7585,SORTING,SORTING_ROBOT_1,26779.51619216452,0.4549444503900304,4,8.352500250370213,98.88321967442971,15.93599661107146,25,26680.63297249009,26795.45218877559,experiment,FIFO,0.28,0,variant_1
7585,PACKAGING_2,PACKAGING_LINE_2,26781.470095241893,1.9539030773739796,5,1.9539030773739796,100.83712275180369,13.98209353369748,24,26680.63297249009,26795.45218877559,experiment,FIFO,0.28,0,variant_1
7585,INSPECTION_1_1,INSPECTION_1_1_LINE,26783.2944706822,1.8243754403083585,6,1.8243754403083585,102.66149819211205,12.157718093389121,23,26680.63297249009,26795.45218877559,experiment,FIFO,0.28,0,variant_1
7585,INSPECTION_1_2,INSPECTION_1_2_LINE,26784.94127736678,1.6468066845773137,7,1.6468066845773137,104.30830487668936,10.510911408811808,23,26680.63297249009,26795.45218877559,experiment,FIFO,0.28,0,variant_1
7585,INSPECTION_1_3,INSPECTION_1_3_LINE,26785.121275543188,0.1799981764088443,8,0.1799981764088443,104.4883030530982,10.330913232402963,23,26680.63297249009,26795.45218877559,experiment,FIFO,0.28,0,variant_1
7585,INSPECTION_1_4,INSPECTION_1_4_LINE,26792.30563347567,7.184357932481362,9,7.184357932481362,111.67266098557957,3.1465552999216015,23,26680.63297249009,26795.45218877559,experiment,FIFO,0.28,0,variant_1
7585,INSPECTION_1_5,INSPECTION_1_5_LINE,26792.436810897965,0.13117742229587748,10,0.13117742229587748,111.80383840787545,3.015377877625724,23,26680.63297249009,26795.45218877559,experiment,FIFO,0.28,0,variant_1
7585,INSPECTION_1_6,INSPECTION_1_6_LINE,26794.26522474197,1.8284138440030802,11,1.8284138440030802,113.63225225187853,1.186964033622644,22,26680.63297249009,26795.45218877559,experiment,FIFO,0.28,0,variant_1
7585,INSPECTION_1_7,INSPECTION_1_7_LINE,26795.45218877559,1.186964033622644,12,1.186964033622644,114.81921628550117,0.0,21,26680.63297249009,26795.45218877559,experiment,FIFO,0.28,0,variant_1
7586,MOULDING_1,MOULDING_MACHINE_1,26671.97261182119,7.621878847676271,1,0.0,0.0,110.48349569607672,15,26671.97261182119,26782.456107517268,experiment,FIFO,0.28,0,variant_1
7586,ASSEMBLY_1_5,LINE_5_ASSEMBLY1,26674.670862619063,2.6982507978718786,2,2.6982507978718786,2.6982507978718786,107.78524489820484,16,26671.97261182119,26782.456107517268,experiment,FIFO,0.28,0,variant_1
7586,ASSEMBLY_2_2,ASSEMBLY2_LINE_2,26742.818832483103,5.130831459850015,3,68.14796986403962,70.8462206619115,39.637275034165214,26,26671.97261182119,26782.456107517268,experiment,FIFO,0.28,0,variant_1
7586,SORTING,SORTING_ROBOT_1,26764.792638282,0.5553942212973197,4,21.973805798897956,92.82002646080946,17.663469235267257,29,26671.97261182119,26782.456107517268,experiment,FIFO,0.28,0,variant_1
7586,PACKAGING_3,PACKAGING_LINE_3,26773.78932899835,8.996690716350713,5,8.996690716350713,101.81671717716017,8.666778518916544,30,26671.97261182119,26782.456107517268,experiment,FIFO,0.28,0,variant_1
7586,INSPECTION_2_1,INSPECTION_2_1_LINE,26774.941051982216,1.1517229838646017,6,1.1517229838646017,102.96844016102477,7.515055535051943,29,26671.97261182119,26782.456107517268,experiment,FIFO,0.28,0,variant_1
7586,INSPECTION_2_2,INSPECTION_2_2_LINE,26775.408100564964,0.467048582748248,7,0.467048582748248,103.43548874377302,7.048006952303695,29,26671.97261182119,26782.456107517268,experiment,FIFO,0.28,0,variant_1
7586,INSPECTION_2_3,INSPECTION_2_3_LINE,26775.6967006177,0.2886000527360011,8,0.2886000527360011,103.72408879650902,6.7594068995676935,29,26671.97261182119,26782.456107517268,experiment,FIFO,0.28,0,variant_1
7586,INSPECTION_2_4,INSPECTION_2_4_LINE,26775.74253207825,0.0458314605493797,9,0.0458314605493797,103.7699202570584,6.713575439018314,29,26671.97261182119,26782.456107517268,experiment,FIFO,0.28,0,variant_1
7586,INSPECTION_2_5,INSPECTION_2_5_LINE,26776.50585167673,0.5368045755712956,10,0.7633195984817576,104.53323985554016,5.950255840536556,29,26671.97261182119,26782.456107517268,experiment,FIFO,0.28,0,variant_1
7586,INSPECTION_2_6,INSPECTION_2_6_LINE,26778.62963003012,1.1604738894893671,11,2.1237783533870243,106.65701820892718,3.826477487149532,28,26671.97261182119,26782.456107517268,experiment,FIFO,0.28,0,variant_1
7586,INSPECTION_2_7,INSPECTION_2_7_LINE,26782.456107517268,2.9799082220451965,12,3.826477487149532,110.48349569607672,0.0,23,26671.97261182119,26782.456107517268,experiment,FIFO,0.28,0,variant_1
7587,MOULDING_1,MOULDING_MACHINE_1,26672.735653552627,0.7630417314358056,1,0.0,0.0,106.74054574259571,16,26672.735653552627,26779.476199295223,experiment,FIFO,0.28,0,variant_4
7587,ASSEMBLY_1_2,LINE_2_ASSEMBLY1,26682.44241950289,9.706765950264526,2,9.706765950264526,9.706765950264526,97.03377979233119,16,26672.735653552627,26779.476199295223,experiment,FIFO,0.28,0,variant_4
7587,ASSEMBLY_2_2,ASSEMBLY2_LINE_2,26766.025243703378,4.154772533154755,3,83.58282420048636,93.28959015075088,13.450955591844831,30,26672.735653552627,26779.476199295223,experiment,FIFO,0.28,0,variant_4
7587,SORTING,SORTING_ROBOT_1,26767.82437602529,0.05545020227145869,4,1.7991323219139304,95.08872247266481,11.651823269930901,30,26672.735653552627,26779.476199295223,experiment,FIFO,0.28,0,variant_4
7587,PACKAGING_1,PACKAGING_LINE_1,26768.594521001207,0.6149320663535036,5,0.7701449759151728,95.85886744857999,10.881678294015728,30,26672.735653552627,26779.476199295223,experiment,FIFO,0.28,0,variant_4
7587,INSPECTION_2_1,INSPECTION_2_1_LINE,26769.15700137949,0.5624803782848176,6,0.5624803782848176,96.4213478268648,10.31919791573091,30,26672.735653552627,26779.476199295223,experiment,FIFO,0.28,0,variant_4
7587,INSPECTION_2_2,INSPECTION_2_2_LINE,26769.73743649294,0.5804351134465833,7,0.5804351134465833,97.00178294031139,9.738762802284327,30,26672.735653552627,26779.476199295223,experiment,FIFO,0.28,0,variant_4
7587,INSPECTION_2_3,INSPECTION_2_3_LINE,26775.03503524072,5.297598747780285,8,5.297598747780285,102.29938168809167,4.441164054504043,29,26672.735653552627,26779.476199295223,experiment,FIFO,0.28,0,variant_4
7587,INSPECTION_2_4,INSPECTION_2_4_LINE,26775.47614229876,0.44110705804268946,9,0.44110705804268946,102.74048874613436,4.000056996461353,29,26672.735653552627,26779.476199295223,experiment,FIFO,0.28,0,variant_4
7587,INSPECTION_2_5,INSPECTION_2_5_LINE,26775.96904710116,0.49290480239869794,10,0.49290480239869794,103.23339354853306,3.5071521940626553,29,26672.735653552627,26779.476199295223,experiment,FIFO,0.28,0,variant_4
7587,INSPECTION_2_6,INSPECTION_2_6_LINE,26777.46915614063,1.5001090394689527,11,1.5001090394689527,104.73350258800201,2.0070431545937026,28,26672.735653552627,26779.476199295223,experiment,FIFO,0.28,0,variant_4
7587,INSPECTION_2_7,INSPECTION_2_7_LINE,26779.476199295223,0.31797932913832483,12,2.0070431545937026,106.74054574259571,0.0,25,26672.735653552627,26779.476199295223,experiment,FIFO,0.28,0,variant_4
7588,MOULDING_5,MOULDING_MACHINE_5,26672.242571219227,6.890046181975777,1,0.0,0.0,112.64851894379535,16,26672.242571219227,26784.891090163022,experiment,FIFO,0.28,0,variant_3
7588,ASSEMBLY_1_1,LINE_1_ASSEMBLY1,26686.860065740813,14.617494521586195,2,14.617494521586195,14.617494521586195,98.03102442220916,18,26672.242571219227,26784.891090163022,experiment,FIFO,0.28,0,variant_3
7588,ASSEMBLY_2_2,ASSEMBLY2_LINE_2,26766.23453629412,0.20929259074182482,3,79.37447055330631,93.9919650748925,18.656553868902847,30,26672.242571219227,26784.891090163022,experiment,FIFO,0.28,0,variant_3
7588,SORTING,SORTING_ROBOT_1,26769.45570279817,1.6313267728764913,4,3.221166504048597,97.2131315789411,15.43538736485425,30,26672.242571219227,26784.891090163022,experiment,FIFO,0.28,0,variant_3
7588,PACKAGING_1,PACKAGING_LINE_1,26769.6005138142,0.14481101603087154,5,0.14481101603087154,97.35794259497197,15.290576348823379,30,26672.242571219227,26784.891090163022,experiment,FIFO,0.28,0,variant_3
7588,INSPECTION_1_1,INSPECTION_1_1_LINE,26774.31080543144,4.710291617240728,6,4.710291617240728,102.0682342122127,10.580284731582651,30,26672.242571219227,26784.891090163022,experiment,FIFO,0.28,0,variant_3
7588,INSPECTION_1_2,INSPECTION_1_2_LINE,26777.51427045257,3.2034650211317057,7,3.2034650211317057,105.2716992333444,7.376819710450945,28,26672.242571219227,26784.891090163022,experiment,FIFO,0.28,0,variant_3
7588,INSPECTION_1_3,INSPECTION_1_3_LINE,26779.17073171021,1.6564612576366926,8,1.6564612576366926,106.9281604909811,5.720358452814253,26,26672.242571219227,26784.891090163022,experiment,FIFO,0.28,0,variant_3
7588,INSPECTION_1_4,INSPECTION_1_4_LINE,26779.274949808645,0.1042180984368315,9,0.1042180984368315,107.03237858941793,5.616140354377421,26,26672.242571219227,26784.891090163022,experiment,FIFO,0.28,0,variant_3
7588,INSPECTION_1_5,INSPECTION_1_5_LINE,26782.423777026404,3.14882721775939,10,3.14882721775939,110.18120580717732,2.4673131366180314,24,26672.242571219227,26784.891090163022,experiment,FIFO,0.28,0,variant_3
7588,INSPECTION_1_6,INSPECTION_1_6_LINE,26783.8226546254,1.398877598996478,11,1.398877598996478,111.5800834061738,1.0684355376215535,24,26672.242571219227,26784.891090163022,experiment,FIFO,0.28,0,variant_3
7588,INSPECTION_1_7,INSPECTION_1_7_LINE,26784.891090163022,1.0684355376215535,12,1.0684355376215535,112.64851894379535,0.0,23,26672.242571219227,26784.891090163022,experiment,FIFO,0.28,0,variant_3
7589,MOULDING_5,MOULDING_MACHINE_5,26679.67780700888,7.435235789653234,1,0.0,0.0,112.4182917901453,16,26679.67780700888,26792.096098799026,experiment,FIFO,0.28,0,variant_1
7589,ASSEMBLY_1_5,LINE_5_ASSEMBLY1,26686.889663215145,4.057903049782908,2,7.211856206264201,7.211856206264201,105.2064355838811,18,26679.67780700888,26792.096098799026,experiment,FIFO,0.28,0,variant_1
7589,ASSEMBLY_2_2,ASSEMBLY2_LINE_2,26770.13192398089,3.8973876867712534,3,83.24226076574632,90.45411697201052,21.96417481813478,30,26679.67780700888,26792.096098799026,experiment,FIFO,0.28,0,variant_1
7589,SORTING,SORTING_ROBOT_1,26779.06124771413,6.207915572646016,4,8.929323733238562,99.38344070524909,13.034851084896218,28,26679.67780700888,26792.096098799026,experiment,FIFO,0.28,0,variant_1
7589,PACKAGING_1,PACKAGING_LINE_1,26780.796871724106,0.9569730400580738,5,1.7356240099761635,101.11906471522525,11.299227074920054,24,26679.67780700888,26792.096098799026,experiment,FIFO,0.28,0,variant_1
7589,INSPECTION_1_1,INSPECTION_1_1_LINE,26781.38763577693,0.5907640528239426,6,0.5907640528239426,101.70982876804919,10.708463022096112,24,26679.67780700888,26792.096098799026,experiment,FIFO,0.28,0,variant_1
7589,INSPECTION_1_2,INSPECTION_1_2_LINE,26781.402765681087,0.015129904157220153,7,0.015129904157220153,101.72495867220641,10.693333117938892,24,26679.67780700888,26792.096098799026,experiment,FIFO,0.28,0,variant_1
7589,INSPECTION_1_3,INSPECTION_1_3_LINE,26782.01023061074,0.6074649296533607,8,0.6074649296533607,102.33242360185977,10.08586818828553,24,26679.67780700888,26792.096098799026,experiment,FIFO,0.28,0,variant_1
7589,INSPECTION_1_4,INSPECTION_1_4_LINE,26782.49597360878,0.48574299804022303,9,0.48574299804022303,102.8181665999,9.600125190245308,23,26679.67780700888,26792.096098799026,experiment,FIFO,0.28,0,variant_1
7589,INSPECTION_1_5,INSPECTION_1_5_LINE,26782.68421170392,0.1882380951392406,10,0.1882380951392406,103.00640469503924,9.411887095106067,23,26679.67780700888,26792.096098799026,experiment,FIFO,0.28,0,variant_1
7589,INSPECTION_1_6,INSPECTION_1_6_LINE,26788.89747289087,5.074818265467911,11,6.213261186949239,109.21966588198848,3.198625908156828,24,26679.67780700888,26792.096098799026,experiment,FIFO,0.28,0,variant_1
7589,INSPECTION_1_7,INSPECTION_1_7_LINE,26792.096098799026,3.198625908156828,12,3.198625908156828,112.4182917901453,0.0,23,26679.67780700888,26792.096098799026,experiment,FIFO,0.28,0,variant_1
7590,MOULDING_4,MOULDING_MACHINE_4,26683.271343813773,9.170938145092805,1,0.0,0.0,112.6024122205963,17,26683.271343813773,26795.87375603437,experiment,FIFO,0.28,0,variant_2
7590,ASSEMBLY_1_2,LINE_2_ASSEMBLY1,26695.680761766376,12.40941795260369,2,12.40941795260369,12.40941795260369,100.19299426799262,19,26683.271343813773,26795.87375603437,experiment,FIFO,0.28,0,variant_2
7590,ASSEMBLY_2_2,ASSEMBLY2_LINE_2,26774.988390014165,3.8246981000156666,3,79.30762824778867,91.71704620039236,20.885366020203946,29,26683.271343813773,26795.87375603437,experiment,FIFO,0.28,0,variant_2
7590,SORTING,SORTING_ROBOT_1,26780.94539167457,1.429199510050239,4,5.957001660404785,97.67404786079715,14.928364359799161,24,26683.271343813773,26795.87375603437,experiment,FIFO,0.28,0,variant_2
7590,PACKAGING_1,PACKAGING_LINE_1,26783.61835101145,2.6729593368800124,5,2.6729593368800124,100.34700719767716,12.255405022919149,24,26683.271343813773,26795.87375603437,experiment,FIFO,0.28,0,variant_2
7590,INSPECTION_1_1,INSPECTION_1_1_LINE,26785.557539574394,1.501285575926886,6,1.9391885629447643,102.28619576062192,10.316216459974385,23,26683.271343813773,26795.87375603437,experiment,FIFO,0.28,0,variant_2
7590,INSPECTION_1_2,INSPECTION_1_2_LINE,26786.88732776598,0.16449396589086973,7,1.3297881915859762,103.6159839522079,8.986428268388408,23,26683.271343813773,26795.87375603437,experiment,FIFO,0.28,0,variant_2
7590,INSPECTION_1_3,INSPECTION_1_3_LINE,26787.58330432665,0.24933387192504597,8,0.6959765606698056,104.3119605128777,8.290451707718603,23,26683.271343813773,26795.87375603437,experiment,FIFO,0.28,0,variant_2
7590,INSPECTION_1_4,INSPECTION_1_4_LINE,26793.257466557963,0.34738318137897295,9,5.674162231312948,109.98612274419065,2.6162894764056546,23,26683.271343813773,26795.87375603437,experiment,FIFO,0.28,0,variant_2
7590,INSPECTION_1_5,INSPECTION_1_5_LINE,26793.94326124245,0.5334890077610908,10,0.6857946844866092,110.67191742867726,1.9304947919190454,23,26683.271343813773,26795.87375603437,experiment,FIFO,0.28,0,variant_2
7590,INSPECTION_1_6,INSPECTION_1_6_LINE,26794.63390376745,0.047393160482897656,11,0.6906425250017492,111.36255995367901,1.2398522669172962,22,26683.271343813773,26795.87375603437,experiment,FIFO,0.28,0,variant_2
7590,INSPECTION_1_7,INSPECTION_1_7_LINE,26795.87375603437,0.3659825608592655,12,1.2398522669172962,112.6024122205963,0.0,19,26683.271343813773,26795.87375603437,experiment,FIFO,0.28,0,variant_2
7591,MOULDING_4,MOULDING_MACHINE_4,26686.756726805663,3.4853829918902193,1,0.0,0.0,115.87624784201762,18,26686.756726805663,26802.63297464768,experiment,FIFO,0.28,0,variant_3
7591,ASSEMBLY_1_2,LINE_2_ASSEMBLY1,26699.17322049025,3.4924587238747336,2,12.416493684588204,12.416493684588204,103.45975415742942,19,26686.756726805663,26802.63297464768,experiment,FIFO,0.28,0,variant_3
7591,ASSEMBLY_2_2,ASSEMBLY2_LINE_2,26790.1025036445,15.114113630334032,3,90.92928315424797,103.34577683883617,12.530471003181447,24,26686.756726805663,26802.63297464768,experiment,FIFO,0.28,0,variant_3
7591,SORTING,SORTING_ROBOT_1,26795.50051320123,5.398009556731267,4,5.398009556731267,108.74378639556744,7.132461446450179,21,26686.756726805663,26802.63297464768,experiment,FIFO,0.28,0,variant_3
7591,PACKAGING_3,PACKAGING_LINE_3,26798.460133658533,2.9596204573026625,5,2.9596204573026625,111.7034068528701,4.172840989147517,20,26686.756726805663,26802.63297464768,experiment,FIFO,0.28,0,variant_3
7591,INSPECTION_2_1,INSPECTION_2_1_LINE,26799.308918777053,0.848785118520027,6,0.848785118520027,112.55219197139013,3.3240558706274896,20,26686.756726805663,26802.63297464768,experiment,FIFO,0.28,0,variant_3
7591,INSPECTION_2_2,INSPECTION_2_2_LINE,26799.430993520888,0.12207474383467343,7,0.12207474383467343,112.6742667152248,3.201981126792816,20,26686.756726805663,26802.63297464768,experiment,FIFO,0.28,0,variant_3
7591,INSPECTION_2_3,INSPECTION_2_3_LINE,26800.08166450657,0.6506709856839734,8,0.6506709856839734,113.32493770090878,2.551310141108843,20,26686.756726805663,26802.63297464768,experiment,FIFO,0.28,0,variant_3
7591,INSPECTION_2_4,INSPECTION_2_4_LINE,26800.262985857986,0.18132135141422623,9,0.18132135141422623,113.506259052323,2.3699887896946166,20,26686.756726805663,26802.63297464768,experiment,FIFO,0.28,0,variant_3
7591,INSPECTION_2_5,INSPECTION_2_5_LINE,26800.877590565666,0.6146047076799732,10,0.6146047076799732,114.12086376000298,1.7553840820146434,20,26686.756726805663,26802.63297464768,experiment,FIFO,0.28,0,variant_3
7591,INSPECTION_2_6,INSPECTION_2_6_LINE,26802.35574784847,1.478157282803295,11,1.478157282803295,115.59902104280627,0.2772267992113484,19,26686.756726805663,26802.63297464768,experiment,FIFO,0.28,0,variant_3
7591,INSPECTION_2_6,INSPECTION_2_6_LINE,26802.35820016772,0.0024523192514607217,12,0.0024523192514607217,115.60147336205773,0.2747744799598877,19,26686.756726805663,26802.63297464768,experiment,FIFO,0.28,0,variant_3
7591,INSPECTION_2_7,INSPECTION_2_7_LINE,26802.63297464768,0.2747744799598877,13,0.2747744799598877,115.87624784201762,0.0,18,26686.756726805663,26802.63297464768,experiment,FIFO,0.28,0,variant_3
7592,MOULDING_4,MOULDING_MACHINE_4,26687.09832919872,0.3416023930585652,1,0.0,0.0,41.95908757143843,18,26687.09832919872,26729.05741677016,experiment,FIFO,0.28,0,variant_6
7592,ASSEMBLY_1_3,LINE_3_ASSEMBLY1,26697.57713630895,7.604603575429792,2,10.478807110230264,10.478807110230264,31.480280461208167,19,26687.09832919872,26729.05741677016,experiment,FIFO,0.28,0,variant_6
7592,ASSEMBLY_2_1,ASSEMBLY2_LINE_1,26712.21813224486,11.577106657048716,3,14.640995935907995,25.11980304613826,16.839284525300172,23,26687.09832919872,26729.05741677016,experiment,FIFO,0.28,0,variant_6
7592,SORTING,SORTING_ROBOT_1,26716.681205357807,4.463073112947313,4,4.463073112947313,29.582876159085572,12.376211412352859,22,26687.09832919872,26729.05741677016,experiment,FIFO,0.28,0,variant_6
7592,PACKAGING_2,PACKAGING_LINE_2,26718.37504709136,1.6938417335513805,5,1.6938417335513805,31.276717892636952,10.682369678801479,22,26687.09832919872,26729.05741677016,experiment,FIFO,0.28,0,variant_6
7592,INSPECTION_2_1,INSPECTION_2_1_LINE,26719.3873830056,1.012335914241703,6,1.012335914241703,32.289053806878655,9.670033764559776,22,26687.09832919872,26729.05741677016,experiment,FIFO,0.28,0,variant_6
7592,INSPECTION_2_2,INSPECTION_2_2_LINE,26721.29615624876,1.9087732431617042,7,1.9087732431617042,34.19782705004036,7.761260521398071,23,26687.09832919872,26729.05741677016,experiment,FIFO,0.28,0,variant_6
7592,INSPECTION_2_3,INSPECTION_2_3_LINE,26723.82709061944,2.5309343706794607,8,2.5309343706794607,36.72876142071982,5.230326150718611,23,26687.09832919872,26729.05741677016,experiment,FIFO,0.28,0,variant_6
7592,INSPECTION_2_4,INSPECTION_2_4_LINE,26726.72781737572,2.900726756277436,9,2.900726756277436,39.629488176997256,2.329599394441175,23,26687.09832919872,26729.05741677016,experiment,FIFO,0.28,0,variant_6
7592,INSPECTION_2_5,INSPECTION_2_5_LINE,26727.38463817521,0.6568207994896511,10,0.6568207994896511,40.28630897648691,1.6727785949515237,24,26687.09832919872,26729.05741677016,experiment,FIFO,0.28,0,variant_6
7592,INSPECTION_2_6,INSPECTION_2_6_LINE,26728.57994172384,1.1953035486330919,11,1.1953035486330919,41.48161252512,0.47747504631843185,24,26687.09832919872,26729.05741677016,experiment,FIFO,0.28,0,variant_6
7592,INSPECTION_2_7,INSPECTION_2_7_LINE,26729.05741677016,0.47747504631843185,12,0.47747504631843185,41.95908757143843,0.0,24,26687.09832919872,26729.05741677016,experiment,FIFO,0.28,0,variant_6
7593,MOULDING_2,MOULDING_MACHINE_2,26688.55504069198,0.9377231007383671,1,0.0,0.0,90.55428487318932,19,26688.55504069198,26779.10932556517,experiment,FIFO,0.28,0,variant_6
7593,ASSEMBLY_1_2,LINE_2_ASSEMBLY1,26709.19550789962,10.02228740937062,2,20.64046720764236,20.64046720764236,69.91381766554696,22,26688.55504069198,26779.10932556517,experiment,FIFO,0.28,0,variant_6
7593,ASSEMBLY_2_1,ASSEMBLY2_LINE_1,26716.38003891564,4.16190667077899,3,7.18453101601699,27.82499822365935,62.72928664952997,22,26688.55504069198,26779.10932556517,experiment,FIFO,0.28,0,variant_6
7593,SORTING,SORTING_ROBOT_1,26731.7953731201,1.1093164168596559,4,15.415334204462852,43.2403324281222,47.313952445067116,25,26688.55504069198,26779.10932556517,experiment,FIFO,0.28,0,variant_6
7593,SORTING,SORTING_ROBOT_1,26753.48336652273,0.31948685287716216,5,21.687993402629218,64.92832583075142,25.6259590424379,31,26688.55504069198,26779.10932556517,experiment,FIFO,0.28,0,variant_6
7593,PACKAGING_1,PACKAGING_LINE_1,26759.145788589864,5.662422067132866,6,5.662422067132866,70.59074789788428,19.963536975305033,30,26688.55504069198,26779.10932556517,experiment,FIFO,0.28,0,variant_6
7593,INSPECTION_2_1,INSPECTION_2_1_LINE,26760.52902845488,1.032311687573383,7,1.3832398650156392,71.97398776289992,18.580297110289393,29,26688.55504069198,26779.10932556517,experiment,FIFO,0.28,0,variant_6
7593,INSPECTION_2_2,INSPECTION_2_2_LINE,26764.36622295838,2.2034186650016636,8,3.8371945034996315,75.81118226639956,14.743102606789762,29,26688.55504069198,26779.10932556517,experiment,FIFO,0.28,0,variant_6
7593,INSPECTION_2_3,INSPECTION_2_3_LINE,26765.864849601418,1.4986266430387332,9,1.4986266430387332,77.30980890943829,13.244475963751029,30,26688.55504069198,26779.10932556517,experiment,FIFO,0.28,0,variant_6
7593,INSPECTION_2_4,INSPECTION_2_4_LINE,26768.437532934768,0.08929572668785113,10,2.5726833333501418,79.88249224278843,10.671792630400887,30,26688.55504069198,26779.10932556517,experiment,FIFO,0.28,0,variant_6
7593,INSPECTION_2_5,INSPECTION_2_5_LINE,26771.230082015067,0.11925482802689658,11,2.792549080299068,82.6750413230875,7.879243550101819,30,26688.55504069198,26779.10932556517,experiment,FIFO,0.28,0,variant_6
7593,INSPECTION_2_6,INSPECTION_2_6_LINE,26772.41926281164,0.3685350659688993,12,1.189180796573055,83.86422211966055,6.690062753528764,30,26688.55504069198,26779.10932556517,experiment,FIFO,0.28,0,variant_6
7593,INSPECTION_2_7,INSPECTION_2_7_LINE,26779.10932556517,4.340903884069121,13,6.690062753528764,90.55428487318932,0.0,27,26688.55504069198,26779.10932556517,experiment,FIFO,0.28,0,variant_6
7594,MOULDING_3,MOULDING_MACHINE_3,26702.384573529,0.21629641541585443,1,0.0,0.0,123.9276669759347,20,26702.384573529,26826.312240504936,experiment,FIFO,0.28,0,variant_2
7594,ASSEMBLY_1_3,LINE_3_ASSEMBLY1,26712.089581864864,9.705008335862658,2,9.705008335862658,9.705008335862658,114.22265864007204,23,26702.384573529,26826.312240504936,experiment,FIFO,0.28,0,variant_2
7594,ASSEMBLY_2_2,ASSEMBLY2_LINE_2,26803.30009156628,13.197587921782542,3,91.21050970141732,100.91551803727998,23.012148938654718,18,26702.384573529,26826.312240504936,experiment,FIFO,0.28,0,variant_2
7594,SORTING,SORTING_ROBOT_1,26808.54727875864,5.247187192358979,4,5.247187192358979,106.16270522963896,17.76496174629574,21,26702.384573529,26826.312240504936,experiment,FIFO,0.28,0,variant_2
7594,PACKAGING_3,PACKAGING_LINE_3,26819.00603348661,7.361297614221257,5,10.45875472796979,116.62145995760875,7.306207018325949,21,26702.384573529,26826.312240504936,experiment,FIFO,0.28,0,variant_2
7594,INSPECTION_2_1,INSPECTION_2_1_LINE,26820.28532216086,1.2792886742499832,6,1.2792886742499832,117.90074863185873,6.026918344075966,21,26702.384573529,26826.312240504936,experiment,FIFO,0.28,0,variant_2
7594,INSPECTION_2_2,INSPECTION_2_2_LINE,26822.4174625627,2.1321404018381145,7,2.1321404018381145,120.03288903369685,3.8947779422378517,20,26702.384573529,26826.312240504936,experiment,FIFO,0.28,0,variant_2
7594,INSPECTION_2_3,INSPECTION_2_3_LINE,26823.91684555084,1.4993829881423153,8,1.4993829881423153,121.53227202183916,2.3953949540955364,21,26702.384573529,26826.312240504936,experiment,FIFO,0.28,0,variant_2
7594,INSPECTION_2_4,INSPECTION_2_4_LINE,26824.77030228485,0.8534567340102512,9,0.8534567340102512,122.38572875584941,1.5419382200852851,21,26702.384573529,26826.312240504936,experiment,FIFO,0.28,0,variant_2
7594,INSPECTION_2_5,INSPECTION_2_5_LINE,26825.0602492458,0.2899469609474181,10,0.2899469609474181,122.67567571679683,1.251991259137867,21,26702.384573529,26826.312240504936,experiment,FIFO,0.28,0,variant_2
7594,INSPECTION_2_6,INSPECTION_2_6_LINE,26825.242377692564,0.1821284467660007,11,0.1821284467660007,122.85780416356283,1.0698628123718663,21,26702.384573529,26826.312240504936,experiment,FIFO,0.28,0,variant_2
7594,INSPECTION_2_7,INSPECTION_2_7_LINE,26826.312240504936,1.0698628123718663,12,1.0698628123718663,123.9276669759347,0.0,20,26702.384573529,26826.312240504936,experiment,FIFO,0.28,0,variant_2
7595,MOULDING_2,MOULDING_MACHINE_2,26703.775141499595,1.4295884036873758,1,0.0,0.0,54.59619099437623,21,26703.775141499595,26758.37133249397,experiment,FIFO,0.28,0,variant_2
7595,ASSEMBLY_1_3,LINE_3_ASSEMBLY1,26713.27996601922,1.1903841543571616,2,9.504824519626709,9.504824519626709,45.09136647474952,23,26703.775141499595,26758.37133249397,experiment,FIFO,0.28,0,variant_2
7595,ASSEMBLY_2_1,ASSEMBLY2_LINE_1,26718.16293024184,1.7828913262019341,3,4.882964222619194,14.387788742245903,40.20840225213033,22,26703.775141499595,26758.37133249397,experiment,FIFO,0.28,0,variant_2
7595,SORTING,SORTING_ROBOT_1,26732.08474209358,0.2893689734773943,4,13.921811851738312,28.309600593984214,26.286590400392015,25,26703.775141499595,26758.37133249397,experiment,FIFO,0.28,0,variant_2
7595,PACKAGING_2,PACKAGING_LINE_2,26747.082331404665,14.997589311085903,5,14.997589311085903,43.30718990507012,11.289001089306112,30,26703.775141499595,26758.37133249397,experiment,FIFO,0.28,0,variant_2
7595,INSPECTION_2_1,INSPECTION_2_1_LINE,26751.81320463336,4.730873228694691,6,4.730873228694691,48.03806313376481,6.558127860611421,30,26703.775141499595,26758.37133249397,experiment,FIFO,0.28,0,variant_2
7595,INSPECTION_2_2,INSPECTION_2_2_LINE,26753.910350402057,2.0971457686973736,7,2.0971457686973736,50.13520890246218,4.4609820919140475,31,26703.775141499595,26758.37133249397,experiment,FIFO,0.28,0,variant_2
7595,INSPECTION_2_3,INSPECTION_2_3_LINE,26754.00925006328,0.09889966122500482,8,0.09889966122500482,50.23410856368719,4.362082430689043,31,26703.775141499595,26758.37133249397,experiment,FIFO,0.28,0,variant_2
7595,INSPECTION_2_4,INSPECTION_2_4_LINE,26754.23057157582,0.22132151253754273,9,0.22132151253754273,50.45543007622473,4.1407609181515,31,26703.775141499595,26758.37133249397,experiment,FIFO,0.28,0,variant_2
7595,INSPECTION_2_5,INSPECTION_2_5_LINE,26757.196160778603,2.965589202784031,10,2.965589202784031,53.42101927900876,1.175171715367469,32,26703.775141499595,26758.37133249397,experiment,FIFO,0.28,0,variant_2
7595,INSPECTION_2_6,INSPECTION_2_6_LINE,26757.51407359193,0.3179128133269842,11,0.3179128133269842,53.738932092335745,0.8572589020404848,32,26703.775141499595,26758.37133249397,experiment,FIFO,0.28,0,variant_2
7595,INSPECTION_2_7,INSPECTION_2_7_LINE,26758.37133249397,0.8572589020404848,12,0.8572589020404848,54.59619099437623,0.0,31,26703.775141499595,26758.37133249397,experiment,FIFO,0.28,0,variant_2
7596,MOULDING_4,MOULDING_MACHINE_4,26708.870718950344,3.1713992877776036,1,0.0,0.0,31.536310652965767,22,26708.870718950344,26740.40702960331,experiment,FIFO,0.28,0,variant_2
7596,ASSEMBLY_1_5,LINE_5_ASSEMBLY1,26716.162963390296,7.292244439951901,2,7.292244439951901,7.292244439951901,24.244066213013866,22,26708.870718950344,26740.40702960331,experiment,FIFO,0.28,0,variant_2
7596,ASSEMBLY_2_1,ASSEMBLY2_LINE_1,26718.498912311847,0.3359820700061391,3,2.33594892155088,9.628193361502781,21.908117291462986,22,26708.870718950344,26740.40702960331,experiment,FIFO,0.28,0,variant_2
7596,SORTING,SORTING_ROBOT_1,26736.09654030053,4.0117982069496065,4,17.59762798868178,27.22582135018456,4.310489302781207,26,26708.870718950344,26740.40702960331,experiment,FIFO,0.28,0,variant_2
7596,PACKAGING_3,PACKAGING_LINE_3,26739.115393135868,3.018852835339203,5,3.018852835339203,30.244674185523763,1.2916364674420038,26,26708.870718950344,26740.40702960331,experiment,FIFO,0.28,0,variant_2
7596,INSPECTION_1_1,INSPECTION_1_1_LINE,26739.621605208795,0.5062120729271555,6,0.5062120729271555,30.75088625845092,0.7854243945148482,26,26708.870718950344,26740.40702960331,experiment,FIFO,0.28,0,variant_2
7596,INSPECTION_1_2,INSPECTION_1_2_LINE,26739.759513350884,0.13790814208914526,7,0.13790814208914526,30.888794400540064,0.647516252425703,26,26708.870718950344,26740.40702960331,experiment,FIFO,0.28,0,variant_2
7596,INSPECTION_1_3,INSPECTION_1_3_LINE,26739.789121450583,0.029608099699544255,8,0.029608099699544255,30.91840250023961,0.6179081527261587,26,26708.870718950344,26740.40702960331,experiment,FIFO,0.28,0,variant_2
7596,INSPECTION_1_4,INSPECTION_1_4_LINE,26739.97424405781,0.18512260722491192,9,0.18512260722491192,31.10352510746452,0.4327855455012468,26,26708.870718950344,26740.40702960331,experiment,FIFO,0.28,0,variant_2
7596,INSPECTION_1_5,INSPECTION_1_5_LINE,26740.248409336225,0.2741652784170583,10,0.2741652784170583,31.37769038588158,0.15862026708418853,26,26708.870718950344,26740.40702960331,experiment,FIFO,0.28,0,variant_2
7596,INSPECTION_1_6,INSPECTION_1_6_LINE,26740.38154815512,0.13313881889553159,11,0.13313881889553159,31.51082920477711,0.02548144818865694,26,26708.870718950344,26740.40702960331,experiment,FIFO,0.28,0,variant_2
7596,INSPECTION_1_7,INSPECTION_1_7_LINE,26740.40702960331,0.02548144818865694,12,0.02548144818865694,31.536310652965767,0.0,25,26708.870718950344,26740.40702960331,experiment,FIFO,0.28,0,variant_2
7597,MOULDING_4,MOULDING_MACHINE_4,26715.871192861545,7.00047391120097,1,0.0,0.0,58.897228819554584,22,26715.871192861545,26774.7684216811,experiment,FIFO,0.28,0,variant_1
7597,ASSEMBLY_1_2,LINE_2_ASSEMBLY1,26718.76842087878,2.897228017234738,2,2.897228017234738,2.897228017234738,56.000000802319846,22,26715.871192861545,26774.7684216811,experiment,FIFO,0.28,0,variant_1
7597,ASSEMBLY_2_1,ASSEMBLY2_LINE_1,26719.63749183542,0.8690709566399164,3,0.8690709566399164,3.7662989738746546,55.13092984567993,22,26715.871192861545,26774.7684216811,experiment,FIFO,0.28,0,variant_1
7597,SORTING,SORTING_ROBOT_1,26752.674382618505,0.4350585978536401,4,33.036890783085255,36.80318975695991,22.094039062594675,30,26715.871192861545,26774.7684216811,experiment,FIFO,0.28,0,variant_1
7597,PACKAGING_2,PACKAGING_LINE_2,26756.684121288337,4.009738669832586,5,4.009738669832586,40.812928426792496,18.08430039276209,32,26715.871192861545,26774.7684216811,experiment,FIFO,0.28,0,variant_1
7597,INSPECTION_2_1,INSPECTION_2_1_LINE,26759.496716767306,2.812595478968433,6,2.812595478968433,43.62552390576093,15.271704913793656,30,26715.871192861545,26774.7684216811,experiment,FIFO,0.28,0,variant_1
7597,INSPECTION_2_2,INSPECTION_2_2_LINE,26762.162804293377,2.666087526071351,7,2.666087526071351,46.29161143183228,12.605617387722305,30,26715.871192861545,26774.7684216811,experiment,FIFO,0.28,0,variant_1
7597,INSPECTION_2_3,INSPECTION_2_3_LINE,26764.2821928044,2.1193885110224073,8,2.1193885110224073,48.41099994285469,10.486228876699897,29,26715.871192861545,26774.7684216811,experiment,FIFO,0.28,0,variant_1
7597,INSPECTION_2_4,INSPECTION_2_4_LINE,26768.34823720808,4.06604440368028,9,4.06604440368028,52.47704434653497,6.420184473019617,30,26715.871192861545,26774.7684216811,experiment,FIFO,0.28,0,variant_1
7597,INSPECTION_2_5,INSPECTION_2_5_LINE,26771.11082718704,2.7625899789600226,10,2.7625899789600226,55.23963432549499,3.6575944940595946,30,26715.871192861545,26774.7684216811,experiment,FIFO,0.28,0,variant_1
7597,INSPECTION_2_6,INSPECTION_2_6_LINE,26772.05072774567,0.9399005586310523,11,0.9399005586310523,56.17953488412604,2.7176939354285423,30,26715.871192861545,26774.7684216811,experiment,FIFO,0.28,0,variant_1
7597,INSPECTION_2_7,INSPECTION_2_7_LINE,26774.7684216811,2.7176939354285423,12,2.7176939354285423,58.897228819554584,0.0,29,26715.871192861545,26774.7684216811,experiment,FIFO,0.28,0,variant_1
7598,MOULDING_5,MOULDING_MACHINE_5,26710.11712700229,1.1995077099454647,1,0.0,0.0,111.95094467277886,23,26710.11712700229,26822.06807167507,experiment,FIFO,0.28,0,variant_3
7598,ASSEMBLY_1_1,LINE_1_ASSEMBLY1,26715.512325179567,5.395198177277052,2,5.395198177277052,5.395198177277052,106.55574649550181,21,26710.11712700229,26822.06807167507,experiment,FIFO,0.28,0,variant_3
7598,ASSEMBLY_2_2,ASSEMBLY2_LINE_2,26808.83156947545,5.531477909167734,3,93.31924429588253,98.71444247315958,13.23650219961928,21,26710.11712700229,26822.06807167507,experiment,FIFO,0.28,0,variant_3
7598,SORTING,SORTING_ROBOT_1,26809.787559144628,0.9559896691789618,4,0.9559896691789618,99.67043214233854,12.280512530440319,21,26710.11712700229,26822.06807167507,experiment,FIFO,0.28,0,variant_3
7598,PACKAGING_2,PACKAGING_LINE_2,26811.375016734863,1.5874575902344077,5,1.5874575902344077,101.25788973257295,10.693054940205911,21,26710.11712700229,26822.06807167507,experiment,FIFO,0.28,0,variant_3
7598,INSPECTION_2_1,INSPECTION_2_1_LINE,26811.57718045988,0.20216372501818114,6,0.20216372501818114,101.46005345759113,10.49089121518773,21,26710.11712700229,26822.06807167507,experiment,FIFO,0.28,0,variant_3
7598,INSPECTION_2_2,INSPECTION_2_2_LINE,26812.19952603337,0.6223455734907475,7,0.6223455734907475,102.08239903108188,9.868545641696983,21,26710.11712700229,26822.06807167507,experiment,FIFO,0.28,0,variant_3
7598,INSPECTION_2_3,INSPECTION_2_3_LINE,26812.41164652543,0.2121204920586024,8,0.2121204920586024,102.29451952314048,9.65642514963838,21,26710.11712700229,26822.06807167507,experiment,FIFO,0.28,0,variant_3
7598,INSPECTION_2_4,INSPECTION_2_4_LINE,26812.60397777091,0.19233124547827174,9,0.19233124547827174,102.48685076861875,9.464093904160109,21,26710.11712700229,26822.06807167507,experiment,FIFO,0.28,0,variant_3
7598,INSPECTION_2_5,INSPECTION_2_5_LINE,26814.806768316965,2.202790546056349,10,2.202790546056349,104.6896413146751,7.26130335810376,22,26710.11712700229,26822.06807167507,experiment,FIFO,0.28,0,variant_3
7598,INSPECTION_2_6,INSPECTION_2_6_LINE,26818.54359949496,3.7368311779937358,11,3.7368311779937358,108.42647249266884,3.524472180110024,21,26710.11712700229,26822.06807167507,experiment,FIFO,0.28,0,variant_3
7598,INSPECTION_2_7,INSPECTION_2_7_LINE,26822.06807167507,3.524472180110024,12,3.524472180110024,111.95094467277886,0.0,20,26710.11712700229,26822.06807167507,experiment,FIFO,0.28,0,variant_3
7599,MOULDING_3,MOULDING_MACHINE_3,26724.308873588816,5.470299004642584,1,0.0,0.0,71.19889988469367,24,26724.308873588816,26795.50777347351,experiment,FIFO,0.28,0,variant_6
7599,ASSEMBLY_1_5,LINE_5_ASSEMBLY1,26733.00995656313,8.701082974315796,2,8.701082974315796,8.701082974315796,62.49781691037788,25,26724.308873588816,26795.50777347351,experiment,FIFO,0.28,0,variant_6
7599,ASSEMBLY_2_1,ASSEMBLY2_LINE_1,26756.571887488404,21.896662244485924,3,23.561930925272463,32.26301389958826,38.935885985105415,32,26724.308873588816,26795.50777347351,experiment,FIFO,0.28,0,variant_6
7599,SORTING,SORTING_ROBOT_1,26767.03265986472,2.2400215827183274,4,10.460772376314708,42.72378627590297,28.475113608790707,30,26724.308873588816,26795.50777347351,experiment,FIFO,0.28,0,variant_6
7599,PACKAGING_3,PACKAGING_LINE_3,26781.606638289944,7.817309291593119,5,14.573978425225505,57.29776470112847,13.901135183565202,24,26724.308873588816,26795.50777347351,experiment,FIFO,0.28,0,variant_6
7599,INSPECTION_1_1,INSPECTION_1_1_LINE,26784.056253998468,0.7617833162657917,6,2.449615708523197,59.74738040965167,11.451519475042005,24,26724.308873588816,26795.50777347351,experiment,FIFO,0.28,0,variant_6
7599,INSPECTION_1_2,INSPECTION_1_2_LINE,26786.72283380009,1.7815564333104703,7,2.6665798016219924,62.41396021127366,8.784939673420013,23,26724.308873588816,26795.50777347351,experiment,FIFO,0.28,0,variant_6
7599,INSPECTION_1_3,INSPECTION_1_3_LINE,26787.333970454725,0.6111366546356294,8,0.6111366546356294,63.02509686590929,8.173803018784383,23,26724.308873588816,26795.50777347351,experiment,FIFO,0.28,0,variant_6
7599,INSPECTION_1_4,INSPECTION_1_4_LINE,26792.910083376584,0.6044499009149149,9,5.576112921859021,68.60120978776831,2.597690096925362,23,26724.308873588816,26795.50777347351,experiment,FIFO,0.28,0,variant_6
7599,INSPECTION_1_5,INSPECTION_1_5_LINE,26793.40977223469,0.4996888581044914,10,0.4996888581044914,69.1008986458728,2.0980012388208706,23,26724.308873588816,26795.50777347351,experiment,FIFO,0.28,0,variant_6
7599,INSPECTION_1_6,INSPECTION_1_6_LINE,26794.58651060697,0.3212858650003909,11,1.1767383722799423,70.27763701815275,0.9212628665409284,22,26724.308873588816,26795.50777347351,experiment,FIFO,0.28,0,variant_6
7599,INSPECTION_1_7,INSPECTION_1_7_LINE,26795.50777347351,0.055584697918675374,12,0.9212628665409284,71.19889988469367,0.0,20,26724.308873588816,26795.50777347351,experiment,FIFO,0.28,0,variant_6
7600,MOULDING_5,MOULDING_MACHINE_5,26720.334202367576,0.9039954306317668,1,0.0,0.0,113.94382667832178,23,26720.334202367576,26834.278029045898,experiment,FIFO,0.28,0,variant_4
7600,ASSEMBLY_1_2,LINE_2_ASSEMBLY1,26728.429727187384,8.095524819807906,2,8.095524819807906,8.095524819807906,105.84830185851388,24,26720.334202367576,26834.278029045898,experiment,FIFO,0.28,0,variant_4
7600,ASSEMBLY_2_2,ASSEMBLY2_LINE_2,26809.684647085567,0.8530776101179072,3,81.25491989818329,89.3504447179912,24.59338196033059,21,26720.334202367576,26834.278029045898,experiment,FIFO,0.28,0,variant_4
7600,SORTING,SORTING_ROBOT_1,26824.618349958822,14.830790814194188,4,14.933702873255243,104.28414759124644,9.659679087075347,21,26720.334202367576,26834.278029045898,experiment,FIFO,0.28,0,variant_4
7600,PACKAGING_2,PACKAGING_LINE_2,26828.81489756944,4.196547610616108,5,4.196547610616108,108.48069520186255,5.463131476459239,20,26720.334202367576,26834.278029045898,experiment,FIFO,0.28,0,variant_4
7600,INSPECTION_1_1,INSPECTION_1_1_LINE,26829.359588412968,0.5446908435296791,6,0.5446908435296791,109.02538604539222,4.91844063292956,20,26720.334202367576,26834.278029045898,experiment,FIFO,0.28,0,variant_4
7600,INSPECTION_1_2,INSPECTION_1_2_LINE,26830.1641105998,0.8045221868305816,7,0.8045221868305816,109.8299082322228,4.113918446098978,20,26720.334202367576,26834.278029045898,experiment,FIFO,0.28,0,variant_4
7600,INSPECTION_1_3,INSPECTION_1_3_LINE,26832.29710144977,2.132990849971975,8,2.132990849971975,111.96289908219478,1.9809275961270032,21,26720.334202367576,26834.278029045898,experiment,FIFO,0.28,0,variant_4
7600,INSPECTION_1_4,INSPECTION_1_4_LINE,26832.60195372234,0.3048522725694056,9,0.3048522725694056,112.26775135476419,1.6760753235575976,21,26720.334202367576,26834.278029045898,experiment,FIFO,0.28,0,variant_4
7600,INSPECTION_1_5,INSPECTION_1_5_LINE,26834.00841104267,1.4064573203286272,10,1.4064573203286272,113.67420867509281,0.26961800322897034,21,26720.334202367576,26834.278029045898,experiment,FIFO,0.28,0,variant_4
7600,INSPECTION_1_6,INSPECTION_1_6_LINE,26834.04406409781,0.0356530551398464,11,0.0356530551398464,113.70986173023266,0.23396494808912394,21,26720.334202367576,26834.278029045898,experiment,FIFO,0.28,0,variant_4
7600,INSPECTION_1_7,INSPECTION_1_7_LINE,26834.278029045898,0.23396494808912394,12,0.23396494808912394,113.94382667832178,0.0,20,26720.334202367576,26834.278029045898,experiment,FIFO,0.28,0,variant_4
7601,MOULDING_1,MOULDING_MACHINE_1,26743.410049468825,23.157650383789587,1,0.0,0.0,95.68791857286487,27,26743.410049468825,26839.09796804169,experiment,FIFO,0.28,0,variant_1
7601,ASSEMBLY_1_5,LINE_5_ASSEMBLY1,26743.97834617159,0.5682967027642007,2,0.5682967027642007,0.5682967027642007,95.11962187010067,27,26743.410049468825,26839.09796804169,experiment,FIFO,0.28,0,variant_1
7601,ASSEMBLY_2_1,ASSEMBLY2_LINE_1,26815.364607287283,17.35405039154648,3,71.38626111569465,71.95455781845885,23.73336075440602,22,26743.410049468825,26839.09796804169,experiment,FIFO,0.28,0,variant_1
7601,SORTING,SORTING_ROBOT_1,26829.752284844824,2.142939170706086,4,14.387677557540883,86.34223537599973,9.345683196865139,20,26743.410049468825,26839.09796804169,experiment,FIFO,0.28,0,variant_1
7601,PACKAGING_3,PACKAGING_LINE_3,26831.886585862,2.1343010171767673,5,2.1343010171767673,88.4765363931765,7.211382179688371,21,26743.410049468825,26839.09796804169,experiment,FIFO,0.28,0,variant_1
7601,INSPECTION_1_1,INSPECTION_1_1_LINE,26832.289915315618,0.40332945361660677,6,0.40332945361660677,88.87986584679311,6.8080527260717645,21,26743.410049468825,26839.09796804169,experiment,FIFO,0.28,0,variant_1
7601,INSPECTION_1_2,INSPECTION_1_2_LINE,26834.278939159503,1.9890238438856613,7,1.9890238438856613,90.86888969067877,4.819028882186103,20,26743.410049468825,26839.09796804169,experiment,FIFO,0.28,0,variant_1
7601,INSPECTION_1_3,INSPECTION_1_3_LINE,26835.879427623186,1.600488463682268,8,1.600488463682268,92.46937815436104,3.218540418503835,20,26743.410049468825,26839.09796804169,experiment,FIFO,0.28,0,variant_1
7601,INSPECTION_1_4,INSPECTION_1_4_LINE,26836.37026338629,0.4908357631029503,9,0.4908357631029503,92.96021391746399,2.727704655400885,20,26743.410049468825,26839.09796804169,experiment,FIFO,0.28,0,variant_1
7601,INSPECTION_1_5,INSPECTION_1_5_LINE,26836.951118032863,0.5808546465741529,10,0.5808546465741529,93.54106856403814,2.146850008826732,20,26743.410049468825,26839.09796804169,experiment,FIFO,0.28,0,variant_1
7601,INSPECTION_1_6,INSPECTION_1_6_LINE,26837.275433565374,0.32431553251080913,11,0.32431553251080913,93.86538409654895,1.8225344763159228,20,26743.410049468825,26839.09796804169,experiment,FIFO,0.28,0,variant_1
7601,INSPECTION_1_7,INSPECTION_1_7_LINE,26839.09796804169,1.8225344763159228,12,1.8225344763159228,95.68791857286487,0.0,19,26743.410049468825,26839.09796804169,experiment,FIFO,0.28,0,variant_1
7602,MOULDING_5,MOULDING_MACHINE_5,26727.080372909622,1.352178621931671,1,0.0,0.0,35.965592475906305,24,26727.080372909622,26763.04596538553,experiment,FIFO,0.28,0,variant_1
7602,ASSEMBLY_1_4,LINE_4_ASSEMBLY1,26731.864730539943,4.784357630320301,2,4.784357630320301,4.784357630320301,31.181234845586005,25,26727.080372909622,26763.04596538553,experiment,FIFO,0.28,0,variant_1
7602,ASSEMBLY_2_1,ASSEMBLY2_LINE_1,26734.67522524392,2.8104947039755643,3,2.8104947039755643,7.594852334295865,28.37074014161044,26,26727.080372909622,26763.04596538553,experiment,FIFO,0.28,0,variant_1
7602,SORTING,SORTING_ROBOT_1,26758.18803287073,4.704666347999591,4,23.51280762681199,31.107659961107856,4.857932514798449,32,26727.080372909622,26763.04596538553,experiment,FIFO,0.28,0,variant_1
7602,PACKAGING_1,PACKAGING_LINE_1,26759.68347881532,0.5376902254574816,5,1.495445944590756,32.60310590569861,3.362486570207693,30,26727.080372909622,26763.04596538553,experiment,FIFO,0.28,0,variant_1
7602,INSPECTION_1_1,INSPECTION_1_1_LINE,26759.90719014313,0.22371132780972403,6,0.22371132780972403,32.826817233508336,3.138775242397969,30,26727.080372909622,26763.04596538553,experiment,FIFO,0.28,0,variant_1
7602,INSPECTION_1_1,INSPECTION_1_1_LINE,26760.124771109902,0.21758096677149297,7,0.21758096677149297,33.04439820027983,2.921194275626476,30,26727.080372909622,26763.04596538553,experiment,FIFO,0.28,0,variant_1
7602,INSPECTION_1_1,INSPECTION_1_1_LINE,26760.46752501056,0.34275390065886313,8,0.34275390065886313,33.38715210093869,2.578440374967613,29,26727.080372909622,26763.04596538553,experiment,FIFO,0.28,0,variant_1
7602,INSPECTION_1_2,INSPECTION_1_2_LINE,26760.621415618352,0.1538906077912543,9,0.1538906077912543,33.54104270872995,2.4245497671763587,29,26727.080372909622,26763.04596538553,experiment,FIFO,0.28,0,variant_1
7602,INSPECTION_1_3,INSPECTION_1_3_LINE,26760.786593218807,0.16517760045462637,10,0.16517760045462637,33.70622030918457,2.2593721667217324,29,26727.080372909622,26763.04596538553,experiment,FIFO,0.28,0,variant_1
7602,INSPECTION_1_4,INSPECTION_1_4_LINE,26761.3397225424,0.5531293235944759,11,0.5531293235944759,34.25934963277905,1.7062428431272565,30,26727.080372909622,26763.04596538553,experiment,FIFO,0.28,0,variant_1
7602,INSPECTION_1_5,INSPECTION_1_5_LINE,26761.89009794192,0.5503753995180887,12,0.5503753995180887,34.80972503229714,1.1558674436091678,30,26727.080372909622,26763.04596538553,experiment,FIFO,0.28,0,variant_1
7602,INSPECTION_1_6,INSPECTION_1_6_LINE,26762.111232080784,0.221134138864727,13,0.221134138864727,35.030859171161865,0.9347333047444408,30,26727.080372909622,26763.04596538553,experiment,FIFO,0.28,0,variant_1
7602,INSPECTION_1_7,INSPECTION_1_7_LINE,26763.04596538553,0.9347333047444408,14,0.9347333047444408,35.965592475906305,0.0,29,26727.080372909622,26763.04596538553,experiment,FIFO,0.28,0,variant_1
7603,MOULDING_5,MOULDING_MACHINE_5,26729.590617664828,2.510244755205349,1,0.0,0.0,118.38750086331493,25,26729.590617664828,26847.978118528143,experiment,FIFO,0.28,0,variant_1
7603,ASSEMBLY_1_1,LINE_1_ASSEMBLY1,26733.15050162738,3.5598839625527035,2,3.5598839625527035,3.5598839625527035,114.82761690076222,26,26729.590617664828,26847.978118528143,experiment,FIFO,0.28,0,variant_1
7603,ASSEMBLY_2_2,ASSEMBLY2_LINE_2,26814.20203673651,4.5173896509440965,3,81.05153510913078,84.61141907168349,33.77608179163144,22,26729.590617664828,26847.978118528143,experiment,FIFO,0.28,0,variant_1
7603,SORTING,SORTING_ROBOT_1,26827.60934567412,2.990995715295867,4,13.407308937607013,98.0187280092905,20.368772854024428,20,26729.590617664828,26847.978118528143,experiment,FIFO,0.28,0,variant_1
7603,PACKAGING_2,PACKAGING_LINE_2,26836.65951528712,7.844617717681103,5,9.050169613001344,107.06889762229184,11.318603241023084,20,26729.590617664828,26847.978118528143,experiment,FIFO,0.28,0,variant_1
7603,INSPECTION_1_1,INSPECTION_1_1_LINE,26836.83731136861,0.17779608149066917,6,0.17779608149066917,107.24669370378251,11.140807159532415,20,26729.590617664828,26847.978118528143,experiment,FIFO,0.28,0,variant_1
7603,INSPECTION_1_2,INSPECTION_1_2_LINE,26838.24360791864,1.4062965500306746,7,1.4062965500306746,108.65299025381319,9.73451060950174,20,26729.590617664828,26847.978118528143,experiment,FIFO,0.28,0,variant_1
7603,INSPECTION_1_3,INSPECTION_1_3_LINE,26838.94022371371,0.6966157950701017,8,0.6966157950701017,109.34960604888329,9.037894814431638,20,26729.590617664828,26847.978118528143,experiment,FIFO,0.28,0,variant_1
7603,INSPECTION_1_4,INSPECTION_1_4_LINE,26839.46138359588,0.5211598821697407,9,0.5211598821697407,109.87076593105303,8.516734932261897,20,26729.590617664828,26847.978118528143,experiment,FIFO,0.28,0,variant_1
7603,INSPECTION_1_5,INSPECTION_1_5_LINE,26841.59574844929,2.134364853409352,10,2.134364853409352,112.00513078446238,6.382370078852546,20,26729.590617664828,26847.978118528143,experiment,FIFO,0.28,0,variant_1
7603,INSPECTION_1_6,INSPECTION_1_6_LINE,26847.69517261476,6.099424165469827,11,6.099424165469827,118.10455494993221,0.2829459133827186,20,26729.590617664828,26847.978118528143,experiment,FIFO,0.28,0,variant_1
7603,INSPECTION_1_7,INSPECTION_1_7_LINE,26847.978118528143,0.2829459133827186,12,0.2829459133827186,118.38750086331493,0.0,19,26729.590617664828,26847.978118528143,experiment,FIFO,0.28,0,variant_1
7604,MOULDING_3,MOULDING_MACHINE_3,26728.926222210364,1.3914139272128523,1,0.0,0.0,73.2023454586888,25,26728.926222210364,26802.128567669053,experiment,FIFO,0.28,0,variant_5
7604,ASSEMBLY_1_2,LINE_2_ASSEMBLY1,26738.629233791184,9.703011580819293,2,9.703011580819293,9.703011580819293,63.4993338778695,26,26728.926222210364,26802.128567669053,experiment,FIFO,0.28,0,variant_5
7604,ASSEMBLY_2_1,ASSEMBLY2_LINE_1,26788.26007642322,21.384625411537854,3,49.63084263203564,59.33385421285493,13.868491245833866,23,26728.926222210364,26802.128567669053,experiment,FIFO,0.28,0,variant_5
7604,SORTING,SORTING_ROBOT_1,26789.346913641508,1.086837218288565,4,1.086837218288565,60.420691431143496,12.7816540275453,24,26728.926222210364,26802.128567669053,experiment,FIFO,0.28,0,variant_5
7604,PACKAGING_1,PACKAGING_LINE_1,26789.496006707806,0.14909306629851926,5,0.14909306629851926,60.569784497442015,12.632560961246782,24,26728.926222210364,26802.128567669053,experiment,FIFO,0.28,0,variant_5
7604,INSPECTION_2_1,INSPECTION_2_1_LINE,26790.84415344596,1.3481467381534458,6,1.3481467381534458,61.91793123559546,11.284414223093336,24,26728.926222210364,26802.128567669053,experiment,FIFO,0.28,0,variant_5
7604,INSPECTION_2_2,INSPECTION_2_2_LINE,26794.26499321897,3.4208397730108118,7,3.4208397730108118,65.33877100860627,7.863574450082524,22,26728.926222210364,26802.128567669053,experiment,FIFO,0.28,0,variant_5
7604,INSPECTION_2_3,INSPECTION_2_3_LINE,26794.70794556189,0.442952342920762,8,0.442952342920762,65.78172335152703,7.420622107161762,22,26728.926222210364,26802.128567669053,experiment,FIFO,0.28,0,variant_5
7604,INSPECTION_2_4,INSPECTION_2_4_LINE,26795.127226455315,0.419280893424002,9,0.419280893424002,66.20100424495104,7.00134121373776,22,26728.926222210364,26802.128567669053,experiment,FIFO,0.28,0,variant_5
7604,INSPECTION_2_5,INSPECTION_2_5_LINE,26798.145508372247,3.0182819169313007,10,3.0182819169313007,69.21928616188234,3.9830592968064593,20,26728.926222210364,26802.128567669053,experiment,FIFO,0.28,0,variant_5
7604,INSPECTION_2_6,INSPECTION_2_6_LINE,26800.072088805184,1.926580432937044,11,1.926580432937044,71.14586659481938,2.0564788638694154,20,26728.926222210364,26802.128567669053,experiment,FIFO,0.28,0,variant_5
7604,INSPECTION_2_7,INSPECTION_2_7_LINE,26802.128567669053,2.0564788638694154,12,2.0564788638694154,73.2023454586888,0.0,19,26728.926222210364,26802.128567669053,experiment,FIFO,0.28,0,variant_5
7605,MOULDING_2,MOULDING_MACHINE_2,26733.055886112776,3.9846644640165323,1,0.0,0.0,61.09043511305572,26,26733.055886112776,26794.14632122583,experiment,FIFO,0.28,0,variant_6
7605,ASSEMBLY_1_3,LINE_3_ASSEMBLY1,26735.303787217195,2.247901104419725,2,2.247901104419725,2.247901104419725,58.842534008635994,26,26733.055886112776,26794.14632122583,experiment,FIFO,0.28,0,variant_6
7605,ASSEMBLY_2_1,ASSEMBLY2_LINE_1,26766.87545101168,10.303563523277262,3,31.571663794486085,33.81956489890581,27.27087021414991,30,26733.055886112776,26794.14632122583,experiment,FIFO,0.28,0,variant_6
7605,SORTING,SORTING_ROBOT_1,26772.853332141483,3.3976293433152023,4,5.977881129801972,39.79744602870778,21.292989084347937,30,26733.055886112776,26794.14632122583,experiment,FIFO,0.28,0,variant_6
7605,PACKAGING_1,PACKAGING_LINE_1,26779.839898684048,6.9865665425641055,5,6.9865665425641055,46.78401257127189,14.306422541783832,25,26733.055886112776,26794.14632122583,experiment,FIFO,0.28,0,variant_6
7605,INSPECTION_2_1,INSPECTION_2_1_LINE,26781.29544903161,1.4555503475639853,6,1.4555503475639853,48.23956291883587,12.850872194219846,24,26733.055886112776,26794.14632122583,experiment,FIFO,0.28,0,variant_6
7605,INSPECTION_2_2,INSPECTION_2_2_LINE,26786.466964557952,5.171515526340954,7,5.171515526340954,53.41107844517683,7.679356667878892,23,26733.055886112776,26794.14632122583,experiment,FIFO,0.28,0,variant_6
7605,INSPECTION_2_3,INSPECTION_2_3_LINE,26786.68069660236,0.21373204440897098,8,0.21373204440897098,53.6248104895858,7.465624623469921,23,26733.055886112776,26794.14632122583,experiment,FIFO,0.28,0,variant_6
7605,INSPECTION_2_4,INSPECTION_2_4_LINE,26787.595128045385,0.9144314430232043,9,0.9144314430232043,54.539241932609,6.551193180446717,23,26733.055886112776,26794.14632122583,experiment,FIFO,0.28,0,variant_6
7605,INSPECTION_2_5,INSPECTION_2_5_LINE,26788.000251305097,0.40512325971212704,10,0.40512325971212704,54.94436519232113,6.14606992073459,23,26733.055886112776,26794.14632122583,experiment,FIFO,0.28,0,variant_6
7605,INSPECTION_2_6,INSPECTION_2_6_LINE,26789.826915579164,1.8266642740672978,11,1.8266642740672978,56.77102946638843,4.319405646667292,24,26733.055886112776,26794.14632122583,experiment,FIFO,0.28,0,variant_6
7605,INSPECTION_2_7,INSPECTION_2_7_LINE,26794.14632122583,4.319405646667292,12,4.319405646667292,61.09043511305572,0.0,22,26733.055886112776,26794.14632122583,experiment,FIFO,0.28,0,variant_6
7606,MOULDING_3,MOULDING_MACHINE_3,26737.65890364141,4.8679362636758015,1,0.0,0.0,114.41464353851916,27,26737.65890364141,26852.07354717993,experiment,FIFO,0.28,0,variant_4
7606,ASSEMBLY_1_3,LINE_3_ASSEMBLY1,26778.764346643216,41.105443001804815,2,41.105443001804815,41.105443001804815,73.30920053671434,28,26737.65890364141,26852.07354717993,experiment,FIFO,0.28,0,variant_4
7606,ASSEMBLY_2_1,ASSEMBLY2_LINE_1,26832.06470885072,6.447434247776982,3,53.300362207504804,94.40580520930962,20.00883832920954,21,26737.65890364141,26852.07354717993,experiment,FIFO,0.28,0,variant_4
7606,SORTING,SORTING_ROBOT_1,26839.465561139383,3.6961631331651006,4,7.400852288661554,101.80665749797117,12.607986040547985,20,26737.65890364141,26852.07354717993,experiment,FIFO,0.28,0,variant_4
7606,PACKAGING_1,PACKAGING_LINE_1,26839.804655053045,0.3390939136625093,5,0.3390939136625093,102.14575141163368,12.268892126885476,20,26737.65890364141,26852.07354717993,experiment,FIFO,0.28,0,variant_4
7606,INSPECTION_1_1,INSPECTION_1_1_LINE,26841.49163880437,1.6869837513258972,6,1.6869837513258972,103.83273516295958,10.581908375559578,20,26737.65890364141,26852.07354717993,experiment,FIFO,0.28,0,variant_4
7606,INSPECTION_1_2,INSPECTION_1_2_LINE,26842.320352621915,0.8287138175437576,7,0.8287138175437576,104.66144898050334,9.75319455801582,20,26737.65890364141,26852.07354717993,experiment,FIFO,0.28,0,variant_4
7606,INSPECTION_1_3,INSPECTION_1_3_LINE,26845.14002913676,2.8196765148459235,8,2.8196765148459235,107.48112549534926,6.933518043169897,20,26737.65890364141,26852.07354717993,experiment,FIFO,0.28,0,variant_4
7606,INSPECTION_1_4,INSPECTION_1_4_LINE,26846.219790488783,1.079761352022615,9,1.079761352022615,108.56088684737188,5.853756691147282,20,26737.65890364141,26852.07354717993,experiment,FIFO,0.28,0,variant_4
7606,INSPECTION_1_5,INSPECTION_1_5_LINE,26847.254361300955,1.034570812171296,10,1.034570812171296,109.59545765954317,4.819185878975986,20,26737.65890364141,26852.07354717993,experiment,FIFO,0.28,0,variant_4
7606,INSPECTION_1_6,INSPECTION_1_6_LINE,26850.85559166303,3.1604190482685226,11,3.601230362073693,113.19668802161686,1.2179555169022933,19,26737.65890364141,26852.07354717993,experiment,FIFO,0.28,0,variant_4
7606,INSPECTION_1_7,INSPECTION_1_7_LINE,26852.07354717993,1.2179555169022933,12,1.2179555169022933,114.41464353851916,0.0,18,26737.65890364141,26852.07354717993,experiment,FIFO,0.28,0,variant_4
7607,MOULDING_2,MOULDING_MACHINE_2,26735.30493488032,2.143848638625059,1,0.0,0.0,82.34037871468536,27,26735.30493488032,26817.645313595007,experiment,FIFO,0.28,0,variant_2
7607,ASSEMBLY_1_2,LINE_2_ASSEMBLY1,26739.244734227057,0.6155004358734004,2,3.9397993467355263,3.9397993467355263,78.40057936794983,26,26735.30493488032,26817.645313595007,experiment,FIFO,0.28,0,variant_2
7607,ASSEMBLY_2_1,ASSEMBLY2_LINE_1,26798.010556895737,9.750480472517665,3,58.7658226686799,62.70562201541543,19.63475669926993,20,26735.30493488032,26817.645313595007,experiment,FIFO,0.28,0,variant_2
7607,SORTING,SORTING_ROBOT_1,26802.95759678004,4.947039884304104,4,4.947039884304104,67.65266189971953,14.687716814965825,18,26735.30493488032,26817.645313595007,experiment,FIFO,0.28,0,variant_2
7607,PACKAGING_3,PACKAGING_LINE_3,26811.64473587239,8.687139092347934,5,8.687139092347934,76.33980099206747,6.000577722617891,21,26735.30493488032,26817.645313595007,experiment,FIFO,0.28,0,variant_2
7607,INSPECTION_1_1,INSPECTION_1_1_LINE,26813.66004135932,2.0153054869297193,6,2.0153054869297193,78.35510647899719,3.9852722356881713,21,26735.30493488032,26817.645313595007,experiment,FIFO,0.28,0,variant_2
7607,INSPECTION_1_2,INSPECTION_1_2_LINE,26815.40795337565,1.747912016329792,7,1.747912016329792,80.10301849532698,2.2373602193583793,22,26735.30493488032,26817.645313595007,experiment,FIFO,0.28,0,variant_2
7607,INSPECTION_1_3,INSPECTION_1_3_LINE,26815.97663816078,0.5686847851320636,8,0.5686847851320636,80.67170328045904,1.6686754342263157,22,26735.30493488032,26817.645313595007,experiment,FIFO,0.28,0,variant_2
7607,INSPECTION_1_4,INSPECTION_1_4_LINE,26815.991879661105,0.015241500324918889,9,0.015241500324918889,80.68694478078396,1.6534339339013968,22,26735.30493488032,26817.645313595007,experiment,FIFO,0.28,0,variant_2
7607,INSPECTION_1_5,INSPECTION_1_5_LINE,26816.693594781373,0.7017151202671812,10,0.7017151202671812,81.38865990105114,0.9517188136342156,22,26735.30493488032,26817.645313595007,experiment,FIFO,0.28,0,variant_2
7607,INSPECTION_1_6,INSPECTION_1_6_LINE,26817.04944233948,0.35584755810850766,11,0.35584755810850766,81.74450745915965,0.595871255525708,22,26735.30493488032,26817.645313595007,experiment,FIFO,0.28,0,variant_2
7607,INSPECTION_1_7,INSPECTION_1_7_LINE,26817.645313595007,0.595871255525708,12,0.595871255525708,82.34037871468536,0.0,21,26735.30493488032,26817.645313595007,experiment,FIFO,0.28,0,variant_2
7608,MOULDING_3,MOULDING_MACHINE_3,26744.211285715995,6.552382074583875,1,0.0,0.0,123.9655018926278,28,26744.211285715995,26868.176787608623,experiment,FIFO,0.28,0,variant_3
7608,ASSEMBLY_1_1,LINE_1_ASSEMBLY1,26788.34423522936,7.552438202452322,2,44.13294951336502,44.13294951336502,79.83255237926278,24,26744.211285715995,26868.176787608623,experiment,FIFO,0.28,0,variant_3
7608,ASSEMBLY_2_1,ASSEMBLY2_LINE_1,26842.85680113316,9.9793877741904,3,54.51256590379853,98.64551541716355,25.319986475464248,20,26744.211285715995,26868.176787608623,experiment,FIFO,0.28,0,variant_3
7608,SORTING,SORTING_ROBOT_1,26855.265468742287,3.056502989722503,4,12.408667609128315,111.05418302629187,12.911318866335932,18,26744.211285715995,26868.176787608623,experiment,FIFO,0.28,0,variant_3
7608,PACKAGING_1,PACKAGING_LINE_1,26856.360102019087,1.0946332767998683,5,1.0946332767998683,112.14881630309173,11.816685589536064,18,26744.211285715995,26868.176787608623,experiment,FIFO,0.28,0,variant_3
7608,INSPECTION_1_1,INSPECTION_1_1_LINE,26856.47292323752,0.11282121843396453,6,0.11282121843396453,112.2616375215257,11.7038643711021,18,26744.211285715995,26868.176787608623,experiment,FIFO,0.28,0,variant_3
7608,INSPECTION_1_2,INSPECTION_1_2_LINE,26858.15713107284,1.6842078353183751,7,1.6842078353183751,113.94584535684407,10.019656535783724,18,26744.211285715995,26868.176787608623,experiment,FIFO,0.28,0,variant_3
7608,INSPECTION_1_3,INSPECTION_1_3_LINE,26860.0769564742,1.9198254013608675,8,1.9198254013608675,115.86567075820494,8.099831134422857,17,26744.211285715995,26868.176787608623,experiment,FIFO,0.28,0,variant_3
7608,INSPECTION_1_4,INSPECTION_1_4_LINE,26861.175868989856,1.0989125156556838,9,1.0989125156556838,116.96458327386063,7.000918618767173,16,26744.211285715995,26868.176787608623,experiment,FIFO,0.28,0,variant_3
7608,INSPECTION_1_5,INSPECTION_1_5_LINE,26862.15644262104,0.9805736311827786,10,0.9805736311827786,117.9451569050434,6.020344987584394,16,26744.211285715995,26868.176787608623,experiment,FIFO,0.28,0,variant_3
7608,INSPECTION_1_6,INSPECTION_1_6_LINE,26866.155312106093,3.998869485054456,11,3.998869485054456,121.94402639009786,2.0214755025299382,20,26744.211285715995,26868.176787608623,experiment,FIFO,0.28,0,variant_3
7608,INSPECTION_1_7,INSPECTION_1_7_LINE,26868.176787608623,2.0214755025299382,12,2.0214755025299382,123.9655018926278,0.0,20,26744.211285715995,26868.176787608623,experiment,FIFO,0.28,0,variant_3
7609,MOULDING_5,MOULDING_MACHINE_5,26745.894249615103,8.288640333419607,1,0.0,0.0,114.07260946996757,30,26745.894249615103,26859.96685908507,experiment,FIFO,0.28,0,variant_3
7609,ASSEMBLY_1_2,LINE_2_ASSEMBLY1,26752.58221508476,6.687965469656774,2,6.687965469656774,6.687965469656774,107.3846440003108,30,26745.894249615103,26859.96685908507,experiment,FIFO,0.28,0,variant_3
7609,ASSEMBLY_2_1,ASSEMBLY2_LINE_1,26818.67181860968,3.307211322397052,3,66.08960352492068,72.77756899457745,41.295040475390124,21,26745.894249615103,26859.96685908507,experiment,FIFO,0.28,0,variant_3
7609,SORTING,SORTING_ROBOT_1,26829.79085274364,0.03856789881683653,4,11.119034133960668,83.89660312853812,30.176006341429456,20,26745.894249615103,26859.96685908507,experiment,FIFO,0.28,0,variant_3
7609,PACKAGING_2,PACKAGING_LINE_2,26844.545256976275,7.885741689155111,5,14.754404232633533,98.65100736117165,15.421602108795923,20,26745.894249615103,26859.96685908507,experiment,FIFO,0.28,0,variant_3
7609,INSPECTION_2_1,INSPECTION_2_1_LINE,26845.827058791845,1.2818018155703612,6,1.2818018155703612,99.93280917674201,14.139800293225562,20,26745.894249615103,26859.96685908507,experiment,FIFO,0.28,0,variant_3
7609,INSPECTION_2_2,INSPECTION_2_2_LINE,26846.554599998573,0.7275412067283469,7,0.7275412067283469,100.66035038347036,13.412259086497215,20,26745.894249615103,26859.96685908507,experiment,FIFO,0.28,0,variant_3
7609,INSPECTION_2_3,INSPECTION_2_3_LINE,26854.58493670621,8.030336707637616,8,8.030336707637616,108.69068709110797,5.381922378859599,18,26745.894249615103,26859.96685908507,experiment,FIFO,0.28,0,variant_3
7609,INSPECTION_2_4,INSPECTION_2_4_LINE,26855.29171097231,0.706774266098364,9,0.706774266098364,109.39746135720634,4.675148112761235,18,26745.894249615103,26859.96685908507,experiment,FIFO,0.28,0,variant_3
7609,INSPECTION_2_5,INSPECTION_2_5_LINE,26857.670765539177,2.3790545668671257,10,2.3790545668671257,111.77651592407346,2.2960935458941094,18,26745.894249615103,26859.96685908507,experiment,FIFO,0.28,0,variant_3
7609,INSPECTION_2_6,INSPECTION_2_6_LINE,26857.90017738121,0.2294118420322775,11,0.2294118420322775,112.00592776610574,2.066681703861832,18,26745.894249615103,26859.96685908507,experiment,FIFO,0.28,0,variant_3
7609,INSPECTION_2_7,INSPECTION_2_7_LINE,26859.96685908507,2.066681703861832,12,2.066681703861832,114.07260946996757,0.0,17,26745.894249615103,26859.96685908507,experiment,FIFO,0.28,0,variant_3
7610,MOULDING_1,MOULDING_MACHINE_1,26745.79129836225,2.381248893423617,1,0.0,0.0,123.62697080141152,29,26745.79129836225,26869.41826916366,experiment,FIFO,0.28,0,variant_2
7610,ASSEMBLY_1_4,LINE_4_ASSEMBLY1,26752.38453065821,6.593232295963389,2,6.593232295963389,6.593232295963389,117.03373850544813,30,26745.79129836225,26869.41826916366,experiment,FIFO,0.28,0,variant_2
7610,ASSEMBLY_2_2,ASSEMBLY2_LINE_2,26833.140768034285,18.93873129777421,3,80.75623737607384,87.34946967203723,36.277501129374286,21,26745.79129836225,26869.41826916366,experiment,FIFO,0.28,0,variant_2
7610,SORTING,SORTING_ROBOT_1,26852.16390901586,2.506732281519362,4,19.023140981575125,106.37261065361236,17.25436014779916,18,26745.79129836225,26869.41826916366,experiment,FIFO,0.28,0,variant_2
7610,PACKAGING_3,PACKAGING_LINE_3,26860.625809342724,7.936746564973873,5,8.461900326863542,114.8345109804759,8.792459820935619,17,26745.79129836225,26869.41826916366,experiment,FIFO,0.28,0,variant_2
7610,INSPECTION_2_1,INSPECTION_2_1_LINE,26862.47716263992,1.851353297195601,6,1.851353297195601,116.6858642776715,6.941106523740018,16,26745.79129836225,26869.41826916366,experiment,FIFO,0.28,0,variant_2
7610,INSPECTION_2_2,INSPECTION_2_2_LINE,26863.71939583135,1.2422331914312963,7,1.2422331914312963,117.9280974691028,5.698873332308722,18,26745.79129836225,26869.41826916366,experiment,FIFO,0.28,0,variant_2
7610,INSPECTION_2_3,INSPECTION_2_3_LINE,26863.91607236025,0.1966765288998431,8,0.1966765288998431,118.12477399800264,5.502196803408879,18,26745.79129836225,26869.41826916366,experiment,FIFO,0.28,0,variant_2
7610,INSPECTION_2_4,INSPECTION_2_4_LINE,26865.60623288469,1.6901605244383973,9,1.6901605244383973,119.81493452244104,3.8120362789704814,20,26745.79129836225,26869.41826916366,experiment,FIFO,0.28,0,variant_2
7610,INSPECTION_2_5,INSPECTION_2_5_LINE,26866.04811082481,0.441877940120321,10,0.441877940120321,120.25681246256136,3.3701583388501604,20,26745.79129836225,26869.41826916366,experiment,FIFO,0.28,0,variant_2
7610,INSPECTION_2_6,INSPECTION_2_6_LINE,26867.122483790707,1.074372965897055,11,1.074372965897055,121.33118542845841,2.2957853729531053,20,26745.79129836225,26869.41826916366,experiment,FIFO,0.28,0,variant_2
7610,INSPECTION_2_7,INSPECTION_2_7_LINE,26869.41826916366,0.5819610024773283,12,2.2957853729531053,123.62697080141152,0.0,18,26745.79129836225,26869.41826916366,experiment,FIFO,0.28,0,variant_2
7611,MOULDING_4,MOULDING_MACHINE_4,26741.863915359903,2.5314069068226672,1,0.0,0.0,134.24838043069758,26,26741.863915359903,26876.1122957906,experiment,FIFO,0.28,0,variant_2
7611,ASSEMBLY_1_1,LINE_1_ASSEMBLY1,26780.791797026908,38.92788166700484,2,38.92788166700484,38.92788166700484,95.32049876369274,24,26741.863915359903,26876.1122957906,experiment,FIFO,0.28,0,variant_2
7611,ASSEMBLY_2_2,ASSEMBLY2_LINE_2,26849.335111818564,9.468723086414684,3,68.54331479165558,107.47119645866042,26.777183972037164,19,26741.863915359903,26876.1122957906,experiment,FIFO,0.28,0,variant_2
7611,SORTING,SORTING_ROBOT_1,26856.50541060233,1.2399418600434728,4,7.170298783767066,114.64149524242748,19.6068851882701,18,26741.863915359903,26876.1122957906,experiment,FIFO,0.28,0,variant_2
7611,PACKAGING_2,PACKAGING_LINE_2,26864.01039183017,3.267841767439677,5,7.504981227837561,122.14647647026504,12.101903960432537,18,26741.863915359903,26876.1122957906,experiment,FIFO,0.28,0,variant_2
7611,INSPECTION_1_1,INSPECTION_1_1_LINE,26864.661742876742,0.6513510465738364,6,0.6513510465738364,122.79782751683888,11.4505529138587,19,26741.863915359903,26876.1122957906,experiment,FIFO,0.28,0,variant_2
7611,INSPECTION_1_2,INSPECTION_1_2_LINE,26865.169075183967,0.5073323072247149,7,0.5073323072247149,123.3051598240636,10.943220606633986,19,26741.863915359903,26876.1122957906,experiment,FIFO,0.28,0,variant_2
7611,INSPECTION_1_3,INSPECTION_1_3_LINE,26868.8053199023,0.7902244823017099,8,3.6362447183346376,126.94140454239823,7.306975888299348,20,26741.863915359903,26876.1122957906,experiment,FIFO,0.28,0,variant_2
7611,INSPECTION_1_4,INSPECTION_1_4_LINE,26869.67316986714,0.25810063750395784,9,0.8678499648376601,127.80925450723589,6.439125923461688,18,26741.863915359903,26876.1122957906,experiment,FIFO,0.28,0,variant_2
7611,INSPECTION_1_5,INSPECTION_1_5_LINE,26870.703716586144,0.1500303400644043,10,1.030546719004633,128.83980122624052,5.408579204457055,17,26741.863915359903,26876.1122957906,experiment,FIFO,0.28,0,variant_2
7611,INSPECTION_1_6,INSPECTION_1_6_LINE,26872.331810403684,0.03430083815328544,11,1.6280938175405026,130.46789504378103,3.7804853869165527,17,26741.863915359903,26876.1122957906,experiment,FIFO,0.28,0,variant_2
7611,INSPECTION_1_7,INSPECTION_1_7_LINE,26876.1122957906,1.3833320943813305,12,3.7804853869165527,134.24838043069758,0.0,15,26741.863915359903,26876.1122957906,experiment,FIFO,0.28,0,variant_2
7612,MOULDING_1,MOULDING_MACHINE_1,26754.617083786616,8.825785424367496,1,0.0,0.0,106.3679257857475,32,26754.617083786616,26860.985009572363,experiment,FIFO,0.28,0,variant_4
7612,ASSEMBLY_1_3,LINE_3_ASSEMBLY1,26783.778681898737,5.014335255520564,2,29.161598112121283,29.161598112121283,77.20632767362622,24,26754.617083786616,26860.985009572363,experiment,FIFO,0.28,0,variant_4
7612,ASSEMBLY_2_1,ASSEMBLY2_LINE_1,26832.650695221622,0.5859863709010824,3,48.87201332288532,78.0336114350066,28.334314350740897,21,26754.617083786616,26860.985009572363,experiment,FIFO,0.28,0,variant_4
7612,SORTING,SORTING_ROBOT_1,26848.975759352765,9.510198213381955,4,16.325064131142426,94.35867556614903,12.00925021959847,19,26754.617083786616,26860.985009572363,experiment,FIFO,0.28,0,variant_4
7612,PACKAGING_3,PACKAGING_LINE_3,26851.71436974593,2.738610393163981,5,2.738610393163981,97.09728595931301,9.27063982643449,19,26754.617083786616,26860.985009572363,experiment,FIFO,0.28,0,variant_4
7612,INSPECTION_2_1,INSPECTION_2_1_LINE,26852.324946488287,0.6105767423578072,6,0.6105767423578072,97.70786270167082,8.660063084076683,18,26754.617083786616,26860.985009572363,experiment,FIFO,0.28,0,variant_4
7612,INSPECTION_2_2,INSPECTION_2_2_LINE,26852.40220943568,0.07726294739404693,7,0.07726294739404693,97.78512564906487,8.582800136682636,18,26754.617083786616,26860.985009572363,experiment,FIFO,0.28,0,variant_4
7612,INSPECTION_2_3,INSPECTION_2_3_LINE,26855.29420551411,0.7092688078992069,8,2.8919960784296563,100.67712172749452,5.690804058252979,18,26754.617083786616,26860.985009572363,experiment,FIFO,0.28,0,variant_4
7612,INSPECTION_2_4,INSPECTION_2_4_LINE,26857.583637611693,2.2894320975829032,9,2.2894320975829032,102.96655382507743,3.401371960670076,18,26754.617083786616,26860.985009572363,experiment,FIFO,0.28,0,variant_4
7612,INSPECTION_2_5,INSPECTION_2_5_LINE,26859.173564802608,1.5027992634313705,10,1.58992719091475,104.55648101599218,1.811444769755326,18,26754.617083786616,26860.985009572363,experiment,FIFO,0.28,0,variant_4
7612,INSPECTION_2_6,INSPECTION_2_6_LINE,26860.40765104668,1.2340862440723868,11,1.2340862440723868,105.79056726006456,0.5773585256829392,17,26754.617083786616,26860.985009572363,experiment,FIFO,0.28,0,variant_4
7612,INSPECTION_2_7,INSPECTION_2_7_LINE,26860.985009572363,0.5773585256829392,12,0.5773585256829392,106.3679257857475,0.0,16,26754.617083786616,26860.985009572363,experiment,FIFO,0.28,0,variant_4
7613,MOULDING_2,MOULDING_MACHINE_2,26753.09419234077,2.6114506542435265,1,0.0,0.0,123.10096616134251,31,26753.09419234077,26876.195158502112,experiment,FIFO,0.28,0,variant_2
7613,ASSEMBLY_1_5,LINE_5_ASSEMBLY1,26758.747322041945,5.653129701175203,2,5.653129701175203,5.653129701175203,117.44783646016731,30,26753.09419234077,26876.195158502112,experiment,FIFO,0.28,0,variant_2
7613,ASSEMBLY_2_2,ASSEMBLY2_LINE_2,26839.86638873215,6.725620697863633,3,81.11906669020391,86.77219639137911,36.3287697699634,20,26753.09419234077,26876.195158502112,experiment,FIFO,0.28,0,variant_2
7613,SORTING,SORTING_ROBOT_1,26852.208965752565,0.04505673670428223,4,12.342577020415774,99.11477341179489,23.986192749547627,18,26753.09419234077,26876.195158502112,experiment,FIFO,0.28,0,variant_2
7613,PACKAGING_2,PACKAGING_LINE_2,26860.74255006273,3.6891262746285065,5,8.53358431016386,107.64835772195875,15.452608439383766,17,26753.09419234077,26876.195158502112,experiment,FIFO,0.28,0,variant_2
7613,INSPECTION_2_1,INSPECTION_2_1_LINE,26862.814105290418,0.3369426504978037,6,2.0715552276888047,109.71991294964755,13.381053211694962,17,26753.09419234077,26876.195158502112,experiment,FIFO,0.28,0,variant_2
7613,INSPECTION_2_2,INSPECTION_2_2_LINE,26864.356933432628,0.6375376012765628,7,1.5428281422100554,111.2627410918576,11.838225069484906,18,26753.09419234077,26876.195158502112,experiment,FIFO,0.28,0,variant_2
7613,INSPECTION_2_3,INSPECTION_2_3_LINE,26865.11729588471,0.7603624520816084,8,0.7603624520816084,112.02310354393921,11.077862617403298,19,26753.09419234077,26876.195158502112,experiment,FIFO,0.28,0,variant_2
7613,INSPECTION_2_4,INSPECTION_2_4_LINE,26866.36463117946,0.7583982947689947,9,1.247335294749064,113.27043883868828,9.830527322654234,20,26753.09419234077,26876.195158502112,experiment,FIFO,0.28,0,variant_2
7613,INSPECTION_2_5,INSPECTION_2_5_LINE,26871.46444060768,5.0998094282222155,10,5.0998094282222155,118.3702482669105,4.7307178944320185,17,26753.09419234077,26876.195158502112,experiment,FIFO,0.28,0,variant_2
7613,INSPECTION_2_6,INSPECTION_2_6_LINE,26871.503718263484,0.03927765580374398,11,0.03927765580374398,118.40952592271424,4.6914402386282745,17,26753.09419234077,26876.195158502112,experiment,FIFO,0.28,0,variant_2
7613,INSPECTION_2_7,INSPECTION_2_7_LINE,26876.195158502112,4.6914402386282745,12,4.6914402386282745,123.10096616134251,0.0,14,26753.09419234077,26876.195158502112,experiment,FIFO,0.28,0,variant_2
7614,MOULDING_4,MOULDING_MACHINE_4,26761.134641455727,8.420264664207934,1,0.0,0.0,108.78682245220625,30,26761.134641455727,26869.921463907933,experiment,FIFO,0.28,0,variant_2
7614,ASSEMBLY_1_4,LINE_4_ASSEMBLY1,26769.753041406,8.61839995027185,2,8.61839995027185,8.61839995027185,100.1684225019344,30,26761.134641455727,26869.921463907933,experiment,FIFO,0.28,0,variant_2
7614,ASSEMBLY_2_1,ASSEMBLY2_LINE_1,26825.617274602944,6.945455993263749,3,55.86423319694586,64.48263314721771,44.30418930498854,21,26761.134641455727,26869.921463907933,experiment,FIFO,0.28,0,variant_2
7614,SORTING,SORTING_ROBOT_1,26835.769398006218,5.978545262576517,4,10.152123403273436,74.63475655049115,34.152065901715105,20,26761.134641455727,26869.921463907933,experiment,FIFO,0.28,0,variant_2
7614,PACKAGING_2,PACKAGING_LINE_2,26857.0534237881,12.508166811825504,5,21.28402578188252,95.91878233237367,12.868040119832585,18,26761.134641455727,26869.921463907933,experiment,FIFO,0.28,0,variant_2
7614,INSPECTION_1_1,INSPECTION_1_1_LINE,26859.52896946106,2.4755456729581056,6,2.4755456729581056,98.39432800533177,10.39249444687448,18,26761.134641455727,26869.921463907933,experiment,FIFO,0.28,0,variant_2
7614,INSPECTION_1_2,INSPECTION_1_2_LINE,26859.665115831674,0.1361463706161885,7,0.1361463706161885,98.53047437594796,10.256348076258291,18,26761.134641455727,26869.921463907933,experiment,FIFO,0.28,0,variant_2
7614,INSPECTION_1_3,INSPECTION_1_3_LINE,26866.252191416068,6.175234941867529,8,6.58707558439346,105.11754996034142,3.669272491864831,20,26761.134641455727,26869.921463907933,experiment,FIFO,0.28,0,variant_2
7614,INSPECTION_1_4,INSPECTION_1_4_LINE,26867.624035279125,1.3718438630567107,9,1.3718438630567107,106.48939382339813,2.2974286288081203,21,26761.134641455727,26869.921463907933,experiment,FIFO,0.28,0,variant_2
7614,INSPECTION_1_5,INSPECTION_1_5_LINE,26868.07608670993,0.45205143080602284,10,0.45205143080602284,106.94144525420415,1.8453771980020974,21,26761.134641455727,26869.921463907933,experiment,FIFO,0.28,0,variant_2
7614,INSPECTION_1_6,INSPECTION_1_6_LINE,26868.66387717107,0.5877904611406848,11,0.5877904611406848,107.52923571534484,1.2575867368614126,20,26761.134641455727,26869.921463907933,experiment,FIFO,0.28,0,variant_2
7614,INSPECTION_1_7,INSPECTION_1_7_LINE,26869.921463907933,1.2575867368614126,12,1.2575867368614126,108.78682245220625,0.0,17,26761.134641455727,26869.921463907933,experiment,FIFO,0.28,0,variant_2
7615,MOULDING_2,MOULDING_MACHINE_2,26765.38613946288,4.159730515500996,1,0.0,0.0,103.45016869830215,30,26765.38613946288,26868.836308161182,experiment,FIFO,0.28,0,variant_2
7615,ASSEMBLY_1_5,LINE_5_ASSEMBLY1,26786.255906328803,20.86976686592243,2,20.86976686592243,20.86976686592243,82.58040183237972,23,26765.38613946288,26868.836308161182,experiment,FIFO,0.28,0,variant_2
7615,ASSEMBLY_2_1,ASSEMBLY2_LINE_1,26832.87741335897,0.2267181373463245,3,46.62150703016596,67.49127389608839,35.95889480221376,21,26765.38613946288,26868.836308161182,experiment,FIFO,0.28,0,variant_2
7615,SORTING,SORTING_ROBOT_1,26849.65717673434,0.6814173815764661,4,16.779763375372568,84.27103727146095,19.179131426841195,19,26765.38613946288,26868.836308161182,experiment,FIFO,0.28,0,variant_2
7615,PACKAGING_3,PACKAGING_LINE_3,26852.68906277775,0.9746930318215163,5,3.031886043409031,87.30292331486999,16.147245383432164,18,26765.38613946288,26868.836308161182,experiment,FIFO,0.28,0,variant_2
7615,INSPECTION_2_1,INSPECTION_2_1_LINE,26853.267208920974,0.578146143223421,6,0.578146143223421,87.8810694580934,15.569099240208743,18,26765.38613946288,26868.836308161182,experiment,FIFO,0.28,0,variant_2
7615,INSPECTION_2_2,INSPECTION_2_2_LINE,26854.566481918213,1.2992729972393136,7,1.2992729972393136,89.18034245533272,14.26982624296943,18,26765.38613946288,26868.836308161182,experiment,FIFO,0.28,0,variant_2
7615,INSPECTION_2_3,INSPECTION_2_3_LINE,26857.353339616977,2.0591341028666648,8,2.7868576987639244,91.96720015409664,11.482968544205505,18,26765.38613946288,26868.836308161182,experiment,FIFO,0.28,0,variant_2
7615,INSPECTION_2_4,INSPECTION_2_4_LINE,26859.109188574377,1.5255509626840649,9,1.7558489574003033,93.72304911149695,9.727119586805202,18,26765.38613946288,26868.836308161182,experiment,FIFO,0.28,0,variant_2
7615,INSPECTION_2_5,INSPECTION_2_5_LINE,26860.60141616994,1.4278513673307316,10,1.4922275955614168,95.21527670705836,8.234891991243785,17,26765.38613946288,26868.836308161182,experiment,FIFO,0.28,0,variant_2
7615,INSPECTION_2_6,INSPECTION_2_6_LINE,26863.62127594612,3.019859776180965,11,3.019859776180965,98.23513648323933,5.21503221506282,18,26765.38613946288,26868.836308161182,experiment,FIFO,0.28,0,variant_2
7615,INSPECTION_2_7,INSPECTION_2_7_LINE,26868.836308161182,5.21503221506282,12,5.21503221506282,103.45016869830215,0.0,19,26765.38613946288,26868.836308161182,experiment,FIFO,0.28,0,variant_2
7616,MOULDING_4,MOULDING_MACHINE_4,26788.26355642115,9.730020849619905,1,0.0,0.0,88.59785968859069,24,26788.26355642115,26876.86141610974,experiment,FIFO,0.28,0,variant_4
7616,ASSEMBLY_1_1,LINE_1_ASSEMBLY1,26791.53424807271,3.190012843348086,2,3.2706916515599005,3.2706916515599005,85.32716803703079,24,26788.26355642115,26876.86141610974,experiment,FIFO,0.28,0,variant_4
7616,ASSEMBLY_2_2,ASSEMBLY2_LINE_2,26855.914598573043,0.6640341358361184,3,64.38035050033432,67.65104215189422,20.94681753669647,18,26788.26355642115,26876.86141610974,experiment,FIFO,0.28,0,variant_4
7616,SORTING,SORTING_ROBOT_1,26857.56399169885,0.4419534145126818,4,1.649393125808274,69.30043527770249,19.297424410888198,18,26788.26355642115,26876.86141610974,experiment,FIFO,0.28,0,variant_4
7616,PACKAGING_2,PACKAGING_LINE_2,26869.1582419667,5.147850136530906,5,11.59425026784811,80.8946855455506,7.703174143040087,19,26788.26355642115,26876.86141610974,experiment,FIFO,0.28,0,variant_4
7616,INSPECTION_2_1,INSPECTION_2_1_LINE,26869.92052733094,0.7622853642424161,6,0.7622853642424161,81.65697090979302,6.940888778797671,18,26788.26355642115,26876.86141610974,experiment,FIFO,0.28,0,variant_4
7616,INSPECTION_2_2,INSPECTION_2_2_LINE,26870.127499034752,0.20697170381026808,7,0.20697170381026808,81.86394261360329,6.733917074987403,17,26788.26355642115,26876.86141610974,experiment,FIFO,0.28,0,variant_4
7616,INSPECTION_2_3,INSPECTION_2_3_LINE,26871.243831635507,1.1163326007554133,8,1.1163326007554133,82.9802752143587,5.61758447423199,17,26788.26355642115,26876.86141610974,experiment,FIFO,0.28,0,variant_4
7616,INSPECTION_2_4,INSPECTION_2_4_LINE,26872.360743193945,1.1169115584380052,9,1.1169115584380052,84.0971867727967,4.500672915793984,17,26788.26355642115,26876.86141610974,experiment,FIFO,0.28,0,variant_4
7616,INSPECTION_2_5,INSPECTION_2_5_LINE,26874.171264629967,1.8105214360220998,10,1.8105214360220998,85.9077082088188,2.6901514797718846,17,26788.26355642115,26876.86141610974,experiment,FIFO,0.28,0,variant_4
7616,INSPECTION_2_6,INSPECTION_2_6_LINE,26875.780586094148,1.609321464180539,11,1.609321464180539,87.51702967299934,1.0808300155913457,16,26788.26355642115,26876.86141610974,experiment,FIFO,0.28,0,variant_4
7616,INSPECTION_2_7,INSPECTION_2_7_LINE,26876.86141610974,0.6662576076269033,12,1.0808300155913457,88.59785968859069,0.0,12,26788.26355642115,26876.86141610974,experiment,FIFO,0.28,0,variant_4
7617,MOULDING_2,MOULDING_MACHINE_2,26783.52176409841,4.046729201927519,1,0.0,0.0,91.20719959781127,24,26783.52176409841,26874.72896369622,experiment,FIFO,0.28,0,variant_6
7617,ASSEMBLY_1_3,LINE_3_ASSEMBLY1,26783.93782452116,0.1591426224222232,2,0.4160604227508884,0.4160604227508884,90.79113917506038,24,26783.52176409841,26874.72896369622,experiment,FIFO,0.28,0,variant_6
7617,ASSEMBLY_2_2,ASSEMBLY2_LINE_2,26855.250564437207,5.91545261864303,3,71.31273991604758,71.72880033879846,19.478399259012804,18,26783.52176409841,26874.72896369622,experiment,FIFO,0.28,0,variant_6
7617,SORTING,SORTING_ROBOT_1,26857.12203828434,0.1272248302338994,4,1.8714738471317105,73.60027418593018,17.606925411881093,18,26783.52176409841,26874.72896369622,experiment,FIFO,0.28,0,variant_6
7617,PACKAGING_1,PACKAGING_LINE_1,26857.881681094925,0.7596428105862287,5,0.7596428105862287,74.3599169965164,16.847282601294864,18,26783.52176409841,26874.72896369622,experiment,FIFO,0.28,0,variant_6
7617,INSPECTION_1_1,INSPECTION_1_1_LINE,26860.148674616656,0.6197051555973303,6,2.2669935217309103,76.62691051824731,14.580289079563954,17,26783.52176409841,26874.72896369622,experiment,FIFO,0.28,0,variant_6
7617,INSPECTION_1_2,INSPECTION_1_2_LINE,26861.648014521143,1.4993399044869875,7,1.4993399044869875,78.1262504227343,13.080949175076967,16,26783.52176409841,26874.72896369622,experiment,FIFO,0.28,0,variant_6
7617,INSPECTION_1_3,INSPECTION_1_3_LINE,26868.01509542,1.762904003931908,8,6.367080898857239,84.49333132159154,6.713868276219728,21,26783.52176409841,26874.72896369622,experiment,FIFO,0.28,0,variant_6
7617,INSPECTION_1_4,INSPECTION_1_4_LINE,26869.415069229635,1.3999738096354122,9,1.3999738096354122,85.89330513122695,5.3138944665843155,19,26783.52176409841,26874.72896369622,experiment,FIFO,0.28,0,variant_6
7617,INSPECTION_1_5,INSPECTION_1_5_LINE,26870.55368624608,1.1386170164441864,10,1.1386170164441864,87.03192214767114,4.175277450140129,17,26783.52176409841,26874.72896369622,experiment,FIFO,0.28,0,variant_6
7617,INSPECTION_1_6,INSPECTION_1_6_LINE,26872.29750956553,1.7438233194516215,11,1.7438233194516215,88.77574546712276,2.4314541306885076,17,26783.52176409841,26874.72896369622,experiment,FIFO,0.28,0,variant_6
7617,INSPECTION_1_7,INSPECTION_1_7_LINE,26874.72896369622,2.4314541306885076,12,2.4314541306885076,91.20719959781127,0.0,16,26783.52176409841,26874.72896369622,experiment,FIFO,0.28,0,variant_6
7618,MOULDING_2,MOULDING_MACHINE_2,26804.79481060392,13.69652829219558,1,0.0,0.0,75.60005511208146,19,26804.79481060392,26880.394865716,experiment,FIFO,0.28,0,variant_6
7618,ASSEMBLY_1_5,LINE_5_ASSEMBLY1,26812.41508726893,7.62027666501308,2,7.62027666501308,7.62027666501308,67.97977844706838,21,26804.79481060392,26880.394865716,experiment,FIFO,0.28,0,variant_6
7618,ASSEMBLY_2_2,ASSEMBLY2_LINE_2,26856.93847617961,1.0238776065671118,3,44.52338891067848,52.14366557569156,23.456389536389906,18,26804.79481060392,26880.394865716,experiment,FIFO,0.28,0,variant_6
7618,SORTING,SORTING_ROBOT_1,26858.88075263704,1.3167609381889633,4,1.9422764574301254,54.08594203312168,21.51411307895978,18,26804.79481060392,26880.394865716,experiment,FIFO,0.28,0,variant_6
7618,PACKAGING_3,PACKAGING_LINE_3,26869.31557616625,2.591590173426084,5,10.434823529209098,64.52076556233078,11.079289549750683,19,26804.79481060392,26880.394865716,experiment,FIFO,0.28,0,variant_6
7618,INSPECTION_2_1,INSPECTION_2_1_LINE,26874.015294806624,3.616359239709709,6,4.6997186403750675,69.22048420270585,6.379570909375616,17,26804.79481060392,26880.394865716,experiment,FIFO,0.28,0,variant_6
7618,INSPECTION_2_2,INSPECTION_2_2_LINE,26874.34176269516,0.3264678885352623,7,0.3264678885352623,69.54695209124111,6.053103020840354,17,26804.79481060392,26880.394865716,experiment,FIFO,0.28,0,variant_6
7618,INSPECTION_2_3,INSPECTION_2_3_LINE,26874.6180340763,0.27627138113894034,8,0.27627138113894034,69.82322347238005,5.776831639701413,17,26804.79481060392,26880.394865716,experiment,FIFO,0.28,0,variant_6
7618,INSPECTION_2_4,INSPECTION_2_4_LINE,26876.943157660982,2.3251235846837517,9,2.3251235846837517,72.1483470570638,3.4517080550176615,12,26804.79481060392,26880.394865716,experiment,FIFO,0.28,0,variant_6
7618,INSPECTION_2_5,INSPECTION_2_5_LINE,26877.146052150947,0.2028944899648195,10,0.2028944899648195,72.35124154702862,3.248813565052842,12,26804.79481060392,26880.394865716,experiment,FIFO,0.28,0,variant_6
7618,INSPECTION_2_6,INSPECTION_2_6_LINE,26880.21569181124,1.1115894902759464,11,3.0696396602943423,75.42088120732296,0.1791739047584997,11,26804.79481060392,26880.394865716,experiment,FIFO,0.28,0,variant_6
7618,INSPECTION_2_7,INSPECTION_2_7_LINE,26880.394865716,0.1791739047584997,12,0.1791739047584997,75.60005511208146,0.0,10,26804.79481060392,26880.394865716,experiment,FIFO,0.28,0,variant_6
7619,MOULDING_2,MOULDING_MACHINE_2,26806.369336915355,1.5745263114367845,1,0.0,0.0,78.57044940499691,20,26806.369336915355,26884.939786320352,experiment,FIFO,0.28,0,variant_2
7619,ASSEMBLY_1_5,LINE_5_ASSEMBLY1,26814.473400515028,2.058313246096077,2,8.104063599672372,8.104063599672372,70.46638580532453,22,26806.369336915355,26884.939786320352,experiment,FIFO,0.28,0,variant_2
7619,ASSEMBLY_2_1,ASSEMBLY2_LINE_1,26860.10973052932,6.5099769300250045,3,45.63633001429116,53.74039361396353,24.830055791033374,17,26806.369336915355,26884.939786320352,experiment,FIFO,0.28,0,variant_2
7619,SORTING,SORTING_ROBOT_1,26863.761847345515,0.23858330415532691,4,3.6521168161962123,57.392510430159746,21.17793897483716,18,26806.369336915355,26884.939786320352,experiment,FIFO,0.28,0,variant_2
7619,PACKAGING_1,PACKAGING_LINE_1,26869.99963409563,0.7700662488496164,5,6.237786750116356,63.6302971802761,14.940152224720805,17,26806.369336915355,26884.939786320352,experiment,FIFO,0.28,0,variant_2
7619,INSPECTION_2_1,INSPECTION_2_1_LINE,26875.190520513606,1.175225706982019,6,5.19088641797498,68.82118359825108,9.749265806745825,16,26806.369336915355,26884.939786320352,experiment,FIFO,0.28,0,variant_2
7619,INSPECTION_2_2,INSPECTION_2_2_LINE,26876.78283066905,1.5923101554435561,7,1.5923101554435561,70.41349375369464,8.156955651302269,14,26806.369336915355,26884.939786320352,experiment,FIFO,0.28,0,variant_2
7619,INSPECTION_2_3,INSPECTION_2_3_LINE,26876.812279421523,0.02944875247339951,8,0.02944875247339951,70.44294250616804,8.12750689882887,14,26806.369336915355,26884.939786320352,experiment,FIFO,0.28,0,variant_2
7619,INSPECTION_2_4,INSPECTION_2_4_LINE,26880.43570584716,3.4925481861791923,9,3.623426425638172,74.06636893180621,4.504080473190697,10,26806.369336915355,26884.939786320352,experiment,FIFO,0.28,0,variant_2
7619,INSPECTION_2_5,INSPECTION_2_5_LINE,26880.884790818345,0.44908497118376545,10,0.44908497118376545,74.51545390298998,4.054995502006932,10,26806.369336915355,26884.939786320352,experiment,FIFO,0.28,0,variant_2
7619,INSPECTION_2_6,INSPECTION_2_6_LINE,26882.12903390717,1.2442430888258968,11,1.2442430888258968,75.75969699181587,2.810752413181035,9,26806.369336915355,26884.939786320352,experiment,FIFO,0.28,0,variant_2
7619,INSPECTION_2_7,INSPECTION_2_7_LINE,26882.751603654207,0.622569747036323,12,0.622569747036323,76.3822667388522,2.188182666144712,9,26806.369336915355,26884.939786320352,experiment,FIFO,0.28,0,variant_2
7619,INSPECTION_2_7,INSPECTION_2_7_LINE,26884.939786320352,2.188182666144712,13,2.188182666144712,78.57044940499691,0.0,8,26806.369336915355,26884.939786320352,experiment,FIFO,0.28,0,variant_2
7620,MOULDING_5,MOULDING_MACHINE_5,26796.065918660697,1.9727985974277544,1,0.0,0.0,80.75327245122389,20,26796.065918660697,26876.81919111192,experiment,FIFO,0.28,0,variant_3
7620,ASSEMBLY_1_4,LINE_4_ASSEMBLY1,26797.065752504528,0.9998338438308565,2,0.9998338438308565,0.9998338438308565,79.75343860739304,20,26796.065918660697,26876.81919111192,experiment,FIFO,0.28,0,variant_3
7620,ASSEMBLY_2_1,ASSEMBLY2_LINE_1,26853.599753599294,10.742952466134739,3,56.5340010947657,57.533834938596556,23.219437512627337,18,26796.065918660697,26876.81919111192,experiment,FIFO,0.28,0,variant_3
7620,SORTING,SORTING_ROBOT_1,26856.994813454105,0.4894028517737752,4,3.3950598548108246,60.92889479340738,19.824377657816513,18,26796.065918660697,26876.81919111192,experiment,FIFO,0.28,0,variant_3
7620,PACKAGING_3,PACKAGING_LINE_3,26866.723985992823,6.098176650099049,5,9.729172538718558,70.65806733212594,10.095205119097955,20,26796.065918660697,26876.81919111192,experiment,FIFO,0.28,0,variant_3
7620,INSPECTION_1_1,INSPECTION_1_1_LINE,26866.81965287944,0.09566688661652734,6,0.09566688661652734,70.75373421874247,9.999538232481427,20,26796.065918660697,26876.81919111192,experiment,FIFO,0.28,0,variant_3
7620,INSPECTION_1_2,INSPECTION_1_2_LINE,26866.83585069089,0.016197811452002497,7,0.016197811452002497,70.76993203019447,9.983340421029425,20,26796.065918660697,26876.81919111192,experiment,FIFO,0.28,0,variant_3
7620,INSPECTION_1_3,INSPECTION_1_3_LINE,26870.05420260637,1.2488827040688193,8,3.2183519154787064,73.98828394567317,6.764988505550718,17,26796.065918660697,26876.81919111192,experiment,FIFO,0.28,0,variant_3
7620,INSPECTION_1_4,INSPECTION_1_4_LINE,26870.082623140934,0.02842053456333815,9,0.02842053456333815,74.01670448023651,6.73656797098738,17,26796.065918660697,26876.81919111192,experiment,FIFO,0.28,0,variant_3
7620,INSPECTION_1_5,INSPECTION_1_5_LINE,26875.038492535787,4.33477594964279,10,4.955869394852925,78.97257387508944,1.780698576134455,16,26796.065918660697,26876.81919111192,experiment,FIFO,0.28,0,variant_3
7620,INSPECTION_1_6,INSPECTION_1_6_LINE,26876.00988882654,0.9713962907517271,11,0.9713962907517271,79.94397016584116,0.8093022853827279,16,26796.065918660697,26876.81919111192,experiment,FIFO,0.28,0,variant_3
7620,INSPECTION_1_7,INSPECTION_1_7_LINE,26876.81919111192,0.7068953213201894,12,0.8093022853827279,80.75327245122389,0.0,13,26796.065918660697,26876.81919111192,experiment,FIFO,0.28,0,variant_3
7621,MOULDING_2,MOULDING_MACHINE_2,26807.894079793707,1.5247428783513897,1,0.0,0.0,71.33261189458426,21,26807.894079793707,26879.22669168829,experiment,FIFO,0.28,0,variant_4
7621,ASSEMBLY_1_5,LINE_5_ASSEMBLY1,26821.630296865544,7.1568963505160355,2,13.736217071837018,13.736217071837018,57.59639482274724,21,26807.894079793707,26879.22669168829,experiment,FIFO,0.28,0,variant_4
7621,ASSEMBLY_2_2,ASSEMBLY2_LINE_2,26858.9922477521,2.053771572489495,3,37.36195088655586,51.09816795839288,20.234443936191383,18,26807.894079793707,26879.22669168829,experiment,FIFO,0.28,0,variant_4
7621,SORTING,SORTING_ROBOT_1,26863.52326404136,4.531016289260151,4,4.531016289260151,55.62918424765303,15.703427646931232,18,26807.894079793707,26879.22669168829,experiment,FIFO,0.28,0,variant_4
7621,PACKAGING_1,PACKAGING_LINE_1,26869.22956784678,5.706303805422067,5,5.706303805422067,61.335488053075096,9.997123841509165,19,26807.894079793707,26879.22669168829,experiment,FIFO,0.28,0,variant_4
7621,INSPECTION_2_1,INSPECTION_2_1_LINE,26870.398935566915,0.4784082359728927,6,1.1693677201328683,62.504855773207964,8.827756121376297,17,26807.894079793707,26879.22669168829,experiment,FIFO,0.28,0,variant_4
7621,INSPECTION_2_2,INSPECTION_2_2_LINE,26871.00789101715,0.6089554502359533,7,0.6089554502359533,63.11381122344392,8.218800671140343,17,26807.894079793707,26879.22669168829,experiment,FIFO,0.28,0,variant_4
7621,INSPECTION_2_3,INSPECTION_2_3_LINE,26871.445997761573,0.20216612606600393,8,0.43810674442283926,63.55191796786676,7.780693926717504,17,26807.894079793707,26879.22669168829,experiment,FIFO,0.28,0,variant_4
7621,INSPECTION_2_4,INSPECTION_2_4_LINE,26873.57708102706,1.2163378331133572,9,2.1310832654853584,65.68300123335212,5.6496106612321455,17,26807.894079793707,26879.22669168829,experiment,FIFO,0.28,0,variant_4
7621,INSPECTION_2_5,INSPECTION_2_5_LINE,26874.224869008223,0.05360437825584086,10,0.6477879811645835,66.3307892145167,5.001822680067562,17,26807.894079793707,26879.22669168829,experiment,FIFO,0.28,0,variant_4
7621,INSPECTION_2_6,INSPECTION_2_6_LINE,26879.104102320965,3.3235162268174463,11,4.879233312742144,71.21002252725884,0.1225893673254177,11,26807.894079793707,26879.22669168829,experiment,FIFO,0.28,0,variant_4
7621,INSPECTION_2_7,INSPECTION_2_7_LINE,26879.22669168829,0.1225893673254177,12,0.1225893673254177,71.33261189458426,0.0,10,26807.894079793707,26879.22669168829,experiment,FIFO,0.28,0,variant_4
7622,MOULDING_3,MOULDING_MACHINE_3,26830.927311062136,21.581519797473447,1,0.0,0.0,50.16532978478426,21,26830.927311062136,26881.09264084692,experiment,FIFO,0.28,0,variant_3
7622,ASSEMBLY_1_3,LINE_3_ASSEMBLY1,26831.4453733466,0.5180622844636673,2,0.5180622844636673,0.5180622844636673,49.647267500320595,21,26830.927311062136,26881.09264084692,experiment,FIFO,0.28,0,variant_3
7622,ASSEMBLY_2_2,ASSEMBLY2_LINE_2,26862.235198010032,3.2429502579325344,3,30.789824663432228,31.307886947895895,18.857442836888367,16,26830.927311062136,26881.09264084692,experiment,FIFO,0.28,0,variant_3
7622,SORTING,SORTING_ROBOT_1,26864.781497663644,1.019650318128697,4,2.5462996536116407,33.854186601507536,16.311143183276727,19,26830.927311062136,26881.09264084692,experiment,FIFO,0.28,0,variant_3
7622,PACKAGING_1,PACKAGING_LINE_1,26872.04842686105,2.048792765417602,5,7.266929197405261,41.1211157989128,9.044213985871465,17,26830.927311062136,26881.09264084692,experiment,FIFO,0.28,0,variant_3
7622,INSPECTION_1_1,INSPECTION_1_1_LINE,26872.51166773409,0.46324087303946726,6,0.46324087303946726,41.584356671952264,8.580973112831998,17,26830.927311062136,26881.09264084692,experiment,FIFO,0.28,0,variant_3
7622,INSPECTION_1_2,INSPECTION_1_2_LINE,26873.43893672104,0.9272689869503665,7,0.9272689869503665,42.51162565890263,7.653704125881632,17,26830.927311062136,26881.09264084692,experiment,FIFO,0.28,0,variant_3
7622,INSPECTION_1_3,INSPECTION_1_3_LINE,26874.45260085313,0.696400611072022,8,1.013664132089616,43.52528979099225,6.640039993792016,17,26830.927311062136,26881.09264084692,experiment,FIFO,0.28,0,variant_3
7622,INSPECTION_1_4,INSPECTION_1_4_LINE,26874.794733763072,0.3421329099437571,9,0.3421329099437571,43.867422700936004,6.2979070838482585,16,26830.927311062136,26881.09264084692,experiment,FIFO,0.28,0,variant_3
7622,INSPECTION_1_5,INSPECTION_1_5_LINE,26876.60607682817,1.525456541130552,10,1.8113430650992086,45.67876576603521,4.48656401874905,14,26830.927311062136,26881.09264084692,experiment,FIFO,0.28,0,variant_3
7622,INSPECTION_1_6,INSPECTION_1_6_LINE,26879.52501507417,2.0383554255604395,11,2.9189382459990156,48.59770401203423,1.5676257727500342,11,26830.927311062136,26881.09264084692,experiment,FIFO,0.28,0,variant_3
7622,INSPECTION_1_7,INSPECTION_1_7_LINE,26881.09264084692,1.5676257727500342,12,1.5676257727500342,50.16532978478426,0.0,9,26830.927311062136,26881.09264084692,experiment,FIFO,0.28,0,variant_3
7623,MOULDING_4,MOULDING_MACHINE_4,26814.03349194719,1.3783077780972235,1,0.0,0.0,72.38025766165447,22,26814.03349194719,26886.413749608844,experiment,FIFO,0.28,0,variant_6
7623,ASSEMBLY_1_2,LINE_2_ASSEMBLY1,26823.809504587192,9.776012640002591,2,9.776012640002591,9.776012640002591,62.60424502165188,21,26814.03349194719,26886.413749608844,experiment,FIFO,0.28,0,variant_6
7623,ASSEMBLY_2_1,ASSEMBLY2_LINE_1,26863.10439393644,2.9946634071202425,3,39.29488934924666,49.07090198924925,23.309355672405218,18,26814.03349194719,26886.413749608844,experiment,FIFO,0.28,0,variant_6
7623,SORTING,SORTING_ROBOT_1,26869.003949458925,4.222451795281813,4,5.89955552248648,54.97045751173573,17.409800149918738,19,26814.03349194719,26886.413749608844,experiment,FIFO,0.28,0,variant_6
7623,PACKAGING_1,PACKAGING_LINE_1,26873.778427266567,1.7300004055177851,5,4.774477807641233,59.744935319376964,12.635322342277505,17,26814.03349194719,26886.413749608844,experiment,FIFO,0.28,0,variant_6
7623,INSPECTION_2_1,INSPECTION_2_1_LINE,26880.304092384104,5.113571870497253,6,6.525665117536846,66.27060043691381,6.109657224740658,11,26814.03349194719,26886.413749608844,experiment,FIFO,0.28,0,variant_6
7623,INSPECTION_2_2,INSPECTION_2_2_LINE,26881.008305570744,0.7042131866401178,7,0.7042131866401178,66.97481362355393,5.405444038100541,10,26814.03349194719,26886.413749608844,experiment,FIFO,0.28,0,variant_6
7623,INSPECTION_2_3,INSPECTION_2_3_LINE,26884.66925008961,3.6609445188660175,8,3.6609445188660175,70.63575814241995,1.7444995192345232,9,26814.03349194719,26886.413749608844,experiment,FIFO,0.28,0,variant_6
7623,INSPECTION_2_4,INSPECTION_2_4_LINE,26885.08213350372,0.41288341411200236,9,0.41288341411200236,71.04864155653195,1.3316161051225208,8,26814.03349194719,26886.413749608844,experiment,FIFO,0.28,0,variant_6
7623,INSPECTION_2_5,INSPECTION_2_5_LINE,26885.091130637746,0.008997134023957187,10,0.008997134023957187,71.0576386905559,1.3226189710985636,8,26814.03349194719,26886.413749608844,experiment,FIFO,0.28,0,variant_6
7623,INSPECTION_2_6,INSPECTION_2_6_LINE,26885.850053964023,0.7589233262769994,11,0.7589233262769994,71.8165620168329,0.5636956448215642,8,26814.03349194719,26886.413749608844,experiment,FIFO,0.28,0,variant_6
7623,INSPECTION_2_7,INSPECTION_2_7_LINE,26886.413749608844,0.5636956448215642,12,0.5636956448215642,72.38025766165447,0.0,7,26814.03349194719,26886.413749608844,experiment,FIFO,0.28,0,variant_6
7624,MOULDING_5,MOULDING_MACHINE_5,26823.78239973848,3.4500006622401997,1,0.0,0.0,54.765799689590494,21,26823.78239973848,26878.54819942807,experiment,FIFO,0.28,0,variant_2
7624,ASSEMBLY_1_5,LINE_5_ASSEMBLY1,26843.223388793675,19.440989055194223,2,19.440989055194223,19.440989055194223,35.32481063439627,20,26823.78239973848,26878.54819942807,experiment,FIFO,0.28,0,variant_2
7624,ASSEMBLY_2_2,ASSEMBLY2_LINE_2,26865.73534379589,3.500145785856148,3,22.511955002213654,41.952944057407876,12.812855632182618,20,26823.78239973848,26878.54819942807,experiment,FIFO,0.28,0,variant_2
7624,SORTING,SORTING_ROBOT_1,26870.2242289142,1.220279455275886,4,4.488885118313192,46.44182917572107,8.323970513869426,17,26823.78239973848,26878.54819942807,experiment,FIFO,0.28,0,variant_2
7624,PACKAGING_3,PACKAGING_LINE_3,26870.52473760225,0.30050868804755737,5,0.30050868804755737,46.742337863768626,8.023461825821869,17,26823.78239973848,26878.54819942807,experiment,FIFO,0.28,0,variant_2
7624,INSPECTION_1_1,INSPECTION_1_1_LINE,26871.6200510904,1.0953134881492588,6,1.0953134881492588,47.837651351917884,6.92814833767261,17,26823.78239973848,26878.54819942807,experiment,FIFO,0.28,0,variant_2
7624,INSPECTION_1_2,INSPECTION_1_2_LINE,26871.63264086717,0.012589776772074401,7,0.012589776772074401,47.85024112868996,6.915558560900536,17,26823.78239973848,26878.54819942807,experiment,FIFO,0.28,0,variant_2
7624,INSPECTION_1_3,INSPECTION_1_3_LINE,26873.756200242056,2.1235593748860992,8,2.1235593748860992,49.97380050357606,4.791999186014436,17,26823.78239973848,26878.54819942807,experiment,FIFO,0.28,0,variant_2
7624,INSPECTION_1_4,INSPECTION_1_4_LINE,26874.167011897,0.41081165494324523,9,0.41081165494324523,50.3846121585193,4.381187531071191,17,26823.78239973848,26878.54819942807,experiment,FIFO,0.28,0,variant_2
7624,INSPECTION_1_5,INSPECTION_1_5_LINE,26875.08062028704,0.042127751254156465,10,0.9136083900411904,51.298220548560494,3.4675791410300008,16,26823.78239973848,26878.54819942807,experiment,FIFO,0.28,0,variant_2
7624,INSPECTION_1_6,INSPECTION_1_6_LINE,26877.48665964861,1.4767708220715576,11,2.4060393615691282,53.70425991012962,1.0615397794608725,12,26823.78239973848,26878.54819942807,experiment,FIFO,0.28,0,variant_2
7624,INSPECTION_1_7,INSPECTION_1_7_LINE,26878.54819942807,1.0615397794608725,12,1.0615397794608725,54.765799689590494,0.0,11,26823.78239973848,26878.54819942807,experiment,FIFO,0.28,0,variant_2
7625,MOULDING_4,MOULDING_MACHINE_4,26839.20728678321,8.814594731491525,1,0.0,0.0,61.76042032645273,20,26839.20728678321,26900.967707109663,experiment,FIFO,0.28,0,variant_3
7625,ASSEMBLY_1_4,LINE_4_ASSEMBLY1,26847.24716245152,8.039875668309833,2,8.039875668309833,8.039875668309833,53.7205446581429,20,26839.20728678321,26900.967707109663,experiment,FIFO,0.28,0,variant_3
7625,ASSEMBLY_2_1,ASSEMBLY2_LINE_1,26890.30106880813,27.196674871691357,3,43.05390635661024,51.093782024920074,10.666638301532657,9,26839.20728678321,26900.967707109663,experiment,FIFO,0.28,0,variant_3
7625,SORTING,SORTING_ROBOT_1,26890.3465525846,0.045483776470064186,4,0.045483776470064186,51.13926580139014,10.621154525062593,9,26839.20728678321,26900.967707109663,experiment,FIFO,0.28,0,variant_3
7625,PACKAGING_1,PACKAGING_LINE_1,26891.771849905763,1.4252973211623612,5,1.4252973211623612,52.5645631225525,9.195857203900232,12,26839.20728678321,26900.967707109663,experiment,FIFO,0.28,0,variant_3
7625,INSPECTION_2_1,INSPECTION_2_1_LINE,26892.78199088337,0.8790146121391444,6,1.0101409776070795,53.57470410015958,8.185716226293152,12,26839.20728678321,26900.967707109663,experiment,FIFO,0.28,0,variant_3
7625,INSPECTION_2_2,INSPECTION_2_2_LINE,26893.325706332467,0.5437154490973626,7,0.5437154490973626,54.11841954925694,7.64200077719579,12,26839.20728678321,26900.967707109663,experiment,FIFO,0.28,0,variant_3
7625,INSPECTION_2_3,INSPECTION_2_3_LINE,26895.24074606925,1.915039736781182,8,1.915039736781182,56.03345928603812,5.726961040414608,12,26839.20728678321,26900.967707109663,experiment,FIFO,0.28,0,variant_3
7625,INSPECTION_2_4,INSPECTION_2_4_LINE,26897.5366431988,2.2958971295520314,9,2.2958971295520314,58.329356415590155,3.4310639108625764,13,26839.20728678321,26900.967707109663,experiment,FIFO,0.28,0,variant_3
7625,INSPECTION_2_5,INSPECTION_2_5_LINE,26898.894180506635,1.3575373078347184,10,1.3575373078347184,59.68689372342487,2.073526603027858,13,26839.20728678321,26900.967707109663,experiment,FIFO,0.28,0,variant_3
7625,INSPECTION_2_6,INSPECTION_2_6_LINE,26900.084991686574,1.1908111799384642,11,1.1908111799384642,60.87770490336334,0.8827154230893939,13,26839.20728678321,26900.967707109663,experiment,FIFO,0.28,0,variant_3
7625,INSPECTION_2_7,INSPECTION_2_7_LINE,26900.967707109663,0.8827154230893939,12,0.8827154230893939,61.76042032645273,0.0,12,26839.20728678321,26900.967707109663,experiment,FIFO,0.28,0,variant_3
7626,MOULDING_1,MOULDING_MACHINE_1,26864.425582656622,10.076808605052065,1,0.0,0.0,46.18404403139721,19,26864.425582656622,26910.60962668802,experiment,FIFO,0.28,0,variant_5
7626,ASSEMBLY_1_2,LINE_2_ASSEMBLY1,26873.66549500061,1.2896214944048552,2,9.239912343986362,9.239912343986362,36.944131687410845,17,26864.425582656622,26910.60962668802,experiment,FIFO,0.28,0,variant_5
7626,ASSEMBLY_2_2,ASSEMBLY2_LINE_2,26897.384134099702,5.787890643652645,3,23.718639099093707,32.95855144308007,13.225492588317138,13,26864.425582656622,26910.60962668802,experiment,FIFO,0.28,0,variant_5
7626,SORTING,SORTING_ROBOT_1,26899.45192641627,2.0677923165676475,4,2.0677923165676475,35.026343759647716,11.15770027174949,13,26864.425582656622,26910.60962668802,experiment,FIFO,0.28,0,variant_5
7626,PACKAGING_1,PACKAGING_LINE_1,26901.646112362712,2.1941859464423032,5,2.1941859464423032,37.22052970609002,8.963514325307187,13,26864.425582656622,26910.60962668802,experiment,FIFO,0.28,0,variant_5
7626,INSPECTION_2_1,INSPECTION_2_1_LINE,26902.71775699501,1.0716446322985576,6,1.0716446322985576,38.29217433838858,7.89186969300863,13,26864.425582656622,26910.60962668802,experiment,FIFO,0.28,0,variant_5
7626,INSPECTION_2_2,INSPECTION_2_2_LINE,26903.2605748655,0.5428178704896709,7,0.5428178704896709,38.83499220887825,7.349051822518959,13,26864.425582656622,26910.60962668802,experiment,FIFO,0.28,0,variant_5
7626,INSPECTION_2_3,INSPECTION_2_3_LINE,26905.32879900788,2.0682241423783125,8,2.0682241423783125,40.90321635125656,5.280827680140646,13,26864.425582656622,26910.60962668802,experiment,FIFO,0.28,0,variant_5
7626,INSPECTION_2_4,INSPECTION_2_4_LINE,26905.908263421963,0.5794644140842138,9,0.5794644140842138,41.482680765340774,4.701363266056433,13,26864.425582656622,26910.60962668802,experiment,FIFO,0.28,0,variant_5
7626,INSPECTION_2_5,INSPECTION_2_5_LINE,26907.67495146958,1.7666880476172082,10,1.7666880476172082,43.24936881295798,2.9346752184392244,13,26864.425582656622,26910.60962668802,experiment,FIFO,0.28,0,variant_5
7626,INSPECTION_2_6,INSPECTION_2_6_LINE,26908.789155634862,1.1142041652819898,11,1.1142041652819898,44.36357297823997,1.8204710531572346,13,26864.425582656622,26910.60962668802,experiment,FIFO,0.28,0,variant_5
7626,INSPECTION_2_7,INSPECTION_2_7_LINE,26909.72841508219,0.939259447328368,12,0.939259447328368,45.30283242556834,0.8812116058288666,13,26864.425582656622,26910.60962668802,experiment,FIFO,0.28,0,variant_5
7626,INSPECTION_2_7,INSPECTION_2_7_LINE,26910.60962668802,0.8812116058288666,13,0.8812116058288666,46.18404403139721,0.0,13,26864.425582656622,26910.60962668802,experiment,FIFO,0.28,0,variant_5
7627,MOULDING_1,MOULDING_MACHINE_1,26865.58411304193,1.1585303853062214,1,0.0,0.0,68.48828629661875,20,26865.58411304193,26934.072399338547,experiment,FIFO,0.28,0,variant_1
7627,ASSEMBLY_1_2,LINE_2_ASSEMBLY1,26874.045011446604,0.37951644599525025,2,8.46089840467539,8.46089840467539,60.02738789194336,17,26865.58411304193,26934.072399338547,experiment,FIFO,0.28,0,variant_1
7627,ASSEMBLY_2_1,ASSEMBLY2_LINE_1,26908.7225426608,2.6911895961820846,3,34.67753121419446,43.13842961886985,25.349856677748903,13,26865.58411304193,26934.072399338547,experiment,FIFO,0.28,0,variant_1
7627,SORTING,SORTING_ROBOT_1,26913.162966327483,0.34433333991546533,4,4.440423666685092,47.57885328555494,20.90943301106381,14,26865.58411304193,26934.072399338547,experiment,FIFO,0.28,0,variant_1
7627,PACKAGING_3,PACKAGING_LINE_3,26919.59335846657,4.209443261854176,5,6.430392139085598,54.00924542464054,14.479040871978214,16,26865.58411304193,26934.072399338547,experiment,FIFO,0.28,0,variant_1
7627,INSPECTION_2_1,INSPECTION_2_1_LINE,26922.33547629996,1.240116597728047,6,2.742117833389784,56.751363258030324,11.73692303858843,16,26865.58411304193,26934.072399338547,experiment,FIFO,0.28,0,variant_1
7627,INSPECTION_2_2,INSPECTION_2_2_LINE,26925.5252328956,3.1897565956423932,7,3.1897565956423932,59.94111985367272,8.547166442946036,17,26865.58411304193,26934.072399338547,experiment,FIFO,0.28,0,variant_1
7627,INSPECTION_2_3,INSPECTION_2_3_LINE,26925.7098638758,0.1846309801985626,8,0.1846309801985626,60.12575083387128,8.362535462747474,17,26865.58411304193,26934.072399338547,experiment,FIFO,0.28,0,variant_1
7627,INSPECTION_2_4,INSPECTION_2_4_LINE,26929.307741122782,3.5978772469825344,9,3.5978772469825344,63.723628080853814,4.764658215764939,17,26865.58411304193,26934.072399338547,experiment,FIFO,0.28,0,variant_1
7627,INSPECTION_2_5,INSPECTION_2_5_LINE,26930.76031334269,1.4525722199068696,10,1.4525722199068696,65.17620030076068,3.3120859958580695,17,26865.58411304193,26934.072399338547,experiment,FIFO,0.28,0,variant_1
7627,INSPECTION_2_6,INSPECTION_2_6_LINE,26931.7604675524,1.0001542097124911,11,1.0001542097124911,66.17635451047317,2.3119317861455784,17,26865.58411304193,26934.072399338547,experiment,FIFO,0.28,0,variant_1
7627,INSPECTION_2_7,INSPECTION_2_7_LINE,26934.072399338547,2.3119317861455784,12,2.3119317861455784,68.48828629661875,0.0,17,26865.58411304193,26934.072399338547,experiment,FIFO,0.28,0,variant_1
7628,MOULDING_2,MOULDING_MACHINE_2,26862.71523676889,5.854756683063897,1,0.0,0.0,48.04954487881332,17,26862.71523676889,26910.764781647704,experiment,FIFO,0.28,0,variant_2
7628,ASSEMBLY_1_2,LINE_2_ASSEMBLY1,26872.375873506204,9.660636737313325,2,9.660636737313325,9.660636737313325,38.388908141499996,17,26862.71523676889,26910.764781647704,experiment,FIFO,0.28,0,variant_2
7628,ASSEMBLY_2_2,ASSEMBLY2_LINE_2,26891.59624345605,12.377702895566472,3,19.220369949845917,28.881006687159243,19.16853819165408,12,26862.71523676889,26910.764781647704,experiment,FIFO,0.28,0,variant_2
7628,SORTING,SORTING_ROBOT_1,26893.65021051368,2.053967057629052,4,2.053967057629052,30.934973744788294,17.114571134025027,12,26862.71523676889,26910.764781647704,experiment,FIFO,0.28,0,variant_2
7628,PACKAGING_3,PACKAGING_LINE_3,26897.14384688164,3.4936363679626083,5,3.4936363679626083,34.4286101127509,13.620934766062419,13,26862.71523676889,26910.764781647704,experiment,FIFO,0.28,0,variant_2
7628,INSPECTION_1_1,INSPECTION_1_1_LINE,26897.486002512647,0.3421556310058804,6,0.3421556310058804,34.77076574375678,13.278779135056539,13,26862.71523676889,26910.764781647704,experiment,FIFO,0.28,0,variant_2
7628,INSPECTION_1_2,INSPECTION_1_2_LINE,26900.57013180678,3.084129294133163,7,3.084129294133163,37.854895037889946,10.194649840923375,13,26862.71523676889,26910.764781647704,experiment,FIFO,0.28,0,variant_2
7628,INSPECTION_1_3,INSPECTION_1_3_LINE,26903.57630001304,3.006168206258735,8,3.006168206258735,40.86106324414868,7.18848163466464,13,26862.71523676889,26910.764781647704,experiment,FIFO,0.28,0,variant_2
7628,INSPECTION_1_4,INSPECTION_1_4_LINE,26903.63863438281,0.06233436976981466,9,0.06233436976981466,40.923397613918496,7.126147264894826,13,26862.71523676889,26910.764781647704,experiment,FIFO,0.28,0,variant_2
7628,INSPECTION_1_5,INSPECTION_1_5_LINE,26905.295039137545,1.6564047547362861,10,1.6564047547362861,42.57980236865478,5.4697425101585395,13,26862.71523676889,26910.764781647704,experiment,FIFO,0.28,0,variant_2
7628,INSPECTION_1_6,INSPECTION_1_6_LINE,26909.959320859445,4.664281721899897,11,4.664281721899897,47.24408409055468,0.8054607882586424,13,26862.71523676889,26910.764781647704,experiment,FIFO,0.28,0,variant_2
7628,INSPECTION_1_7,INSPECTION_1_7_LINE,26910.764781647704,0.8054607882586424,12,0.8054607882586424,48.04954487881332,0.0,12,26862.71523676889,26910.764781647704,experiment,FIFO,0.28,0,variant_2
7629,MOULDING_2,MOULDING_MACHINE_2,26863.06719730665,0.35196053775871405,1,0.0,0.0,35.048641754961864,18,26863.06719730665,26898.11583906161,experiment,FIFO,0.28,0,variant_2
7629,ASSEMBLY_1_3,LINE_3_ASSEMBLY1,26867.36301589966,4.295818593011063,2,4.295818593011063,4.295818593011063,30.7528231619508,21,26863.06719730665,26898.11583906161,experiment,FIFO,0.28,0,variant_2
7629,ASSEMBLY_2_2,ASSEMBLY2_LINE_2,26879.218540560483,11.855524660822994,3,11.855524660822994,16.151343253834057,18.897298501127807,11,26863.06719730665,26898.11583906161,experiment,FIFO,0.28,0,variant_2
7629,SORTING,SORTING_ROBOT_1,26884.70341189186,5.48487133137678,4,5.48487133137678,21.636214585210837,13.412427169751027,9,26863.06719730665,26898.11583906161,experiment,FIFO,0.28,0,variant_2
7629,PACKAGING_2,PACKAGING_LINE_2,26891.546010954426,6.842599062565569,5,6.842599062565569,28.478813647776406,6.569828107185458,12,26863.06719730665,26898.11583906161,experiment,FIFO,0.28,0,variant_2
7629,INSPECTION_2_1,INSPECTION_2_1_LINE,26891.90297627123,0.35696531680514454,6,0.35696531680514454,28.83577896458155,6.2128627903803135,12,26863.06719730665,26898.11583906161,experiment,FIFO,0.28,0,variant_2
7629,INSPECTION_2_2,INSPECTION_2_2_LINE,26892.59710667074,0.6941303995081398,7,0.6941303995081398,29.52990936408969,5.518732390872174,12,26863.06719730665,26898.11583906161,experiment,FIFO,0.28,0,variant_2
7629,INSPECTION_2_3,INSPECTION_2_3_LINE,26893.055618387505,0.4585117167662247,8,0.4585117167662247,29.988421080855915,5.060220674105949,12,26863.06719730665,26898.11583906161,experiment,FIFO,0.28,0,variant_2
7629,INSPECTION_2_4,INSPECTION_2_4_LINE,26895.232397429136,2.1767790416306525,9,2.1767790416306525,32.16520012248657,2.8834416324752965,12,26863.06719730665,26898.11583906161,experiment,FIFO,0.28,0,variant_2
7629,INSPECTION_2_5,INSPECTION_2_5_LINE,26896.71722863319,1.4848312040558085,10,1.4848312040558085,33.650031326542376,1.398610428419488,13,26863.06719730665,26898.11583906161,experiment,FIFO,0.28,0,variant_2
7629,INSPECTION_2_6,INSPECTION_2_6_LINE,26897.2659146889,0.5486860557066393,11,0.5486860557066393,34.198717382249015,0.8499243727128487,13,26863.06719730665,26898.11583906161,experiment,FIFO,0.28,0,variant_2
7629,INSPECTION_2_7,INSPECTION_2_7_LINE,26898.11583906161,0.8499243727128487,12,0.8499243727128487,35.048641754961864,0.0,13,26863.06719730665,26898.11583906161,experiment,FIFO,0.28,0,variant_2
7630,MOULDING_2,MOULDING_MACHINE_2,26867.2125112274,2.7716660423538997,1,0.0,0.0,62.07490454766594,21,26867.2125112274,26929.287415775067,experiment,FIFO,0.28,0,variant_6
7630,ASSEMBLY_1_5,LINE_5_ASSEMBLY1,26867.68309865201,0.47058742461013026,2,0.47058742461013026,0.47058742461013026,61.60431712305581,21,26867.2125112274,26929.287415775067,experiment,FIFO,0.28,0,variant_6
7630,ASSEMBLY_2_1,ASSEMBLY2_LINE_1,26906.031353064616,15.730284256485902,3,38.348254412605456,38.81884183721559,23.25606271045035,13,26867.2125112274,26929.287415775067,experiment,FIFO,0.28,0,variant_6
7630,SORTING,SORTING_ROBOT_1,26911.926063589875,5.894710525259143,4,5.894710525259143,44.71355236247473,17.36135218519121,14,26867.2125112274,26929.287415775067,experiment,FIFO,0.28,0,variant_6
7630,PACKAGING_3,PACKAGING_LINE_3,26915.383915204715,3.4578516148394556,5,3.4578516148394556,48.171403977314185,13.903500570351753,14,26867.2125112274,26929.287415775067,experiment,FIFO,0.28,0,variant_6
7630,INSPECTION_2_1,INSPECTION_2_1_LINE,26921.09535970223,5.711444497515913,6,5.711444497515913,53.8828484748301,8.19205607283584,16,26867.2125112274,26929.287415775067,experiment,FIFO,0.28,0,variant_6
7630,INSPECTION_2_2,INSPECTION_2_2_LINE,26921.275818740283,0.18045903805250418,7,0.18045903805250418,54.0633075128826,8.011597034783335,16,26867.2125112274,26929.287415775067,experiment,FIFO,0.28,0,variant_6
7630,INSPECTION_2_3,INSPECTION_2_3_LINE,26922.13960129144,0.863782551157783,8,0.863782551157783,54.927090064040385,7.147814483625552,16,26867.2125112274,26929.287415775067,experiment,FIFO,0.28,0,variant_6
7630,INSPECTION_2_4,INSPECTION_2_4_LINE,26924.35246187029,2.2128605788493587,9,2.2128605788493587,57.139950642889744,4.934953904776194,17,26867.2125112274,26929.287415775067,experiment,FIFO,0.28,0,variant_6
7630,INSPECTION_2_5,INSPECTION_2_5_LINE,26924.93027690098,0.5778150306905445,10,0.5778150306905445,57.71776567358029,4.357138874085649,17,26867.2125112274,26929.287415775067,experiment,FIFO,0.28,0,variant_6
7630,INSPECTION_2_6,INSPECTION_2_6_LINE,26926.496201228336,1.5659243273548782,11,1.5659243273548782,59.28369000093517,2.791214546730771,17,26867.2125112274,26929.287415775067,experiment,FIFO,0.28,0,variant_6
7630,INSPECTION_2_7,INSPECTION_2_7_LINE,26929.287415775067,2.791214546730771,12,2.791214546730771,62.07490454766594,0.0,17,26867.2125112274,26929.287415775067,experiment,FIFO,0.28,0,variant_6
7631,MOULDING_1,MOULDING_MACHINE_1,26879.23731178753,3.553236087431287,1,0.0,0.0,48.089311592946615,11,26879.23731178753,26927.326623380475,experiment,FIFO,0.28,0,variant_5
7631,ASSEMBLY_1_3,LINE_3_ASSEMBLY1,26886.696257850155,7.458946062626637,2,7.458946062626637,7.458946062626637,40.63036553031998,7,26879.23731178753,26927.326623380475,experiment,FIFO,0.28,0,variant_5
7631,ASSEMBLY_2_1,ASSEMBLY2_LINE_1,26909.41183882494,0.6892961641424336,3,22.715580974785553,30.17452703741219,17.914784555534425,13,26879.23731178753,26927.326623380475,experiment,FIFO,0.28,0,variant_5
7631,SORTING,SORTING_ROBOT_1,26914.584263093697,1.421296766213345,4,5.172424268756004,35.346951306168194,12.742360286778421,14,26879.23731178753,26927.326623380475,experiment,FIFO,0.28,0,variant_5
7631,PACKAGING_3,PACKAGING_LINE_3,26921.299516292733,1.7061578261636896,5,6.715253199035942,42.062204505204136,6.027107087742479,16,26879.23731178753,26927.326623380475,experiment,FIFO,0.28,0,variant_5
7631,INSPECTION_1_1,INSPECTION_1_1_LINE,26921.996204322222,0.6966880294894509,6,0.6966880294894509,42.75889253469359,5.330419058253028,16,26879.23731178753,26927.326623380475,experiment,FIFO,0.28,0,variant_5
7631,INSPECTION_1_2,INSPECTION_1_2_LINE,26922.998516905347,1.0023125831248763,7,1.0023125831248763,43.76120511781846,4.328106475128152,16,26879.23731178753,26927.326623380475,experiment,FIFO,0.28,0,variant_5
7631,INSPECTION_1_3,INSPECTION_1_3_LINE,26924.14401035356,1.1454934482135286,8,1.1454934482135286,44.90669856603199,3.1826130269146233,16,26879.23731178753,26927.326623380475,experiment,FIFO,0.28,0,variant_5
7631,INSPECTION_1_4,INSPECTION_1_4_LINE,26925.4038451451,1.259834791540925,9,1.259834791540925,46.166533357572916,1.9227782353736984,17,26879.23731178753,26927.326623380475,experiment,FIFO,0.28,0,variant_5
7631,INSPECTION_1_5,INSPECTION_1_5_LINE,26926.198211956213,0.7943668111111037,10,0.7943668111111037,46.96090016868402,1.1284114242625947,17,26879.23731178753,26927.326623380475,experiment,FIFO,0.28,0,variant_5
7631,INSPECTION_1_6,INSPECTION_1_6_LINE,26927.091080868344,0.8928689121312345,11,0.8928689121312345,47.853769080815255,0.23554251213136013,18,26879.23731178753,26927.326623380475,experiment,FIFO,0.28,0,variant_5
7631,INSPECTION_1_7,INSPECTION_1_7_LINE,26927.326623380475,0.23554251213136013,12,0.23554251213136013,48.089311592946615,0.0,17,26879.23731178753,26927.326623380475,experiment,FIFO,0.28,0,variant_5
7632,MOULDING_1,MOULDING_MACHINE_1,26889.664340297262,6.256152752714115,1,0.0,0.0,48.49423686364025,9,26889.664340297262,26938.158577160902,experiment,FIFO,0.28,0,variant_5
7632,ASSEMBLY_1_3,LINE_3_ASSEMBLY1,26905.587873772147,15.923533474884607,2,15.923533474884607,15.923533474884607,32.570703388755646,13,26889.664340297262,26938.158577160902,experiment,FIFO,0.28,0,variant_5
7632,ASSEMBLY_2_2,ASSEMBLY2_LINE_2,26915.7274198132,3.5446820845136244,3,10.139546041053109,26.063079515937716,22.431157347702538,14,26889.664340297262,26938.158577160902,experiment,FIFO,0.28,0,variant_5
7632,SORTING,SORTING_ROBOT_1,26924.81272484839,0.9489004706701962,4,9.085305035190686,35.1483845511284,13.345852312511852,17,26889.664340297262,26938.158577160902,experiment,FIFO,0.28,0,variant_5
7632,PACKAGING_1,PACKAGING_LINE_1,26926.277036440595,1.4643115922044672,5,1.4643115922044672,36.61269614333287,11.881540720307385,17,26889.664340297262,26938.158577160902,experiment,FIFO,0.28,0,variant_5
7632,INSPECTION_2_1,INSPECTION_2_1_LINE,26927.09096314919,0.8139267085934989,6,0.8139267085934989,37.42662285192637,11.067614011713886,18,26889.664340297262,26938.158577160902,experiment,FIFO,0.28,0,variant_5
7632,INSPECTION_2_2,INSPECTION_2_2_LINE,26927.27935744031,0.1883942911226768,7,0.1883942911226768,37.615017143049045,10.879219720591209,18,26889.664340297262,26938.158577160902,experiment,FIFO,0.28,0,variant_5
7632,INSPECTION_2_3,INSPECTION_2_3_LINE,26929.75584265852,2.476485218208836,8,2.476485218208836,40.09150236125788,8.402734502382373,17,26889.664340297262,26938.158577160902,experiment,FIFO,0.28,0,variant_5
7632,INSPECTION_2_4,INSPECTION_2_4_LINE,26931.561777502604,1.805934844083822,9,1.805934844083822,41.8974372053417,6.596799658298551,17,26889.664340297262,26938.158577160902,experiment,FIFO,0.28,0,variant_5
7632,INSPECTION_2_5,INSPECTION_2_5_LINE,26934.53369669102,2.9719191884178144,10,2.9719191884178144,44.86935639375952,3.624880469880736,17,26889.664340297262,26938.158577160902,experiment,FIFO,0.28,0,variant_5
7632,INSPECTION_2_6,INSPECTION_2_6_LINE,26935.659817072617,1.1261203815956833,11,1.1261203815956833,45.9954767753552,2.498760088285053,17,26889.664340297262,26938.158577160902,experiment,FIFO,0.28,0,variant_5
7632,INSPECTION_2_7,INSPECTION_2_7_LINE,26938.158577160902,2.498760088285053,12,2.498760088285053,48.49423686364025,0.0,16,26889.664340297262,26938.158577160902,experiment,FIFO,0.28,0,variant_5
7633,MOULDING_3,MOULDING_MACHINE_3,26888.855035711505,2.265685098202084,1,0.0,0.0,33.96037917500871,8,26888.855035711505,26922.815414886514,experiment,FIFO,0.28,0,variant_1
7633,ASSEMBLY_1_2,LINE_2_ASSEMBLY1,26897.973108592243,9.1180728807376,2,9.1180728807376,9.1180728807376,24.84230629427111,13,26888.855035711505,26922.815414886514,experiment,FIFO,0.28,0,variant_1
7633,ASSEMBLY_2_2,ASSEMBLY2_LINE_2,26908.54793497149,10.574826379248407,3,10.574826379248407,19.692899259986007,14.267479915022705,13,26888.855035711505,26922.815414886514,experiment,FIFO,0.28,0,variant_1
7633,SORTING,SORTING_ROBOT_1,26912.818632987568,0.8925693976925686,4,4.270698016076494,23.9635972760625,9.99678189894621,14,26888.855035711505,26922.815414886514,experiment,FIFO,0.28,0,variant_1
7633,PACKAGING_1,PACKAGING_LINE_1,26913.374236793898,0.5556038063296,5,0.5556038063296,24.5192010823921,9.44117809261661,14,26888.855035711505,26922.815414886514,experiment,FIFO,0.28,0,variant_1
7633,INSPECTION_1_1,INSPECTION_1_1_LINE,26913.752792344105,0.3785555502072384,6,0.3785555502072384,24.89775663259934,9.062622542409372,14,26888.855035711505,26922.815414886514,experiment,FIFO,0.28,0,variant_1
7633,INSPECTION_1_2,INSPECTION_1_2_LINE,26915.79815108088,2.045358736773778,7,2.045358736773778,26.943115369373118,7.017263805635594,14,26888.855035711505,26922.815414886514,experiment,FIFO,0.28,0,variant_1
7633,INSPECTION_1_3,INSPECTION_1_3_LINE,26917.95743484504,2.1592837641619553,8,2.1592837641619553,29.102399133535073,4.857980041473638,16,26888.855035711505,26922.815414886514,experiment,FIFO,0.28,0,variant_1
7633,INSPECTION_1_4,INSPECTION_1_4_LINE,26921.55460165511,3.597166810068302,9,3.597166810068302,32.699565943603375,1.2608132314053364,16,26888.855035711505,26922.815414886514,experiment,FIFO,0.28,0,variant_1
7633,INSPECTION_1_5,INSPECTION_1_5_LINE,26922.31488219174,0.7602805366295797,10,0.7602805366295797,33.459846480232954,0.5005326947757567,16,26888.855035711505,26922.815414886514,experiment,FIFO,0.28,0,variant_1
7633,INSPECTION_1_6,INSPECTION_1_6_LINE,26922.5758197854,0.26093759366267477,11,0.26093759366267477,33.72078407389563,0.2395951011130819,17,26888.855035711505,26922.815414886514,experiment,FIFO,0.28,0,variant_1
7633,INSPECTION_1_7,INSPECTION_1_7_LINE,26922.815414886514,0.2395951011130819,12,0.2395951011130819,33.96037917500871,0.0,16,26888.855035711505,26922.815414886514,experiment,FIFO,0.28,0,variant_1
7634,MOULDING_3,MOULDING_MACHINE_3,26890.45687712382,1.6018414123136608,1,0.0,0.0,44.427317056393804,10,26890.45687712382,26934.884194180213,experiment,FIFO,0.28,0,variant_2
7634,ASSEMBLY_1_2,LINE_2_ASSEMBLY1,26903.025426403863,5.052317811620014,2,12.568549280043953,12.568549280043953,31.85876777634985,13,26890.45687712382,26934.884194180213,experiment,FIFO,0.28,0,variant_2
7634,ASSEMBLY_2_2,ASSEMBLY2_LINE_2,26912.182737728686,3.634802757194848,3,9.15731132482324,21.725860604867194,22.70145645152661,14,26890.45687712382,26934.884194180213,experiment,FIFO,0.28,0,variant_2
7634,SORTING,SORTING_ROBOT_1,26923.512647982174,1.7371381293633021,4,11.32991025348747,33.05577085835466,11.371546198039141,16,26890.45687712382,26934.884194180213,experiment,FIFO,0.28,0,variant_2
7634,PACKAGING_3,PACKAGING_LINE_3,26929.064951601657,0.5447632770337805,5,5.5523036194827,38.60807447783736,5.819242578556441,17,26890.45687712382,26934.884194180213,experiment,FIFO,0.28,0,variant_2
7634,INSPECTION_1_1,INSPECTION_1_1_LINE,26930.80171955973,1.390651565801818,6,1.736767958074779,40.34484243591214,4.082474620481662,17,26890.45687712382,26934.884194180213,experiment,FIFO,0.28,0,variant_2
7634,INSPECTION_1_2,INSPECTION_1_2_LINE,26931.45915407523,0.2023489578459703,7,0.6574345154986077,41.00227695141075,3.4250401049830543,17,26890.45687712382,26934.884194180213,experiment,FIFO,0.28,0,variant_2
7634,INSPECTION_1_3,INSPECTION_1_3_LINE,26931.477392810928,0.0182387356981053,8,0.0182387356981053,41.020515687108855,3.406801369284949,17,26890.45687712382,26934.884194180213,experiment,FIFO,0.28,0,variant_2
7634,INSPECTION_1_4,INSPECTION_1_4_LINE,26933.565451398725,0.26531049420009367,9,2.088058587796695,43.10857427490555,1.318742781488254,17,26890.45687712382,26934.884194180213,experiment,FIFO,0.28,0,variant_2
7634,INSPECTION_1_5,INSPECTION_1_5_LINE,26933.94290065296,0.33095314366801176,10,0.37744925423612585,43.486023529141676,0.9412935272521281,18,26890.45687712382,26934.884194180213,experiment,FIFO,0.28,0,variant_2
7634,INSPECTION_1_6,INSPECTION_1_6_LINE,26934.24140018113,0.29849952816948644,11,0.29849952816948644,43.78452305731116,0.6427939990826417,17,26890.45687712382,26934.884194180213,experiment,FIFO,0.28,0,variant_2
7634,INSPECTION_1_7,INSPECTION_1_7_LINE,26934.884194180213,0.6427939990826417,12,0.6427939990826417,44.427317056393804,0.0,17,26890.45687712382,26934.884194180213,experiment,FIFO,0.28,0,variant_2
7635,MOULDING_2,MOULDING_MACHINE_2,26891.474155977263,2.394401578741963,1,0.0,0.0,50.35512117863982,12,26891.474155977263,26941.829277155903,experiment,FIFO,0.28,0,variant_4
7635,ASSEMBLY_1_1,LINE_1_ASSEMBLY1,26905.187862230043,13.713706252779957,2,13.713706252779957,13.713706252779957,36.64141492585986,13,26891.474155977263,26941.829277155903,experiment,FIFO,0.28,0,variant_4
7635,ASSEMBLY_2_1,ASSEMBLY2_LINE_1,26914.629785804475,4.717417997337179,3,9.441923574431712,23.15562982721167,27.19949135142815,14,26891.474155977263,26941.829277155903,experiment,FIFO,0.28,0,variant_4
7635,SORTING,SORTING_ROBOT_1,26923.86382437772,0.3511763955466449,4,9.234038573245925,32.389668400457595,17.965452778182225,16,26891.474155977263,26941.829277155903,experiment,FIFO,0.28,0,variant_4
7635,PACKAGING_3,PACKAGING_LINE_3,26931.200165088543,2.1352134868866415,5,7.336340710822697,39.72600911128029,10.629112067359529,17,26891.474155977263,26941.829277155903,experiment,FIFO,0.28,0,variant_4
7635,INSPECTION_2_1,INSPECTION_2_1_LINE,26931.690598720048,0.49043363150485675,6,0.49043363150485675,40.21644274278515,10.138678435854672,17,26891.474155977263,26941.829277155903,experiment,FIFO,0.28,0,variant_4
7635,INSPECTION_2_2,INSPECTION_2_2_LINE,26933.209291299,1.5186925789530505,7,1.5186925789530505,41.7351353217382,8.619985856901621,17,26891.474155977263,26941.829277155903,experiment,FIFO,0.28,0,variant_4
7635,INSPECTION_2_3,INSPECTION_2_3_LINE,26936.27064227028,3.0613509712784435,8,3.0613509712784435,44.79648629301664,5.558634885623178,16,26891.474155977263,26941.829277155903,experiment,FIFO,0.28,0,variant_4
7635,INSPECTION_2_4,INSPECTION_2_4_LINE,26936.28507098476,0.014428714479436167,9,0.014428714479436167,44.81091500749608,5.544206171143742,16,26891.474155977263,26941.829277155903,experiment,FIFO,0.28,0,variant_4
7635,INSPECTION_2_5,INSPECTION_2_5_LINE,26940.584083221635,4.299012236875569,10,4.299012236875569,49.10992724437165,1.2451939342681726,16,26891.474155977263,26941.829277155903,experiment,FIFO,0.28,0,variant_4
7635,INSPECTION_2_6,INSPECTION_2_6_LINE,26941.4700709319,0.8859877102659084,11,0.8859877102659084,49.995914954637556,0.3592062240022642,16,26891.474155977263,26941.829277155903,experiment,FIFO,0.28,0,variant_4
7635,INSPECTION_2_7,INSPECTION_2_7_LINE,26941.829277155903,0.3592062240022642,12,0.3592062240022642,50.35512117863982,0.0,15,26891.474155977263,26941.829277155903,experiment,FIFO,0.28,0,variant_4
7636,MOULDING_4,MOULDING_MACHINE_4,26891.368064774186,0.8485873750541941,1,0.0,0.0,44.363381968465546,11,26891.368064774186,26935.73144674265,experiment,FIFO,0.28,0,variant_5
7636,ASSEMBLY_1_2,LINE_2_ASSEMBLY1,26903.50631761114,0.4808912072767271,2,12.138252836954052,12.138252836954052,32.225129131511494,13,26891.368064774186,26935.73144674265,experiment,FIFO,0.28,0,variant_5
7636,ASSEMBLY_2_1,ASSEMBLY2_LINE_1,26909.912367807137,0.5005289821965562,3,6.406050195997523,18.544303032951575,25.81907893551397,13,26891.368064774186,26935.73144674265,experiment,FIFO,0.28,0,variant_5
7636,SORTING,SORTING_ROBOT_1,26921.77550985281,7.19124675911371,4,11.863142045673158,30.407445078624733,13.955936889840814,16,26891.368064774186,26935.73144674265,experiment,FIFO,0.28,0,variant_5
7636,PACKAGING_3,PACKAGING_LINE_3,26928.520188324623,6.744678471812222,5,6.744678471812222,37.152123550436954,7.211258418028592,17,26891.368064774186,26935.73144674265,experiment,FIFO,0.28,0,variant_5
7636,INSPECTION_1_1,INSPECTION_1_1_LINE,26929.41106799393,0.8908796693067416,6,0.8908796693067416,38.043003219743696,6.320378748721851,17,26891.368064774186,26935.73144674265,experiment,FIFO,0.28,0,variant_5
7636,INSPECTION_1_2,INSPECTION_1_2_LINE,26931.256805117384,1.8457371234544553,7,1.8457371234544553,39.88874034319815,4.474641625267395,17,26891.368064774186,26935.73144674265,experiment,FIFO,0.28,0,variant_5
7636,INSPECTION_1_3,INSPECTION_1_3_LINE,26931.40559472884,0.148789611455868,8,0.148789611455868,40.03752995465402,4.325852013811527,17,26891.368064774186,26935.73144674265,experiment,FIFO,0.28,0,variant_5
7636,INSPECTION_1_4,INSPECTION_1_4_LINE,26933.300140904525,1.894546175684809,9,1.894546175684809,41.93207613033883,2.4313058381267183,17,26891.368064774186,26935.73144674265,experiment,FIFO,0.28,0,variant_5
7636,INSPECTION_1_5,INSPECTION_1_5_LINE,26933.611947509293,0.31180660476820776,10,0.31180660476820776,42.243882735107036,2.1194992333585105,17,26891.368064774186,26935.73144674265,experiment,FIFO,0.28,0,variant_5
7636,INSPECTION_1_5,INSPECTION_1_5_LINE,26935.19928544434,1.2563847913806967,11,1.5873379350487085,43.831220670155744,0.5321612983098021,17,26891.368064774186,26935.73144674265,experiment,FIFO,0.28,0,variant_5
7636,INSPECTION_1_6,INSPECTION_1_6_LINE,26935.463669402885,0.2643839585434762,12,0.2643839585434762,44.09560462869922,0.2677773397663259,17,26891.368064774186,26935.73144674265,experiment,FIFO,0.28,0,variant_5
7636,INSPECTION_1_7,INSPECTION_1_7_LINE,26935.73144674265,0.2677773397663259,13,0.2677773397663259,44.363381968465546,0.0,16,26891.368064774186,26935.73144674265,experiment,FIFO,0.28,0,variant_5
7637,MOULDING_1,MOULDING_MACHINE_1,26896.417668099988,0.7949708257801831,1,0.0,0.0,59.86318551108343,13,26896.417668099988,26956.28085361107,experiment,FIFO,0.28,0,variant_4
7637,ASSEMBLY_1_3,LINE_3_ASSEMBLY1,26907.65286731824,2.0649935460933193,2,11.235199218252092,11.235199218252092,48.62798629283134,13,26896.417668099988,26956.28085361107,experiment,FIFO,0.28,0,variant_4
7637,ASSEMBLY_2_1,ASSEMBLY2_LINE_1,26916.868833750214,2.239047945739003,3,9.215966431973357,20.451165650225448,39.41201986085798,15,26896.417668099988,26956.28085361107,experiment,FIFO,0.28,0,variant_4
7637,SORTING,SORTING_ROBOT_1,26928.495624595194,3.6828997468037414,4,11.62679084498086,32.07795649520631,27.78522901587712,17,26896.417668099988,26956.28085361107,experiment,FIFO,0.28,0,variant_4
7637,PACKAGING_3,PACKAGING_LINE_3,26937.183229279,5.9830641904554795,5,8.687604683804238,40.76556117901055,19.097624332072883,17,26896.417668099988,26956.28085361107,experiment,FIFO,0.28,0,variant_4
7637,INSPECTION_2_1,INSPECTION_2_1_LINE,26938.040236592853,0.8570073138544103,6,0.8570073138544103,41.62256849286496,18.240617018218472,17,26896.417668099988,26956.28085361107,experiment,FIFO,0.28,0,variant_4
7637,INSPECTION_2_2,INSPECTION_2_2_LINE,26942.462549489697,4.4223128968442325,7,4.4223128968442325,46.04488138970919,13.81830412137424,16,26896.417668099988,26956.28085361107,experiment,FIFO,0.28,0,variant_4
7637,INSPECTION_2_3,INSPECTION_2_3_LINE,26943.6699711614,1.207421671701013,8,1.207421671701013,47.2523030614102,12.610882449673227,16,26896.417668099988,26956.28085361107,experiment,FIFO,0.28,0,variant_4
7637,INSPECTION_2_4,INSPECTION_2_4_LINE,26947.18326449505,3.5132933336499264,9,3.5132933336499264,50.76559639506013,9.0975891160233,17,26896.417668099988,26956.28085361107,experiment,FIFO,0.28,0,variant_4
7637,INSPECTION_2_5,INSPECTION_2_5_LINE,26947.92591039833,0.742645903283119,10,0.742645903283119,51.50824229834325,8.354943212740181,17,26896.417668099988,26956.28085361107,experiment,FIFO,0.28,0,variant_4
7637,INSPECTION_2_6,INSPECTION_2_6_LINE,26952.98486596869,5.058955570359103,11,5.058955570359103,56.56719786870235,3.2959876423810783,17,26896.417668099988,26956.28085361107,experiment,FIFO,0.28,0,variant_4
7637,INSPECTION_2_7,INSPECTION_2_7_LINE,26956.28085361107,3.2959876423810783,12,3.2959876423810783,59.86318551108343,0.0,17,26896.417668099988,26956.28085361107,experiment,FIFO,0.28,0,variant_4
7638,MOULDING_4,MOULDING_MACHINE_4,26901.03129939051,4.915454875812429,1,0.0,0.0,47.84161411593959,13,26901.03129939051,26948.87291350645,experiment,FIFO,0.28,0,variant_5
7638,ASSEMBLY_1_1,LINE_1_ASSEMBLY1,26908.145735805207,2.9578735751638305,2,7.114436414696684,7.114436414696684,40.72717770124291,13,26901.03129939051,26948.87291350645,experiment,FIFO,0.28,0,variant_5
7638,ASSEMBLY_2_1,ASSEMBLY2_LINE_1,26931.16332029812,14.294486547907582,3,23.017584492914466,30.13202090761115,17.709593208328442,17,26901.03129939051,26948.87291350645,experiment,FIFO,0.28,0,variant_5
7638,SORTING,SORTING_ROBOT_1,26931.24036114443,0.07704084631041042,4,0.07704084631041042,30.20906175392156,17.632552362018032,17,26901.03129939051,26948.87291350645,experiment,FIFO,0.28,0,variant_5
7638,PACKAGING_2,PACKAGING_LINE_2,26937.96327576878,3.611069754912023,5,6.72291462434805,36.93197637826961,10.909637737669982,17,26901.03129939051,26948.87291350645,experiment,FIFO,0.28,0,variant_5
7638,INSPECTION_1_1,INSPECTION_1_1_LINE,26940.382019762743,2.4187439939632895,6,2.4187439939632895,39.3507203722329,8.490893743706692,16,26901.03129939051,26948.87291350645,experiment,FIFO,0.28,0,variant_5
7638,INSPECTION_1_2,INSPECTION_1_2_LINE,26940.71185710248,0.32983733973742346,7,0.32983733973742346,39.68055771197032,8.161056403969269,16,26901.03129939051,26948.87291350645,experiment,FIFO,0.28,0,variant_5
7638,INSPECTION_1_3,INSPECTION_1_3_LINE,26941.46453430383,0.7526772013479786,8,0.7526772013479786,40.4332349133183,7.4083792026212905,16,26901.03129939051,26948.87291350645,experiment,FIFO,0.28,0,variant_5
7638,INSPECTION_1_4,INSPECTION_1_4_LINE,26942.45185825401,0.987323950183054,9,0.987323950183054,41.420558863501356,6.4210552524382365,16,26901.03129939051,26948.87291350645,experiment,FIFO,0.28,0,variant_5
7638,INSPECTION_1_5,INSPECTION_1_5_LINE,26943.104616375444,0.6527581214322709,10,0.6527581214322709,42.073316984933626,5.768297131005966,16,26901.03129939051,26948.87291350645,experiment,FIFO,0.28,0,variant_5
7638,INSPECTION_1_6,INSPECTION_1_6_LINE,26946.562863080577,3.458246705133206,11,3.458246705133206,45.53156369006683,2.3100504258727597,17,26901.03129939051,26948.87291350645,experiment,FIFO,0.28,0,variant_5
7638,INSPECTION_1_7,INSPECTION_1_7_LINE,26948.87291350645,2.3100504258727597,12,2.3100504258727597,47.84161411593959,0.0,16,26901.03129939051,26948.87291350645,experiment,FIFO,0.28,0,variant_5
7639,MOULDING_1,MOULDING_MACHINE_1,26898.07998131734,0.6402961283602053,1,0.0,0.0,74.54010007616307,14,26898.07998131734,26972.620081393503,experiment,FIFO,0.28,0,variant_5
7639,ASSEMBLY_1_2,LINE_2_ASSEMBLY1,26910.96095729561,7.454639684470749,2,12.880975978270726,12.880975978270726,61.659124097892345,13,26898.07998131734,26972.620081393503,experiment,FIFO,0.28,0,variant_5
7639,ASSEMBLY_2_1,ASSEMBLY2_LINE_1,26950.958592447063,19.795272148941876,3,39.997635151452414,52.87861112972314,21.66148894643993,17,26898.07998131734,26972.620081393503,experiment,FIFO,0.28,0,variant_5
7639,SORTING,SORTING_ROBOT_1,26959.925331590934,7.802192660670698,4,8.966739143870655,61.845350273593795,12.694749802569277,17,26898.07998131734,26972.620081393503,experiment,FIFO,0.28,0,variant_5
7639,PACKAGING_3,PACKAGING_LINE_3,26964.95964762281,5.034316031877097,5,5.034316031877097,66.87966630547089,7.66043377069218,17,26898.07998131734,26972.620081393503,experiment,FIFO,0.28,0,variant_5
7639,INSPECTION_2_1,INSPECTION_2_1_LINE,26965.979314914297,1.0196672914862575,6,1.0196672914862575,67.89933359695715,6.640766479205922,17,26898.07998131734,26972.620081393503,experiment,FIFO,0.28,0,variant_5
7639,INSPECTION_2_2,INSPECTION_2_2_LINE,26967.71098331425,1.7316683999524685,7,1.7316683999524685,69.63100199690962,4.909098079253454,16,26898.07998131734,26972.620081393503,experiment,FIFO,0.28,0,variant_5
7639,INSPECTION_2_3,INSPECTION_2_3_LINE,26969.348061704848,1.6370783905986173,8,1.6370783905986173,71.26808038750823,3.2720196886548365,16,26898.07998131734,26972.620081393503,experiment,FIFO,0.28,0,variant_5
7639,INSPECTION_2_4,INSPECTION_2_4_LINE,26970.392795896565,1.0447341917169979,9,1.0447341917169979,72.31281457922523,2.2272854969378386,16,26898.07998131734,26972.620081393503,experiment,FIFO,0.28,0,variant_5
7639,INSPECTION_2_5,INSPECTION_2_5_LINE,26971.41788624667,1.02509035010371,10,1.02509035010371,73.33790492932894,1.2021951468341285,17,26898.07998131734,26972.620081393503,experiment,FIFO,0.28,0,variant_5
7639,INSPECTION_2_6,INSPECTION_2_6_LINE,26972.14530212863,0.7274158819600416,11,0.7274158819600416,74.06532081128898,0.47477926487408695,17,26898.07998131734,26972.620081393503,experiment,FIFO,0.28,0,variant_5
7639,INSPECTION_2_7,INSPECTION_2_7_LINE,26972.620081393503,0.47477926487408695,12,0.47477926487408695,74.54010007616307,0.0,16,26898.07998131734,26972.620081393503,experiment,FIFO,0.28,0,variant_5
7640,MOULDING_4,MOULDING_MACHINE_4,26910.79132082944,9.76002143893129,1,0.0,0.0,56.216045678655064,13,26910.79132082944,26967.007366508096,experiment,FIFO,0.28,0,variant_5
7640,ASSEMBLY_1_4,LINE_4_ASSEMBLY1,26911.38185792244,0.5905370929976925,2,0.5905370929976925,0.5905370929976925,55.62550858565737,13,26910.79132082944,26967.007366508096,experiment,FIFO,0.28,0,variant_5
7640,ASSEMBLY_2_1,ASSEMBLY2_LINE_1,26956.00262333429,5.044030887227564,3,44.62076541185161,45.2113025048493,11.004743173805764,17,26910.79132082944,26967.007366508096,experiment,FIFO,0.28,0,variant_5
7640,SORTING,SORTING_ROBOT_1,26959.949745525915,0.024413934981566854,4,3.9471221916246577,49.15842469647396,7.057620982181106,17,26910.79132082944,26967.007366508096,experiment,FIFO,0.28,0,variant_5
7640,PACKAGING_2,PACKAGING_LINE_2,26961.193415112564,1.2436695866490481,5,1.2436695866490481,50.402094283123006,5.813951395532058,17,26910.79132082944,26967.007366508096,experiment,FIFO,0.28,0,variant_5
7640,INSPECTION_2_1,INSPECTION_2_1_LINE,26962.00164273228,0.8082276197164902,6,0.8082276197164902,51.210321902839496,5.005723775815568,17,26910.79132082944,26967.007366508096,experiment,FIFO,0.28,0,variant_5
7640,INSPECTION_2_2,INSPECTION_2_2_LINE,26963.252229688413,1.2505869561318832,7,1.2505869561318832,52.46090885897138,3.7551368196836847,16,26910.79132082944,26967.007366508096,experiment,FIFO,0.28,0,variant_5
7640,INSPECTION_2_3,INSPECTION_2_3_LINE,26964.160715889047,0.9084862006347976,8,0.9084862006347976,53.36939505960618,2.846650619048887,16,26910.79132082944,26967.007366508096,experiment,FIFO,0.28,0,variant_5
7640,INSPECTION_2_4,INSPECTION_2_4_LINE,26965.365167162687,1.204451273639279,9,1.204451273639279,54.573846333245456,1.6421993454096082,17,26910.79132082944,26967.007366508096,experiment,FIFO,0.28,0,variant_5
7640,INSPECTION_2_5,INSPECTION_2_5_LINE,26965.758889989185,0.3937228264985606,10,0.3937228264985606,54.967569159744016,1.2484765189110476,17,26910.79132082944,26967.007366508096,experiment,FIFO,0.28,0,variant_5
7640,INSPECTION_2_6,INSPECTION_2_6_LINE,26966.91765554922,1.158765560034226,11,1.158765560034226,56.12633471977824,0.08971095887682168,17,26910.79132082944,26967.007366508096,experiment,FIFO,0.28,0,variant_5
7640,INSPECTION_2_7,INSPECTION_2_7_LINE,26967.007366508096,0.08971095887682168,12,0.08971095887682168,56.216045678655064,0.0,16,26910.79132082944,26967.007366508096,experiment,FIFO,0.28,0,variant_5
7641,MOULDING_4,MOULDING_MACHINE_4,26911.508567511188,0.7172466817464738,1,0.0,0.0,33.948844795973855,14,26911.508567511188,26945.45741230716,experiment,FIFO,0.28,0,variant_2
7641,ASSEMBLY_1_3,LINE_3_ASSEMBLY1,26918.22368040363,2.589371942125581,2,6.715112892441539,6.715112892441539,27.233731903532316,16,26911.508567511188,26945.45741230716,experiment,FIFO,0.28,0,variant_2
7641,ASSEMBLY_2_2,ASSEMBLY2_LINE_2,26919.87559993308,1.6519195294495148,3,1.6519195294495148,8.367032421891054,25.5818123740828,16,26911.508567511188,26945.45741230716,experiment,FIFO,0.28,0,variant_2
7641,SORTING,SORTING_ROBOT_1,26929.09036767796,0.5947430827654898,4,9.214767744881101,17.581800166772155,16.3670446292017,17,26911.508567511188,26945.45741230716,experiment,FIFO,0.28,0,variant_2
7641,PACKAGING_2,PACKAGING_LINE_2,26934.352206013868,5.261838335907669,5,5.261838335907669,22.843638502679823,11.105206293294032,17,26911.508567511188,26945.45741230716,experiment,FIFO,0.28,0,variant_2
7641,INSPECTION_2_1,INSPECTION_2_1_LINE,26934.661573091547,0.3093670776797808,6,0.3093670776797808,23.153005580359604,10.79583921561425,17,26911.508567511188,26945.45741230716,experiment,FIFO,0.28,0,variant_2
7641,INSPECTION_2_2,INSPECTION_2_2_LINE,26935.921719561225,1.2601464696781477,7,1.2601464696781477,24.413152050037752,9.535692745936103,16,26911.508567511188,26945.45741230716,experiment,FIFO,0.28,0,variant_2
7641,INSPECTION_2_3,INSPECTION_2_3_LINE,26936.75808842177,0.48744615149189485,8,0.8363688605459174,25.24952091058367,8.699323885390186,16,26911.508567511188,26945.45741230716,experiment,FIFO,0.28,0,variant_2
7641,INSPECTION_2_4,INSPECTION_2_4_LINE,26936.97760859849,0.2195201767171966,9,0.2195201767171966,25.469041087300866,8.47980370867299,16,26911.508567511188,26945.45741230716,experiment,FIFO,0.28,0,variant_2
7641,INSPECTION_2_5,INSPECTION_2_5_LINE,26941.833680794483,1.2495975728488702,10,4.856072195994784,30.32511328329565,3.623731512678205,15,26911.508567511188,26945.45741230716,experiment,FIFO,0.28,0,variant_2
7641,INSPECTION_2_6,INSPECTION_2_6_LINE,26943.543132564413,1.7094517699297285,11,1.7094517699297285,32.03456505322538,1.9142797427484766,16,26911.508567511188,26945.45741230716,experiment,FIFO,0.28,0,variant_2
7641,INSPECTION_2_7,INSPECTION_2_7_LINE,26945.45741230716,1.9142797427484766,12,1.9142797427484766,33.948844795973855,0.0,17,26911.508567511188,26945.45741230716,experiment,FIFO,0.28,0,variant_2
7642,MOULDING_3,MOULDING_MACHINE_3,26909.96861519014,0.550150771789049,1,0.0,0.0,71.782534921138,14,26909.96861519014,26981.75115011128,experiment,FIFO,0.28,0,variant_2
7642,ASSEMBLY_1_3,LINE_3_ASSEMBLY1,26915.634308461504,5.665693271363125,2,5.665693271363125,5.665693271363125,66.11684164977487,14,26909.96861519014,26981.75115011128,experiment,FIFO,0.28,0,variant_2
7642,ASSEMBLY_2_1,ASSEMBLY2_LINE_1,26956.49729707132,0.494673737030098,3,40.862988609816966,46.52868188118009,25.253853039957903,17,26909.96861519014,26981.75115011128,experiment,FIFO,0.28,0,variant_2
7642,SORTING,SORTING_ROBOT_1,26963.65244141588,3.7026958899659803,4,7.15514434456054,53.68382622574063,18.098708695397363,16,26909.96861519014,26981.75115011128,experiment,FIFO,0.28,0,variant_2
7642,PACKAGING_2,PACKAGING_LINE_2,26964.927266507544,1.2748250916629331,5,1.2748250916629331,54.958651317403564,16.82388360373443,17,26909.96861519014,26981.75115011128,experiment,FIFO,0.28,0,variant_2
7642,INSPECTION_1_1,INSPECTION_1_1_LINE,26968.62713179468,3.6998652871370723,6,3.6998652871370723,58.65851660454064,13.124018316597358,16,26909.96861519014,26981.75115011128,experiment,FIFO,0.28,0,variant_2
7642,INSPECTION_1_2,INSPECTION_1_2_LINE,26968.814441409297,0.18730961461551487,7,0.18730961461551487,58.84582621915615,12.936708701981843,16,26909.96861519014,26981.75115011128,experiment,FIFO,0.28,0,variant_2
7642,INSPECTION_1_3,INSPECTION_1_3_LINE,26975.79546285653,6.981021447234525,8,6.981021447234525,65.82684766639068,5.955687254747318,18,26909.96861519014,26981.75115011128,experiment,FIFO,0.28,0,variant_2
7642,INSPECTION_1_4,INSPECTION_1_4_LINE,26976.649462279405,0.8539994228740397,9,0.8539994228740397,66.68084708926472,5.101687831873278,18,26909.96861519014,26981.75115011128,experiment,FIFO,0.28,0,variant_2
7642,INSPECTION_1_5,INSPECTION_1_5_LINE,26977.67479560559,1.025333326186228,10,1.025333326186228,67.70618041545094,4.07635450568705,18,26909.96861519014,26981.75115011128,experiment,FIFO,0.28,0,variant_2
7642,INSPECTION_1_6,INSPECTION_1_6_LINE,26980.421916780862,2.747121175270877,11,2.747121175270877,70.45330159072182,1.329233330416173,18,26909.96861519014,26981.75115011128,experiment,FIFO,0.28,0,variant_2
7642,INSPECTION_1_7,INSPECTION_1_7_LINE,26981.75115011128,1.329233330416173,12,1.329233330416173,71.782534921138,0.0,19,26909.96861519014,26981.75115011128,experiment,FIFO,0.28,0,variant_2
7643,MOULDING_1,MOULDING_MACHINE_1,26916.182402337163,1.9624203909588687,1,0.0,0.0,68.81042019299639,15,26916.182402337163,26984.99282253016,experiment,FIFO,0.28,0,variant_3
7643,ASSEMBLY_1_5,LINE_5_ASSEMBLY1,26916.868536222963,0.6861338857997907,2,0.6861338857997907,0.6861338857997907,68.1242863071966,15,26916.182402337163,26984.99282253016,experiment,FIFO,0.28,0,variant_3
7643,ASSEMBLY_2_1,ASSEMBLY2_LINE_1,26959.353249379987,2.8559523086660192,3,42.48471315702409,43.17084704282388,25.63957315017251,17,26916.182402337163,26984.99282253016,experiment,FIFO,0.28,0,variant_3
7643,SORTING,SORTING_ROBOT_1,26965.927741578053,0.21883839635484037,4,6.574492198065855,49.745339240889734,19.065080952106655,17,26916.182402337163,26984.99282253016,experiment,FIFO,0.28,0,variant_3
7643,PACKAGING_1,PACKAGING_LINE_1,26966.174860857733,0.24711927968019154,5,0.24711927968019154,49.992458520569926,18.817961672426463,17,26916.182402337163,26984.99282253016,experiment,FIFO,0.28,0,variant_3
7643,INSPECTION_2_1,INSPECTION_2_1_LINE,26968.3690708833,2.1942100255655532,6,2.1942100255655532,52.18666854613548,16.62375164686091,16,26916.182402337163,26984.99282253016,experiment,FIFO,0.28,0,variant_3
7643,INSPECTION_2_2,INSPECTION_2_2_LINE,26968.3973324988,0.02826161550183315,7,0.02826161550183315,52.21493016163731,16.595490031359077,16,26916.182402337163,26984.99282253016,experiment,FIFO,0.28,0,variant_3
7643,INSPECTION_2_3,INSPECTION_2_3_LINE,26978.28382194931,8.935760244461562,8,9.886489450509544,62.101419612146856,6.709000580849533,18,26916.182402337163,26984.99282253016,experiment,FIFO,0.28,0,variant_3
7643,INSPECTION_2_4,INSPECTION_2_4_LINE,26981.9662741305,3.682452181190456,9,3.682452181190456,65.78387179333731,3.0265483996590774,19,26916.182402337163,26984.99282253016,experiment,FIFO,0.28,0,variant_3
7643,INSPECTION_2_5,INSPECTION_2_5_LINE,26983.322086539647,1.3558124091468926,10,1.3558124091468926,67.1396842024842,1.6707359905121848,18,26916.182402337163,26984.99282253016,experiment,FIFO,0.28,0,variant_3
7643,INSPECTION_2_6,INSPECTION_2_6_LINE,26983.754402857296,0.43231631764865597,11,0.43231631764865597,67.57200052013286,1.2384196728635288,18,26916.182402337163,26984.99282253016,experiment,FIFO,0.28,0,variant_3
7643,INSPECTION_2_7,INSPECTION_2_7_LINE,26984.99282253016,1.2384196728635288,12,1.2384196728635288,68.81042019299639,0.0,17,26916.182402337163,26984.99282253016,experiment,FIFO,0.28,0,variant_3
7644,MOULDING_1,MOULDING_MACHINE_1,26917.42462570721,1.2422233700490324,1,0.0,0.0,64.93724955853395,16,26917.42462570721,26982.361875265746,experiment,FIFO,0.28,0,variant_2
7644,ASSEMBLY_1_5,LINE_5_ASSEMBLY1,26940.720388228576,23.29576252136394,2,23.29576252136394,23.29576252136394,41.64148703717001,16,26917.42462570721,26982.361875265746,experiment,FIFO,0.28,0,variant_2
7644,ASSEMBLY_2_2,ASSEMBLY2_LINE_2,26957.4367149503,15.59130067220758,3,16.716326721725636,40.01208924308958,24.925160315444373,17,26917.42462570721,26982.361875265746,experiment,FIFO,0.28,0,variant_2
7644,SORTING,SORTING_ROBOT_1,26965.708903181698,2.0564617658164934,4,8.272188231396285,48.28427747448586,16.652972084048088,17,26917.42462570721,26982.361875265746,experiment,FIFO,0.28,0,variant_2
7644,PACKAGING_2,PACKAGING_LINE_2,26973.94330846035,8.234405278653867,5,8.234405278653867,56.51868275313973,8.41856680539422,16,26917.42462570721,26982.361875265746,experiment,FIFO,0.28,0,variant_2
7644,INSPECTION_1_1,INSPECTION_1_1_LINE,26974.39749694089,0.45418848053668626,6,0.45418848053668626,56.972871233676415,7.964378324857535,17,26917.42462570721,26982.361875265746,experiment,FIFO,0.28,0,variant_2
7644,INSPECTION_1_2,INSPECTION_1_2_LINE,26975.24558212708,0.8480851861932024,7,0.8480851861932024,57.82095641986962,7.116293138664332,18,26917.42462570721,26982.361875265746,experiment,FIFO,0.28,0,variant_2
7644,INSPECTION_1_3,INSPECTION_1_3_LINE,26976.526667231246,0.731204374715162,8,1.2810851041649585,59.102041524034576,5.835208034499374,18,26917.42462570721,26982.361875265746,experiment,FIFO,0.28,0,variant_2
7644,INSPECTION_1_4,INSPECTION_1_4_LINE,26976.66600282529,0.01654054588652798,9,0.13933559404540574,59.24137711807998,5.695872440453968,18,26917.42462570721,26982.361875265746,experiment,FIFO,0.28,0,variant_2
7644,INSPECTION_1_5,INSPECTION_1_5_LINE,26978.229467112684,0.5546715070922801,10,1.5634642873919802,60.80484140547196,4.132408153061988,18,26917.42462570721,26982.361875265746,experiment,FIFO,0.28,0,variant_2
7644,INSPECTION_1_6,INSPECTION_1_6_LINE,26981.222439251203,0.8005224703410931,11,2.99297213851969,63.79781354399165,1.139436014542298,19,26917.42462570721,26982.361875265746,experiment,FIFO,0.28,0,variant_2
7644,INSPECTION_1_7,INSPECTION_1_7_LINE,26982.361875265746,0.6107251544672181,12,1.139436014542298,64.93724955853395,0.0,18,26917.42462570721,26982.361875265746,experiment,FIFO,0.28,0,variant_2
7645,MOULDING_5,MOULDING_MACHINE_5,26922.335945376497,1.5640886922083155,1,0.0,0.0,64.17756945331348,17,26922.335945376497,26986.51351482981,experiment,FIFO,0.28,0,variant_4
7645,ASSEMBLY_1_1,LINE_1_ASSEMBLY1,26930.751462864067,8.415517487570469,2,8.415517487570469,8.415517487570469,55.76205196574301,17,26922.335945376497,26986.51351482981,experiment,FIFO,0.28,0,variant_4
7645,ASSEMBLY_2_1,ASSEMBLY2_LINE_1,26969.2430863764,7.856383840407943,3,38.49162351233099,46.90714099990146,17.270428453412023,16,26922.335945376497,26986.51351482981,experiment,FIFO,0.28,0,variant_4
7645,SORTING,SORTING_ROBOT_1,26969.42197987943,0.1788935030308494,4,0.1788935030308494,47.08603450293231,17.091534950381174,16,26922.335945376497,26986.51351482981,experiment,FIFO,0.28,0,variant_4
7645,PACKAGING_3,PACKAGING_LINE_3,26972.844720994275,3.4227411148458486,5,3.4227411148458486,50.508775617778156,13.668793835535325,16,26922.335945376497,26986.51351482981,experiment,FIFO,0.28,0,variant_4
7645,INSPECTION_2_1,INSPECTION_2_1_LINE,26973.218603709745,0.3738827154702449,6,0.3738827154702449,50.8826583332484,13.29491112006508,16,26922.335945376497,26986.51351482981,experiment,FIFO,0.28,0,variant_4
7645,INSPECTION_2_2,INSPECTION_2_2_LINE,26974.91116790663,1.692564196884632,7,1.692564196884632,52.57522253013303,11.602346923180448,17,26922.335945376497,26986.51351482981,experiment,FIFO,0.28,0,variant_4
7645,INSPECTION_2_3,INSPECTION_2_3_LINE,26978.29756550125,0.013743551939114695,8,3.3863975946187566,55.96162012475179,8.215949328561692,18,26922.335945376497,26986.51351482981,experiment,FIFO,0.28,0,variant_4
7645,INSPECTION_2_4,INSPECTION_2_4_LINE,26982.444177200385,0.4779030698846327,9,4.146611699135974,60.10823182388776,4.069337629425718,18,26922.335945376497,26986.51351482981,experiment,FIFO,0.28,0,variant_4
7645,INSPECTION_2_5,INSPECTION_2_5_LINE,26983.372802238275,0.050715698627755046,10,0.9286250378900149,61.03685686177778,3.140712591535703,18,26922.335945376497,26986.51351482981,experiment,FIFO,0.28,0,variant_4
7645,INSPECTION_2_6,INSPECTION_2_6_LINE,26984.17033637473,0.41593351743358653,11,0.7975341364544875,61.834390998232266,2.3431784550812154,18,26922.335945376497,26986.51351482981,experiment,FIFO,0.28,0,variant_4
7645,INSPECTION_2_7,INSPECTION_2_7_LINE,26986.51351482981,1.520692299651273,12,2.3431784550812154,64.17756945331348,0.0,17,26922.335945376497,26986.51351482981,experiment,FIFO,0.28,0,variant_4
7646,MOULDING_3,MOULDING_MACHINE_3,26924.346625879432,3.25727014027143,1,0.0,0.0,67.06972957083781,17,26924.346625879432,26991.41635545027,experiment,FIFO,0.28,0,variant_6
7646,ASSEMBLY_1_1,LINE_1_ASSEMBLY1,26946.640407603067,15.888944738999271,2,22.29378172363431,22.29378172363431,44.7759478472035,17,26924.346625879432,26991.41635545027,experiment,FIFO,0.28,0,variant_6
7646,ASSEMBLY_2_1,ASSEMBLY2_LINE_1,26974.39155361993,5.14846724353265,3,27.751146016864368,50.04492774049868,17.02480183033913,17,26924.346625879432,26991.41635545027,experiment,FIFO,0.28,0,variant_6
7646,SORTING,SORTING_ROBOT_1,26978.58995787222,3.9312675134169695,4,4.198404252289038,54.243331992787716,12.826397578050091,18,26924.346625879432,26991.41635545027,experiment,FIFO,0.28,0,variant_6
7646,PACKAGING_3,PACKAGING_LINE_3,26982.134221497305,3.544263625084568,5,3.544263625084568,57.787595617872284,9.282133952965523,19,26924.346625879432,26991.41635545027,experiment,FIFO,0.28,0,variant_6
7646,INSPECTION_2_1,INSPECTION_2_1_LINE,26982.499190335388,0.3649688380828593,6,0.3649688380828593,58.152564455955144,8.917165114882664,18,26924.346625879432,26991.41635545027,experiment,FIFO,0.28,0,variant_6
7646,INSPECTION_2_2,INSPECTION_2_2_LINE,26983.39618577886,0.1361024468606047,7,0.8969954434724059,59.04955989942755,8.020169671410258,18,26924.346625879432,26991.41635545027,experiment,FIFO,0.28,0,variant_6
7646,INSPECTION_2_3,INSPECTION_2_3_LINE,26987.56067636593,4.009939477269654,8,4.164490587070759,63.21405048649831,3.8556790843394992,17,26924.346625879432,26991.41635545027,experiment,FIFO,0.28,0,variant_6
7646,INSPECTION_2_4,INSPECTION_2_4_LINE,26988.09437197339,0.533695607460686,9,0.533695607460686,63.747746093958995,3.3219834768788132,17,26924.346625879432,26991.41635545027,experiment,FIFO,0.28,0,variant_6
7646,INSPECTION_2_5,INSPECTION_2_5_LINE,26988.294496312225,0.20012433883312042,10,0.20012433883312042,63.947870432792115,3.121859138045693,16,26924.346625879432,26991.41635545027,experiment,FIFO,0.28,0,variant_6
7646,INSPECTION_2_6,INSPECTION_2_6_LINE,26991.405632574257,3.1111362620322325,11,3.1111362620322325,67.05900669482435,0.010722876013460336,18,26924.346625879432,26991.41635545027,experiment,FIFO,0.28,0,variant_6
7646,INSPECTION_2_7,INSPECTION_2_7_LINE,26991.41635545027,0.010722876013460336,12,0.010722876013460336,67.06972957083781,0.0,17,26924.346625879432,26991.41635545027,experiment,FIFO,0.28,0,variant_6
7647,MOULDING_1,MOULDING_MACHINE_1,26929.211195117936,4.998250626518711,1,0.0,0.0,24.79471903020749,18,26929.211195117936,26954.005914148143,experiment,FIFO,0.28,0,variant_4
7647,ASSEMBLY_1_4,LINE_4_ASSEMBLY1,26934.93393847807,5.722743360132881,2,5.722743360132881,5.722743360132881,19.071975670074607,17,26929.211195117936,26954.005914148143,experiment,FIFO,0.28,0,variant_4
7647,ASSEMBLY_2_2,ASSEMBLY2_LINE_2,26937.366890668764,2.4329521906947775,3,2.4329521906947775,8.155695550827659,16.63902347937983,17,26929.211195117936,26954.005914148143,experiment,FIFO,0.28,0,variant_4
7647,SORTING,SORTING_ROBOT_1,26944.59336543201,7.226474763247097,4,7.226474763247097,15.382170314074756,9.412548716132733,18,26929.211195117936,26954.005914148143,experiment,FIFO,0.28,0,variant_4
7647,PACKAGING_3,PACKAGING_LINE_3,26945.371218839588,0.777853407576913,5,0.777853407576913,16.16002372165167,8.63469530855582,18,26929.211195117936,26954.005914148143,experiment,FIFO,0.28,0,variant_4
7647,INSPECTION_1_1,INSPECTION_1_1_LINE,26947.27303719291,1.9018183533225965,6,1.9018183533225965,18.061842074974265,6.732876955233223,17,26929.211195117936,26954.005914148143,experiment,FIFO,0.28,0,variant_4
7647,INSPECTION_1_2,INSPECTION_1_2_LINE,26947.71078861877,0.43775142585946014,7,0.43775142585946014,18.499593500833726,6.295125529373763,17,26929.211195117936,26954.005914148143,experiment,FIFO,0.28,0,variant_4
7647,INSPECTION_1_3,INSPECTION_1_3_LINE,26948.27366169512,0.5628730763492058,8,0.5628730763492058,19.06246657718293,5.732252453024557,17,26929.211195117936,26954.005914148143,experiment,FIFO,0.28,0,variant_4
7647,INSPECTION_1_4,INSPECTION_1_4_LINE,26949.25903409056,0.9853723954402085,9,0.9853723954402085,20.04783897262314,4.746880057584349,16,26929.211195117936,26954.005914148143,experiment,FIFO,0.28,0,variant_4
7647,INSPECTION_1_5,INSPECTION_1_5_LINE,26950.883640305907,1.6246062153477396,10,1.6246062153477396,21.67244518797088,3.122273842236609,17,26929.211195117936,26954.005914148143,experiment,FIFO,0.28,0,variant_4
7647,INSPECTION_1_6,INSPECTION_1_6_LINE,26953.45276992492,2.5691296190125286,11,2.5691296190125286,24.241574806983408,0.5531442232240806,18,26929.211195117936,26954.005914148143,experiment,FIFO,0.28,0,variant_4
7647,INSPECTION_1_7,INSPECTION_1_7_LINE,26954.005914148143,0.5531442232240806,12,0.5531442232240806,24.79471903020749,0.0,17,26929.211195117936,26954.005914148143,experiment,FIFO,0.28,0,variant_4
7648,MOULDING_3,MOULDING_MACHINE_3,26926.64306397869,0.1472458266580361,1,0.0,0.0,66.2146872969206,18,26926.64306397869,26992.85775127561,experiment,FIFO,0.28,0,variant_5
7648,ASSEMBLY_1_4,LINE_4_ASSEMBLY1,26927.539366433728,0.8963024550394039,2,0.8963024550394039,0.8963024550394039,65.3183848418812,17,26926.64306397869,26992.85775127561,experiment,FIFO,0.28,0,variant_5
7648,ASSEMBLY_2_1,ASSEMBLY2_LINE_1,26961.38670253599,2.033453156003816,3,33.84733610226249,34.74363855730189,31.47104873961871,17,26926.64306397869,26992.85775127561,experiment,FIFO,0.28,0,variant_5
7648,SORTING,SORTING_ROBOT_1,26966.32514402516,0.3974024471062876,4,4.938441489168326,39.68208004647022,26.532607250450383,17,26926.64306397869,26992.85775127561,experiment,FIFO,0.28,0,variant_5
7648,PACKAGING_2,PACKAGING_LINE_2,26981.84179089598,7.898482435626647,5,15.516646870819386,55.198726917289605,11.015960379630997,19,26926.64306397869,26992.85775127561,experiment,FIFO,0.28,0,variant_5
7648,INSPECTION_2_1,INSPECTION_2_1_LINE,26982.11234261573,0.27055171975007397,6,0.27055171975007397,55.46927863703968,10.745408659880923,19,26926.64306397869,26992.85775127561,experiment,FIFO,0.28,0,variant_5
7648,INSPECTION_2_2,INSPECTION_2_2_LINE,26983.260083332,1.1477407162710733,7,1.1477407162710733,56.61701935331075,9.59766794360985,18,26926.64306397869,26992.85775127561,experiment,FIFO,0.28,0,variant_5
7648,INSPECTION_2_3,INSPECTION_2_3_LINE,26983.55073688866,0.29065355666170944,8,0.29065355666170944,56.90767290997246,9.30701438694814,18,26926.64306397869,26992.85775127561,experiment,FIFO,0.28,0,variant_5
7648,INSPECTION_2_3,INSPECTION_2_3_LINE,26989.036576115257,1.475899749326345,9,5.485839226595999,62.39351213656846,3.8211751603521407,17,26926.64306397869,26992.85775127561,experiment,FIFO,0.28,0,variant_5
7648,INSPECTION_2_4,INSPECTION_2_4_LINE,26989.319289016326,0.282712901069317,10,0.282712901069317,62.67622503763778,3.5384622592828237,17,26926.64306397869,26992.85775127561,experiment,FIFO,0.28,0,variant_5
7648,INSPECTION_2_5,INSPECTION_2_5_LINE,26992.70314416588,3.3838551495537104,11,3.3838551495537104,66.06008018719149,0.1546071097291133,17,26926.64306397869,26992.85775127561,experiment,FIFO,0.28,0,variant_5
7648,INSPECTION_2_6,INSPECTION_2_6_LINE,26992.718617719107,0.015473553226911463,12,0.015473553226911463,66.0755537404184,0.13913355650220183,17,26926.64306397869,26992.85775127561,experiment,FIFO,0.28,0,variant_5
7648,INSPECTION_2_7,INSPECTION_2_7_LINE,26992.85775127561,0.13913355650220183,13,0.13913355650220183,66.2146872969206,0.0,16,26926.64306397869,26992.85775127561,experiment,FIFO,0.28,0,variant_5
7649,MOULDING_1,MOULDING_MACHINE_1,26934.870024919463,5.6588298015267355,1,0.0,0.0,28.137933201105625,18,26934.870024919463,26963.00795812057,experiment,FIFO,0.28,0,variant_1
7649,ASSEMBLY_1_3,LINE_3_ASSEMBLY1,26937.94259084712,3.072565927657706,2,3.072565927657706,3.072565927657706,25.06536727344792,17,26934.870024919463,26963.00795812057,experiment,FIFO,0.28,0,variant_1
7649,ASSEMBLY_2_2,ASSEMBLY2_LINE_2,26941.845414278094,3.9028234309735126,3,3.9028234309735126,6.975389358631219,21.162543842474406,15,26934.870024919463,26963.00795812057,experiment,FIFO,0.28,0,variant_1
7649,SORTING,SORTING_ROBOT_1,26952.123138930263,7.529773498252325,4,10.277724652169127,17.253114010800346,10.88481919030528,17,26934.870024919463,26963.00795812057,experiment,FIFO,0.28,0,variant_1
7649,PACKAGING_3,PACKAGING_LINE_3,26953.49658228081,1.3734433505487686,5,1.3734433505487686,18.626557361349114,9.51137583975651,18,26934.870024919463,26963.00795812057,experiment,FIFO,0.28,0,variant_1
7649,INSPECTION_2_1,INSPECTION_2_1_LINE,26955.169469696564,1.6728874157524842,6,1.6728874157524842,20.2994447771016,7.8384884240040265,17,26934.870024919463,26963.00795812057,experiment,FIFO,0.28,0,variant_1
7649,INSPECTION_2_2,INSPECTION_2_2_LINE,26957.23068855316,2.0612188565974066,7,2.0612188565974066,22.360663633699005,5.77726956740662,17,26934.870024919463,26963.00795812057,experiment,FIFO,0.28,0,variant_1
7649,INSPECTION_2_3,INSPECTION_2_3_LINE,26958.891143080906,1.6604545277441503,8,1.6604545277441503,24.021118161443155,4.11681503966247,17,26934.870024919463,26963.00795812057,experiment,FIFO,0.28,0,variant_1
7649,INSPECTION_2_4,INSPECTION_2_4_LINE,26960.84261874653,1.9514756656244572,9,1.9514756656244572,25.972593827067612,2.1653393740380125,17,26934.870024919463,26963.00795812057,experiment,FIFO,0.28,0,variant_1
7649,INSPECTION_2_5,INSPECTION_2_5_LINE,26961.71120478068,0.8685860341502121,10,0.8685860341502121,26.841179861217825,1.2967533398878004,17,26934.870024919463,26963.00795812057,experiment,FIFO,0.28,0,variant_1
7649,INSPECTION_2_6,INSPECTION_2_6_LINE,26962.805736902,1.0945321213184798,11,1.0945321213184798,27.935711982536304,0.20222121856932063,17,26934.870024919463,26963.00795812057,experiment,FIFO,0.28,0,variant_1
7649,INSPECTION_2_7,INSPECTION_2_7_LINE,26963.00795812057,0.20222121856932063,12,0.20222121856932063,28.137933201105625,0.0,16,26934.870024919463,26963.00795812057,experiment,FIFO,0.28,0,variant_1
7650,MOULDING_1,MOULDING_MACHINE_1,26942.31250523228,7.44248031281677,1,0.0,0.0,69.96562191797784,16,26942.31250523228,27012.278127150257,experiment,FIFO,0.28,0,variant_2
7650,ASSEMBLY_1_5,LINE_5_ASSEMBLY1,26949.25121687964,6.938711647359014,2,6.938711647359014,6.938711647359014,63.02691027061883,16,26942.31250523228,27012.278127150257,experiment,FIFO,0.28,0,variant_2
7650,ASSEMBLY_2_1,ASSEMBLY2_LINE_1,26979.027389501385,1.6607250353335985,3,29.77617262174681,36.71488426910582,33.25073764887202,18,26942.31250523228,27012.278127150257,experiment,FIFO,0.28,0,variant_2
7650,SORTING,SORTING_ROBOT_1,26986.025906538,5.6576578021886235,4,6.998517036616249,43.71340130572207,26.25222061225577,18,26942.31250523228,27012.278127150257,experiment,FIFO,0.28,0,variant_2
7650,PACKAGING_2,PACKAGING_LINE_2,27007.95071905068,9.053379091441457,5,21.924812512679637,65.63821381840171,4.327408099576132,15,26942.31250523228,27012.278127150257,experiment,FIFO,0.28,0,variant_2
7650,INSPECTION_2_1,INSPECTION_2_1_LINE,27009.234558324428,1.2838392737467075,6,1.2838392737467075,66.92205309214842,3.043568825829425,14,26942.31250523228,27012.278127150257,experiment,FIFO,0.28,0,variant_2
7650,INSPECTION_2_2,INSPECTION_2_2_LINE,27009.58291342136,0.34835509693220956,7,0.34835509693220956,67.27040818908063,2.6952137288972153,14,26942.31250523228,27012.278127150257,experiment,FIFO,0.28,0,variant_2
7650,INSPECTION_2_3,INSPECTION_2_3_LINE,27010.23702173834,0.6541083169795456,8,0.6541083169795456,67.92451650606017,2.0411054119176697,14,26942.31250523228,27012.278127150257,experiment,FIFO,0.28,0,variant_2
7650,INSPECTION_2_4,INSPECTION_2_4_LINE,27011.86247841957,1.6254566812312987,9,1.6254566812312987,69.54997318729147,0.415648730686371,14,26942.31250523228,27012.278127150257,experiment,FIFO,0.28,0,variant_2
7650,INSPECTION_2_5,INSPECTION_2_5_LINE,27011.865835699587,0.0033572800166439265,10,0.0033572800166439265,69.55333046730811,0.41229145066972706,14,26942.31250523228,27012.278127150257,experiment,FIFO,0.28,0,variant_2
7650,INSPECTION_2_6,INSPECTION_2_6_LINE,27011.88224682009,0.01641112050128868,11,0.01641112050128868,69.5697415878094,0.3958803301684384,14,26942.31250523228,27012.278127150257,experiment,FIFO,0.28,0,variant_2
7650,INSPECTION_2_7,INSPECTION_2_7_LINE,27012.278127150257,0.3958803301684384,12,0.3958803301684384,69.96562191797784,0.0,13,26942.31250523228,27012.278127150257,experiment,FIFO,0.28,0,variant_2
7651,MOULDING_4,MOULDING_MACHINE_4,26933.72887093741,0.01504849058255786,1,0.0,0.0,62.45402377757273,18,26933.72887093741,26996.182894714984,experiment,FIFO,0.28,0,variant_4
7651,ASSEMBLY_1_1,LINE_1_ASSEMBLY1,26947.382447918302,0.7420403152354993,2,13.653576980890648,13.653576980890648,48.80044679668208,17,26933.72887093741,26996.182894714984,experiment,FIFO,0.28,0,variant_4
7651,ASSEMBLY_2_2,ASSEMBLY2_LINE_2,26977.055510791903,3.175841509077145,3,29.67306287360043,43.32663985449108,19.127383923081652,18,26933.72887093741,26996.182894714984,experiment,FIFO,0.28,0,variant_4
7651,SORTING,SORTING_ROBOT_1,26980.05707052753,1.4671126553112117,4,3.001559735628689,46.328199590119766,16.125824187452963,18,26933.72887093741,26996.182894714984,experiment,FIFO,0.28,0,variant_4
7651,PACKAGING_2,PACKAGING_LINE_2,26989.485509640333,4.285229030218034,5,9.428439112802153,55.75663870292192,6.697385074650811,17,26933.72887093741,26996.182894714984,experiment,FIFO,0.28,0,variant_4
7651,INSPECTION_1_1,INSPECTION_1_1_LINE,26990.3132056816,0.8175864304685092,6,0.8276960412658809,56.5843347441878,5.86968903338493,17,26933.72887093741,26996.182894714984,experiment,FIFO,0.28,0,variant_4
7651,INSPECTION_1_2,INSPECTION_1_2_LINE,26993.33197591865,3.0187702370494662,7,3.0187702370494662,59.603104981237266,2.8509187963354634,17,26933.72887093741,26996.182894714984,experiment,FIFO,0.28,0,variant_4
7651,INSPECTION_1_3,INSPECTION_1_3_LINE,26993.37712425803,0.045148339380830294,8,0.045148339380830294,59.648253320618096,2.805770456954633,17,26933.72887093741,26996.182894714984,experiment,FIFO,0.28,0,variant_4
7651,INSPECTION_1_4,INSPECTION_1_4_LINE,26994.12479539399,0.7476711359595356,9,0.7476711359595356,60.39592445657763,2.0580993209950975,17,26933.72887093741,26996.182894714984,experiment,FIFO,0.28,0,variant_4
7651,INSPECTION_1_5,INSPECTION_1_5_LINE,26994.18284273182,0.05804733783224947,10,0.05804733783224947,60.45397179440988,2.000051983162848,17,26933.72887093741,26996.182894714984,experiment,FIFO,0.28,0,variant_4
7651,INSPECTION_1_6,INSPECTION_1_6_LINE,26995.165509144525,0.4997339511392056,11,0.9826664127031108,61.43663820711299,1.0173855704597372,16,26933.72887093741,26996.182894714984,experiment,FIFO,0.28,0,variant_4
7651,INSPECTION_1_7,INSPECTION_1_7_LINE,26996.182894714984,0.13210004547727294,12,1.0173855704597372,62.45402377757273,0.0,14,26933.72887093741,26996.182894714984,experiment,FIFO,0.28,0,variant_4
7652,MOULDING_2,MOULDING_MACHINE_2,26937.18073815138,0.793060803989647,1,0.0,0.0,57.515426073994604,17,26937.18073815138,26994.696164225374,experiment,FIFO,0.28,0,variant_3
7652,ASSEMBLY_1_2,LINE_2_ASSEMBLY1,26946.119188526307,8.938450374927925,2,8.938450374927925,8.938450374927925,48.57697569906668,17,26937.18073815138,26994.696164225374,experiment,FIFO,0.28,0,variant_3
7652,ASSEMBLY_2_2,ASSEMBLY2_LINE_2,26973.879669282825,16.442954332524096,3,27.76048075651852,36.69893113144644,20.81649494254816,16,26937.18073815138,26994.696164225374,experiment,FIFO,0.28,0,variant_3
7652,SORTING,SORTING_ROBOT_1,26974.658690358803,0.7790210759776528,4,0.7790210759776528,37.477952207424096,20.037473866570508,17,26937.18073815138,26994.696164225374,experiment,FIFO,0.28,0,variant_3
7652,PACKAGING_2,PACKAGING_LINE_2,26985.200280610115,3.3584897141372494,5,10.5415902513123,48.019542458736396,9.495883615258208,17,26937.18073815138,26994.696164225374,experiment,FIFO,0.28,0,variant_3
7652,INSPECTION_1_1,INSPECTION_1_1_LINE,26985.724651330544,0.5243707204281236,6,0.5243707204281236,48.54391317916452,8.971512894830084,17,26937.18073815138,26994.696164225374,experiment,FIFO,0.28,0,variant_3
7652,INSPECTION_1_2,INSPECTION_1_2_LINE,26986.542459001223,0.8178076706790307,7,0.8178076706790307,49.36172084984355,8.153705224151054,17,26937.18073815138,26994.696164225374,experiment,FIFO,0.28,0,variant_3
7652,INSPECTION_1_3,INSPECTION_1_3_LINE,26988.11113847052,1.5686794692956028,8,1.5686794692956028,50.93040031913915,6.585025754855451,17,26937.18073815138,26994.696164225374,experiment,FIFO,0.28,0,variant_3
7652,INSPECTION_1_4,INSPECTION_1_4_LINE,26990.08883038371,1.977691913190938,9,1.977691913190938,52.90809223233009,4.607333841664513,17,26937.18073815138,26994.696164225374,experiment,FIFO,0.28,0,variant_3
7652,INSPECTION_1_5,INSPECTION_1_5_LINE,26990.09277653259,0.003946148881368572,10,0.003946148881368572,52.91203838121146,4.603387692783144,17,26937.18073815138,26994.696164225374,experiment,FIFO,0.28,0,variant_3
7652,INSPECTION_1_6,INSPECTION_1_6_LINE,26993.41051802133,3.317741488739557,11,3.317741488739557,56.22977986995102,1.2856462040435872,17,26937.18073815138,26994.696164225374,experiment,FIFO,0.28,0,variant_3
7652,INSPECTION_1_7,INSPECTION_1_7_LINE,26994.696164225374,1.2856462040435872,12,1.2856462040435872,57.515426073994604,0.0,16,26937.18073815138,26994.696164225374,experiment,FIFO,0.28,0,variant_3
7653,MOULDING_4,MOULDING_MACHINE_4,26956.180950785423,15.738227121957607,1,0.0,0.0,46.99272086838755,18,26956.180950785423,27003.17367165381,experiment,FIFO,0.28,0,variant_2
7653,ASSEMBLY_1_4,LINE_4_ASSEMBLY1,26967.427514171475,2.713530084834929,2,11.246563386052003,11.246563386052003,35.74615748233555,16,26956.180950785423,27003.17367165381,experiment,FIFO,0.28,0,variant_2
7653,ASSEMBLY_2_2,ASSEMBLY2_LINE_2,26978.36336446177,1.307853669866745,3,10.935850290294184,22.182413676346187,24.810307192041364,18,26956.180950785423,27003.17367165381,experiment,FIFO,0.28,0,variant_2
7653,SORTING,SORTING_ROBOT_1,26980.368248735813,0.23129928346315864,4,2.004884274043434,24.18729795038962,22.80542291799793,18,26956.180950785423,27003.17367165381,experiment,FIFO,0.28,0,variant_2
7653,PACKAGING_2,PACKAGING_LINE_2,26998.89733995924,9.41183031890614,5,18.529091223426803,42.716389173816424,4.276331694571127,14,26956.180950785423,27003.17367165381,experiment,FIFO,0.28,0,variant_2
7653,INSPECTION_2_1,INSPECTION_2_1_LINE,26999.6681908938,0.7708509345611674,6,0.7708509345611674,43.48724010837759,3.5054807600099593,14,26956.180950785423,27003.17367165381,experiment,FIFO,0.28,0,variant_2
7653,INSPECTION_2_2,INSPECTION_2_2_LINE,26999.715598790008,0.04740789620700525,7,0.04740789620700525,43.5346480045846,3.458072863802954,14,26956.180950785423,27003.17367165381,experiment,FIFO,0.28,0,variant_2
7653,INSPECTION_2_3,INSPECTION_2_3_LINE,26999.72880673316,0.01320794315324747,8,0.01320794315324747,43.547855947737844,3.4448649206497066,14,26956.180950785423,27003.17367165381,experiment,FIFO,0.28,0,variant_2
7653,INSPECTION_2_4,INSPECTION_2_4_LINE,27000.27224692004,0.5434401868806162,9,0.5434401868806162,44.09129613461846,2.9014247337690904,14,26956.180950785423,27003.17367165381,experiment,FIFO,0.28,0,variant_2
7653,INSPECTION_2_5,INSPECTION_2_5_LINE,27000.40801645814,0.13576953809752013,10,0.13576953809752013,44.22706567271598,2.7656551956715703,14,26956.180950785423,27003.17367165381,experiment,FIFO,0.28,0,variant_2
7653,INSPECTION_2_6,INSPECTION_2_6_LINE,27002.138574316534,1.7305578583946044,11,1.7305578583946044,45.957623531110585,1.0350973372769658,14,26956.180950785423,27003.17367165381,experiment,FIFO,0.28,0,variant_2
7653,INSPECTION_2_7,INSPECTION_2_7_LINE,27003.17367165381,1.0350973372769658,12,1.0350973372769658,46.99272086838755,0.0,13,26956.180950785423,27003.17367165381,experiment,FIFO,0.28,0,variant_2
7654,MOULDING_2,MOULDING_MACHINE_2,26944.52847925506,2.326463120418339,1,0.0,0.0,51.5223154144478,18,26944.52847925506,26996.050794669507,experiment,FIFO,0.28,0,variant_6
7654,ASSEMBLY_1_3,LINE_3_ASSEMBLY1,26960.334886432152,12.232738616930874,2,15.806407177093206,15.806407177093206,35.7159082373546,17,26944.52847925506,26996.050794669507,experiment,FIFO,0.28,0,variant_6
7654,ASSEMBLY_2_1,ASSEMBLY2_LINE_1,26980.08985010252,1.0624606011333526,3,19.754963670366124,35.56137084745933,15.960944566988474,18,26944.52847925506,26996.050794669507,experiment,FIFO,0.28,0,variant_6
7654,SORTING,SORTING_ROBOT_1,26987.05467397776,1.028767439758667,4,6.964823875241564,42.52619472270089,8.99612069174691,17,26944.52847925506,26996.050794669507,experiment,FIFO,0.28,0,variant_6
7654,PACKAGING_1,PACKAGING_LINE_1,26989.003213723885,1.9485397461248795,5,1.9485397461248795,44.47473446882577,7.04758094562203,17,26944.52847925506,26996.050794669507,experiment,FIFO,0.28,0,variant_6
7654,INSPECTION_1_1,INSPECTION_1_1_LINE,26989.49561925113,0.4924055272458645,6,0.4924055272458645,44.96713999607164,6.555175418376166,17,26944.52847925506,26996.050794669507,experiment,FIFO,0.28,0,variant_6
7654,INSPECTION_1_2,INSPECTION_1_2_LINE,26989.841825023304,0.34620577217356185,7,0.34620577217356185,45.3133457682452,6.208969646202604,17,26944.52847925506,26996.050794669507,experiment,FIFO,0.28,0,variant_6
7654,INSPECTION_1_3,INSPECTION_1_3_LINE,26990.818109915537,0.9762848922327976,8,0.9762848922327976,46.289630660478,5.2326847539698065,18,26944.52847925506,26996.050794669507,experiment,FIFO,0.28,0,variant_6
7654,INSPECTION_1_4,INSPECTION_1_4_LINE,26991.622050221315,0.8039403057773598,9,0.8039403057773598,47.093570966255356,4.428744448192447,17,26944.52847925506,26996.050794669507,experiment,FIFO,0.28,0,variant_6
7654,INSPECTION_1_5,INSPECTION_1_5_LINE,26991.82096245716,0.19891223584636464,10,0.19891223584636464,47.29248320210172,4.229832212346082,17,26944.52847925506,26996.050794669507,experiment,FIFO,0.28,0,variant_6
7654,INSPECTION_1_6,INSPECTION_1_6_LINE,26994.665775193385,1.2552571720552805,11,2.844812736224412,50.13729593832613,1.3850194761216699,17,26944.52847925506,26996.050794669507,experiment,FIFO,0.28,0,variant_6
7654,INSPECTION_1_7,INSPECTION_1_7_LINE,26996.050794669507,1.3546304441333632,12,1.3850194761216699,51.5223154144478,0.0,15,26944.52847925506,26996.050794669507,experiment,FIFO,0.28,0,variant_6
7655,MOULDING_5,MOULDING_MACHINE_5,26944.510543441484,1.8026289254448784,1,0.0,0.0,43.70938679172468,17,26944.510543441484,26988.21993023321,experiment,FIFO,0.28,0,variant_2
7655,ASSEMBLY_1_3,LINE_3_ASSEMBLY1,26948.10214781522,3.591604373737937,2,3.591604373737937,3.591604373737937,40.117782417986746,17,26944.510543441484,26988.21993023321,experiment,FIFO,0.28,0,variant_2
7655,ASSEMBLY_2_1,ASSEMBLY2_LINE_1,26977.36666446605,2.975110846120515,3,29.264516650830046,32.85612102456798,10.8532657671567,18,26944.510543441484,26988.21993023321,experiment,FIFO,0.28,0,variant_2
7655,SORTING,SORTING_ROBOT_1,26980.13694945235,0.07987892481833114,4,2.7702849862980656,35.62640601086605,8.082980780858634,18,26944.510543441484,26988.21993023321,experiment,FIFO,0.28,0,variant_2
7655,PACKAGING_1,PACKAGING_LINE_1,26981.31690533027,1.1799558779202926,5,1.1799558779202926,36.80636188878634,6.903024902938341,19,26944.510543441484,26988.21993023321,experiment,FIFO,0.28,0,variant_2
7655,INSPECTION_2_1,INSPECTION_2_1_LINE,26981.48941383877,0.17250850850177812,6,0.17250850850177812,36.97887039728812,6.730516394436563,19,26944.510543441484,26988.21993023321,experiment,FIFO,0.28,0,variant_2
7655,INSPECTION_2_2,INSPECTION_2_2_LINE,26981.84171330398,0.352299465208489,7,0.352299465208489,37.33116986249661,6.378216929228074,19,26944.510543441484,26988.21993023321,experiment,FIFO,0.28,0,variant_2
7655,INSPECTION_2_3,INSPECTION_2_3_LINE,26982.52508556928,0.6833722652991128,8,0.6833722652991128,38.01454212779572,5.694844663928961,18,26944.510543441484,26988.21993023321,experiment,FIFO,0.28,0,variant_2
7655,INSPECTION_2_4,INSPECTION_2_4_LINE,26983.908133511966,1.3830479426869715,9,1.3830479426869715,39.39759007048269,4.31179672124199,18,26944.510543441484,26988.21993023321,experiment,FIFO,0.28,0,variant_2
7655,INSPECTION_2_5,INSPECTION_2_5_LINE,26984.76618457916,0.8580510671927186,10,0.8580510671927186,40.25564113767541,3.4537456540492713,18,26944.510543441484,26988.21993023321,experiment,FIFO,0.28,0,variant_2
7655,INSPECTION_2_6,INSPECTION_2_6_LINE,26987.59629558607,2.8301110069114657,11,2.8301110069114657,43.08575214458688,0.6236346471378056,17,26944.510543441484,26988.21993023321,experiment,FIFO,0.28,0,variant_2
7655,INSPECTION_2_7,INSPECTION_2_7_LINE,26988.21993023321,0.6236346471378056,12,0.6236346471378056,43.70938679172468,0.0,16,26944.510543441484,26988.21993023321,experiment,FIFO,0.28,0,variant_2
7656,MOULDING_2,MOULDING_MACHINE_2,26950.315420365885,0.8723558728743228,1,0.0,0.0,65.86843400542057,17,26950.315420365885,27016.183854371306,experiment,FIFO,0.28,0,variant_3
7656,ASSEMBLY_1_4,LINE_4_ASSEMBLY1,26964.71398408664,14.398563720755192,2,14.398563720755192,14.398563720755192,51.469870284665376,17,26950.315420365885,27016.183854371306,experiment,FIFO,0.28,0,variant_3
7656,ASSEMBLY_2_1,ASSEMBLY2_LINE_1,26984.815115673293,4.725265570774354,3,20.101131586652627,34.49969530740782,31.36873869801275,18,26950.315420365885,27016.183854371306,experiment,FIFO,0.28,0,variant_3
7656,SORTING,SORTING_ROBOT_1,26992.59880531956,5.544131341801403,4,7.783689646268613,42.28338495367643,23.585049051744136,17,26950.315420365885,27016.183854371306,experiment,FIFO,0.28,0,variant_3
7656,PACKAGING_2,PACKAGING_LINE_2,27009.956907198888,2.006188148207002,5,17.35810187932657,59.641486833003,6.226947172417567,14,26950.315420365885,27016.183854371306,experiment,FIFO,0.28,0,variant_3
7656,INSPECTION_2_1,INSPECTION_2_1_LINE,27010.19379453388,0.2368873349914793,6,0.2368873349914793,59.87837416799448,5.990059837426088,14,26950.315420365885,27016.183854371306,experiment,FIFO,0.28,0,variant_3
7656,INSPECTION_2_2,INSPECTION_2_2_LINE,27010.383051986257,0.18925745237720548,7,0.18925745237720548,60.067631620371685,5.800802385048883,14,26950.315420365885,27016.183854371306,experiment,FIFO,0.28,0,variant_3
7656,INSPECTION_2_3,INSPECTION_2_3_LINE,27013.190290538834,2.8072385525774735,8,2.8072385525774735,62.87487017294916,2.993563832471409,13,26950.315420365885,27016.183854371306,experiment,FIFO,0.28,0,variant_3
7656,INSPECTION_2_4,INSPECTION_2_4_LINE,27013.82095290664,0.630662367806508,9,0.630662367806508,63.50553254075567,2.362901464664901,13,26950.315420365885,27016.183854371306,experiment,FIFO,0.28,0,variant_3
7656,INSPECTION_2_5,INSPECTION_2_5_LINE,27014.860944223263,1.0399913166220358,10,1.0399913166220358,64.5455238573777,1.3229101480428653,13,26950.315420365885,27016.183854371306,experiment,FIFO,0.28,0,variant_3
7656,INSPECTION_2_6,INSPECTION_2_6_LINE,27015.05425124013,0.19330701686703833,11,0.19330701686703833,64.73883087424474,1.129603131175827,13,26950.315420365885,27016.183854371306,experiment,FIFO,0.28,0,variant_3
7656,INSPECTION_2_7,INSPECTION_2_7_LINE,27016.183854371306,1.129603131175827,12,1.129603131175827,65.86843400542057,0.0,12,26950.315420365885,27016.183854371306,experiment,FIFO,0.28,0,variant_3
7657,MOULDING_2,MOULDING_MACHINE_2,26953.211774535062,1.7669978837839153,1,0.0,0.0,70.54436818418617,18,26953.211774535062,27023.75614271925,experiment,FIFO,0.28,0,variant_6
7657,ASSEMBLY_1_3,LINE_3_ASSEMBLY1,26986.90541809347,26.570531661316636,2,33.69364355840662,33.69364355840662,36.85072462577955,17,26953.211774535062,27023.75614271925,experiment,FIFO,0.28,0,variant_6
7657,ASSEMBLY_2_2,ASSEMBLY2_LINE_2,26990.500656444656,3.537789013626025,3,3.5952383511867083,37.28888190959333,33.25548627459284,17,26953.211774535062,27023.75614271925,experiment,FIFO,0.28,0,variant_6
7657,SORTING,SORTING_ROBOT_1,27002.89333890036,1.6903833619326178,4,12.392682455705653,49.68156436529898,20.862803818887187,14,26953.211774535062,27023.75614271925,experiment,FIFO,0.28,0,variant_6
7657,PACKAGING_2,PACKAGING_LINE_2,27017.18063810457,0.27795871143825934,5,14.287299204210285,63.96886356950927,6.575504614676902,12,26953.211774535062,27023.75614271925,experiment,FIFO,0.28,0,variant_6
7657,INSPECTION_2_1,INSPECTION_2_1_LINE,27018.309473838603,0.43659681427743635,6,1.1288357340308721,65.09769930354014,5.44666888064603,12,26953.211774535062,27023.75614271925,experiment,FIFO,0.28,0,variant_6
7657,INSPECTION_2_2,INSPECTION_2_2_LINE,27019.39237993516,0.4218668937210168,7,1.0829060965588724,66.18060540009901,4.363762784087157,13,26953.211774535062,27023.75614271925,experiment,FIFO,0.28,0,variant_6
7657,INSPECTION_2_3,INSPECTION_2_3_LINE,27020.48497577243,1.0925958372681635,8,1.0925958372681635,67.27320123736718,3.271166946818994,13,26953.211774535062,27023.75614271925,experiment,FIFO,0.28,0,variant_6
7657,INSPECTION_2_4,INSPECTION_2_4_LINE,27021.41732817849,0.9323524060600903,9,0.9323524060600903,68.20555364342727,2.3388145407589036,14,26953.211774535062,27023.75614271925,experiment,FIFO,0.28,0,variant_6
7657,INSPECTION_2_5,INSPECTION_2_5_LINE,27022.99746752501,1.5801393465189904,10,1.5801393465189904,69.78569298994626,0.7586751942399133,14,26953.211774535062,27023.75614271925,experiment,FIFO,0.28,0,variant_6
7657,INSPECTION_2_6,INSPECTION_2_6_LINE,27023.75538147173,0.757913946719782,11,0.757913946719782,70.54360693666604,0.0007612475201312918,14,26953.211774535062,27023.75614271925,experiment,FIFO,0.28,0,variant_6
7657,INSPECTION_2_7,INSPECTION_2_7_LINE,27023.75614271925,0.0007612475201312918,12,0.0007612475201312918,70.54436818418617,0.0,13,26953.211774535062,27023.75614271925,experiment,FIFO,0.28,0,variant_6
7658,MOULDING_1,MOULDING_MACHINE_1,26964.442532413217,3.004991085104848,1,0.0,0.0,44.61450504008826,17,26964.442532413217,27009.057037453305,experiment,FIFO,0.28,0,variant_1
7658,ASSEMBLY_1_1,LINE_1_ASSEMBLY1,26965.220205498263,0.7776730850455351,2,0.7776730850455351,0.7776730850455351,43.836831955042726,17,26964.442532413217,27009.057037453305,experiment,FIFO,0.28,0,variant_1
7658,ASSEMBLY_2_1,ASSEMBLY2_LINE_1,26990.342745598493,5.527629925200017,3,25.122540100230253,25.90021318527579,18.714291854812473,17,26964.442532413217,27009.057037453305,experiment,FIFO,0.28,0,variant_1
7658,SORTING,SORTING_ROBOT_1,27001.20295553843,1.5748339337478683,4,10.860209939935885,36.76042312521167,7.854081914876588,14,26964.442532413217,27009.057037453305,experiment,FIFO,0.28,0,variant_1
7658,PACKAGING_3,PACKAGING_LINE_3,27005.07534671485,3.8723911764209333,5,3.8723911764209333,40.63281430163261,3.9816907384556544,13,26964.442532413217,27009.057037453305,experiment,FIFO,0.28,0,variant_1
7658,INSPECTION_2_1,INSPECTION_2_1_LINE,27005.521993523675,0.4466468088248803,6,0.4466468088248803,41.07946111045749,3.535043929630774,13,26964.442532413217,27009.057037453305,experiment,FIFO,0.28,0,variant_1
7658,INSPECTION_2_2,INSPECTION_2_2_LINE,27005.670697924783,0.14870440110826166,7,0.14870440110826166,41.22816551156575,3.3863395285225124,13,26964.442532413217,27009.057037453305,experiment,FIFO,0.28,0,variant_1
7658,INSPECTION_2_3,INSPECTION_2_3_LINE,27006.208911718728,0.5382137939450331,8,0.5382137939450331,41.76637930551078,2.8481257345774793,13,26964.442532413217,27009.057037453305,experiment,FIFO,0.28,0,variant_1
7658,INSPECTION_2_4,INSPECTION_2_4_LINE,27007.205559668026,0.9966479492977669,9,0.9966479492977669,42.76302725480855,1.8514777852797124,14,26964.442532413217,27009.057037453305,experiment,FIFO,0.28,0,variant_1
7658,INSPECTION_2_5,INSPECTION_2_5_LINE,27008.77457992279,1.5690202547630179,10,1.5690202547630179,44.33204750957157,0.28245753051669453,15,26964.442532413217,27009.057037453305,experiment,FIFO,0.28,0,variant_1
7658,INSPECTION_2_6,INSPECTION_2_6_LINE,27009.052106638937,0.2775267161487136,11,0.2775267161487136,44.60957422572028,0.004930814367980929,15,26964.442532413217,27009.057037453305,experiment,FIFO,0.28,0,variant_1
7658,INSPECTION_2_7,INSPECTION_2_7_LINE,27009.057037453305,0.004930814367980929,12,0.004930814367980929,44.61450504008826,0.0,14,26964.442532413217,27009.057037453305,experiment,FIFO,0.28,0,variant_1
7659,MOULDING_4,MOULDING_MACHINE_4,26973.98086502306,4.321822209767561,1,0.0,0.0,56.47936237851172,17,26973.98086502306,27030.46022740157,experiment,FIFO,0.28,0,variant_6
7659,ASSEMBLY_1_4,LINE_4_ASSEMBLY1,26999.880616171944,25.899751148885116,2,25.899751148885116,25.899751148885116,30.579611229626607,14,26973.98086502306,27030.46022740157,experiment,FIFO,0.28,0,variant_6
7659,ASSEMBLY_2_1,ASSEMBLY2_LINE_1,27009.070256975203,9.189640803258953,3,9.189640803258953,35.08939195214407,21.389970426367654,14,26973.98086502306,27030.46022740157,experiment,FIFO,0.28,0,variant_6
7659,SORTING,SORTING_ROBOT_1,27012.55378022567,2.4291497098420223,4,3.4835232504665328,38.5729152026106,17.90644717590112,14,26973.98086502306,27030.46022740157,experiment,FIFO,0.28,0,variant_6
7659,PACKAGING_2,PACKAGING_LINE_2,27023.359236558685,2.699309999035904,5,10.805456333015172,49.378371535625774,7.100990842885949,14,26973.98086502306,27030.46022740157,experiment,FIFO,0.28,0,variant_6
7659,INSPECTION_1_1,INSPECTION_1_1_LINE,27024.59206289573,1.2328263370436616,6,1.2328263370436616,50.611197872669436,5.868164505842287,13,26973.98086502306,27030.46022740157,experiment,FIFO,0.28,0,variant_6
7659,INSPECTION_1_2,INSPECTION_1_2_LINE,27026.456992688712,1.864929792984185,7,1.864929792984185,52.47612766565362,4.003234712858102,14,26973.98086502306,27030.46022740157,experiment,FIFO,0.28,0,variant_6
7659,INSPECTION_1_3,INSPECTION_1_3_LINE,27027.121948358017,0.6649556693046179,8,0.6649556693046179,53.14108333495824,3.3382790435534844,12,26973.98086502306,27030.46022740157,experiment,FIFO,0.28,0,variant_6
7659,INSPECTION_1_4,INSPECTION_1_4_LINE,27027.99024582603,0.8682974680123152,9,0.8682974680123152,54.009380802970554,2.469981575541169,12,26973.98086502306,27030.46022740157,experiment,FIFO,0.28,0,variant_6
7659,INSPECTION_1_5,INSPECTION_1_5_LINE,27028.65553020333,0.6652843773008499,10,0.6652843773008499,54.674665180271404,1.8046971982403193,12,26973.98086502306,27030.46022740157,experiment,FIFO,0.28,0,variant_6
7659,INSPECTION_1_6,INSPECTION_1_6_LINE,27028.884158316552,0.2286281132219301,11,0.2286281132219301,54.903293293493334,1.5760690850183892,12,26973.98086502306,27030.46022740157,experiment,FIFO,0.28,0,variant_6
7659,INSPECTION_1_7,INSPECTION_1_7_LINE,27030.46022740157,1.5760690850183892,12,1.5760690850183892,56.47936237851172,0.0,11,26973.98086502306,27030.46022740157,experiment,FIFO,0.28,0,variant_6
7660,MOULDING_2,MOULDING_MACHINE_2,26971.19631772596,0.6216806255361007,1,0.0,0.0,55.87090173557226,17,26971.19631772596,27027.067219461533,experiment,FIFO,0.28,0,variant_3
7660,ASSEMBLY_1_3,LINE_3_ASSEMBLY1,26987.87276250613,0.967344412660168,2,16.676444780168822,16.676444780168822,39.19445695540344,17,26971.19631772596,27027.067219461533,experiment,FIFO,0.28,0,variant_3
7660,ASSEMBLY_2_1,ASSEMBLY2_LINE_1,26992.92445960287,2.3336200783487584,3,5.051697096740099,21.72814187690892,34.14275985866334,16,26971.19631772596,27027.067219461533,experiment,FIFO,0.28,0,variant_3
7660,SORTING,SORTING_ROBOT_1,27010.124630515827,5.595876573715941,4,17.20017091295813,38.92831278986705,16.94258894570521,14,26971.19631772596,27027.067219461533,experiment,FIFO,0.28,0,variant_3
7660,PACKAGING_2,PACKAGING_LINE_2,27020.65992655965,0.44837132661632495,5,10.53529604382129,49.46360883368834,6.40729290188392,13,26971.19631772596,27027.067219461533,experiment,FIFO,0.28,0,variant_3
7660,INSPECTION_2_1,INSPECTION_2_1_LINE,27021.001133088743,0.3412065290940518,6,0.3412065290940518,49.80481536278239,6.066086372789869,13,26971.19631772596,27027.067219461533,experiment,FIFO,0.28,0,variant_3
7660,INSPECTION_2_2,INSPECTION_2_2_LINE,27021.861000330257,0.8598672415137116,7,0.8598672415137116,50.664682604296104,5.206219131276157,14,26971.19631772596,27027.067219461533,experiment,FIFO,0.28,0,variant_3
7660,INSPECTION_2_3,INSPECTION_2_3_LINE,27021.89114212352,0.03014179326419253,8,0.03014179326419253,50.694824397560296,5.1760773380119645,14,26971.19631772596,27027.067219461533,experiment,FIFO,0.28,0,variant_3
7660,INSPECTION_2_4,INSPECTION_2_4_LINE,27023.28993811271,0.3218082786697778,9,1.3987959891892388,52.093620386749535,3.7772813488227257,14,26971.19631772596,27027.067219461533,experiment,FIFO,0.28,0,variant_3
7660,INSPECTION_2_5,INSPECTION_2_5_LINE,27025.305191228923,0.11056307419130462,10,2.015253116212989,54.108873502962524,1.7620282326097367,13,26971.19631772596,27027.067219461533,experiment,FIFO,0.28,0,variant_3
7660,INSPECTION_2_6,INSPECTION_2_6_LINE,27025.977380072643,0.11740927699429449,11,0.6721888437205052,54.78106234668303,1.0898393888892315,14,26971.19631772596,27027.067219461533,experiment,FIFO,0.28,0,variant_3
7660,INSPECTION_2_7,INSPECTION_2_7_LINE,27027.067219461533,0.6015839144856727,12,1.0898393888892315,55.87090173557226,0.0,12,26971.19631772596,27027.067219461533,experiment,FIFO,0.28,0,variant_3
7661,MOULDING_5,MOULDING_MACHINE_5,26980.486863647613,9.026903550493444,1,0.0,0.0,42.37471171615471,19,26980.486863647613,27022.861575363768,experiment,FIFO,0.28,0,variant_1
7661,ASSEMBLY_1_1,LINE_1_ASSEMBLY1,26984.44952897717,3.96266532955633,2,3.96266532955633,3.96266532955633,38.41204638659838,18,26980.486863647613,27022.861575363768,experiment,FIFO,0.28,0,variant_1
7661,ASSEMBLY_2_2,ASSEMBLY2_LINE_2,26986.47750439328,2.027975416109257,3,2.027975416109257,5.990640745665587,36.38407097048912,18,26980.486863647613,27022.861575363768,experiment,FIFO,0.28,0,variant_1
7661,SORTING,SORTING_ROBOT_1,26997.76585231884,5.167046999278682,4,11.288347925561538,17.278988671227125,25.09572304492758,14,26980.486863647613,27022.861575363768,experiment,FIFO,0.28,0,variant_1
7661,PACKAGING_2,PACKAGING_LINE_2,27016.902679393133,6.9457721942453645,5,19.13682707429325,36.415815745520376,5.95889597063433,12,26980.486863647613,27022.861575363768,experiment,FIFO,0.28,0,variant_1
7661,INSPECTION_2_1,INSPECTION_2_1_LINE,27017.872877024325,0.9701976311916951,6,0.9701976311916951,37.38601337671207,4.988698339442635,12,26980.486863647613,27022.861575363768,experiment,FIFO,0.28,0,variant_1
7661,INSPECTION_2_2,INSPECTION_2_2_LINE,27018.97051304144,1.097636017115292,7,1.097636017115292,38.48364939382736,3.8910623223273433,12,26980.486863647613,27022.861575363768,experiment,FIFO,0.28,0,variant_1
7661,INSPECTION_2_3,INSPECTION_2_3_LINE,27019.09717345685,0.12666041540796869,8,0.12666041540796869,38.61030980923533,3.7644019069193746,12,26980.486863647613,27022.861575363768,experiment,FIFO,0.28,0,variant_1
7661,INSPECTION_2_4,INSPECTION_2_4_LINE,27019.89574380016,0.7985703433114395,9,0.7985703433114395,39.40888015254677,2.965831563607935,13,26980.486863647613,27022.861575363768,experiment,FIFO,0.28,0,variant_1
7661,INSPECTION_2_5,INSPECTION_2_5_LINE,27020.44968013732,0.5539363371608488,10,0.5539363371608488,39.96281648970762,2.4118952264470863,13,26980.486863647613,27022.861575363768,experiment,FIFO,0.28,0,variant_1
7661,INSPECTION_2_6,INSPECTION_2_6_LINE,27021.371980271382,0.9223001340615156,11,0.9223001340615156,40.885116623769136,1.4895950923855708,14,26980.486863647613,27022.861575363768,experiment,FIFO,0.28,0,variant_1
7661,INSPECTION_2_7,INSPECTION_2_7_LINE,27022.861575363768,1.4895950923855708,12,1.4895950923855708,42.37471171615471,0.0,13,26980.486863647613,27022.861575363768,experiment,FIFO,0.28,0,variant_1
7662,MOULDING_2,MOULDING_MACHINE_2,26985.95088332237,12.4785508382447,1,0.0,0.0,53.751238046825165,18,26985.95088332237,27039.702121369195,experiment,FIFO,0.28,0,variant_3
7662,ASSEMBLY_1_3,LINE_3_ASSEMBLY1,27012.438266564248,24.565504058118677,2,26.48738324187798,26.48738324187798,27.263854804947186,14,26985.95088332237,27039.702121369195,experiment,FIFO,0.28,0,variant_3
7662,ASSEMBLY_2_2,ASSEMBLY2_LINE_2,27016.39702531638,3.9587587521309615,3,3.9587587521309615,30.44614199400894,23.305096052816225,12,26985.95088332237,27039.702121369195,experiment,FIFO,0.28,0,variant_3
7662,SORTING,SORTING_ROBOT_1,27019.188682512704,0.03405487831696519,4,2.7916571963251045,33.237799190334044,20.51343885649112,13,26985.95088332237,27039.702121369195,experiment,FIFO,0.28,0,variant_3
7662,PACKAGING_2,PACKAGING_LINE_2,27026.70174713042,3.3425105717360566,5,7.513064617716736,40.75086380805078,13.000374238774384,13,26985.95088332237,27039.702121369195,experiment,FIFO,0.28,0,variant_3
7662,INSPECTION_2_1,INSPECTION_2_1_LINE,27027.01888355868,0.3171364282607101,6,0.3171364282607101,41.06800023631149,12.683237810513674,13,26985.95088332237,27039.702121369195,experiment,FIFO,0.28,0,variant_3
7662,INSPECTION_2_2,INSPECTION_2_2_LINE,27029.45798183964,2.4390982809600246,7,2.4390982809600246,43.507098517271515,10.24413952955365,12,26985.95088332237,27039.702121369195,experiment,FIFO,0.28,0,variant_3
7662,INSPECTION_2_3,INSPECTION_2_3_LINE,27030.09628139953,0.6382995598869456,8,0.6382995598869456,44.14539807715846,9.605839969666704,12,26985.95088332237,27039.702121369195,experiment,FIFO,0.28,0,variant_3
7662,INSPECTION_2_4,INSPECTION_2_4_LINE,27034.86094544788,4.764664048350824,9,4.764664048350824,48.910062125509285,4.84117592131588,10,26985.95088332237,27039.702121369195,experiment,FIFO,0.28,0,variant_3
7662,INSPECTION_2_5,INSPECTION_2_5_LINE,27034.94835168129,0.08740623341145692,10,0.08740623341145692,48.99746835892074,4.753769687904423,10,26985.95088332237,27039.702121369195,experiment,FIFO,0.28,0,variant_3
7662,INSPECTION_2_6,INSPECTION_2_6_LINE,27035.472180160243,0.5238284789520549,11,0.5238284789520549,49.5212968378728,4.2299412089523685,10,26985.95088332237,27039.702121369195,experiment,FIFO,0.28,0,variant_3
7662,INSPECTION_2_7,INSPECTION_2_7_LINE,27039.702121369195,4.2299412089523685,12,4.2299412089523685,53.751238046825165,0.0,9,26985.95088332237,27039.702121369195,experiment,FIFO,0.28,0,variant_3
7663,MOULDING_4,MOULDING_MACHINE_4,26975.007067580835,1.0262025577758322,1,0.0,0.0,51.458567966212286,18,26975.007067580835,27026.465635547047,experiment,FIFO,0.28,0,variant_6
7663,ASSEMBLY_1_1,LINE_1_ASSEMBLY1,26979.42269619349,4.415628612656292,2,4.415628612656292,4.415628612656292,47.042939353555994,18,26975.007067580835,27026.465635547047,experiment,FIFO,0.28,0,variant_6
7663,ASSEMBLY_2_1,ASSEMBLY2_LINE_1,26990.59083952452,0.24809392602765,3,11.168143331029569,15.58377194368586,35.874796022526425,17,26975.007067580835,27026.465635547047,experiment,FIFO,0.28,0,variant_6
7663,SORTING,SORTING_ROBOT_1,27004.52875394211,1.6354150417500932,4,13.937914417590946,29.521686361276807,21.93688160493548,13,26975.007067580835,27026.465635547047,experiment,FIFO,0.28,0,variant_6
7663,PACKAGING_2,PACKAGING_LINE_2,27020.211555233032,3.0309171284607146,5,15.682801290920906,45.20448765219771,6.254080314014573,13,26975.007067580835,27026.465635547047,experiment,FIFO,0.28,0,variant_6
7663,INSPECTION_2_1,INSPECTION_2_1_LINE,27020.44665458954,0.2350993565087265,6,0.2350993565087265,45.43958700870644,6.018980957505846,13,26975.007067580835,27026.465635547047,experiment,FIFO,0.28,0,variant_6
7663,INSPECTION_2_2,INSPECTION_2_2_LINE,27020.602154372315,0.15549978277340415,7,0.15549978277340415,45.595086791479844,5.863481174732442,13,26975.007067580835,27026.465635547047,experiment,FIFO,0.28,0,variant_6
7663,INSPECTION_2_3,INSPECTION_2_3_LINE,27020.669811907144,0.06765753482977743,8,0.06765753482977743,45.66274432630962,5.795823639902665,13,26975.007067580835,27026.465635547047,experiment,FIFO,0.28,0,variant_6
7663,INSPECTION_2_4,INSPECTION_2_4_LINE,27022.96812983404,1.5508016555504582,9,2.298317926895834,47.961062253205455,3.4975057130068308,14,26975.007067580835,27026.465635547047,experiment,FIFO,0.28,0,variant_6
7663,INSPECTION_2_5,INSPECTION_2_5_LINE,27025.19462815473,2.19716062972293,10,2.226498320691462,50.18756057389692,1.2710073923153686,13,26975.007067580835,27026.465635547047,experiment,FIFO,0.28,0,variant_6
7663,INSPECTION_2_6,INSPECTION_2_6_LINE,27025.85997079565,0.6653426409175154,11,0.6653426409175154,50.85290321481443,0.6056647513978533,14,26975.007067580835,27026.465635547047,experiment,FIFO,0.28,0,variant_6
7663,INSPECTION_2_7,INSPECTION_2_7_LINE,27026.465635547047,0.6056647513978533,12,0.6056647513978533,51.458567966212286,0.0,13,26975.007067580835,27026.465635547047,experiment,FIFO,0.28,0,variant_6
7664,MOULDING_3,MOULDING_MACHINE_3,26981.69377455499,2.91613073210101,1,0.0,0.0,31.080572469327308,20,26981.69377455499,27012.77434702432,experiment,FIFO,0.28,0,variant_3
7664,ASSEMBLY_1_1,LINE_1_ASSEMBLY1,26984.51776508676,0.068236109589634,2,2.8239905317677767,2.8239905317677767,28.25658193755953,18,26981.69377455499,27012.77434702432,experiment,FIFO,0.28,0,variant_3
7664,ASSEMBLY_2_2,ASSEMBLY2_LINE_2,26986.96286743103,0.48536303775108536,3,2.4451023442707083,5.269092876038485,25.811479593288823,17,26981.69377455499,27012.77434702432,experiment,FIFO,0.28,0,variant_3
7664,SORTING,SORTING_ROBOT_1,26999.62812160468,1.862269285840739,4,12.665254173651192,17.934347049689677,13.14622541963763,14,26981.69377455499,27012.77434702432,experiment,FIFO,0.28,0,variant_3
7664,PACKAGING_1,PACKAGING_LINE_1,27004.577705123746,4.949583519064618,5,4.949583519064618,22.883930568754295,8.196641900573013,13,26981.69377455499,27012.77434702432,experiment,FIFO,0.28,0,variant_3
7664,INSPECTION_1_1,INSPECTION_1_1_LINE,27005.235903266755,0.6581981430099404,6,0.6581981430099404,23.542128711764235,7.538443757563073,13,26981.69377455499,27012.77434702432,experiment,FIFO,0.28,0,variant_3
7664,INSPECTION_1_2,INSPECTION_1_2_LINE,27005.36821150426,0.13230823750564014,7,0.13230823750564014,23.674436949269875,7.406135520057433,13,26981.69377455499,27012.77434702432,experiment,FIFO,0.28,0,variant_3
7664,INSPECTION_1_3,INSPECTION_1_3_LINE,27006.09994010888,0.7317286046200024,8,0.7317286046200024,24.406165553889878,6.67440691543743,13,26981.69377455499,27012.77434702432,experiment,FIFO,0.28,0,variant_3
7664,INSPECTION_1_4,INSPECTION_1_4_LINE,27007.49774793988,1.397807830999227,9,1.397807830999227,25.803973384889105,5.276599084438203,14,26981.69377455499,27012.77434702432,experiment,FIFO,0.28,0,variant_3
7664,INSPECTION_1_5,INSPECTION_1_5_LINE,27009.165686562654,1.667938622773363,10,1.667938622773363,27.471912007662468,3.60866046166484,14,26981.69377455499,27012.77434702432,experiment,FIFO,0.28,0,variant_3
7664,INSPECTION_1_6,INSPECTION_1_6_LINE,27010.06678945085,0.9011028881977836,11,0.9011028881977836,28.37301489586025,2.7075575734670565,14,26981.69377455499,27012.77434702432,experiment,FIFO,0.28,0,variant_3
7664,INSPECTION_1_7,INSPECTION_1_7_LINE,27012.77434702432,2.7075575734670565,12,2.7075575734670565,31.080572469327308,0.0,13,26981.69377455499,27012.77434702432,experiment,FIFO,0.28,0,variant_3
7665,MOULDING_1,MOULDING_MACHINE_1,26988.61233027212,2.027267036261037,1,0.0,0.0,61.68116300775364,17,26988.61233027212,27050.293493279874,experiment,FIFO,0.28,0,variant_6
7665,ASSEMBLY_1_3,LINE_3_ASSEMBLY1,27012.77358327452,0.33531671027230914,2,24.161253002399462,24.161253002399462,37.51991000535418,14,26988.61233027212,27050.293493279874,experiment,FIFO,0.28,0,variant_6
7665,ASSEMBLY_2_2,ASSEMBLY2_LINE_2,27038.7207771348,22.323751818421442,3,25.947193860280095,50.10844686267956,11.572716145074082,10,26988.61233027212,27050.293493279874,experiment,FIFO,0.28,0,variant_6
7665,SORTING,SORTING_ROBOT_1,27041.361396049648,2.640618914847437,4,2.640618914847437,52.749065777526994,8.932097230226645,9,26988.61233027212,27050.293493279874,experiment,FIFO,0.28,0,variant_6
7665,PACKAGING_2,PACKAGING_LINE_2,27044.770693663384,3.409297613736271,5,3.409297613736271,56.158363391263265,5.522799616490374,10,26988.61233027212,27050.293493279874,experiment,FIFO,0.28,0,variant_6
7665,INSPECTION_1_1,INSPECTION_1_1_LINE,27046.257999406687,1.4873057433032955,6,1.4873057433032955,57.64566913456656,4.035493873187079,11,26988.61233027212,27050.293493279874,experiment,FIFO,0.28,0,variant_6
7665,INSPECTION_1_2,INSPECTION_1_2_LINE,27047.188245073587,0.9302456668992818,7,0.9302456668992818,58.57591480146584,3.105248206287797,12,26988.61233027212,27050.293493279874,experiment,FIFO,0.28,0,variant_6
7665,INSPECTION_1_3,INSPECTION_1_3_LINE,27048.25710543977,1.0688603661837988,8,1.0688603661837988,59.64477516764964,2.0363878401039983,12,26988.61233027212,27050.293493279874,experiment,FIFO,0.28,0,variant_6
7665,INSPECTION_1_4,INSPECTION_1_4_LINE,27049.599883613068,1.3427781732971198,9,1.3427781732971198,60.98755334094676,0.6936096668068785,14,26988.61233027212,27050.293493279874,experiment,FIFO,0.28,0,variant_6
7665,INSPECTION_1_5,INSPECTION_1_5_LINE,27049.620260824504,0.02037721143642557,10,0.02037721143642557,61.007930552383186,0.673232455370453,14,26988.61233027212,27050.293493279874,experiment,FIFO,0.28,0,variant_6
7665,INSPECTION_1_6,INSPECTION_1_6_LINE,27049.79638251196,0.17612168745472445,11,0.17612168745472445,61.18405223983791,0.4971107679157285,14,26988.61233027212,27050.293493279874,experiment,FIFO,0.28,0,variant_6
7665,INSPECTION_1_7,INSPECTION_1_7_LINE,27050.293493279874,0.4971107679157285,12,0.4971107679157285,61.68116300775364,0.0,13,26988.61233027212,27050.293493279874,experiment,FIFO,0.28,0,variant_6
7666,MOULDING_5,MOULDING_MACHINE_5,26990.79835776079,2.244571155479207,1,0.0,0.0,41.156435690627404,18,26990.79835776079,27031.954793451416,experiment,FIFO,0.28,0,variant_4
7666,ASSEMBLY_1_2,LINE_2_ASSEMBLY1,27003.575791687123,12.777433926334197,2,12.777433926334197,12.777433926334197,28.379001764293207,13,26990.79835776079,27031.954793451416,experiment,FIFO,0.28,0,variant_4
7666,ASSEMBLY_2_1,ASSEMBLY2_LINE_1,27010.42830423087,1.3580472556677705,3,6.852512543748162,19.62994647008236,21.526489220545045,14,26990.79835776079,27031.954793451416,experiment,FIFO,0.28,0,variant_4
7666,SORTING,SORTING_ROBOT_1,27019.154627634387,6.600847408717527,4,8.72632340351629,28.35626987359865,12.800165817028756,13,26990.79835776079,27031.954793451416,experiment,FIFO,0.28,0,variant_4
7666,PACKAGING_1,PACKAGING_LINE_1,27021.322744038607,2.1681164042202,5,2.1681164042202,30.52438627781885,10.632049412808556,14,26990.79835776079,27031.954793451416,experiment,FIFO,0.28,0,variant_4
7666,INSPECTION_2_1,INSPECTION_2_1_LINE,27021.40213407326,0.07939003465435235,6,0.07939003465435235,30.6037763124732,10.552659378154203,14,26990.79835776079,27031.954793451416,experiment,FIFO,0.28,0,variant_4
7666,INSPECTION_2_2,INSPECTION_2_2_LINE,27023.288065755503,1.4270654252468375,7,1.8859316822417895,32.48970799471499,8.666727695912414,14,26990.79835776079,27031.954793451416,experiment,FIFO,0.28,0,variant_4
7666,INSPECTION_2_3,INSPECTION_2_3_LINE,27023.58671723544,0.29865147993768915,8,0.29865147993768915,32.78835947465268,8.368076215974725,14,26990.79835776079,27031.954793451416,experiment,FIFO,0.28,0,variant_4
7666,INSPECTION_2_4,INSPECTION_2_4_LINE,27024.38384356328,0.7971263278377592,9,0.7971263278377592,33.58548580249044,7.5709498881369655,13,26990.79835776079,27031.954793451416,experiment,FIFO,0.28,0,variant_4
7666,INSPECTION_2_5,INSPECTION_2_5_LINE,27029.544164821385,4.238973592462571,10,5.1603212581067055,38.745807060597144,2.41062863003026,12,26990.79835776079,27031.954793451416,experiment,FIFO,0.28,0,variant_4
7666,INSPECTION_2_6,INSPECTION_2_6_LINE,27030.497505242853,0.9533404214671464,11,0.9533404214671464,39.69914748206429,1.4572882085631136,11,26990.79835776079,27031.954793451416,experiment,FIFO,0.28,0,variant_4
7666,INSPECTION_2_7,INSPECTION_2_7_LINE,27031.954793451416,1.4572882085631136,12,1.4572882085631136,41.156435690627404,0.0,10,26990.79835776079,27031.954793451416,experiment,FIFO,0.28,0,variant_4
7667,MOULDING_4,MOULDING_MACHINE_4,26993.309407779616,3.2928870705327427,1,0.0,0.0,41.39536694434719,17,26993.309407779616,27034.704774723963,experiment,FIFO,0.28,0,variant_6
7667,ASSEMBLY_1_2,LINE_2_ASSEMBLY1,27005.919756860218,2.3439651730950573,2,12.610349080601736,12.610349080601736,28.785017863745452,13,26993.309407779616,27034.704774723963,experiment,FIFO,0.28,0,variant_6
7667,ASSEMBLY_2_1,ASSEMBLY2_LINE_1,27017.47286974716,7.044565516287548,3,11.553112886940653,24.16346196754239,17.2319049768048,12,26993.309407779616,27034.704774723963,experiment,FIFO,0.28,0,variant_6
7667,SORTING,SORTING_ROBOT_1,27020.45445747957,1.2657749668651377,4,2.981587732410844,27.145049699953233,14.250317244393955,13,26993.309407779616,27034.704774723963,experiment,FIFO,0.28,0,variant_6
7667,PACKAGING_1,PACKAGING_LINE_1,27021.607833982394,0.28508994378717034,5,1.1533765028252674,28.2984262027785,13.096940741568687,14,26993.309407779616,27034.704774723963,experiment,FIFO,0.28,0,variant_6
7667,INSPECTION_2_1,INSPECTION_2_1_LINE,27023.560537698733,1.952703716338874,6,1.952703716338874,30.251129919117375,11.144237025229813,14,26993.309407779616,27034.704774723963,experiment,FIFO,0.28,0,variant_6
7667,INSPECTION_2_2,INSPECTION_2_2_LINE,27024.21274070242,0.6522030036867363,7,0.6522030036867363,30.90333292280411,10.492034021543077,13,26993.309407779616,27034.704774723963,experiment,FIFO,0.28,0,variant_6
7667,INSPECTION_2_3,INSPECTION_2_3_LINE,27025.302414992155,1.0896742897348304,8,1.0896742897348304,31.99300721253894,9.402359731808247,13,26993.309407779616,27034.704774723963,experiment,FIFO,0.28,0,variant_6
7667,INSPECTION_2_3,INSPECTION_2_3_LINE,27026.73803355909,1.4356185669348633,9,1.4356185669348633,33.428625779473805,7.966741164873383,13,26993.309407779616,27034.704774723963,experiment,FIFO,0.28,0,variant_6
7667,INSPECTION_2_4,INSPECTION_2_4_LINE,27028.62890963379,1.8908760746999178,10,1.8908760746999178,35.31950185417372,6.075865090173465,12,26993.309407779616,27034.704774723963,experiment,FIFO,0.28,0,variant_6
7667,INSPECTION_2_5,INSPECTION_2_5_LINE,27033.063891434715,3.5197266133291123,11,4.434981800925016,39.75448365509874,1.6408832892484497,11,26993.309407779616,27034.704774723963,experiment,FIFO,0.28,0,variant_6
7667,INSPECTION_2_6,INSPECTION_2_6_LINE,27033.734258928456,0.6703674937416508,12,0.6703674937416508,40.42485114884039,0.9705157955067989,11,26993.309407779616,27034.704774723963,experiment,FIFO,0.28,0,variant_6
7667,INSPECTION_2_7,INSPECTION_2_7_LINE,27034.704774723963,0.9705157955067989,13,0.9705157955067989,41.39536694434719,0.0,10,26993.309407779616,27034.704774723963,experiment,FIFO,0.28,0,variant_6
7668,MOULDING_3,MOULDING_MACHINE_3,27006.462889858434,4.366064389938401,1,0.0,0.0,58.09260180261481,14,27006.462889858434,27064.55549166105,experiment,FIFO,0.28,0,variant_6
7668,ASSEMBLY_1_3,LINE_3_ASSEMBLY1,27017.326001579026,4.552418304505409,2,10.863111720591405,10.863111720591405,47.2294900820234,12,27006.462889858434,27064.55549166105,experiment,FIFO,0.28,0,variant_6
7668,ASSEMBLY_2_2,ASSEMBLY2_LINE_2,27045.52070427248,1.2486217690966441,3,28.19470269345402,39.057814414045424,19.034787388569384,10,27006.462889858434,27064.55549166105,experiment,FIFO,0.28,0,variant_6
7668,SORTING,SORTING_ROBOT_1,27049.5977984396,1.2156433245800145,4,4.077094167121686,43.13490858116711,14.957693221447698,14,27006.462889858434,27064.55549166105,experiment,FIFO,0.28,0,variant_6
7668,PACKAGING_2,PACKAGING_LINE_2,27054.922142163807,5.3243437242053915,5,5.3243437242053915,48.4592523053725,9.633349497242307,12,27006.462889858434,27064.55549166105,experiment,FIFO,0.28,0,variant_6
7668,INSPECTION_2_1,INSPECTION_2_1_LINE,27057.330799369585,2.4086572057785816,6,2.4086572057785816,50.86790951115108,7.224692291463725,12,27006.462889858434,27064.55549166105,experiment,FIFO,0.28,0,variant_6
7668,INSPECTION_2_2,INSPECTION_2_2_LINE,27057.710612781648,0.37981341206250363,7,0.37981341206250363,51.24772292321359,6.844878879401222,12,27006.462889858434,27064.55549166105,experiment,FIFO,0.28,0,variant_6
7668,INSPECTION_2_3,INSPECTION_2_3_LINE,27062.272454230435,4.561841448787163,8,4.561841448787163,55.80956437200075,2.2830374306140584,13,27006.462889858434,27064.55549166105,experiment,FIFO,0.28,0,variant_6
7668,INSPECTION_2_4,INSPECTION_2_4_LINE,27063.8996020714,1.6271478409653355,9,1.6271478409653355,57.436712212966086,0.6558895896487229,14,27006.462889858434,27064.55549166105,experiment,FIFO,0.28,0,variant_6
7668,INSPECTION_2_5,INSPECTION_2_5_LINE,27064.300862192908,0.4012601215072209,10,0.4012601215072209,57.83797233447331,0.254629468141502,14,27006.462889858434,27064.55549166105,experiment,FIFO,0.28,0,variant_6
7668,INSPECTION_2_6,INSPECTION_2_6_LINE,27064.31378564116,0.012923448251967784,11,0.012923448251967784,57.850895782725274,0.24170601988953422,15,27006.462889858434,27064.55549166105,experiment,FIFO,0.28,0,variant_6
7668,INSPECTION_2_7,INSPECTION_2_7_LINE,27064.44419666372,0.13041102256102022,12,0.13041102256102022,57.981306805286295,0.111294997328514,14,27006.462889858434,27064.55549166105,experiment,FIFO,0.28,0,variant_6
7668,INSPECTION_2_7,INSPECTION_2_7_LINE,27064.55549166105,0.111294997328514,13,0.111294997328514,58.09260180261481,0.0,13,27006.462889858434,27064.55549166105,experiment,FIFO,0.28,0,variant_6
7669,MOULDING_4,MOULDING_MACHINE_4,27007.76938720652,1.2770059208160092,1,0.0,0.0,34.69869556210324,15,27007.76938720652,27042.468082768624,experiment,FIFO,0.28,0,variant_2
7669,ASSEMBLY_1_2,LINE_2_ASSEMBLY1,27014.963868424227,7.194481217706198,2,7.194481217706198,7.194481217706198,27.50421434439704,13,27007.76938720652,27042.468082768624,experiment,FIFO,0.28,0,variant_2
7669,ASSEMBLY_2_1,ASSEMBLY2_LINE_1,27026.103242738445,8.630372991287004,3,11.139374314218003,18.3338555319242,16.36484003017904,14,27007.76938720652,27042.468082768624,experiment,FIFO,0.28,0,variant_2
7669,SORTING,SORTING_ROBOT_1,27027.234039474,1.1307967355533037,4,1.1307967355533037,19.464652267477504,15.234043294625735,12,27007.76938720652,27042.468082768624,experiment,FIFO,0.28,0,variant_2
7669,PACKAGING_2,PACKAGING_LINE_2,27028.97909735635,1.74505788235183,5,1.74505788235183,21.209710149829334,13.488985412273905,12,27007.76938720652,27042.468082768624,experiment,FIFO,0.28,0,variant_2
7669,INSPECTION_2_1,INSPECTION_2_1_LINE,27029.61623373339,0.6371363770413154,6,0.6371363770413154,21.84684652687065,12.85184903523259,12,27007.76938720652,27042.468082768624,experiment,FIFO,0.28,0,variant_2
7669,INSPECTION_2_2,INSPECTION_2_2_LINE,27031.20931685137,1.593083117979404,7,1.593083117979404,23.439929644850054,11.258765917253186,11,27007.76938720652,27042.468082768624,experiment,FIFO,0.28,0,variant_2
7669,INSPECTION_2_3,INSPECTION_2_3_LINE,27031.373927440312,0.16461058894128655,8,0.16461058894128655,23.60454023379134,11.0941553283119,11,27007.76938720652,27042.468082768624,experiment,FIFO,0.28,0,variant_2
7669,INSPECTION_2_4,INSPECTION_2_4_LINE,27036.16832008485,1.307374636970053,9,4.794392644536856,28.398932878328196,6.299762683775043,10,27007.76938720652,27042.468082768624,experiment,FIFO,0.28,0,variant_2
7669,INSPECTION_2_4,INSPECTION_2_4_LINE,27036.97491851941,0.8065984345594188,10,0.8065984345594188,29.205531312887615,5.493164249215624,10,27007.76938720652,27042.468082768624,experiment,FIFO,0.28,0,variant_2
7669,INSPECTION_2_5,INSPECTION_2_5_LINE,27039.701107321125,2.7261888017164893,11,2.7261888017164893,31.931720114604104,2.766975447499135,10,27007.76938720652,27042.468082768624,experiment,FIFO,0.28,0,variant_2
7669,INSPECTION_2_6,INSPECTION_2_6_LINE,27040.39690154756,0.6957942264343728,12,0.6957942264343728,32.62751434103848,2.071181221064762,9,27007.76938720652,27042.468082768624,experiment,FIFO,0.28,0,variant_2
7669,INSPECTION_2_7,INSPECTION_2_7_LINE,27042.468082768624,2.071181221064762,13,2.071181221064762,34.69869556210324,0.0,10,27007.76938720652,27042.468082768624,experiment,FIFO,0.28,0,variant_2
7670,MOULDING_1,MOULDING_MACHINE_1,27012.31931033218,4.597874545528612,1,0.0,0.0,47.198165814741515,14,27012.31931033218,27059.51747614692,experiment,FIFO,0.28,0,variant_6
7670,ASSEMBLY_1_4,LINE_4_ASSEMBLY1,27015.82951217885,3.510201846671407,2,3.510201846671407,3.510201846671407,43.68796396807011,13,27012.31931033218,27059.51747614692,experiment,FIFO,0.28,0,variant_6
7670,ASSEMBLY_2_2,ASSEMBLY2_LINE_2,27044.272082503383,5.551305368582689,3,28.442570324532426,31.952772171203833,15.245393643537682,10,27012.31931033218,27059.51747614692,experiment,FIFO,0.28,0,variant_6
7670,SORTING,SORTING_ROBOT_1,27048.38215511502,4.110072611638316,4,4.110072611638316,36.06284478284215,11.135321031899366,12,27012.31931033218,27059.51747614692,experiment,FIFO,0.28,0,variant_6
7670,PACKAGING_3,PACKAGING_LINE_3,27050.2284363553,1.8462812402794953,5,1.8462812402794953,37.909126023121644,9.28903979161987,14,27012.31931033218,27059.51747614692,experiment,FIFO,0.28,0,variant_6
7670,INSPECTION_1_1,INSPECTION_1_1_LINE,27050.31557482293,0.08713846762839239,6,0.08713846762839239,37.996264490750036,9.201901323991478,13,27012.31931033218,27059.51747614692,experiment,FIFO,0.28,0,variant_6
7670,INSPECTION_1_2,INSPECTION_1_2_LINE,27050.74870549612,0.4331306731910445,7,0.4331306731910445,38.42939516394108,8.768770650800434,12,27012.31931033218,27059.51747614692,experiment,FIFO,0.28,0,variant_6
7670,INSPECTION_1_3,INSPECTION_1_3_LINE,27055.117706763307,4.369001267186832,8,4.369001267186832,42.79839643112791,4.399769383613602,12,27012.31931033218,27059.51747614692,experiment,FIFO,0.28,0,variant_6
7670,INSPECTION_1_4,INSPECTION_1_4_LINE,27058.025991514965,2.908284751658357,9,2.908284751658357,45.70668118278627,1.4914846319552453,12,27012.31931033218,27059.51747614692,experiment,FIFO,0.28,0,variant_6
7670,INSPECTION_1_5,INSPECTION_1_5_LINE,27058.828576021333,0.8025845063675661,10,0.8025845063675661,46.509265689153835,0.6889001255876792,12,27012.31931033218,27059.51747614692,experiment,FIFO,0.28,0,variant_6
7670,INSPECTION_1_6,INSPECTION_1_6_LINE,27059.289026938062,0.4604509167293145,11,0.4604509167293145,46.96971660588315,0.22844920885836473,12,27012.31931033218,27059.51747614692,experiment,FIFO,0.28,0,variant_6
7670,INSPECTION_1_7,INSPECTION_1_7_LINE,27059.51747614692,0.22844920885836473,12,0.22844920885836473,47.198165814741515,0.0,11,27012.31931033218,27059.51747614692,experiment,FIFO,0.28,0,variant_6
7671,MOULDING_2,MOULDING_MACHINE_2,27022.90275061792,13.871051116933813,1,0.0,0.0,61.45368039098321,14,27022.90275061792,27084.356431008902,experiment,FIFO,0.28,0,variant_1
7671,ASSEMBLY_1_1,LINE_1_ASSEMBLY1,27031.61934457351,8.716593955592543,2,8.716593955592543,8.716593955592543,52.737086435390665,11,27022.90275061792,27084.356431008902,experiment,FIFO,0.28,0,variant_1
7671,ASSEMBLY_2_1,ASSEMBLY2_LINE_1,27032.74907446256,1.1297298890494858,3,1.1297298890494858,9.84632384464203,51.60735654634118,11,27022.90275061792,27084.356431008902,experiment,FIFO,0.28,0,variant_1
7671,ASSEMBLY_2_1,ASSEMBLY2_LINE_1,27058.723437954384,25.97436349182317,4,25.97436349182317,35.8206873364652,25.63299305451801,12,27022.90275061792,27084.356431008902,experiment,FIFO,0.28,0,variant_1
7671,SORTING,SORTING_ROBOT_1,27063.77144539896,2.7496167299213994,5,5.048007444576797,40.868694781041995,20.584985609941214,14,27022.90275061792,27084.356431008902,experiment,FIFO,0.28,0,variant_1
7671,PACKAGING_3,PACKAGING_LINE_3,27077.836638132863,7.533686670853058,6,14.065192733902222,54.93388751494422,6.519792876038991,13,27022.90275061792,27084.356431008902,experiment,FIFO,0.28,0,variant_1
7671,INSPECTION_2_1,INSPECTION_2_1_LINE,27077.93439477861,0.09775664574772236,7,0.09775664574772236,55.03164416069194,6.422036230291269,13,27022.90275061792,27084.356431008902,experiment,FIFO,0.28,0,variant_1
7671,INSPECTION_2_2,INSPECTION_2_2_LINE,27079.014073633807,1.0796788551961072,8,1.0796788551961072,56.11132301588805,5.342357375095162,14,27022.90275061792,27084.356431008902,experiment,FIFO,0.28,0,variant_1
7671,INSPECTION_2_3,INSPECTION_2_3_LINE,27079.84053829318,0.8264646593743237,9,0.8264646593743237,56.93778767526237,4.515892715720838,16,27022.90275061792,27084.356431008902,experiment,FIFO,0.28,0,variant_1
7671,INSPECTION_2_4,INSPECTION_2_4_LINE,27080.15561810226,0.31507980907917954,10,0.31507980907917954,57.25286748434155,4.200812906641659,16,27022.90275061792,27084.356431008902,experiment,FIFO,0.28,0,variant_1
7671,INSPECTION_2_5,INSPECTION_2_5_LINE,27080.983411634345,0.8277935320838878,11,0.8277935320838878,58.08066101642544,3.373019374557771,16,27022.90275061792,27084.356431008902,experiment,FIFO,0.28,0,variant_1
7671,INSPECTION_2_6,INSPECTION_2_6_LINE,27084.26619070661,3.282779072265839,12,3.282779072265839,61.36344008869128,0.09024030229193158,16,27022.90275061792,27084.356431008902,experiment,FIFO,0.28,0,variant_1
7671,INSPECTION_2_7,INSPECTION_2_7_LINE,27084.356431008902,0.09024030229193158,13,0.09024030229193158,61.45368039098321,0.0,15,27022.90275061792,27084.356431008902,experiment,FIFO,0.28,0,variant_1
7672,MOULDING_4,MOULDING_MACHINE_4,27019.114705931253,2.2425376492719806,1,0.0,0.0,45.29400782763696,13,27019.114705931253,27064.40871375889,experiment,FIFO,0.28,0,variant_5
7672,ASSEMBLY_1_5,LINE_5_ASSEMBLY1,27019.818639641588,0.7039337103342405,2,0.7039337103342405,0.7039337103342405,44.59007411730272,13,27019.114705931253,27064.40871375889,experiment,FIFO,0.28,0,variant_5
7672,ASSEMBLY_2_2,ASSEMBLY2_LINE_2,27046.62157638576,1.1008721132820938,3,26.802936744174076,27.506870454508316,17.787137373128644,12,27019.114705931253,27064.40871375889,experiment,FIFO,0.28,0,variant_5
7672,SORTING,SORTING_ROBOT_1,27055.869811087385,6.272012647783413,4,9.248234701623005,36.75510515613132,8.538902671505639,12,27019.114705931253,27064.40871375889,experiment,FIFO,0.28,0,variant_5
7672,PACKAGING_3,PACKAGING_LINE_3,27058.732013194083,2.8622021066985326,5,2.8622021066985326,39.617307262829854,5.676700564807106,12,27019.114705931253,27064.40871375889,experiment,FIFO,0.28,0,variant_5
7672,INSPECTION_1_1,INSPECTION_1_1_LINE,27059.83266777896,1.1006545848758833,6,1.1006545848758833,40.71796184770574,4.576045979931223,11,27019.114705931253,27064.40871375889,experiment,FIFO,0.28,0,variant_5
7672,INSPECTION_1_2,INSPECTION_1_2_LINE,27060.39671852627,0.56405074731083,7,0.56405074731083,41.28201259501657,4.011995232620393,12,27019.114705931253,27064.40871375889,experiment,FIFO,0.28,0,variant_5
7672,INSPECTION_1_3,INSPECTION_1_3_LINE,27060.49073954336,0.09402101708838018,8,0.09402101708838018,41.37603361210495,3.9179742155320127,12,27019.114705931253,27064.40871375889,experiment,FIFO,0.28,0,variant_5
7672,INSPECTION_1_4,INSPECTION_1_4_LINE,27060.755077132308,0.2643375889492745,9,0.2643375889492745,41.64037120105422,3.6536366265827382,12,27019.114705931253,27064.40871375889,experiment,FIFO,0.28,0,variant_5
7672,INSPECTION_1_5,INSPECTION_1_5_LINE,27062.47571578411,1.7206386518009822,10,1.7206386518009822,43.361009852855204,1.932997974781756,13,27019.114705931253,27064.40871375889,experiment,FIFO,0.28,0,variant_5
7672,INSPECTION_1_6,INSPECTION_1_6_LINE,27064.11468948472,1.6389737006102223,11,1.6389737006102223,44.99998355346543,0.29402427417153376,14,27019.114705931253,27064.40871375889,experiment,FIFO,0.28,0,variant_5
7672,INSPECTION_1_7,INSPECTION_1_7_LINE,27064.40871375889,0.29402427417153376,12,0.29402427417153376,45.29400782763696,0.0,14,27019.114705931253,27064.40871375889,experiment,FIFO,0.28,0,variant_5
7673,MOULDING_1,MOULDING_MACHINE_1,27021.23725622876,3.81295958445844,1,0.0,0.0,29.4505751799843,14,27021.23725622876,27050.687831408744,experiment,FIFO,0.28,0,variant_4
7673,ASSEMBLY_1_4,LINE_4_ASSEMBLY1,27028.394068531863,7.1568123031029245,2,7.1568123031029245,7.1568123031029245,22.293762876881374,12,27021.23725622876,27050.687831408744,experiment,FIFO,0.28,0,variant_4
7673,ASSEMBLY_2_1,ASSEMBLY2_LINE_1,27030.98404736041,2.589978828546009,3,2.589978828546009,9.746791131648934,19.703784048335365,11,27021.23725622876,27050.687831408744,experiment,FIFO,0.28,0,variant_4
7673,SORTING,SORTING_ROBOT_1,27035.72217374577,4.738126385360374,4,4.738126385360374,14.484917517009308,14.96565766297499,10,27021.23725622876,27050.687831408744,experiment,FIFO,0.28,0,variant_4
7673,PACKAGING_3,PACKAGING_LINE_3,27040.092695982523,4.370522236753459,5,4.370522236753459,18.855439753762766,10.595135426221532,9,27021.23725622876,27050.687831408744,experiment,FIFO,0.28,0,variant_4
7673,INSPECTION_2_1,INSPECTION_2_1_LINE,27042.512435272147,2.419739289623976,6,2.419739289623976,21.275179043386743,8.175396136597556,10,27021.23725622876,27050.687831408744,experiment,FIFO,0.28,0,variant_4
7673,INSPECTION_2_2,INSPECTION_2_2_LINE,27043.536384083138,1.0239488109909871,7,1.0239488109909871,22.29912785437773,7.1514473256065685,10,27021.23725622876,27050.687831408744,experiment,FIFO,0.28,0,variant_4
7673,INSPECTION_2_3,INSPECTION_2_3_LINE,27044.16480853326,0.628424450122111,8,0.628424450122111,22.92755230449984,6.5230228754844575,10,27021.23725622876,27050.687831408744,experiment,FIFO,0.28,0,variant_4
7673,INSPECTION_2_4,INSPECTION_2_4_LINE,27047.12281289264,2.958004359381448,9,2.958004359381448,25.88555666388129,3.5650185161030095,12,27021.23725622876,27050.687831408744,experiment,FIFO,0.28,0,variant_4
7673,INSPECTION_2_5,INSPECTION_2_5_LINE,27047.3003836058,0.17757071316009387,10,0.17757071316009387,26.063127377041383,3.3874478029429156,12,27021.23725622876,27050.687831408744,experiment,FIFO,0.28,0,variant_4
7673,INSPECTION_2_6,INSPECTION_2_6_LINE,27047.50748502916,0.20710142335883575,11,0.20710142335883575,26.27022880040022,3.18034637958408,12,27021.23725622876,27050.687831408744,experiment,FIFO,0.28,0,variant_4
7673,INSPECTION_2_7,INSPECTION_2_7_LINE,27050.687831408744,3.18034637958408,12,3.18034637958408,29.4505751799843,0.0,12,27021.23725622876,27050.687831408744,experiment,FIFO,0.28,0,variant_4
7674,MOULDING_2,MOULDING_MACHINE_2,27025.437160299072,0.14713332897008513,1,0.0,0.0,50.28601220683049,14,27025.437160299072,27075.723172505903,experiment,FIFO,0.28,0,variant_1
7674,ASSEMBLY_1_3,LINE_3_ASSEMBLY1,27026.132030482546,0.6948701834735402,2,0.6948701834735402,0.6948701834735402,49.59114202335695,14,27025.437160299072,27075.723172505903,experiment,FIFO,0.28,0,variant_1
7674,ASSEMBLY_2_2,ASSEMBLY2_LINE_2,27049.792876102623,3.17129971686154,3,23.660845620077453,24.355715803550993,25.9302964032795,14,27025.437160299072,27075.723172505903,experiment,FIFO,0.28,0,variant_1
7674,SORTING,SORTING_ROBOT_1,27060.72605259393,4.856241506546212,4,10.933176491307677,35.28889229485867,14.997119911971822,12,27025.437160299072,27075.723172505903,experiment,FIFO,0.28,0,variant_1
7674,PACKAGING_3,PACKAGING_LINE_3,27065.13703489291,4.410982298977615,5,4.410982298977615,39.699874593836284,10.586137612994207,13,27025.437160299072,27075.723172505903,experiment,FIFO,0.28,0,variant_1
7674,INSPECTION_1_1,INSPECTION_1_1_LINE,27065.43747540679,0.3004405138817674,6,0.3004405138817674,40.00031510771805,10.28569709911244,13,27025.437160299072,27075.723172505903,experiment,FIFO,0.28,0,variant_1
7674,INSPECTION_1_2,INSPECTION_1_2_LINE,27065.779271900486,0.34179649369616527,7,0.34179649369616527,40.34211160141422,9.943900605416275,13,27025.437160299072,27075.723172505903,experiment,FIFO,0.28,0,variant_1
7674,INSPECTION_1_3,INSPECTION_1_3_LINE,27067.202123628555,1.4228517280680535,8,1.4228517280680535,41.76496332948227,8.521048877348221,13,27025.437160299072,27075.723172505903,experiment,FIFO,0.28,0,variant_1
7674,INSPECTION_1_4,INSPECTION_1_4_LINE,27067.692291907995,0.4901682794406952,9,0.4901682794406952,42.255131608922966,8.030880597907526,13,27025.437160299072,27075.723172505903,experiment,FIFO,0.28,0,variant_1
7674,INSPECTION_1_5,INSPECTION_1_5_LINE,27068.66020497472,0.9679130667245772,10,0.9679130667245772,43.22304467564754,7.062967531182949,14,27025.437160299072,27075.723172505903,experiment,FIFO,0.28,0,variant_1
7674,INSPECTION_1_6,INSPECTION_1_6_LINE,27070.33744006429,1.6772350895698764,11,1.6772350895698764,44.90027976521742,5.385732441613072,15,27025.437160299072,27075.723172505903,experiment,FIFO,0.28,0,variant_1
7674,INSPECTION_1_7,INSPECTION_1_7_LINE,27075.723172505903,5.385732441613072,12,5.385732441613072,50.28601220683049,0.0,14,27025.437160299072,27075.723172505903,experiment,FIFO,0.28,0,variant_1
7675,MOULDING_2,MOULDING_MACHINE_2,27042.329056469465,12.087019417860574,1,0.0,0.0,34.059426769155834,10,27042.329056469465,27076.38848323862,experiment,FIFO,0.28,0,variant_3
7675,ASSEMBLY_1_4,LINE_4_ASSEMBLY1,27051.546765269475,9.21770880000986,2,9.21770880000986,9.21770880000986,24.841717969145975,12,27042.329056469465,27076.38848323862,experiment,FIFO,0.28,0,variant_3
7675,ASSEMBLY_2_2,ASSEMBLY2_LINE_2,27053.113687358724,1.566922089248692,3,1.566922089248692,10.784630889258551,23.274795879897283,12,27042.329056469465,27076.38848323862,experiment,FIFO,0.28,0,variant_3
7675,SORTING,SORTING_ROBOT_1,27061.02182866904,0.2957760751087335,4,7.908141310315841,18.692772199574392,15.366654569581442,13,27042.329056469465,27076.38848323862,experiment,FIFO,0.28,0,variant_3
7675,PACKAGING_3,PACKAGING_LINE_3,27070.30295146201,5.165916569101682,5,9.281122792970564,27.973894992544956,6.085531776610878,15,27042.329056469465,27076.38848323862,experiment,FIFO,0.28,0,variant_3
7675,INSPECTION_2_1,INSPECTION_2_1_LINE,27071.374745413577,1.0717939515670878,6,1.0717939515670878,29.045688944112044,5.0137378250437905,15,27042.329056469465,27076.38848323862,experiment,FIFO,0.28,0,variant_3
7675,INSPECTION_2_2,INSPECTION_2_2_LINE,27072.3873766816,1.0126312680222327,7,1.0126312680222327,30.058320212134277,4.001106557021558,15,27042.329056469465,27076.38848323862,experiment,FIFO,0.28,0,variant_3
7675,INSPECTION_2_3,INSPECTION_2_3_LINE,27072.84314494476,0.4557682631602802,8,0.4557682631602802,30.514088475294557,3.5453382938612776,15,27042.329056469465,27076.38848323862,experiment,FIFO,0.28,0,variant_3
7675,INSPECTION_2_4,INSPECTION_2_4_LINE,27073.6332229685,0.7900780237396248,9,0.7900780237396248,31.30416649903418,2.755260270121653,15,27042.329056469465,27076.38848323862,experiment,FIFO,0.28,0,variant_3
7675,INSPECTION_2_5,INSPECTION_2_5_LINE,27073.91218988503,0.2789669165322266,10,0.2789669165322266,31.583133415566408,2.4762933535894263,15,27042.329056469465,27076.38848323862,experiment,FIFO,0.28,0,variant_3
7675,INSPECTION_2_6,INSPECTION_2_6_LINE,27074.283748925536,0.3715590405045077,11,0.3715590405045077,31.954692456070916,2.1047343130849185,15,27042.329056469465,27076.38848323862,experiment,FIFO,0.28,0,variant_3
7675,INSPECTION_2_7,INSPECTION_2_7_LINE,27076.38848323862,2.1047343130849185,12,2.1047343130849185,34.059426769155834,0.0,13,27042.329056469465,27076.38848323862,experiment,FIFO,0.28,0,variant_3
7676,MOULDING_3,MOULDING_MACHINE_3,27032.46613487663,0.4502448936982546,1,0.0,0.0,68.02704325986997,11,27032.46613487663,27100.4931781365,experiment,FIFO,0.28,0,variant_4
7676,ASSEMBLY_1_2,LINE_2_ASSEMBLY1,27055.99924432187,23.533109445237642,2,23.533109445237642,23.533109445237642,44.49393381463233,12,27032.46613487663,27100.4931781365,experiment,FIFO,0.28,0,variant_4
7676,ASSEMBLY_2_1,ASSEMBLY2_LINE_1,27089.531617686047,8.59114677697653,3,33.532373364178056,57.0654828094157,10.961560450454272,15,27032.46613487663,27100.4931781365,experiment,FIFO,0.28,0,variant_4
7676,SORTING,SORTING_ROBOT_1,27089.75356311711,0.026704370760853635,4,0.2219454310616129,57.28742824047731,10.739615019392659,15,27032.46613487663,27100.4931781365,experiment,FIFO,0.28,0,variant_4
7676,PACKAGING_1,PACKAGING_LINE_1,27097.26953238016,7.515969263051375,5,7.515969263051375,64.80339750352869,3.223645756341284,17,27032.46613487663,27100.4931781365,experiment,FIFO,0.28,0,variant_4
7676,INSPECTION_1_1,INSPECTION_1_1_LINE,27097.54144895761,0.27191657745061093,6,0.27191657745061093,65.0753140809793,2.951729178890673,17,27032.46613487663,27100.4931781365,experiment,FIFO,0.28,0,variant_4
7676,INSPECTION_1_2,INSPECTION_1_2_LINE,27098.580409791048,1.0389608334371587,7,1.0389608334371587,66.11427491441646,1.9127683454535145,17,27032.46613487663,27100.4931781365,experiment,FIFO,0.28,0,variant_4
7676,INSPECTION_1_3,INSPECTION_1_3_LINE,27098.862678121783,0.2822683307349507,8,0.2822683307349507,66.3965432451514,1.6305000147185638,17,27032.46613487663,27100.4931781365,experiment,FIFO,0.28,0,variant_4
7676,INSPECTION_1_4,INSPECTION_1_4_LINE,27098.89097095322,0.028292831437283894,9,0.028292831437283894,66.42483607658869,1.6022071832812799,17,27032.46613487663,27100.4931781365,experiment,FIFO,0.28,0,variant_4
7676,INSPECTION_1_5,INSPECTION_1_5_LINE,27099.19087675185,0.2999057986307889,10,0.2999057986307889,66.72474187521948,1.302301384650491,17,27032.46613487663,27100.4931781365,experiment,FIFO,0.28,0,variant_4
7676,INSPECTION_1_6,INSPECTION_1_6_LINE,27100.04612347785,0.8552467259978584,11,0.8552467259978584,67.57998860121734,0.4470546586526325,18,27032.46613487663,27100.4931781365,experiment,FIFO,0.28,0,variant_4
7676,INSPECTION_1_7,INSPECTION_1_7_LINE,27100.4931781365,0.4470546586526325,12,0.4470546586526325,68.02704325986997,0.0,18,27032.46613487663,27100.4931781365,experiment,FIFO,0.28,0,variant_4
7677,MOULDING_1,MOULDING_MACHINE_1,27042.418531626736,9.075471337273484,1,0.0,0.0,96.78157716851274,11,27042.418531626736,27139.20010879525,experiment,FIFO,0.28,0,variant_2
7677,ASSEMBLY_1_2,LINE_2_ASSEMBLY1,27076.467033445697,20.46778912382797,2,34.048501818961086,34.048501818961086,62.733075349551655,13,27042.418531626736,27139.20010879525,experiment,FIFO,0.28,0,variant_2
7677,ASSEMBLY_2_1,ASSEMBLY2_LINE_1,27100.32230279394,3.757254231713887,3,23.855269348241563,57.90377116720265,38.87780600131009,19,27042.418531626736,27139.20010879525,experiment,FIFO,0.28,0,variant_2
7677,SORTING,SORTING_ROBOT_1,27109.307775920457,0.6613045629019325,4,8.985473126518627,66.88924429372128,29.892332874791464,14,27042.418531626736,27139.20010879525,experiment,FIFO,0.28,0,variant_2
7677,PACKAGING_1,PACKAGING_LINE_1,27116.3576245804,7.049848659942654,5,7.049848659942654,73.93909295366393,22.84248421484881,16,27042.418531626736,27139.20010879525,experiment,FIFO,0.28,0,variant_2
7677,PACKAGING_1,PACKAGING_LINE_1,27133.261704646706,11.48624464884415,6,16.90408006630605,90.84317301996998,5.938404148542759,20,27042.418531626736,27139.20010879525,experiment,FIFO,0.28,0,variant_2
7677,INSPECTION_2_1,INSPECTION_2_1_LINE,27134.021957005392,0.7602523586865573,7,0.7602523586865573,91.60342537865654,5.1781517898562015,20,27042.418531626736,27139.20010879525,experiment,FIFO,0.28,0,variant_2
7677,INSPECTION_2_2,INSPECTION_2_2_LINE,27134.8051009562,0.783143950808153,8,0.783143950808153,92.38656932946469,4.3950078390480485,19,27042.418531626736,27139.20010879525,experiment,FIFO,0.28,0,variant_2
7677,INSPECTION_2_3,INSPECTION_2_3_LINE,27135.410964389805,0.6058634336040996,9,0.6058634336040996,92.99243276306879,3.789144405443949,18,27042.418531626736,27139.20010879525,experiment,FIFO,0.28,0,variant_2
7677,INSPECTION_2_4,INSPECTION_2_4_LINE,27136.430725968337,1.0197615785327798,10,1.0197615785327798,94.01219434160157,2.769382826911169,18,27042.418531626736,27139.20010879525,experiment,FIFO,0.28,0,variant_2
7677,INSPECTION_2_5,INSPECTION_2_5_LINE,27138.590429975287,2.159704006950051,11,2.159704006950051,96.17189834855162,0.6096788199611183,17,27042.418531626736,27139.20010879525,experiment,FIFO,0.28,0,variant_2
7677,INSPECTION_2_6,INSPECTION_2_6_LINE,27139.15518746834,0.5647574930517294,12,0.5647574930517294,96.73665584160335,0.04492132690938888,18,27042.418531626736,27139.20010879525,experiment,FIFO,0.28,0,variant_2
7677,INSPECTION_2_7,INSPECTION_2_7_LINE,27139.20010879525,0.04492132690938888,13,0.04492132690938888,96.78157716851274,0.0,17,27042.418531626736,27139.20010879525,experiment,FIFO,0.28,0,variant_2
7678,MOULDING_2,MOULDING_MACHINE_2,27046.41983973199,4.090783262523473,1,0.0,0.0,48.776350969776104,12,27046.41983973199,27095.196190701765,experiment,FIFO,0.28,0,variant_2
7678,ASSEMBLY_1_5,LINE_5_ASSEMBLY1,27054.04696601561,7.627126283619873,2,7.627126283619873,7.627126283619873,41.14922468615623,12,27046.41983973199,27095.196190701765,experiment,FIFO,0.28,0,variant_2
7678,ASSEMBLY_2_1,ASSEMBLY2_LINE_1,27080.94047090907,7.7956214168298175,3,26.893504893461795,34.52063117708167,14.255719792694435,16,27046.41983973199,27095.196190701765,experiment,FIFO,0.28,0,variant_2
7678,SORTING,SORTING_ROBOT_1,27083.222861195973,0.12000311356314342,4,2.2823902869022277,36.803021463983896,11.973329505792208,16,27046.41983973199,27095.196190701765,experiment,FIFO,0.28,0,variant_2
7678,PACKAGING_3,PACKAGING_LINE_3,27083.625866090824,0.4030048948516196,5,0.4030048948516196,37.206026358835516,11.570324610940588,16,27046.41983973199,27095.196190701765,experiment,FIFO,0.28,0,variant_2
7678,INSPECTION_2_1,INSPECTION_2_1_LINE,27085.01667441568,1.390808324857062,6,1.390808324857062,38.59683468369258,10.179516286083526,15,27046.41983973199,27095.196190701765,experiment,FIFO,0.28,0,variant_2
7678,INSPECTION_2_2,INSPECTION_2_2_LINE,27087.26867073225,2.251996316568693,7,2.251996316568693,40.84883100026127,7.927519969514833,15,27046.41983973199,27095.196190701765,experiment,FIFO,0.28,0,variant_2
7678,INSPECTION_2_3,INSPECTION_2_3_LINE,27092.274957164223,5.006286431973422,8,5.006286431973422,45.85511743223469,2.9212335375414114,18,27046.41983973199,27095.196190701765,experiment,FIFO,0.28,0,variant_2
7678,INSPECTION_2_4,INSPECTION_2_4_LINE,27092.470827777408,0.1958706131845247,9,0.1958706131845247,46.05098804541922,2.7253629243568867,18,27046.41983973199,27095.196190701765,experiment,FIFO,0.28,0,variant_2
7678,INSPECTION_2_5,INSPECTION_2_5_LINE,27092.949247078253,0.47841930084541673,10,0.47841930084541673,46.529407346264634,2.24694362351147,18,27046.41983973199,27095.196190701765,experiment,FIFO,0.28,0,variant_2
7678,INSPECTION_2_6,INSPECTION_2_6_LINE,27093.431302576624,0.48205549837075523,11,0.48205549837075523,47.01146284463539,1.7648881251407147,18,27046.41983973199,27095.196190701765,experiment,FIFO,0.28,0,variant_2
7678,INSPECTION_2_7,INSPECTION_2_7_LINE,27095.196190701765,1.7648881251407147,12,1.7648881251407147,48.776350969776104,0.0,17,27046.41983973199,27095.196190701765,experiment,FIFO,0.28,0,variant_2
7679,MOULDING_2,MOULDING_MACHINE_2,27049.03083932213,2.6109995901424554,1,0.0,0.0,52.59792686142828,13,27049.03083932213,27101.62876618356,experiment,FIFO,0.28,0,variant_5
7679,ASSEMBLY_1_1,LINE_1_ASSEMBLY1,27049.144032469285,0.11319314715365181,2,0.11319314715365181,0.11319314715365181,52.484733714274626,14,27049.03083932213,27101.62876618356,experiment,FIFO,0.28,0,variant_5
7679,ASSEMBLY_2_1,ASSEMBLY2_LINE_1,27073.14484949224,14.42141153785633,3,24.000817022955744,24.114010170109395,28.483916691318882,15,27049.03083932213,27101.62876618356,experiment,FIFO,0.28,0,variant_5
7679,SORTING,SORTING_ROBOT_1,27083.10285808241,9.958008590168902,4,9.958008590168902,34.0720187602783,18.52590810114998,16,27049.03083932213,27101.62876618356,experiment,FIFO,0.28,0,variant_5
7679,PACKAGING_2,PACKAGING_LINE_2,27084.73233140629,1.6294733238792105,5,1.6294733238792105,35.70149208415751,16.89643477727077,15,27049.03083932213,27101.62876618356,experiment,FIFO,0.28,0,variant_5
7679,INSPECTION_2_1,INSPECTION_2_1_LINE,27085.52627255984,0.5095981441590993,6,0.7939411535517138,36.49543323770922,16.102493623719056,15,27049.03083932213,27101.62876618356,experiment,FIFO,0.28,0,variant_5
7679,INSPECTION_2_2,INSPECTION_2_2_LINE,27094.02220864789,6.753537915639754,7,8.495936088049348,44.99136932575857,7.606557535669708,18,27049.03083932213,27101.62876618356,experiment,FIFO,0.28,0,variant_5
7679,INSPECTION_2_3,INSPECTION_2_3_LINE,27095.23981600273,1.2176073548398563,8,1.2176073548398563,46.208976680598425,6.388950180829852,17,27049.03083932213,27101.62876618356,experiment,FIFO,0.28,0,variant_5
7679,INSPECTION_2_4,INSPECTION_2_4_LINE,27097.36186936207,2.122053359340498,9,2.122053359340498,48.33103003993892,4.266896821489354,17,27049.03083932213,27101.62876618356,experiment,FIFO,0.28,0,variant_5
7679,INSPECTION_2_5,INSPECTION_2_5_LINE,27099.95249759339,2.5906282313189877,10,2.5906282313189877,50.92165827125791,1.6762685901703662,18,27049.03083932213,27101.62876618356,experiment,FIFO,0.28,0,variant_5
7679,INSPECTION_2_6,INSPECTION_2_6_LINE,27099.99381504889,0.04131745549966581,11,0.04131745549966581,50.96297572675758,1.6349511346707004,18,27049.03083932213,27101.62876618356,experiment,FIFO,0.28,0,variant_5
7679,INSPECTION_2_7,INSPECTION_2_7_LINE,27101.62876618356,1.6349511346707004,12,1.6349511346707004,52.59792686142828,0.0,17,27049.03083932213,27101.62876618356,experiment,FIFO,0.28,0,variant_5
7680,MOULDING_5,MOULDING_MACHINE_5,27045.72605851787,2.591190794493741,1,0.0,0.0,89.04111894769812,11,27045.72605851787,27134.76717746557,experiment,FIFO,0.28,0,variant_4
7680,ASSEMBLY_1_2,LINE_2_ASSEMBLY1,27078.59324233797,2.1262088922740077,2,32.86718382010076,32.86718382010076,56.17393512759736,13,27045.72605851787,27134.76717746557,experiment,FIFO,0.28,0,variant_4
7680,ASSEMBLY_2_1,ASSEMBLY2_LINE_1,27106.5911644317,6.268861637759983,3,27.99792209372754,60.8651059138283,28.176013033869822,15,27045.72605851787,27134.76717746557,experiment,FIFO,0.28,0,variant_4
7680,SORTING,SORTING_ROBOT_1,27110.05779707855,0.07926530302938772,4,3.466632646850485,64.33173856067879,24.709380387019337,14,27045.72605851787,27134.76717746557,experiment,FIFO,0.28,0,variant_4
7680,PACKAGING_1,PACKAGING_LINE_1,27119.820614651115,1.463636929725908,5,9.762817572565837,74.09455613324462,14.9465628144535,17,27045.72605851787,27134.76717746557,experiment,FIFO,0.28,0,variant_4
7680,INSPECTION_2_1,INSPECTION_2_1_LINE,27122.95443222517,0.9394889128634532,6,3.133817574056593,77.22837370730122,11.812745240396907,19,27045.72605851787,27134.76717746557,experiment,FIFO,0.28,0,variant_4
7680,INSPECTION_2_2,INSPECTION_2_2_LINE,27123.66688992192,0.4100984711185447,7,0.7124576967471512,77.94083140404837,11.100287543649756,19,27045.72605851787,27134.76717746557,experiment,FIFO,0.28,0,variant_4
7680,INSPECTION_2_3,INSPECTION_2_3_LINE,27126.19539768896,2.5285077670414466,8,2.5285077670414466,80.46933917108981,8.57177977660831,19,27045.72605851787,27134.76717746557,experiment,FIFO,0.28,0,variant_4
7680,INSPECTION_2_4,INSPECTION_2_4_LINE,27130.03868515129,2.7255822761107993,9,3.8432874623285898,84.3126266334184,4.72849231427972,20,27045.72605851787,27134.76717746557,experiment,FIFO,0.28,0,variant_4
7680,INSPECTION_2_5,INSPECTION_2_5_LINE,27131.526225022862,1.487539871573972,10,1.487539871573972,85.80016650499238,3.2409524427057477,19,27045.72605851787,27134.76717746557,experiment,FIFO,0.28,0,variant_4
7680,INSPECTION_2_6,INSPECTION_2_6_LINE,27133.83271104674,2.306486023877369,11,2.306486023877369,88.10665252886974,0.9344664188283787,20,27045.72605851787,27134.76717746557,experiment,FIFO,0.28,0,variant_4
7680,INSPECTION_2_7,INSPECTION_2_7_LINE,27134.76717746557,0.9344664188283787,12,0.9344664188283787,89.04111894769812,0.0,19,27045.72605851787,27134.76717746557,experiment,FIFO,0.28,0,variant_4
7681,MOULDING_4,MOULDING_MACHINE_4,27049.03321286693,3.3278901145276905,1,0.0,0.0,54.67421891105914,14,27049.03321286693,27103.707431777988,experiment,FIFO,0.28,0,variant_6
7681,ASSEMBLY_1_1,LINE_1_ASSEMBLY1,27060.71893551781,11.574903048523993,2,11.685722650880052,11.685722650880052,42.98849626017909,12,27049.03321286693,27103.707431777988,experiment,FIFO,0.28,0,variant_6
7681,ASSEMBLY_2_1,ASSEMBLY2_LINE_1,27094.69070521666,5.1590875306137605,3,33.97176969885186,45.65749234973191,9.016726561327232,18,27049.03321286693,27103.707431777988,experiment,FIFO,0.28,0,variant_6
7681,SORTING,SORTING_ROBOT_1,27095.0078955414,0.3171903247384762,4,0.3171903247384762,45.97468267447039,8.699536236588756,18,27049.03321286693,27103.707431777988,experiment,FIFO,0.28,0,variant_6
7681,PACKAGING_1,PACKAGING_LINE_1,27098.45936254895,1.1898301687906496,5,3.4514670075514005,49.42614968202179,5.248069229037355,17,27049.03321286693,27103.707431777988,experiment,FIFO,0.28,0,variant_6
7681,INSPECTION_2_1,INSPECTION_2_1_LINE,27098.545131426457,0.08576887750677997,6,0.08576887750677997,49.51191855952857,5.162300351530575,17,27049.03321286693,27103.707431777988,experiment,FIFO,0.28,0,variant_6
7681,INSPECTION_2_2,INSPECTION_2_2_LINE,27098.55892006314,0.013788636682875222,7,0.013788636682875222,49.52570719621144,5.1485117148477,17,27049.03321286693,27103.707431777988,experiment,FIFO,0.28,0,variant_6
7681,INSPECTION_2_3,INSPECTION_2_3_LINE,27099.91498748504,0.5370520401011163,8,1.3560674219006614,50.881774618112104,3.7924442929470388,18,27049.03321286693,27103.707431777988,experiment,FIFO,0.28,0,variant_6
7681,INSPECTION_2_4,INSPECTION_2_4_LINE,27101.689006332195,1.3733380032899731,9,1.774018847154366,52.65579346526647,2.0184254457926727,17,27049.03321286693,27103.707431777988,experiment,FIFO,0.28,0,variant_6
7681,INSPECTION_2_5,INSPECTION_2_5_LINE,27102.05710022629,0.3680938940960914,10,0.3680938940960914,53.02388735936256,1.6503315516965813,17,27049.03321286693,27103.707431777988,experiment,FIFO,0.28,0,variant_6
7681,INSPECTION_2_6,INSPECTION_2_6_LINE,27102.27019402793,0.21309380163802416,11,0.21309380163802416,53.236981161000585,1.4372377500585571,17,27049.03321286693,27103.707431777988,experiment,FIFO,0.28,0,variant_6
7681,INSPECTION_2_7,INSPECTION_2_7_LINE,27103.707431777988,1.3159886600842583,12,1.4372377500585571,54.67421891105914,0.0,15,27049.03321286693,27103.707431777988,experiment,FIFO,0.28,0,variant_6
7682,MOULDING_3,MOULDING_MACHINE_3,27078.767171487823,29.57632864921834,1,0.0,0.0,56.115152705446235,14,27078.767171487823,27134.88232419327,experiment,FIFO,0.28,0,variant_6
7682,ASSEMBLY_1_5,LINE_5_ASSEMBLY1,27080.71449967249,1.947328184665821,2,1.947328184665821,1.947328184665821,54.167824520780414,16,27078.767171487823,27134.88232419327,experiment,FIFO,0.28,0,variant_6
7682,ASSEMBLY_2_1,ASSEMBLY2_LINE_1,27114.592452603472,8.001288171773922,3,33.877952930983156,35.82528111564898,20.289871589797258,14,27078.767171487823,27134.88232419327,experiment,FIFO,0.28,0,variant_6
7682,SORTING,SORTING_ROBOT_1,27116.11411847645,1.5216658729768824,4,1.5216658729768824,37.34694698862586,18.768205716820376,15,27078.767171487823,27134.88232419327,experiment,FIFO,0.28,0,variant_6
7682,PACKAGING_1,PACKAGING_LINE_1,27121.77545999786,1.954845346746879,5,5.661341521412396,43.008288510038255,13.10686419540798,18,27078.767171487823,27134.88232419327,experiment,FIFO,0.28,0,variant_6
7682,INSPECTION_2_1,INSPECTION_2_1_LINE,27125.19503215104,2.240599925869901,6,3.4195721531796153,46.42786066321787,9.687292042228364,19,27078.767171487823,27134.88232419327,experiment,FIFO,0.28,0,variant_6
7682,INSPECTION_2_2,INSPECTION_2_2_LINE,27126.06053437064,0.8655022195998754,7,0.8655022195998754,47.293362882817746,8.821789822628489,19,27078.767171487823,27134.88232419327,experiment,FIFO,0.28,0,variant_6
7682,INSPECTION_2_3,INSPECTION_2_3_LINE,27128.11991053131,1.924512842349941,8,2.059376160668762,49.35273904348651,6.762413661959727,20,27078.767171487823,27134.88232419327,experiment,FIFO,0.28,0,variant_6
7682,INSPECTION_2_4,INSPECTION_2_4_LINE,27130.515083923387,0.4763987720980367,9,2.3951733920766856,51.747912435563194,4.367240269883041,19,27078.767171487823,27134.88232419327,experiment,FIFO,0.28,0,variant_6
7682,INSPECTION_2_5,INSPECTION_2_5_LINE,27131.992436328404,0.4662113055419468,10,1.4773524050178821,53.225264840581076,2.889887864865159,19,27078.767171487823,27134.88232419327,experiment,FIFO,0.28,0,variant_6
7682,INSPECTION_2_6,INSPECTION_2_6_LINE,27134.713869688872,0.8811586421325046,11,2.721433360467927,55.946698201049,0.16845450439723209,20,27078.767171487823,27134.88232419327,experiment,FIFO,0.28,0,variant_6
7682,INSPECTION_2_7,INSPECTION_2_7_LINE,27134.88232419327,0.11514672770135803,12,0.16845450439723209,56.115152705446235,0.0,18,27078.767171487823,27134.88232419327,experiment,FIFO,0.28,0,variant_6
7683,MOULDING_4,MOULDING_MACHINE_4,27060.87568407175,11.117696842407895,1,0.0,0.0,66.67300738416088,13,27060.87568407175,27127.54869145591,experiment,FIFO,0.28,0,variant_3
7683,ASSEMBLY_1_4,LINE_4_ASSEMBLY1,27084.126142905807,23.25045883405619,2,23.25045883405619,23.25045883405619,43.42254855010469,16,27060.87568407175,27127.54869145591,experiment,FIFO,0.28,0,variant_3
7683,ASSEMBLY_1_4,LINE_4_ASSEMBLY1,27098.08434508113,10.85688619108987,3,13.958202175323095,37.208661009379284,29.4643463747816,17,27060.87568407175,27127.54869145591,experiment,FIFO,0.28,0,variant_3
7683,ASSEMBLY_2_2,ASSEMBLY2_LINE_2,27110.160379785808,4.099300064026465,4,12.076034704678023,49.28469571405731,17.388311670103576,14,27060.87568407175,27127.54869145591,experiment,FIFO,0.28,0,variant_3
7683,SORTING,SORTING_ROBOT_1,27113.469831055423,3.309451269615238,5,3.309451269615238,52.594146983672545,14.078860400488338,14,27060.87568407175,27127.54869145591,experiment,FIFO,0.28,0,variant_3
7683,PACKAGING_2,PACKAGING_LINE_2,27120.060466465573,6.590635410149844,6,6.590635410149844,59.18478239382239,7.4882249903384945,17,27060.87568407175,27127.54869145591,experiment,FIFO,0.28,0,variant_3
7683,INSPECTION_1_1,INSPECTION_1_1_LINE,27121.63604168279,1.5755752172153734,7,1.5755752172153734,60.76035761103776,5.912649773123121,18,27060.87568407175,27127.54869145591,experiment,FIFO,0.28,0,variant_3
7683,INSPECTION_1_2,INSPECTION_1_2_LINE,27122.10281588401,0.46677420122068725,8,0.46677420122068725,61.22713181225845,5.445875571902434,18,27060.87568407175,27127.54869145591,experiment,FIFO,0.28,0,variant_3
7683,INSPECTION_1_3,INSPECTION_1_3_LINE,27122.65939135392,0.5565754699091485,9,0.5565754699091485,61.7837072821676,4.889300101993285,18,27060.87568407175,27127.54869145591,experiment,FIFO,0.28,0,variant_3
7683,INSPECTION_1_4,INSPECTION_1_4_LINE,27124.692995805995,2.0336044520772703,10,2.0336044520772703,63.81731173424487,2.855695649916015,19,27060.87568407175,27127.54869145591,experiment,FIFO,0.28,0,variant_3
7683,INSPECTION_1_5,INSPECTION_1_5_LINE,27126.91594935289,2.222953546894132,11,2.222953546894132,66.040265281139,0.6327421030218829,20,27060.87568407175,27127.54869145591,experiment,FIFO,0.28,0,variant_3
7683,INSPECTION_1_6,INSPECTION_1_6_LINE,27127.16955578315,0.25360643026215257,12,0.25360643026215257,66.29387171140115,0.37913567275973037,20,27060.87568407175,27127.54869145591,experiment,FIFO,0.28,0,variant_3
7683,INSPECTION_1_7,INSPECTION_1_7_LINE,27127.54869145591,0.37913567275973037,13,0.37913567275973037,66.67300738416088,0.0,19,27060.87568407175,27127.54869145591,experiment,FIFO,0.28,0,variant_3
7684,MOULDING_2,MOULDING_MACHINE_2,27059.89178417284,0.6177355910112965,1,0.0,0.0,50.561172932521,12,27059.89178417284,27110.45295710536,experiment,FIFO,0.28,0,variant_1
7684,ASSEMBLY_1_5,LINE_5_ASSEMBLY1,27066.946161331973,7.054377159132855,2,7.054377159132855,7.054377159132855,43.50679577338815,13,27059.89178417284,27110.45295710536,experiment,FIFO,0.28,0,variant_1
7684,ASSEMBLY_2_1,ASSEMBLY2_LINE_1,27096.565048562225,1.8743433455638296,3,29.618887230251858,36.67326438938471,13.887908543136291,17,27059.89178417284,27110.45295710536,experiment,FIFO,0.28,0,variant_1
7684,SORTING,SORTING_ROBOT_1,27098.563522289587,1.9984737273625797,4,1.9984737273625797,38.67173811674729,11.889434815773711,17,27059.89178417284,27110.45295710536,experiment,FIFO,0.28,0,variant_1
7684,PACKAGING_1,PACKAGING_LINE_1,27099.77139983432,1.207877544733492,5,1.207877544733492,39.879615661480784,10.68155727104022,18,27059.89178417284,27110.45295710536,experiment,FIFO,0.28,0,variant_1
7684,INSPECTION_2_1,INSPECTION_2_1_LINE,27102.306426173964,0.6462766943732277,6,2.535026339643082,42.414642001123866,8.146530931397137,17,27059.89178417284,27110.45295710536,experiment,FIFO,0.28,0,variant_1
7684,INSPECTION_2_2,INSPECTION_2_2_LINE,27105.12344903617,2.817022862207523,7,2.817022862207523,45.23166486333139,5.329508069189615,15,27059.89178417284,27110.45295710536,experiment,FIFO,0.28,0,variant_1
7684,INSPECTION_2_3,INSPECTION_2_3_LINE,27105.49136124925,0.3075304286176106,8,0.3679122130779433,45.59957707640933,4.961595856111671,15,27059.89178417284,27110.45295710536,experiment,FIFO,0.28,0,variant_1
7684,INSPECTION_2_4,INSPECTION_2_4_LINE,27105.60950515132,0.11814390206927783,9,0.11814390206927783,45.71772097847861,4.8434519540423935,15,27059.89178417284,27110.45295710536,experiment,FIFO,0.28,0,variant_1
7684,INSPECTION_2_5,INSPECTION_2_5_LINE,27108.12619840833,2.3463046726901666,10,2.516693257010047,48.23441423548866,2.3267586970323464,14,27059.89178417284,27110.45295710536,experiment,FIFO,0.28,0,variant_1
7684,INSPECTION_2_6,INSPECTION_2_6_LINE,27109.404496074905,1.278297666576691,11,1.278297666576691,49.51271190206535,1.0484610304556554,14,27059.89178417284,27110.45295710536,experiment,FIFO,0.28,0,variant_1
7684,INSPECTION_2_7,INSPECTION_2_7_LINE,27110.45295710536,1.0484610304556554,12,1.0484610304556554,50.561172932521,0.0,13,27059.89178417284,27110.45295710536,experiment,FIFO,0.28,0,variant_1
7685,MOULDING_4,MOULDING_MACHINE_4,27063.37787718951,2.5021931177579972,1,0.0,0.0,52.46827666254103,14,27063.37787718951,27115.84615385205,experiment,FIFO,0.28,0,variant_6
7685,ASSEMBLY_1_2,LINE_2_ASSEMBLY1,27084.83826880538,6.2450264674080245,2,21.46039161587032,21.46039161587032,31.007885046670708,15,27063.37787718951,27115.84615385205,experiment,FIFO,0.28,0,variant_6
7685,ASSEMBLY_2_2,ASSEMBLY2_LINE_2,27097.794013465777,2.8176765024581982,3,12.955744660397613,34.416136276267935,18.052140386273095,17,27063.37787718951,27115.84615385205,experiment,FIFO,0.28,0,variant_6
7685,SORTING,SORTING_ROBOT_1,27108.646471357555,10.082949067968002,4,10.852457891778613,45.26859416804655,7.199682494494482,14,27063.37787718951,27115.84615385205,experiment,FIFO,0.28,0,variant_6
7685,PACKAGING_1,PACKAGING_LINE_1,27108.74272994702,0.09625858946310473,5,0.09625858946310473,45.36485275750965,7.103423905031377,14,27063.37787718951,27115.84615385205,experiment,FIFO,0.28,0,variant_6
7685,INSPECTION_2_1,INSPECTION_2_1_LINE,27109.222105490808,0.47937554378950153,6,0.47937554378950153,45.844228301299154,6.624048361241876,14,27063.37787718951,27115.84615385205,experiment,FIFO,0.28,0,variant_6
7685,INSPECTION_2_2,INSPECTION_2_2_LINE,27111.37857562778,2.1564701369716204,7,2.1564701369716204,48.000698438270774,4.467578224270255,13,27063.37787718951,27115.84615385205,experiment,FIFO,0.28,0,variant_6
7685,INSPECTION_2_3,INSPECTION_2_3_LINE,27111.84460546215,0.46602983436969225,8,0.46602983436969225,48.46672827264047,4.001548389900563,13,27063.37787718951,27115.84615385205,experiment,FIFO,0.28,0,variant_6
7685,INSPECTION_2_4,INSPECTION_2_4_LINE,27113.06949934323,1.2248938810807886,9,1.2248938810807886,49.691622153721255,2.7766545088197745,13,27063.37787718951,27115.84615385205,experiment,FIFO,0.28,0,variant_6
7685,INSPECTION_2_5,INSPECTION_2_5_LINE,27113.35202743512,0.2825280918914359,10,0.2825280918914359,49.97415024561269,2.4941264169283386,14,27063.37787718951,27115.84615385205,experiment,FIFO,0.28,0,variant_6
7685,INSPECTION_2_6,INSPECTION_2_6_LINE,27113.7836103545,0.4315829193801619,11,0.4315829193801619,50.40573316499285,2.0625434975481767,14,27063.37787718951,27115.84615385205,experiment,FIFO,0.28,0,variant_6
7685,INSPECTION_2_7,INSPECTION_2_7_LINE,27115.84615385205,2.0625434975481767,12,2.0625434975481767,52.46827666254103,0.0,13,27063.37787718951,27115.84615385205,experiment,FIFO,0.28,0,variant_6
7686,MOULDING_1,MOULDING_MACHINE_1,27064.305690083045,2.874388016789453,1,0.0,0.0,82.82290151254347,15,27064.305690083045,27147.12859159559,experiment,FIFO,0.28,0,variant_2
7686,ASSEMBLY_1_4,LINE_4_ASSEMBLY1,27087.22745889004,3.1013159842332243,2,22.921768806994805,22.921768806994805,59.90113270554866,15,27064.305690083045,27147.12859159559,experiment,FIFO,0.28,0,variant_2
7686,ASSEMBLY_2_1,ASSEMBLY2_LINE_1,27118.73671255466,4.144259951186541,3,31.509253664618882,54.43102247161369,28.39187904092978,16,27064.305690083045,27147.12859159559,experiment,FIFO,0.28,0,variant_2
7686,SORTING,SORTING_ROBOT_1,27129.989522716787,2.2952176869766845,4,11.252810162128299,65.68383263374199,17.13906887880148,20,27064.305690083045,27147.12859159559,experiment,FIFO,0.28,0,variant_2
7686,PACKAGING_2,PACKAGING_LINE_2,27135.30610919352,5.316586476732482,5,5.316586476732482,71.00041911047447,11.822482402069,18,27064.305690083045,27147.12859159559,experiment,FIFO,0.28,0,variant_2
7686,INSPECTION_2_1,INSPECTION_2_1_LINE,27138.524919365493,3.2188101719730184,6,3.2188101719730184,74.21922928244749,8.603672230095981,17,27064.305690083045,27147.12859159559,experiment,FIFO,0.28,0,variant_2
7686,INSPECTION_2_2,INSPECTION_2_2_LINE,27139.053868399864,0.5289490343711805,7,0.5289490343711805,74.74817831681867,8.0747231957248,17,27064.305690083045,27147.12859159559,experiment,FIFO,0.28,0,variant_2
7686,INSPECTION_2_3,INSPECTION_2_3_LINE,27140.836549498217,1.7826810983533505,8,1.7826810983533505,76.53085941517202,6.29204209737145,18,27064.305690083045,27147.12859159559,experiment,FIFO,0.28,0,variant_2
7686,INSPECTION_2_4,INSPECTION_2_4_LINE,27141.61416852065,0.7776190224321908,9,0.7776190224321908,77.30847843760421,5.514423074939259,18,27064.305690083045,27147.12859159559,experiment,FIFO,0.28,0,variant_2
7686,INSPECTION_2_5,INSPECTION_2_5_LINE,27141.863015388888,0.24884686823861557,10,0.24884686823861557,77.55732530584282,5.2655762067006435,18,27064.305690083045,27147.12859159559,experiment,FIFO,0.28,0,variant_2
7686,INSPECTION_2_6,INSPECTION_2_6_LINE,27144.972142157112,3.109126768224087,11,3.109126768224087,80.66645207406691,2.1564494384765567,17,27064.305690083045,27147.12859159559,experiment,FIFO,0.28,0,variant_2
7686,INSPECTION_2_7,INSPECTION_2_7_LINE,27147.12859159559,2.1564494384765567,12,2.1564494384765567,82.82290151254347,0.0,17,27064.305690083045,27147.12859159559,experiment,FIFO,0.28,0,variant_2
7687,MOULDING_1,MOULDING_MACHINE_1,27067.83490360944,1.1865140060217527,1,0.0,0.0,34.556539508463175,14,27067.83490360944,27102.391443117904,experiment,FIFO,0.28,0,variant_2
7687,ASSEMBLY_1_5,LINE_5_ASSEMBLY1,27074.289564857605,6.454661248164484,2,6.454661248164484,6.454661248164484,28.10187826029869,15,27067.83490360944,27102.391443117904,experiment,FIFO,0.28,0,variant_2
7687,ASSEMBLY_2_2,ASSEMBLY2_LINE_2,27082.63536171812,8.345796860514383,3,8.345796860514383,14.800458108678868,19.756081399784307,16,27067.83490360944,27102.391443117904,experiment,FIFO,0.28,0,variant_2
7687,SORTING,SORTING_ROBOT_1,27089.726858746348,6.503997550375061,4,7.091497028228332,21.8919551369072,12.664584371555975,15,27067.83490360944,27102.391443117904,experiment,FIFO,0.28,0,variant_2
7687,PACKAGING_3,PACKAGING_LINE_3,27092.89023880572,3.163380059373594,5,3.163380059373594,25.055335196280794,9.50120431218238,18,27067.83490360944,27102.391443117904,experiment,FIFO,0.28,0,variant_2
7687,INSPECTION_2_1,INSPECTION_2_1_LINE,27092.964761252868,0.07452244714659173,6,0.07452244714659173,25.129857643427385,9.426681865035789,18,27067.83490360944,27102.391443117904,experiment,FIFO,0.28,0,variant_2
7687,INSPECTION_2_2,INSPECTION_2_2_LINE,27094.05649006015,0.03428141225958825,7,1.09172880728147,26.221586450708855,8.33495305775432,18,27067.83490360944,27102.391443117904,experiment,FIFO,0.28,0,variant_2
7687,INSPECTION_2_3,INSPECTION_2_3_LINE,27099.37793544494,4.138119442210154,8,5.321445384790422,31.543031835499278,3.0135076729638968,17,27067.83490360944,27102.391443117904,experiment,FIFO,0.28,0,variant_2
7687,INSPECTION_2_4,INSPECTION_2_4_LINE,27100.315668328905,0.9377328839655092,9,0.9377328839655092,32.48076471946479,2.0757747889983875,19,27067.83490360944,27102.391443117904,experiment,FIFO,0.28,0,variant_2
7687,INSPECTION_2_5,INSPECTION_2_5_LINE,27101.047337842007,0.7316695131012239,10,0.7316695131012239,33.21243423256601,1.3441052758971637,18,27067.83490360944,27102.391443117904,experiment,FIFO,0.28,0,variant_2
7687,INSPECTION_2_6,INSPECTION_2_6_LINE,27101.918549172613,0.8712113306064566,11,0.8712113306064566,34.08364556317247,0.47289394529070705,17,27067.83490360944,27102.391443117904,experiment,FIFO,0.28,0,variant_2
7687,INSPECTION_2_7,INSPECTION_2_7_LINE,27102.391443117904,0.47289394529070705,12,0.47289394529070705,34.556539508463175,0.0,16,27067.83490360944,27102.391443117904,experiment,FIFO,0.28,0,variant_2
7688,MOULDING_5,MOULDING_MACHINE_5,27079.821116527903,12.375907104415091,1,0.0,0.0,75.00448182842229,16,27079.821116527903,27154.825598356325,experiment,FIFO,0.28,0,variant_2
7688,ASSEMBLY_1_2,LINE_2_ASSEMBLY1,27107.41579243479,18.264823825451458,2,27.59467590688655,27.59467590688655,47.409805921535735,15,27079.821116527903,27154.825598356325,experiment,FIFO,0.28,0,variant_2
7688,ASSEMBLY_2_1,ASSEMBLY2_LINE_1,27119.126196367182,0.15126807336491765,3,11.710403932393092,39.30507983927964,35.69940198914264,16,27079.821116527903,27154.825598356325,experiment,FIFO,0.28,0,variant_2
7688,SORTING,SORTING_ROBOT_1,27135.1519403179,0.2926897990000725,4,16.025743950718606,55.33082378999825,19.673658038424037,18,27079.821116527903,27154.825598356325,experiment,FIFO,0.28,0,variant_2
7688,PACKAGING_2,PACKAGING_LINE_2,27147.41552019101,9.516550423722947,5,12.263579873109848,67.5944036631081,7.410078165314189,17,27079.821116527903,27154.825598356325,experiment,FIFO,0.28,0,variant_2
7688,INSPECTION_2_1,INSPECTION_2_1_LINE,27150.078965530607,2.6634453395963646,6,2.6634453395963646,70.25784900270446,4.746632825717825,17,27079.821116527903,27154.825598356325,experiment,FIFO,0.28,0,variant_2
7688,INSPECTION_2_2,INSPECTION_2_2_LINE,27150.466702944486,0.387737413879222,7,0.387737413879222,70.64558641658368,4.358895411838603,17,27079.821116527903,27154.825598356325,experiment,FIFO,0.28,0,variant_2
7688,INSPECTION_2_3,INSPECTION_2_3_LINE,27150.68210625223,0.21540330774223548,8,0.21540330774223548,70.86098972432592,4.143492104096367,17,27079.821116527903,27154.825598356325,experiment,FIFO,0.28,0,variant_2
7688,INSPECTION_2_4,INSPECTION_2_4_LINE,27151.252942692325,0.5708364400961727,9,0.5708364400961727,71.43182616442209,3.5726556640001945,17,27079.821116527903,27154.825598356325,experiment,FIFO,0.28,0,variant_2
7688,INSPECTION_2_4,INSPECTION_2_4_LINE,27153.310434872,2.0574921796760464,10,2.0574921796760464,73.48931834409814,1.5151634843241482,16,27079.821116527903,27154.825598356325,experiment,FIFO,0.28,0,variant_2
7688,INSPECTION_2_5,INSPECTION_2_5_LINE,27153.64260717048,0.3321722984801454,11,0.3321722984801454,73.82149064257828,1.1829911858440028,16,27079.821116527903,27154.825598356325,experiment,FIFO,0.28,0,variant_2
7688,INSPECTION_2_6,INSPECTION_2_6_LINE,27154.65528397797,1.0126768074878782,12,1.0126768074878782,74.83416745006616,0.1703143783561245,18,27079.821116527903,27154.825598356325,experiment,FIFO,0.28,0,variant_2
7688,INSPECTION_2_7,INSPECTION_2_7_LINE,27154.825598356325,0.1703143783561245,13,0.1703143783561245,75.00448182842229,0.0,17,27079.821116527903,27154.825598356325,experiment,FIFO,0.28,0,variant_2
7689,MOULDING_1,MOULDING_MACHINE_1,27069.933187916693,0.21880781457366538,1,0.0,0.0,37.873357606105856,15,27069.933187916693,27107.8065455228,experiment,FIFO,0.28,0,variant_2
7689,ASSEMBLY_1_1,LINE_1_ASSEMBLY1,27078.246914422263,8.31372650557023,2,8.31372650557023,8.31372650557023,29.559631100535626,13,27069.933187916693,27107.8065455228,experiment,FIFO,0.28,0,variant_2
7689,ASSEMBLY_2_2,ASSEMBLY2_LINE_2,27094.97633696332,12.340975245198933,3,16.7294225410551,25.04314904662533,12.830208559480525,18,27069.933187916693,27107.8065455228,experiment,FIFO,0.28,0,variant_2
7689,SORTING,SORTING_ROBOT_1,27095.310002558937,0.3021070175382192,4,0.33366559561909526,25.376814642244426,12.49654296386143,17,27069.933187916693,27107.8065455228,experiment,FIFO,0.28,0,variant_2
7689,PACKAGING_2,PACKAGING_LINE_2,27095.68076789072,0.37076533178333193,5,0.37076533178333193,25.747579974027758,12.125777632078098,17,27069.933187916693,27107.8065455228,experiment,FIFO,0.28,0,variant_2
7689,PACKAGING_2,PACKAGING_LINE_2,27099.716829068628,4.036061177906959,6,4.036061177906959,29.783641151934717,8.089716454171139,17,27069.933187916693,27107.8065455228,experiment,FIFO,0.28,0,variant_2
7689,INSPECTION_2_1,INSPECTION_2_1_LINE,27101.66014947959,1.9433204109627695,7,1.9433204109627695,31.726961562897486,6.1463960432083695,17,27069.933187916693,27107.8065455228,experiment,FIFO,0.28,0,variant_2
7689,INSPECTION_2_2,INSPECTION_2_2_LINE,27102.07806353666,0.4179140570704476,8,0.4179140570704476,32.144875619967934,5.728481986137922,17,27069.933187916693,27107.8065455228,experiment,FIFO,0.28,0,variant_2
7689,INSPECTION_2_3,INSPECTION_2_3_LINE,27105.18383082063,3.1057672839706356,9,3.1057672839706356,35.25064290393857,2.6227147021672863,15,27069.933187916693,27107.8065455228,experiment,FIFO,0.28,0,variant_2
7689,INSPECTION_2_4,INSPECTION_2_4_LINE,27105.32308235892,0.1392515382867714,10,0.1392515382867714,35.38989444222534,2.483463163880515,15,27069.933187916693,27107.8065455228,experiment,FIFO,0.28,0,variant_2
7689,INSPECTION_2_5,INSPECTION_2_5_LINE,27105.77989373564,0.4568113767199975,11,0.4568113767199975,35.84670581894534,2.0266517871605174,15,27069.933187916693,27107.8065455228,experiment,FIFO,0.28,0,variant_2
7689,INSPECTION_2_6,INSPECTION_2_6_LINE,27107.248437883347,1.4685441477085988,12,1.4685441477085988,37.31524996665394,0.5581076394519187,15,27069.933187916693,27107.8065455228,experiment,FIFO,0.28,0,variant_2
7689,INSPECTION_2_7,INSPECTION_2_7_LINE,27107.8065455228,0.5581076394519187,13,0.5581076394519187,37.873357606105856,0.0,14,27069.933187916693,27107.8065455228,experiment,FIFO,0.28,0,variant_2
7690,MOULDING_3,MOULDING_MACHINE_3,27079.289071797448,0.5219003096244705,1,0.0,0.0,50.81444741672385,15,27079.289071797448,27130.10351921417,experiment,FIFO,0.28,0,variant_4
7690,ASSEMBLY_1_2,LINE_2_ASSEMBLY1,27089.150968609338,4.312699803958822,2,9.861896811889892,9.861896811889892,40.95255060483396,15,27079.289071797448,27130.10351921417,experiment,FIFO,0.28,0,variant_4
7690,ASSEMBLY_2_2,ASSEMBLY2_LINE_2,27106.06107972178,8.26706625600491,3,16.9101111124437,26.772007924333593,24.04243949239026,15,27079.289071797448,27130.10351921417,experiment,FIFO,0.28,0,variant_4
7690,SORTING,SORTING_ROBOT_1,27109.97853177552,0.6707558550624526,4,3.9174520537380886,30.68945997807168,20.12498743865217,14,27079.289071797448,27130.10351921417,experiment,FIFO,0.28,0,variant_4
7690,PACKAGING_1,PACKAGING_LINE_1,27118.35697772139,1.9993531409891148,5,8.378445945869316,39.067905923941,11.746541492782853,16,27079.289071797448,27130.10351921417,experiment,FIFO,0.28,0,variant_4
7690,INSPECTION_2_1,INSPECTION_2_1_LINE,27122.014943312308,3.657965590919048,6,3.657965590919048,42.725871514860046,8.088575901863805,18,27079.289071797448,27130.10351921417,experiment,FIFO,0.28,0,variant_4
7690,INSPECTION_2_2,INSPECTION_2_2_LINE,27123.2567914508,1.2418481384920597,7,1.2418481384920597,43.967719653352106,6.846727763371746,19,27079.289071797448,27130.10351921417,experiment,FIFO,0.28,0,variant_4
7690,INSPECTION_2_3,INSPECTION_2_3_LINE,27123.450747818915,0.19395636811532313,8,0.19395636811532313,44.16167602146743,6.652771395256423,19,27079.289071797448,27130.10351921417,experiment,FIFO,0.28,0,variant_4
7690,INSPECTION_2_4,INSPECTION_2_4_LINE,27127.313102875178,3.8623550562624587,9,3.8623550562624587,48.02403107772989,2.790416338993964,20,27079.289071797448,27130.10351921417,experiment,FIFO,0.28,0,variant_4
7690,INSPECTION_2_5,INSPECTION_2_5_LINE,27127.672412879147,0.3593100039688579,10,0.3593100039688579,48.383341081698745,2.431106335025106,19,27079.289071797448,27130.10351921417,experiment,FIFO,0.28,0,variant_4
7690,INSPECTION_2_6,INSPECTION_2_6_LINE,27127.798392945213,0.1259800660664041,11,0.1259800660664041,48.50932114776515,2.305126268958702,20,27079.289071797448,27130.10351921417,experiment,FIFO,0.28,0,variant_4
7690,INSPECTION_2_7,INSPECTION_2_7_LINE,27130.10351921417,2.305126268958702,12,2.305126268958702,50.81444741672385,0.0,19,27079.289071797448,27130.10351921417,experiment,FIFO,0.28,0,variant_4
7691,MOULDING_3,MOULDING_MACHINE_3,27091.73628624169,8.746525356807979,1,0.0,0.0,44.9001838330405,18,27091.73628624169,27136.63647007473,experiment,FIFO,0.28,0,variant_4
7691,ASSEMBLY_1_4,LINE_4_ASSEMBLY1,27111.034682568832,12.9503374877022,2,19.298396327143564,19.298396327143564,25.601787505896937,13,27091.73628624169,27136.63647007473,experiment,FIFO,0.28,0,variant_4
7691,ASSEMBLY_2_2,ASSEMBLY2_LINE_2,27117.486812113388,5.132803356995282,3,6.452129544555646,25.75052587169921,19.14965796134129,16,27091.73628624169,27136.63647007473,experiment,FIFO,0.28,0,variant_4
7691,SORTING,SORTING_ROBOT_1,27127.69430502981,10.20749291642278,4,10.20749291642278,35.95801878812199,8.94216504491851,19,27091.73628624169,27136.63647007473,experiment,FIFO,0.28,0,variant_4
7691,PACKAGING_2,PACKAGING_LINE_2,27128.70233715184,1.0080321220302721,5,1.0080321220302721,36.96605091015226,7.934132922888239,20,27091.73628624169,27136.63647007473,experiment,FIFO,0.28,0,variant_4
7691,INSPECTION_2_1,INSPECTION_2_1_LINE,27129.364061504333,0.6617243524924561,6,0.6617243524924561,37.62777526264472,7.272408570395783,20,27091.73628624169,27136.63647007473,experiment,FIFO,0.28,0,variant_4
7691,INSPECTION_2_2,INSPECTION_2_2_LINE,27129.659995262267,0.29593375793410814,7,0.29593375793410814,37.923709020578826,6.9764748124616744,20,27091.73628624169,27136.63647007473,experiment,FIFO,0.28,0,variant_4
7691,INSPECTION_2_3,INSPECTION_2_3_LINE,27130.572626534475,0.9126312722073635,8,0.9126312722073635,38.83634029278619,6.063843540254311,19,27091.73628624169,27136.63647007473,experiment,FIFO,0.28,0,variant_4
7691,INSPECTION_2_4,INSPECTION_2_4_LINE,27130.834276592144,0.2616500576696126,9,0.2616500576696126,39.0979903504558,5.802193482584698,19,27091.73628624169,27136.63647007473,experiment,FIFO,0.28,0,variant_4
7691,INSPECTION_2_5,INSPECTION_2_5_LINE,27132.30702110813,0.31458477972410037,10,1.4727445159842318,40.570734866440034,4.3294489666004665,19,27091.73628624169,27136.63647007473,experiment,FIFO,0.28,0,variant_4
7691,INSPECTION_2_6,INSPECTION_2_6_LINE,27136.19997450771,1.4861048188358836,11,3.89295339957971,44.463688266019744,0.4364955670207564,18,27091.73628624169,27136.63647007473,experiment,FIFO,0.28,0,variant_4
7691,INSPECTION_2_7,INSPECTION_2_7_LINE,27136.63647007473,0.4364955670207564,12,0.4364955670207564,44.9001838330405,0.0,17,27091.73628624169,27136.63647007473,experiment,FIFO,0.28,0,variant_4
7692,MOULDING_5,MOULDING_MACHINE_5,27090.143751343465,1.739424158426118,1,0.0,0.0,70.08056357072564,16,27090.143751343465,27160.22431491419,experiment,FIFO,0.28,0,variant_3
7692,ASSEMBLY_1_2,LINE_2_ASSEMBLY1,27113.83379270784,6.418000273049984,2,23.690041364374338,23.690041364374338,46.39052220635131,14,27090.143751343465,27160.22431491419,experiment,FIFO,0.28,0,variant_3
7692,ASSEMBLY_2_1,ASSEMBLY2_LINE_1,27131.77314695767,12.646950590486085,3,17.939354249829194,41.62939561420353,28.451167956522113,19,27090.143751343465,27160.22431491419,experiment,FIFO,0.28,0,variant_3
7692,SORTING,SORTING_ROBOT_1,27146.374424891168,1.3813453444272454,4,14.60127793349966,56.23067354770319,13.849890023022454,18,27090.143751343465,27160.22431491419,experiment,FIFO,0.28,0,variant_3
7692,PACKAGING_3,PACKAGING_LINE_3,27151.351956638013,4.977531746844761,5,4.977531746844761,61.20820529454795,8.872358276177692,17,27090.143751343465,27160.22431491419,experiment,FIFO,0.28,0,variant_3
7692,INSPECTION_2_1,INSPECTION_2_1_LINE,27152.9040749138,1.5521182757875067,6,1.5521182757875067,62.76032357033546,7.320240000390186,16,27090.143751343465,27160.22431491419,experiment,FIFO,0.28,0,variant_3
7692,INSPECTION_2_2,INSPECTION_2_2_LINE,27153.34624956007,0.4421746462685405,7,0.4421746462685405,63.202498216604,6.878065354121645,16,27090.143751343465,27160.22431491419,experiment,FIFO,0.28,0,variant_3
7692,INSPECTION_2_3,INSPECTION_2_3_LINE,27153.652573092728,0.30632353265900747,8,0.30632353265900747,63.50882174926301,6.571741821462638,16,27090.143751343465,27160.22431491419,experiment,FIFO,0.28,0,variant_3
7692,INSPECTION_2_4,INSPECTION_2_4_LINE,27154.0331830891,0.3806099963730958,9,0.3806099963730958,63.8894317456361,6.191131825089542,18,27090.143751343465,27160.22431491419,experiment,FIFO,0.28,0,variant_3
7692,INSPECTION_2_5,INSPECTION_2_5_LINE,27154.54810212872,0.5149190396186896,10,0.5149190396186896,64.40435078525479,5.676212785470852,18,27090.143751343465,27160.22431491419,experiment,FIFO,0.28,0,variant_3
7692,INSPECTION_2_6,INSPECTION_2_6_LINE,27158.43283229272,3.7775483147524938,11,3.8847301640016667,68.28908094925646,1.7914826214691857,18,27090.143751343465,27160.22431491419,experiment,FIFO,0.28,0,variant_3
7692,INSPECTION_2_7,INSPECTION_2_7_LINE,27160.22431491419,1.7914826214691857,12,1.7914826214691857,70.08056357072564,0.0,17,27090.143751343465,27160.22431491419,experiment,FIFO,0.28,0,variant_3
7693,MOULDING_5,MOULDING_MACHINE_5,27091.211468465903,0.3158594764972804,1,0.0,0.0,53.02028208791671,17,27091.211468465903,27144.23175055382,experiment,FIFO,0.28,0,variant_4
7693,ASSEMBLY_1_3,LINE_3_ASSEMBLY1,27097.98234685181,6.770878385908873,2,6.770878385908873,6.770878385908873,46.24940370200784,17,27091.211468465903,27144.23175055382,experiment,FIFO,0.28,0,variant_4
7693,ASSEMBLY_2_1,ASSEMBLY2_LINE_1,27118.974928293817,0.23821573915847694,3,20.992581442005758,27.76345982791463,25.25682226000208,16,27091.211468465903,27144.23175055382,experiment,FIFO,0.28,0,variant_4
7693,SORTING,SORTING_ROBOT_1,27134.8592505189,4.86972780211363,4,15.884322225083451,43.64778205299808,9.37250003491863,19,27091.211468465903,27144.23175055382,experiment,FIFO,0.28,0,variant_4
7693,PACKAGING_2,PACKAGING_LINE_2,27137.898969767288,2.592860573768121,5,3.039719248386973,46.687501301385055,6.332780786531657,18,27091.211468465903,27144.23175055382,experiment,FIFO,0.28,0,variant_4
7693,INSPECTION_1_1,INSPECTION_1_1_LINE,27138.18344431199,0.2844745447036985,6,0.2844745447036985,46.97197584608875,6.048306241827959,18,27091.211468465903,27144.23175055382,experiment,FIFO,0.28,0,variant_4
7693,INSPECTION_1_2,INSPECTION_1_2_LINE,27139.628030221906,1.4445859099141671,7,1.4445859099141671,48.41656175600292,4.603720331913792,17,27091.211468465903,27144.23175055382,experiment,FIFO,0.28,0,variant_4
7693,INSPECTION_1_3,INSPECTION_1_3_LINE,27140.076466262195,0.4484360402893799,8,0.4484360402893799,48.8649977962923,4.155284291624412,18,27091.211468465903,27144.23175055382,experiment,FIFO,0.28,0,variant_4
7693,INSPECTION_1_4,INSPECTION_1_4_LINE,27140.512763908668,0.4362976464726671,9,0.4362976464726671,49.30129544276497,3.7189866451517446,18,27091.211468465903,27144.23175055382,experiment,FIFO,0.28,0,variant_4
7693,INSPECTION_1_5,INSPECTION_1_5_LINE,27142.46769913192,1.9549352232534147,10,1.9549352232534147,51.25623066601838,1.7640514218983299,18,27091.211468465903,27144.23175055382,experiment,FIFO,0.28,0,variant_4
7693,INSPECTION_1_6,INSPECTION_1_6_LINE,27143.057903904584,0.5902047726631281,11,0.5902047726631281,51.84643543868151,1.1738466492352018,18,27091.211468465903,27144.23175055382,experiment,FIFO,0.28,0,variant_4
7693,INSPECTION_1_7,INSPECTION_1_7_LINE,27144.23175055382,1.1738466492352018,12,1.1738466492352018,53.02028208791671,0.0,17,27091.211468465903,27144.23175055382,experiment,FIFO,0.28,0,variant_4
7694,MOULDING_4,MOULDING_MACHINE_4,27099.72009685748,6.10277344565111,1,0.0,0.0,66.78910403396003,18,27099.72009685748,27166.50920089144,experiment,FIFO,0.28,0,variant_5
7694,ASSEMBLY_1_4,LINE_4_ASSEMBLY1,27119.228964372884,8.19428180405157,2,19.508867515403836,19.508867515403836,47.280236518556194,16,27099.72009685748,27166.50920089144,experiment,FIFO,0.28,0,variant_5
7694,ASSEMBLY_2_2,ASSEMBLY2_LINE_2,27126.14221333365,6.913248960765486,3,6.913248960765486,26.42211647616932,40.36698755779071,19,27099.72009685748,27166.50920089144,experiment,FIFO,0.28,0,variant_5
7694,SORTING,SORTING_ROBOT_1,27135.4832135922,0.33127327429974684,4,9.341000258551503,35.763116734720825,31.025987299239205,18,27099.72009685748,27166.50920089144,experiment,FIFO,0.28,0,variant_5
7694,PACKAGING_2,PACKAGING_LINE_2,27156.702334498124,9.286814307113673,5,21.219120905923774,56.9822376406446,9.806866393315431,17,27099.72009685748,27166.50920089144,experiment,FIFO,0.28,0,variant_5
7694,INSPECTION_2_1,INSPECTION_2_1_LINE,27156.96096386448,0.25862936635530787,6,0.25862936635530787,57.240867006999906,9.548237026960123,17,27099.72009685748,27166.50920089144,experiment,FIFO,0.28,0,variant_5
7694,INSPECTION_2_2,INSPECTION_2_2_LINE,27160.56207906412,3.6011151996390254,7,3.6011151996390254,60.84198220663893,5.947121827321098,17,27099.72009685748,27166.50920089144,experiment,FIFO,0.28,0,variant_5
7694,INSPECTION_2_3,INSPECTION_2_3_LINE,27161.647858642988,1.0857795788688236,8,1.0857795788688236,61.927761785507755,4.861342248452274,17,27099.72009685748,27166.50920089144,experiment,FIFO,0.28,0,variant_5
7694,INSPECTION_2_4,INSPECTION_2_4_LINE,27161.818956702293,0.1710980593052227,9,0.1710980593052227,62.09885984481298,4.690244189147052,17,27099.72009685748,27166.50920089144,experiment,FIFO,0.28,0,variant_5
7694,INSPECTION_2_5,INSPECTION_2_5_LINE,27165.114346903087,3.2953902007939178,10,3.2953902007939178,65.3942500456069,1.394853988353134,17,27099.72009685748,27166.50920089144,experiment,FIFO,0.28,0,variant_5
7694,INSPECTION_2_6,INSPECTION_2_6_LINE,27165.178627500904,0.0642805978168326,11,0.0642805978168326,65.45853064342373,1.3305733905363013,17,27099.72009685748,27166.50920089144,experiment,FIFO,0.28,0,variant_5
7694,INSPECTION_2_7,INSPECTION_2_7_LINE,27166.50920089144,1.3305733905363013,12,1.3305733905363013,66.78910403396003,0.0,16,27099.72009685748,27166.50920089144,experiment,FIFO,0.28,0,variant_5
7695,MOULDING_5,MOULDING_MACHINE_5,27100.251759914387,2.3044083143067837,1,0.0,0.0,38.108250750294246,19,27100.251759914387,27138.36001066468,experiment,FIFO,0.28,0,variant_2
7695,ASSEMBLY_1_3,LINE_3_ASSEMBLY1,27102.634799771007,2.3830398566205986,2,2.3830398566205986,2.3830398566205986,35.72521089367365,16,27100.251759914387,27138.36001066468,experiment,FIFO,0.28,0,variant_2
7695,ASSEMBLY_2_2,ASSEMBLY2_LINE_2,27112.354008756392,2.193628970584541,3,9.719208985385194,12.102248842005793,26.006001908288454,13,27100.251759914387,27138.36001066468,experiment,FIFO,0.28,0,variant_2
7695,SORTING,SORTING_ROBOT_1,27114.55988028612,1.090049230697332,4,2.2058715297280287,14.308120371733821,23.800130378560425,14,27100.251759914387,27138.36001066468,experiment,FIFO,0.28,0,variant_2
7695,PACKAGING_2,PACKAGING_LINE_2,27124.817182268216,4.756715802643157,5,10.257301982095669,24.56542235382949,13.542828396464756,19,27100.251759914387,27138.36001066468,experiment,FIFO,0.28,0,variant_2
7695,INSPECTION_1_1,INSPECTION_1_1_LINE,27126.85100886723,2.0338265990139917,6,2.0338265990139917,26.59924895284348,11.509001797450765,20,27100.251759914387,27138.36001066468,experiment,FIFO,0.28,0,variant_2
7695,INSPECTION_1_2,INSPECTION_1_2_LINE,27132.6281800551,5.777171187870408,7,5.777171187870408,32.37642014071389,5.731830609580356,19,27100.251759914387,27138.36001066468,experiment,FIFO,0.28,0,variant_2
7695,INSPECTION_1_3,INSPECTION_1_3_LINE,27135.485231434053,2.8570513789527467,8,2.8570513789527467,35.23347151966664,2.8747792306276096,18,27100.251759914387,27138.36001066468,experiment,FIFO,0.28,0,variant_2
7695,INSPECTION_1_4,INSPECTION_1_4_LINE,27136.24122289776,0.7559914637058682,9,0.7559914637058682,35.989462983372505,2.1187877669217414,18,27100.251759914387,27138.36001066468,experiment,FIFO,0.28,0,variant_2
7695,INSPECTION_1_5,INSPECTION_1_5_LINE,27137.074267642547,0.8330447447879124,10,0.8330447447879124,36.82250772816042,1.285743022133829,18,27100.251759914387,27138.36001066468,experiment,FIFO,0.28,0,variant_2
7695,INSPECTION_1_6,INSPECTION_1_6_LINE,27137.31390020101,0.23963255846319953,11,0.23963255846319953,37.06214028662362,1.0461104636706295,18,27100.251759914387,27138.36001066468,experiment,FIFO,0.28,0,variant_2
7695,INSPECTION_1_7,INSPECTION_1_7_LINE,27138.36001066468,1.0461104636706295,12,1.0461104636706295,38.108250750294246,0.0,17,27100.251759914387,27138.36001066468,experiment,FIFO,0.28,0,variant_2
7696,MOULDING_3,MOULDING_MACHINE_3,27116.016557710213,16.20667484517253,1,0.0,0.0,36.09470428631903,14,27116.016557710213,27152.11126199653,experiment,FIFO,0.28,0,variant_4
7696,ASSEMBLY_1_2,LINE_2_ASSEMBLY1,27120.35652352093,4.33996581071915,2,4.33996581071915,4.33996581071915,31.75473847559988,17,27116.016557710213,27152.11126199653,experiment,FIFO,0.28,0,variant_4
7696,ASSEMBLY_2_2,ASSEMBLY2_LINE_2,27128.349565376448,2.2073520427984477,3,7.993041855515912,12.333007666235062,23.761696620083967,20,27116.016557710213,27152.11126199653,experiment,FIFO,0.28,0,variant_4
7696,SORTING,SORTING_ROBOT_1,27137.913043688182,2.4298300959817425,4,9.563478311734798,21.89648597796986,14.198218308349169,18,27116.016557710213,27152.11126199653,experiment,FIFO,0.28,0,variant_4
7696,PACKAGING_3,PACKAGING_LINE_3,27139.47554645749,1.5625027693058655,5,1.5625027693058655,23.458988747275725,12.635715539043304,17,27116.016557710213,27152.11126199653,experiment,FIFO,0.28,0,variant_4
7696,INSPECTION_1_1,INSPECTION_1_1_LINE,27141.87990825255,2.4043617950628686,6,2.4043617950628686,25.863350542338594,10.231353743980435,18,27116.016557710213,27152.11126199653,experiment,FIFO,0.28,0,variant_4
7696,INSPECTION_1_1,INSPECTION_1_1_LINE,27144.042837935525,2.162929682974209,7,2.162929682974209,28.026280225312803,8.068424061006226,18,27116.016557710213,27152.11126199653,experiment,FIFO,0.28,0,variant_4
7696,INSPECTION_1_2,INSPECTION_1_2_LINE,27144.656416459704,0.6135785241785925,8,0.6135785241785925,28.639858749491395,7.454845536827634,17,27116.016557710213,27152.11126199653,experiment,FIFO,0.28,0,variant_4
7696,INSPECTION_1_3,INSPECTION_1_3_LINE,27146.749338426267,2.0929219665631535,9,2.0929219665631535,30.73278071605455,5.36192357026448,18,27116.016557710213,27152.11126199653,experiment,FIFO,0.28,0,variant_4
7696,INSPECTION_1_4,INSPECTION_1_4_LINE,27146.880778932613,0.13144050634582527,10,0.13144050634582527,30.864221222400374,5.230483063918655,18,27116.016557710213,27152.11126199653,experiment,FIFO,0.28,0,variant_4
7696,INSPECTION_1_5,INSPECTION_1_5_LINE,27147.80927172897,0.928492796356295,11,0.928492796356295,31.79271401875667,4.30199026756236,17,27116.016557710213,27152.11126199653,experiment,FIFO,0.28,0,variant_4
7696,INSPECTION_1_6,INSPECTION_1_6_LINE,27149.47654136121,1.6672696322420961,12,1.6672696322420961,33.459983650998765,2.6347206353202637,17,27116.016557710213,27152.11126199653,experiment,FIFO,0.28,0,variant_4
7696,INSPECTION_1_7,INSPECTION_1_7_LINE,27152.11126199653,2.6347206353202637,13,2.6347206353202637,36.09470428631903,0.0,16,27116.016557710213,27152.11126199653,experiment,FIFO,0.28,0,variant_4
7697,MOULDING_3,MOULDING_MACHINE_3,27116.087573159904,0.07101544969191309,1,0.0,0.0,56.11788409199653,15,27116.087573159904,27172.2054572519,experiment,FIFO,0.28,0,variant_4
7697,ASSEMBLY_1_4,LINE_4_ASSEMBLY1,27129.222950984527,9.993986611643777,2,13.135377824622992,13.135377824622992,42.98250626737354,20,27116.087573159904,27172.2054572519,experiment,FIFO,0.28,0,variant_4
7697,ASSEMBLY_2_1,ASSEMBLY2_LINE_1,27136.23277858975,4.459631632082164,3,7.0098276052231085,20.1452054298461,35.97267866215043,18,27116.087573159904,27172.2054572519,experiment,FIFO,0.28,0,variant_4
7697,SORTING,SORTING_ROBOT_1,27155.00034628163,4.783642124977632,4,18.767567691880686,38.91277312172679,17.205110970269743,17,27116.087573159904,27172.2054572519,experiment,FIFO,0.28,0,variant_4
7697,PACKAGING_2,PACKAGING_LINE_2,27162.8362822518,4.019529600278474,5,7.835935970168066,46.74870909189485,9.369175000101677,17,27116.087573159904,27172.2054572519,experiment,FIFO,0.28,0,variant_4
7697,INSPECTION_1_1,INSPECTION_1_1_LINE,27163.59616008826,0.7598778364590544,6,0.7598778364590544,47.50858692835391,8.609297163642623,17,27116.087573159904,27172.2054572519,experiment,FIFO,0.28,0,variant_4
7697,INSPECTION_1_2,INSPECTION_1_2_LINE,27164.49192744308,0.895767354821146,7,0.895767354821146,48.40435428317505,7.713529808821477,17,27116.087573159904,27172.2054572519,experiment,FIFO,0.28,0,variant_4
7697,INSPECTION_1_3,INSPECTION_1_3_LINE,27165.14292679048,0.6509993473991926,8,0.6509993473991926,49.055353630574245,7.062530461422284,17,27116.087573159904,27172.2054572519,experiment,FIFO,0.28,0,variant_4
7697,INSPECTION_1_4,INSPECTION_1_4_LINE,27165.90216588905,0.18529915522958618,9,0.7592390985701059,49.81459272914435,6.303291362852178,17,27116.087573159904,27172.2054572519,experiment,FIFO,0.28,0,variant_4
7697,INSPECTION_1_5,INSPECTION_1_5_LINE,27167.410702573005,0.43006934831646504,10,1.5085366839557537,51.323129413100105,4.794754678896425,17,27116.087573159904,27172.2054572519,experiment,FIFO,0.28,0,variant_4
7697,INSPECTION_1_6,INSPECTION_1_6_LINE,27170.44351938829,0.16747489148474415,11,3.0328168152846047,54.35594622838471,1.76193786361182,17,27116.087573159904,27172.2054572519,experiment,FIFO,0.28,0,variant_4
7697,INSPECTION_1_6,INSPECTION_1_6_LINE,27171.79070006564,1.3471806773522985,12,1.3471806773522985,55.70312690573701,0.4147571862595214,16,27116.087573159904,27172.2054572519,experiment,FIFO,0.28,0,variant_4
7697,INSPECTION_1_7,INSPECTION_1_7_LINE,27172.2054572519,0.4147571862595214,13,0.4147571862595214,56.11788409199653,0.0,14,27116.087573159904,27172.2054572519,experiment,FIFO,0.28,0,variant_4
7698,MOULDING_3,MOULDING_MACHINE_3,27119.47735291329,3.3897797533863923,1,0.0,0.0,51.46247721050895,17,27119.47735291329,27170.9398301238,experiment,FIFO,0.28,0,variant_4
7698,ASSEMBLY_1_4,LINE_4_ASSEMBLY1,27129.797076207466,0.5741252229381644,2,10.319723294174764,10.319723294174764,41.142753916334186,20,27119.47735291329,27170.9398301238,experiment,FIFO,0.28,0,variant_4
7698,ASSEMBLY_2_1,ASSEMBLY2_LINE_1,27144.39051693528,8.157738345529651,3,14.593440727814595,24.91316402198936,26.54931318851959,17,27119.47735291329,27170.9398301238,experiment,FIFO,0.28,0,variant_4
7698,SORTING,SORTING_ROBOT_1,27157.16531036025,2.046298462930281,4,12.774793424970994,37.687957446960354,13.774519763548597,18,27119.47735291329,27170.9398301238,experiment,FIFO,0.28,0,variant_4
7698,PACKAGING_3,PACKAGING_LINE_3,27159.407350740614,2.242040380362596,5,2.242040380362596,39.92999782732295,11.532479383186,18,27119.47735291329,27170.9398301238,experiment,FIFO,0.28,0,variant_4
7698,INSPECTION_1_1,INSPECTION_1_1_LINE,27160.980399301523,1.5730485609092284,6,1.5730485609092284,41.50304638823218,9.959430822276772,17,27119.47735291329,27170.9398301238,experiment,FIFO,0.28,0,variant_4
7698,INSPECTION_1_2,INSPECTION_1_2_LINE,27163.16340274226,2.1830034407357743,7,2.1830034407357743,43.68604982896795,7.776427381540998,17,27119.47735291329,27170.9398301238,experiment,FIFO,0.28,0,variant_4
7698,INSPECTION_1_3,INSPECTION_1_3_LINE,27163.35647337095,0.19307062869120273,8,0.19307062869120273,43.879120457659155,7.583356752849795,17,27119.47735291329,27170.9398301238,experiment,FIFO,0.28,0,variant_4
7698,INSPECTION_1_4,INSPECTION_1_4_LINE,27165.71686673382,2.3603933628692175,9,2.3603933628692175,46.23951382052837,5.222963389980578,17,27119.47735291329,27170.9398301238,experiment,FIFO,0.28,0,variant_4
7698,INSPECTION_1_5,INSPECTION_1_5_LINE,27166.980633224688,1.2637664908688748,10,1.2637664908688748,47.50328031139725,3.959196899111703,17,27119.47735291329,27170.9398301238,experiment,FIFO,0.28,0,variant_4
7698,INSPECTION_1_6,INSPECTION_1_6_LINE,27170.276044496804,3.2954112721163256,11,3.2954112721163256,50.79869158351357,0.6637856269953772,17,27119.47735291329,27170.9398301238,experiment,FIFO,0.28,0,variant_4
7698,INSPECTION_1_7,INSPECTION_1_7_LINE,27170.9398301238,0.6637856269953772,12,0.6637856269953772,51.46247721050895,0.0,16,27119.47735291329,27170.9398301238,experiment,FIFO,0.28,0,variant_4
7699,MOULDING_2,MOULDING_MACHINE_2,27113.346825078686,4.173310898579075,1,0.0,0.0,58.81884197052932,14,27113.346825078686,27172.165667049216,experiment,FIFO,0.28,0,variant_2
7699,ASSEMBLY_1_3,LINE_3_ASSEMBLY1,27131.7270510072,18.380225928514847,2,18.380225928514847,18.380225928514847,40.43861604201447,19,27113.346825078686,27172.165667049216,experiment,FIFO,0.28,0,variant_2
7699,ASSEMBLY_2_2,ASSEMBLY2_LINE_2,27135.831911680754,4.104860673553048,3,4.104860673553048,22.485086602067895,36.333755368461425,18,27113.346825078686,27172.165667049216,experiment,FIFO,0.28,0,variant_2
7699,SORTING,SORTING_ROBOT_1,27150.216704156654,3.8422792654855584,4,14.384792475899303,36.8698790779672,21.948962892562122,17,27113.346825078686,27172.165667049216,experiment,FIFO,0.28,0,variant_2
7699,PACKAGING_2,PACKAGING_LINE_2,27158.81675265152,2.1144181533964,5,8.600048494867224,45.46992757283442,13.348914397694898,18,27113.346825078686,27172.165667049216,experiment,FIFO,0.28,0,variant_2
7699,INSPECTION_2_1,INSPECTION_2_1_LINE,27162.7528294729,3.9360768213809934,6,3.9360768213809934,49.406004394215415,9.412837576313905,17,27113.346825078686,27172.165667049216,experiment,FIFO,0.28,0,variant_2
7699,INSPECTION_2_2,INSPECTION_2_2_LINE,27167.04818343967,4.295353966768744,7,4.295353966768744,53.70135836098416,5.117483609545161,17,27113.346825078686,27172.165667049216,experiment,FIFO,0.28,0,variant_2
7699,INSPECTION_2_3,INSPECTION_2_3_LINE,27167.488099300903,0.43991586123229354,8,0.43991586123229354,54.14127422221645,4.6775677483128675,17,27113.346825078686,27172.165667049216,experiment,FIFO,0.28,0,variant_2
7699,INSPECTION_2_4,INSPECTION_2_4_LINE,27168.72841560152,1.2403163006165414,9,1.2403163006165414,55.381590522832994,3.437251447696326,17,27113.346825078686,27172.165667049216,experiment,FIFO,0.28,0,variant_2
7699,INSPECTION_2_5,INSPECTION_2_5_LINE,27170.40086569636,1.6724500948403147,10,1.6724500948403147,57.05404061767331,1.7648013528560114,17,27113.346825078686,27172.165667049216,experiment,FIFO,0.28,0,variant_2
7699,INSPECTION_2_6,INSPECTION_2_6_LINE,27172.165349299303,1.7644836029430735,11,1.7644836029430735,58.81852422061638,0.00031774991293787025,16,27113.346825078686,27172.165667049216,experiment,FIFO,0.28,0,variant_2
7699,INSPECTION_2_7,INSPECTION_2_7_LINE,27172.165667049216,0.00031774991293787025,12,0.00031774991293787025,58.81884197052932,0.0,15,27113.346825078686,27172.165667049216,experiment,FIFO,0.28,0,variant_2
7700,MOULDING_2,MOULDING_MACHINE_2,27116.22001087956,0.5080550804377708,1,0.0,0.0,64.30712654516537,16,27116.22001087956,27180.527137424724,experiment,FIFO,0.28,0,variant_3
7700,ASSEMBLY_1_3,LINE_3_ASSEMBLY1,27137.128107193035,5.4010561858340225,2,20.908096313476562,20.908096313476562,43.39903023168881,18,27116.22001087956,27180.527137424724,experiment,FIFO,0.28,0,variant_3
7700,ASSEMBLY_2_1,ASSEMBLY2_LINE_1,27164.955847512017,10.149004850656638,3,27.82774031898225,48.73583663245881,15.571289912706561,17,27116.22001087956,27180.527137424724,experiment,FIFO,0.28,0,variant_3
7700,SORTING,SORTING_ROBOT_1,27174.04036000964,4.65750025847592,4,9.0845124976222,57.82034913008101,6.486777415084362,12,27116.22001087956,27180.527137424724,experiment,FIFO,0.28,0,variant_3
7700,PACKAGING_3,PACKAGING_LINE_3,27178.005254817977,2.1027294134619297,5,3.9648948083377036,61.785243938418716,2.521882606746658,13,27116.22001087956,27180.527137424724,experiment,FIFO,0.28,0,variant_3
7700,INSPECTION_2_1,INSPECTION_2_1_LINE,27178.92492378719,0.9196689692143991,6,0.9196689692143991,62.704912907633116,1.6022136375322589,12,27116.22001087956,27180.527137424724,experiment,FIFO,0.28,0,variant_3
7700,INSPECTION_2_2,INSPECTION_2_2_LINE,27179.2332487638,0.30832497660958325,7,0.30832497660958325,63.0132378842427,1.2938886609226756,12,27116.22001087956,27180.527137424724,experiment,FIFO,0.28,0,variant_3
7700,INSPECTION_2_3,INSPECTION_2_3_LINE,27179.506023126887,0.2727743630857731,8,0.2727743630857731,63.28601224732847,1.0211142978369026,12,27116.22001087956,27180.527137424724,experiment,FIFO,0.28,0,variant_3
7700,INSPECTION_2_4,INSPECTION_2_4_LINE,27179.57059714086,0.06457401397346985,9,0.06457401397346985,63.35058626130194,0.9565402838634327,12,27116.22001087956,27180.527137424724,experiment,FIFO,0.28,0,variant_3
7700,INSPECTION_2_5,INSPECTION_2_5_LINE,27179.71530994684,0.14471280598081648,10,0.14471280598081648,63.49529906728276,0.8118274778826162,12,27116.22001087956,27180.527137424724,experiment,FIFO,0.28,0,variant_3
7700,INSPECTION_2_6,INSPECTION_2_6_LINE,27179.76656915463,0.051259207790280925,11,0.051259207790280925,63.54655827507304,0.7605682700923353,12,27116.22001087956,27180.527137424724,experiment,FIFO,0.28,0,variant_3
7700,INSPECTION_2_7,INSPECTION_2_7_LINE,27180.527137424724,0.7605682700923353,12,0.7605682700923353,64.30712654516537,0.0,12,27116.22001087956,27180.527137424724,experiment,FIFO,0.28,0,variant_3
7701,MOULDING_3,MOULDING_MACHINE_3,27126.54193582756,7.0645829142704315,1,0.0,0.0,46.33850156666449,20,27126.54193582756,27172.880437394226,experiment,FIFO,0.28,0,variant_5
7701,ASSEMBLY_1_4,LINE_4_ASSEMBLY1,27141.891559941403,8.2833162928182,2,15.349624113841855,15.349624113841855,30.988877452822635,18,27126.54193582756,27172.880437394226,experiment,FIFO,0.28,0,variant_5
7701,ASSEMBLY_2_2,ASSEMBLY2_LINE_2,27149.59804715624,7.70648721483667,3,7.70648721483667,23.056111328678526,23.282390237985965,17,27126.54193582756,27172.880437394226,experiment,FIFO,0.28,0,variant_5
7701,SORTING,SORTING_ROBOT_1,27158.432970583857,1.2676602236060717,4,8.834923427617468,31.891034756295994,14.447466810368496,18,27126.54193582756,27172.880437394226,experiment,FIFO,0.28,0,variant_5
7701,SORTING,SORTING_ROBOT_1,27165.34724686675,1.2556030083469523,5,6.914276282892388,38.80531103918838,7.533190527476108,17,27126.54193582756,27172.880437394226,experiment,FIFO,0.28,0,variant_5
7701,PACKAGING_1,PACKAGING_LINE_1,27165.869071989066,0.5218251223159314,6,0.5218251223159314,39.32713616150431,7.011365405160177,17,27126.54193582756,27172.880437394226,experiment,FIFO,0.28,0,variant_5
7701,INSPECTION_1_1,INSPECTION_1_1_LINE,27166.67449000964,0.805418020572688,7,0.805418020572688,40.132554182077,6.205947384587489,16,27126.54193582756,27172.880437394226,experiment,FIFO,0.28,0,variant_5
7701,INSPECTION_1_2,INSPECTION_1_2_LINE,27168.41626661816,1.7417766085200128,8,1.7417766085200128,41.874330790597014,4.464170776067476,17,27126.54193582756,27172.880437394226,experiment,FIFO,0.28,0,variant_5
7701,INSPECTION_1_3,INSPECTION_1_3_LINE,27168.882332656667,0.4660660385088704,9,0.4660660385088704,42.340396829105885,3.998104737558606,17,27126.54193582756,27172.880437394226,experiment,FIFO,0.28,0,variant_5
7701,INSPECTION_1_4,INSPECTION_1_4_LINE,27169.872402239034,0.9900695823671413,10,0.9900695823671413,43.330466411473026,3.0080351551914646,17,27126.54193582756,27172.880437394226,experiment,FIFO,0.28,0,variant_5
7701,INSPECTION_1_5,INSPECTION_1_5_LINE,27171.08514698032,1.21274474128586,11,1.21274474128586,44.543211152758886,1.7952904139056045,16,27126.54193582756,27172.880437394226,experiment,FIFO,0.28,0,variant_5
7701,INSPECTION_1_6,INSPECTION_1_6_LINE,27172.22491554851,0.4342154828700586,12,1.1397685681913572,45.68297972095024,0.6555218457142473,14,27126.54193582756,27172.880437394226,experiment,FIFO,0.28,0,variant_5
7701,INSPECTION_1_7,INSPECTION_1_7_LINE,27172.880437394226,0.6555218457142473,13,0.6555218457142473,46.33850156666449,0.0,13,27126.54193582756,27172.880437394226,experiment,FIFO,0.28,0,variant_5
7702,MOULDING_5,MOULDING_MACHINE_5,27121.4534910264,3.9286088091721467,1,0.0,0.0,55.89852196011998,18,27121.4534910264,27177.35201298652,experiment,FIFO,0.28,0,variant_6
7702,ASSEMBLY_1_5,LINE_5_ASSEMBLY1,27132.124333561114,10.670842534713302,2,10.670842534713302,10.670842534713302,45.22767942540668,19,27121.4534910264,27177.35201298652,experiment,FIFO,0.28,0,variant_6
7702,ASSEMBLY_2_1,ASSEMBLY2_LINE_1,27154.80684266136,10.416325726080686,3,22.682509100246534,33.353351634959836,22.545170325160143,18,27121.4534910264,27177.35201298652,experiment,FIFO,0.28,0,variant_6
7702,SORTING,SORTING_ROBOT_1,27164.091643858403,5.658673274545436,4,9.284801197041816,42.63815283200165,13.260369128118327,17,27121.4534910264,27177.35201298652,experiment,FIFO,0.28,0,variant_6
7702,PACKAGING_2,PACKAGING_LINE_2,27166.388369201875,2.2967253434726445,5,2.2967253434726445,44.934878175474296,10.963643784645683,17,27121.4534910264,27177.35201298652,experiment,FIFO,0.28,0,variant_6
7702,INSPECTION_2_1,INSPECTION_2_1_LINE,27167.12248333916,0.028351818560622633,6,0.7341141372853599,45.668992312759656,10.229529647360323,17,27121.4534910264,27177.35201298652,experiment,FIFO,0.28,0,variant_6
7702,INSPECTION_2_2,INSPECTION_2_2_LINE,27171.644287207284,2.7932984367434983,7,4.521803868123243,50.1907961808829,5.70772577923708,16,27121.4534910264,27177.35201298652,experiment,FIFO,0.28,0,variant_6
7702,INSPECTION_2_3,INSPECTION_2_3_LINE,27171.72559661603,0.08130940874616499,8,0.08130940874616499,50.272105589629064,5.626416370490915,16,27121.4534910264,27177.35201298652,experiment,FIFO,0.28,0,variant_6
7702,INSPECTION_2_4,INSPECTION_2_4_LINE,27172.850167433346,1.1245708173155435,9,1.1245708173155435,51.39667640694461,4.501845553175372,14,27121.4534910264,27177.35201298652,experiment,FIFO,0.28,0,variant_6
7702,INSPECTION_2_5,INSPECTION_2_5_LINE,27174.1249585236,0.03182485495926812,10,1.274791090254439,52.671467497199046,3.2270544629209326,12,27121.4534910264,27177.35201298652,experiment,FIFO,0.28,0,variant_6
7702,INSPECTION_2_6,INSPECTION_2_6_LINE,27176.43075616901,0.025106815450271824,11,2.305797645411076,54.97726514261012,0.9212568175098568,13,27121.4534910264,27177.35201298652,experiment,FIFO,0.28,0,variant_6
7702,INSPECTION_2_7,INSPECTION_2_7_LINE,27177.35201298652,0.91694869532148,12,0.9212568175098568,55.89852196011998,0.0,12,27121.4534910264,27177.35201298652,experiment,FIFO,0.28,0,variant_6
7703,MOULDING_4,MOULDING_MACHINE_4,27122.766224792915,2.6005607694241917,1,0.0,0.0,53.6688394982848,19,27122.766224792915,27176.4350642912,experiment,FIFO,0.28,0,variant_1
7703,ASSEMBLY_1_4,LINE_4_ASSEMBLY1,27133.608243648585,3.8111674411193235,2,10.842018855670176,10.842018855670176,42.82682064261462,20,27122.766224792915,27176.4350642912,experiment,FIFO,0.28,0,variant_1
7703,ASSEMBLY_2_2,ASSEMBLY2_LINE_2,27136.88566436128,1.0537526805273956,3,3.2774207126967667,14.119439568366943,39.549399929917854,18,27122.766224792915,27176.4350642912,experiment,FIFO,0.28,0,variant_1
7703,SORTING,SORTING_ROBOT_1,27155.11901189732,0.11866561568967882,4,18.23334753603922,32.35278710440616,21.316052393878635,17,27122.766224792915,27176.4350642912,experiment,FIFO,0.28,0,variant_1
7703,PACKAGING_2,PACKAGING_LINE_2,27163.27177673384,0.4354944820406672,5,8.152764836519054,40.505551940925216,13.163287557359581,17,27122.766224792915,27176.4350642912,experiment,FIFO,0.28,0,variant_1
7703,INSPECTION_2_1,INSPECTION_2_1_LINE,27167.0941315206,0.17928284534355043,6,3.8223547867601155,44.32790672768533,9.340932770599466,17,27122.766224792915,27176.4350642912,experiment,FIFO,0.28,0,variant_1
7703,INSPECTION_2_2,INSPECTION_2_2_LINE,27168.85098877054,0.7880711096186133,7,1.7568572499403672,46.0847639776257,7.584075520659098,17,27122.766224792915,27176.4350642912,experiment,FIFO,0.28,0,variant_1
7703,INSPECTION_2_3,INSPECTION_2_3_LINE,27170.79789450341,1.0587589676651987,8,1.94690573286789,48.03166971049359,5.637169787791208,17,27122.766224792915,27176.4350642912,experiment,FIFO,0.28,0,variant_1
7703,INSPECTION_2_4,INSPECTION_2_4_LINE,27170.929807172102,0.13191266869398532,9,0.13191266869398532,48.163582379187574,5.505257119097223,17,27122.766224792915,27176.4350642912,experiment,FIFO,0.28,0,variant_1
7703,INSPECTION_2_5,INSPECTION_2_5_LINE,27174.09313366864,3.1633264965385024,10,3.1633264965385024,51.326908875726076,2.3419306225587206,12,27122.766224792915,27176.4350642912,experiment,FIFO,0.28,0,variant_1
7703,INSPECTION_2_6,INSPECTION_2_6_LINE,27176.40564935356,2.312515684920072,11,2.312515684920072,53.63942456064615,0.029414937638648553,13,27122.766224792915,27176.4350642912,experiment,FIFO,0.28,0,variant_1
7703,INSPECTION_2_7,INSPECTION_2_7_LINE,27176.4350642912,0.029414937638648553,12,0.029414937638648553,53.6688394982848,0.0,12,27122.766224792915,27176.4350642912,experiment,FIFO,0.28,0,variant_1
7704,MOULDING_3,MOULDING_MACHINE_3,27127.70366615793,1.1617303303683002,1,0.0,0.0,45.5293240658757,20,27127.70366615793,27173.232990223805,experiment,FIFO,0.28,0,variant_6
7704,ASSEMBLY_1_2,LINE_2_ASSEMBLY1,27128.286105845287,0.5824396873576916,2,0.5824396873576916,0.5824396873576916,44.94688437851801,20,27127.70366615793,27173.232990223805,experiment,FIFO,0.28,0,variant_6
7704,ASSEMBLY_2_2,ASSEMBLY2_LINE_2,27129.37212315025,1.0225577738019638,3,1.0860173049622972,1.6684569923199888,43.86086707355571,20,27127.70366615793,27173.232990223805,experiment,FIFO,0.28,0,variant_6
7704,SORTING,SORTING_ROBOT_1,27144.99307954674,7.080035858558404,4,15.620956396491238,17.289413388811226,28.239910677064472,17,27127.70366615793,27173.232990223805,experiment,FIFO,0.28,0,variant_6
7704,PACKAGING_1,PACKAGING_LINE_1,27163.00855490861,18.015475361869903,5,18.015475361869903,35.30488875068113,10.224435315194569,17,27127.70366615793,27173.232990223805,experiment,FIFO,0.28,0,variant_6
7704,INSPECTION_2_1,INSPECTION_2_1_LINE,27166.914848675257,3.906293766645831,6,3.906293766645831,39.21118251732696,6.318141548548738,17,27127.70366615793,27173.232990223805,experiment,FIFO,0.28,0,variant_6
7704,INSPECTION_2_2,INSPECTION_2_2_LINE,27168.06291766092,1.014734221251274,7,1.1480689856653044,40.359251502992265,5.170072562883433,17,27127.70366615793,27173.232990223805,experiment,FIFO,0.28,0,variant_6
7704,INSPECTION_2_3,INSPECTION_2_3_LINE,27169.739135535743,1.6762178748213046,8,1.6762178748213046,42.03546937781357,3.493854688062129,17,27127.70366615793,27173.232990223805,experiment,FIFO,0.28,0,variant_6
7704,INSPECTION_2_4,INSPECTION_2_4_LINE,27170.295800561496,0.5566650257533183,9,0.5566650257533183,42.59213440356689,2.9371896623088105,17,27127.70366615793,27173.232990223805,experiment,FIFO,0.28,0,variant_6
7704,INSPECTION_2_5,INSPECTION_2_5_LINE,27170.630207575938,0.22934187957798713,10,0.3344070144412399,42.92654141800813,2.6027826478675706,17,27127.70366615793,27173.232990223805,experiment,FIFO,0.28,0,variant_6
7704,INSPECTION_2_6,INSPECTION_2_6_LINE,27172.723662269826,0.5583129705228203,11,2.0934546938879066,45.019996111896035,0.509327953979664,14,27127.70366615793,27173.232990223805,experiment,FIFO,0.28,0,variant_6
7704,INSPECTION_2_7,INSPECTION_2_7_LINE,27173.232990223805,0.509327953979664,12,0.509327953979664,45.5293240658757,0.0,12,27127.70366615793,27173.232990223805,experiment,FIFO,0.28,0,variant_6
7705,MOULDING_1,MOULDING_MACHINE_1,27133.05033993765,7.524054657071247,1,0.0,0.0,57.16462682529891,20,27133.05033993765,27190.21496676295,experiment,FIFO,0.28,0,variant_1
7705,ASSEMBLY_1_1,LINE_1_ASSEMBLY1,27137.90086038324,4.850520445590519,2,4.850520445590519,4.850520445590519,52.31410637970839,18,27133.05033993765,27190.21496676295,experiment,FIFO,0.28,0,variant_1
7705,ASSEMBLY_2_1,ASSEMBLY2_LINE_1,27166.424896811284,1.4690492992667714,3,28.524036428043473,33.37455687363399,23.79006995166492,17,27133.05033993765,27190.21496676295,experiment,FIFO,0.28,0,variant_1
7705,SORTING,SORTING_ROBOT_1,27174.913035241203,0.8726752315633348,4,8.488138429918763,41.862695303552755,15.301931521746155,12,27133.05033993765,27190.21496676295,experiment,FIFO,0.28,0,variant_1
7705,PACKAGING_3,PACKAGING_LINE_3,27183.4166470106,5.411392192621861,5,8.50361176939623,50.366307072948985,6.798319752349926,11,27133.05033993765,27190.21496676295,experiment,FIFO,0.28,0,variant_1
7705,INSPECTION_1_1,INSPECTION_1_1_LINE,27185.5678026438,2.1511556332006876,6,2.1511556332006876,52.51746270614967,4.647164119149238,11,27133.05033993765,27190.21496676295,experiment,FIFO,0.28,0,variant_1
7705,INSPECTION_1_2,INSPECTION_1_2_LINE,27185.73146713313,0.16366448932967614,7,0.16366448932967614,52.68112719547935,4.483499629819562,11,27133.05033993765,27190.21496676295,experiment,FIFO,0.28,0,variant_1
7705,INSPECTION_1_3,INSPECTION_1_3_LINE,27187.61823488664,1.886767753509048,8,1.886767753509048,54.567894948988396,2.596731876310514,11,27133.05033993765,27190.21496676295,experiment,FIFO,0.28,0,variant_1
7705,INSPECTION_1_4,INSPECTION_1_4_LINE,27188.06515519097,0.44692030432997853,9,0.44692030432997853,55.014815253318375,2.1498115719805355,11,27133.05033993765,27190.21496676295,experiment,FIFO,0.28,0,variant_1
7705,INSPECTION_1_5,INSPECTION_1_5_LINE,27188.40643281687,0.341277625902876,10,0.341277625902876,55.35609287922125,1.8085339460776595,11,27133.05033993765,27190.21496676295,experiment,FIFO,0.28,0,variant_1
7705,INSPECTION_1_6,INSPECTION_1_6_LINE,27189.521483967103,1.115051150231011,11,1.115051150231011,56.47114402945226,0.6934827958466485,11,27133.05033993765,27190.21496676295,experiment,FIFO,0.28,0,variant_1
7705,INSPECTION_1_7,INSPECTION_1_7_LINE,27190.21496676295,0.6934827958466485,12,0.6934827958466485,57.16462682529891,0.0,10,27133.05033993765,27190.21496676295,experiment,FIFO,0.28,0,variant_1
7706,MOULDING_1,MOULDING_MACHINE_1,27139.151980805847,6.101640868197137,1,0.0,0.0,53.10167859111243,18,27139.151980805847,27192.25365939696,experiment,FIFO,0.28,0,variant_2
7706,ASSEMBLY_1_2,LINE_2_ASSEMBLY1,27175.284276859544,14.743088589319086,2,36.13229605369634,36.13229605369634,16.969382537416095,12,27139.151980805847,27192.25365939696,experiment,FIFO,0.28,0,variant_2
7706,ASSEMBLY_2_2,ASSEMBLY2_LINE_2,27175.3675175525,0.0832406929548597,3,0.0832406929548597,36.215536746651196,16.886141844461235,12,27139.151980805847,27192.25365939696,experiment,FIFO,0.28,0,variant_2
7706,SORTING,SORTING_ROBOT_1,27177.247676335843,1.8801587833440863,4,1.8801587833440863,38.09569552999528,15.00598306111715,13,27139.151980805847,27192.25365939696,experiment,FIFO,0.28,0,variant_2
7706,PACKAGING_3,PACKAGING_LINE_3,27184.05510785905,0.6384608484513592,5,6.807431523207924,44.90312705320321,8.198551537909225,11,27139.151980805847,27192.25365939696,experiment,FIFO,0.28,0,variant_2
7706,INSPECTION_1_1,INSPECTION_1_1_LINE,27185.61090882448,0.04310618068120675,6,1.5558009654305351,46.45892801863374,6.64275057247869,11,27139.151980805847,27192.25365939696,experiment,FIFO,0.28,0,variant_2
7706,INSPECTION_1_2,INSPECTION_1_2_LINE,27189.24809890106,3.5166317679286294,7,3.637190076577099,50.09611809521084,3.005560495901591,11,27139.151980805847,27192.25365939696,experiment,FIFO,0.28,0,variant_2
7706,INSPECTION_1_3,INSPECTION_1_3_LINE,27189.939483623344,0.6913847222858749,8,0.6913847222858749,50.787502817496716,2.314175773615716,11,27139.151980805847,27192.25365939696,experiment,FIFO,0.28,0,variant_2
7706,INSPECTION_1_4,INSPECTION_1_4_LINE,27191.02031669212,1.0808330687759735,9,1.0808330687759735,51.86833588627269,1.2333427048397425,11,27139.151980805847,27192.25365939696,experiment,FIFO,0.28,0,variant_2
7706,INSPECTION_1_5,INSPECTION_1_5_LINE,27191.14284506373,0.12252837160849595,10,0.12252837160849595,51.990864257881185,1.1108143332312466,12,27139.151980805847,27192.25365939696,experiment,FIFO,0.28,0,variant_2
7706,INSPECTION_1_5,INSPECTION_1_5_LINE,27192.107734358065,0.9648892943368992,11,0.9648892943368992,52.955753552218084,0.14592503889434738,12,27139.151980805847,27192.25365939696,experiment,FIFO,0.28,0,variant_2
7706,INSPECTION_1_6,INSPECTION_1_6_LINE,27192.226655268914,0.1189209108488285,12,0.1189209108488285,53.07467446306691,0.027004128045518883,12,27139.151980805847,27192.25365939696,experiment,FIFO,0.28,0,variant_2
7706,INSPECTION_1_7,INSPECTION_1_7_LINE,27192.25365939696,0.027004128045518883,13,0.027004128045518883,53.10167859111243,0.0,11,27139.151980805847,27192.25365939696,experiment,FIFO,0.28,0,variant_2
7707,MOULDING_1,MOULDING_MACHINE_1,27139.799590757026,0.6476099511783104,1,0.0,0.0,41.226939764001145,18,27139.799590757026,27181.026530521027,experiment,FIFO,0.28,0,variant_1
7707,ASSEMBLY_1_3,LINE_3_ASSEMBLY1,27152.815689547977,13.016098790951219,2,13.016098790951219,13.016098790951219,28.210840973049926,16,27139.799590757026,27181.026530521027,experiment,FIFO,0.28,0,variant_1
7707,ASSEMBLY_2_2,ASSEMBLY2_LINE_2,27161.27303490927,8.457345361293847,3,8.457345361293847,21.473444152245065,19.75349561175608,17,27139.799590757026,27181.026530521027,experiment,FIFO,0.28,0,variant_1
7707,SORTING,SORTING_ROBOT_1,27166.64283264442,1.295585777668748,4,5.369797735147586,26.84324188739265,14.383697876608494,16,27139.799590757026,27181.026530521027,experiment,FIFO,0.28,0,variant_1
7707,PACKAGING_3,PACKAGING_LINE_3,27175.902525404515,9.259692760097096,5,9.259692760097096,36.10293464748975,5.124005116511398,13,27139.799590757026,27181.026530521027,experiment,FIFO,0.28,0,variant_1
7707,INSPECTION_1_1,INSPECTION_1_1_LINE,27176.18470096777,0.2821755632539862,6,0.2821755632539862,36.38511021074373,4.841829553257412,13,27139.799590757026,27181.026530521027,experiment,FIFO,0.28,0,variant_1
7707,INSPECTION_1_2,INSPECTION_1_2_LINE,27176.9045674262,0.7198664584320795,7,0.7198664584320795,37.10497666917581,4.1219630948253325,13,27139.799590757026,27181.026530521027,experiment,FIFO,0.28,0,variant_1
7707,INSPECTION_1_3,INSPECTION_1_3_LINE,27177.04507537652,0.1405079503201705,8,0.1405079503201705,37.24548461949598,3.981455144505162,13,27139.799590757026,27181.026530521027,experiment,FIFO,0.28,0,variant_1
7707,INSPECTION_1_4,INSPECTION_1_4_LINE,27177.494140362625,0.4490649861036218,9,0.4490649861036218,37.694549605599605,3.5323901584015402,12,27139.799590757026,27181.026530521027,experiment,FIFO,0.28,0,variant_1
7707,INSPECTION_1_5,INSPECTION_1_5_LINE,27179.815305362543,2.321164999917528,10,2.321164999917528,40.01571460551713,1.2112251584840124,13,27139.799590757026,27181.026530521027,experiment,FIFO,0.28,0,variant_1
7707,INSPECTION_1_6,INSPECTION_1_6_LINE,27180.45770101778,0.6423956552389427,11,0.6423956552389427,40.658110260756075,0.5688295032450696,13,27139.799590757026,27181.026530521027,experiment,FIFO,0.28,0,variant_1
7707,INSPECTION_1_7,INSPECTION_1_7_LINE,27181.026530521027,0.5688295032450696,12,0.5688295032450696,41.226939764001145,0.0,11,27139.799590757026,27181.026530521027,experiment,FIFO,0.28,0,variant_1
7708,MOULDING_1,MOULDING_MACHINE_1,27146.077852118684,6.278261361658224,1,0.0,0.0,57.460667213235865,18,27146.077852118684,27203.53851933192,experiment,FIFO,0.28,0,variant_3
7708,ASSEMBLY_1_1,LINE_1_ASSEMBLY1,27149.43053248482,3.352680366137065,2,3.352680366137065,3.352680366137065,54.1079868470988,17,27146.077852118684,27203.53851933192,experiment,FIFO,0.28,0,variant_3
7708,ASSEMBLY_2_1,ASSEMBLY2_LINE_1,27182.92517971384,16.500282902554318,3,33.49464722901757,36.84732759515464,20.613339618081227,11,27146.077852118684,27203.53851933192,experiment,FIFO,0.28,0,variant_3
7708,SORTING,SORTING_ROBOT_1,27192.78456951597,9.859389802131773,4,9.859389802131773,46.70671739728641,10.753949815949454,11,27146.077852118684,27203.53851933192,experiment,FIFO,0.28,0,variant_3
7708,PACKAGING_2,PACKAGING_LINE_2,27197.415838894645,4.631269378674915,5,4.631269378674915,51.337986775961326,6.122680437274539,11,27146.077852118684,27203.53851933192,experiment,FIFO,0.28,0,variant_3
7708,INSPECTION_2_1,INSPECTION_2_1_LINE,27198.319067932887,0.9032290382419887,6,0.9032290382419887,52.241215814203315,5.21945139903255,11,27146.077852118684,27203.53851933192,experiment,FIFO,0.28,0,variant_3
7708,INSPECTION_2_2,INSPECTION_2_2_LINE,27201.04053527122,2.721467338331422,7,2.721467338331422,54.96268315253474,2.4979840607011283,11,27146.077852118684,27203.53851933192,experiment,FIFO,0.28,0,variant_3
7708,INSPECTION_2_3,INSPECTION_2_3_LINE,27201.51344604928,0.4729107780622144,8,0.4729107780622144,55.43559393059695,2.025073282638914,11,27146.077852118684,27203.53851933192,experiment,FIFO,0.28,0,variant_3
7708,INSPECTION_2_4,INSPECTION_2_4_LINE,27202.591795341123,1.0783492918417323,9,1.0783492918417323,56.513943222438684,0.9467239907971816,11,27146.077852118684,27203.53851933192,experiment,FIFO,0.28,0,variant_3
7708,INSPECTION_2_5,INSPECTION_2_5_LINE,27202.983792661893,0.3919973207703151,10,0.3919973207703151,56.905940543209,0.5547266700268665,11,27146.077852118684,27203.53851933192,experiment,FIFO,0.28,0,variant_3
7708,INSPECTION_2_6,INSPECTION_2_6_LINE,27203.01726065593,0.03346799403880141,11,0.03346799403880141,56.9394085372478,0.5212586759880651,11,27146.077852118684,27203.53851933192,experiment,FIFO,0.28,0,variant_3
7708,INSPECTION_2_7,INSPECTION_2_7_LINE,27203.53851933192,0.5212586759880651,12,0.5212586759880651,57.460667213235865,0.0,10,27146.077852118684,27203.53851933192,experiment,FIFO,0.28,0,variant_3
7709,MOULDING_5,MOULDING_MACHINE_5,27136.81193882128,0.9762289364989556,1,0.0,0.0,77.23771225212113,18,27136.81193882128,27214.0496510734,experiment,FIFO,0.28,0,variant_6
7709,ASSEMBLY_1_2,LINE_2_ASSEMBLY1,27160.541188270225,23.729249448944756,2,23.729249448944756,23.729249448944756,53.50846280317637,17,27136.81193882128,27214.0496510734,experiment,FIFO,0.28,0,variant_6
7709,ASSEMBLY_2_1,ASSEMBLY2_LINE_1,27202.54370980528,17.15457710991177,3,42.00252153505426,65.73177098399901,11.505941268122115,11,27136.81193882128,27214.0496510734,experiment,FIFO,0.28,0,variant_6
7709,SORTING,SORTING_ROBOT_1,27203.32100453144,0.5237257582703023,4,0.7772947261619265,66.50906571016094,10.728646541960188,11,27136.81193882128,27214.0496510734,experiment,FIFO,0.28,0,variant_6
7709,PACKAGING_3,PACKAGING_LINE_3,27205.0251020428,1.7040975113595778,5,1.7040975113595778,68.21316322152052,9.02454903060061,10,27136.81193882128,27214.0496510734,experiment,FIFO,0.28,0,variant_6
7709,INSPECTION_2_1,INSPECTION_2_1_LINE,27205.150397151458,0.12529510865715565,6,0.12529510865715565,68.33845833017767,8.899253921943455,10,27136.81193882128,27214.0496510734,experiment,FIFO,0.28,0,variant_6
7709,INSPECTION_2_2,INSPECTION_2_2_LINE,27206.879381465373,1.7289843139151344,7,1.7289843139151344,70.06744264409281,7.17026960802832,10,27136.81193882128,27214.0496510734,experiment,FIFO,0.28,0,variant_6
7709,INSPECTION_2_3,INSPECTION_2_3_LINE,27210.85389742092,3.9745159555459395,8,3.9745159555459395,74.04195859963875,3.195753652482381,10,27136.81193882128,27214.0496510734,experiment,FIFO,0.28,0,variant_6
7709,INSPECTION_2_4,INSPECTION_2_4_LINE,27211.33448760006,0.4805901791405631,9,0.4805901791405631,74.52254877877931,2.7151634733418177,10,27136.81193882128,27214.0496510734,experiment,FIFO,0.28,0,variant_6
7709,INSPECTION_2_5,INSPECTION_2_5_LINE,27211.728314254884,0.3938266548248066,10,0.3938266548248066,74.91637543360412,2.321336818517011,11,27136.81193882128,27214.0496510734,experiment,FIFO,0.28,0,variant_6
7709,INSPECTION_2_6,INSPECTION_2_6_LINE,27213.29618067968,1.5678664247971028,11,1.5678664247971028,76.48424185840122,0.7534703937199083,10,27136.81193882128,27214.0496510734,experiment,FIFO,0.28,0,variant_6
7709,INSPECTION_2_7,INSPECTION_2_7_LINE,27214.0496510734,0.7534703937199083,12,0.7534703937199083,77.23771225212113,0.0,9,27136.81193882128,27214.0496510734,experiment,FIFO,0.28,0,variant_6
7710,MOULDING_2,MOULDING_MACHINE_2,27153.73499188647,4.787446484926477,1,0.0,0.0,59.019720041807886,17,27153.73499188647,27212.75471192828,experiment,FIFO,0.28,0,variant_2
7710,ASSEMBLY_1_1,LINE_1_ASSEMBLY1,27154.28043496308,0.5454430766076257,2,0.5454430766076257,0.5454430766076257,58.47427696520026,18,27153.73499188647,27212.75471192828,experiment,FIFO,0.28,0,variant_2
7710,ASSEMBLY_2_1,ASSEMBLY2_LINE_1,27185.389132695367,2.463952981528564,3,31.10869773228842,31.654140808896045,27.36557923291184,11,27153.73499188647,27212.75471192828,experiment,FIFO,0.28,0,variant_2
7710,SORTING,SORTING_ROBOT_1,27202.79727877317,3.9651400823095173,4,17.408146077803394,49.06228688669944,9.957433155108447,11,27153.73499188647,27212.75471192828,experiment,FIFO,0.28,0,variant_2
7710,PACKAGING_1,PACKAGING_LINE_1,27204.98380754008,2.1865287669097597,5,2.1865287669097597,51.2488156536092,7.770904388198687,10,27153.73499188647,27212.75471192828,experiment,FIFO,0.28,0,variant_2
7710,INSPECTION_1_1,INSPECTION_1_1_LINE,27205.315880255093,0.33207271501305513,6,0.33207271501305513,51.580888368622254,7.438831673185632,10,27153.73499188647,27212.75471192828,experiment,FIFO,0.28,0,variant_2
7710,INSPECTION_1_2,INSPECTION_1_2_LINE,27206.912804481155,1.5969242260616738,7,1.5969242260616738,53.17781259468393,5.841907447123958,10,27153.73499188647,27212.75471192828,experiment,FIFO,0.28,0,variant_2
7710,INSPECTION_1_3,INSPECTION_1_3_LINE,27206.92633712944,0.013532648285035975,8,0.013532648285035975,53.191345242968964,5.828374798838922,10,27153.73499188647,27212.75471192828,experiment,FIFO,0.28,0,variant_2
7710,INSPECTION_1_4,INSPECTION_1_4_LINE,27208.102907056,1.1765699265597505,9,1.1765699265597505,54.367915169528715,4.651804872279172,10,27153.73499188647,27212.75471192828,experiment,FIFO,0.28,0,variant_2
7710,INSPECTION_1_5,INSPECTION_1_5_LINE,27210.40298650845,2.300079452448699,10,2.300079452448699,56.667994621977414,2.3517254198304727,10,27153.73499188647,27212.75471192828,experiment,FIFO,0.28,0,variant_2
7710,INSPECTION_1_6,INSPECTION_1_6_LINE,27210.70606836216,0.3030818537117739,11,0.3030818537117739,56.97107647568919,2.048643566118699,10,27153.73499188647,27212.75471192828,experiment,FIFO,0.28,0,variant_2
7710,INSPECTION_1_7,INSPECTION_1_7_LINE,27212.75471192828,2.048643566118699,12,2.048643566118699,59.019720041807886,0.0,10,27153.73499188647,27212.75471192828,experiment,FIFO,0.28,0,variant_2
7711,MOULDING_3,MOULDING_MACHINE_3,27153.822262984053,1.1817431687341013,1,0.0,0.0,72.27562621602556,18,27153.822262984053,27226.09788920008,experiment,FIFO,0.28,0,variant_3
7711,ASSEMBLY_1_4,LINE_4_ASSEMBLY1,27160.696552320314,6.874289336261427,2,6.874289336261427,6.874289336261427,65.40133687976413,17,27153.822262984053,27226.09788920008,experiment,FIFO,0.28,0,variant_3
7711,ASSEMBLY_2_1,ASSEMBLY2_LINE_1,27210.28649892233,7.742789117051871,3,49.589946602016425,56.46423593827785,15.811390277747705,10,27153.822262984053,27226.09788920008,experiment,FIFO,0.28,0,variant_3
7711,SORTING,SORTING_ROBOT_1,27218.641249201795,3.9354329893139948,4,8.354750279464497,64.81898621774235,7.456639998283208,10,27153.822262984053,27226.09788920008,experiment,FIFO,0.28,0,variant_3
7711,PACKAGING_1,PACKAGING_LINE_1,27218.69906482709,0.05781562529591611,5,0.05781562529591611,64.87680184303827,7.398824372987292,10,27153.822262984053,27226.09788920008,experiment,FIFO,0.28,0,variant_3
7711,INSPECTION_1_1,INSPECTION_1_1_LINE,27219.787554353272,1.0884895261806378,6,1.0884895261806378,65.9652913692189,6.310334846806654,10,27153.822262984053,27226.09788920008,experiment,FIFO,0.28,0,variant_3
7711,INSPECTION_1_2,INSPECTION_1_2_LINE,27219.94673151192,0.15917715864634374,7,0.15917715864634374,66.12446852786525,6.1511576881603105,10,27153.822262984053,27226.09788920008,experiment,FIFO,0.28,0,variant_3
7711,INSPECTION_1_3,INSPECTION_1_3_LINE,27221.03549895125,1.0887674393306952,8,1.0887674393306952,67.21323596719594,5.062390248829615,10,27153.822262984053,27226.09788920008,experiment,FIFO,0.28,0,variant_3
7711,INSPECTION_1_4,INSPECTION_1_4_LINE,27222.05470829078,1.0192093395307893,9,1.0192093395307893,68.23244530672673,4.043180909298826,10,27153.822262984053,27226.09788920008,experiment,FIFO,0.28,0,variant_3
7711,INSPECTION_1_5,INSPECTION_1_5_LINE,27223.76210550717,1.7073972163889266,10,1.7073972163889266,69.93984252311566,2.3357836929098994,10,27153.822262984053,27226.09788920008,experiment,FIFO,0.28,0,variant_3
7711,INSPECTION_1_6,INSPECTION_1_6_LINE,27225.50238642264,1.7402809154700662,11,1.7402809154700662,71.68012343858572,0.5955027774398332,11,27153.822262984053,27226.09788920008,experiment,FIFO,0.28,0,variant_3
7711,INSPECTION_1_7,INSPECTION_1_7_LINE,27226.09788920008,0.5955027774398332,12,0.5955027774398332,72.27562621602556,0.0,10,27153.822262984053,27226.09788920008,experiment,FIFO,0.28,0,variant_3
7712,MOULDING_2,MOULDING_MACHINE_2,27157.082343625912,1.4737639158629463,1,0.0,0.0,21.765599590296915,18,27157.082343625912,27178.84794321621,experiment,FIFO,0.28,0,variant_4
7712,ASSEMBLY_1_4,LINE_4_ASSEMBLY1,27161.059180905413,0.36262858509871876,2,3.9768372795006144,3.9768372795006144,17.7887623107963,17,27157.082343625912,27178.84794321621,experiment,FIFO,0.28,0,variant_4
7712,ASSEMBLY_2_2,ASSEMBLY2_LINE_2,27164.678523820505,3.405488911233988,3,3.6193429150916927,7.596180194592307,14.169419395704608,17,27157.082343625912,27178.84794321621,experiment,FIFO,0.28,0,variant_4
7712,SORTING,SORTING_ROBOT_1,27169.382859751164,2.7400271067454014,4,4.704335930658999,12.300516125251306,9.465083465045609,17,27157.082343625912,27178.84794321621,experiment,FIFO,0.28,0,variant_4
7712,PACKAGING_1,PACKAGING_LINE_1,27169.44437291161,0.06151316044633859,5,0.06151316044633859,12.362029285697645,9.40357030459927,17,27157.082343625912,27178.84794321621,experiment,FIFO,0.28,0,variant_4
7712,INSPECTION_1_1,INSPECTION_1_1_LINE,27169.771442105022,0.32706919341217144,6,0.32706919341217144,12.689098479109816,9.076501111187099,17,27157.082343625912,27178.84794321621,experiment,FIFO,0.28,0,variant_4
7712,INSPECTION_1_2,INSPECTION_1_2_LINE,27171.4445721024,1.6731299973762361,7,1.6731299973762361,14.362228476486052,7.403371113810863,16,27157.082343625912,27178.84794321621,experiment,FIFO,0.28,0,variant_4
7712,INSPECTION_1_3,INSPECTION_1_3_LINE,27172.94625668143,1.5016845790305524,8,1.5016845790305524,15.863913055516605,5.9016865347803105,13,27157.082343625912,27178.84794321621,experiment,FIFO,0.28,0,variant_4
7712,INSPECTION_1_4,INSPECTION_1_4_LINE,27174.7386076294,1.7923509479696804,9,1.7923509479696804,17.656264003486285,4.10933558681063,12,27157.082343625912,27178.84794321621,experiment,FIFO,0.28,0,variant_4
7712,INSPECTION_1_5,INSPECTION_1_5_LINE,27175.264385074395,0.5257774449964927,10,0.5257774449964927,18.182041448482778,3.5835581418141373,12,27157.082343625912,27178.84794321621,experiment,FIFO,0.28,0,variant_4
7712,INSPECTION_1_6,INSPECTION_1_6_LINE,27178.543446587817,3.279061513421766,11,3.279061513421766,21.461102961904544,0.30449662839237135,13,27157.082343625912,27178.84794321621,experiment,FIFO,0.28,0,variant_4
7712,INSPECTION_1_7,INSPECTION_1_7_LINE,27178.84794321621,0.30449662839237135,12,0.30449662839237135,21.765599590296915,0.0,12,27157.082343625912,27178.84794321621,experiment,FIFO,0.28,0,variant_4
7713,MOULDING_5,MOULDING_MACHINE_5,27166.84878716143,2.4974357793289528,1,0.0,0.0,31.728949930209637,17,27166.84878716143,27198.57773709164,experiment,FIFO,0.28,0,variant_2
7713,ASSEMBLY_1_5,LINE_5_ASSEMBLY1,27175.79019840764,8.941411246210919,2,8.941411246210919,8.941411246210919,22.78753868399872,12,27166.84878716143,27198.57773709164,experiment,FIFO,0.28,0,variant_2
7713,ASSEMBLY_2_2,ASSEMBLY2_LINE_2,27180.13057844541,4.340380037767318,3,4.340380037767318,13.281791283978237,18.4471586462314,13,27166.84878716143,27198.57773709164,experiment,FIFO,0.28,0,variant_2
7713,SORTING,SORTING_ROBOT_1,27181.31587106713,1.1852926217216009,4,1.1852926217216009,14.467083905699837,17.2618660245098,11,27166.84878716143,27198.57773709164,experiment,FIFO,0.28,0,variant_2
7713,PACKAGING_3,PACKAGING_LINE_3,27187.50825780896,3.4531499499098572,5,6.192386741829978,20.659470647529815,11.069479282679822,11,27166.84878716143,27198.57773709164,experiment,FIFO,0.28,0,variant_2
7713,INSPECTION_2_1,INSPECTION_2_1_LINE,27187.88796396261,0.37970615364974947,6,0.37970615364974947,21.039176801179565,10.689773129030073,11,27166.84878716143,27198.57773709164,experiment,FIFO,0.28,0,variant_2
7713,INSPECTION_2_2,INSPECTION_2_2_LINE,27189.230002451462,1.3420384888522676,7,1.3420384888522676,22.381215290031832,9.347734640177805,11,27166.84878716143,27198.57773709164,experiment,FIFO,0.28,0,variant_2
7713,INSPECTION_2_3,INSPECTION_2_3_LINE,27192.050396569965,2.8203941185020085,8,2.8203941185020085,25.20160940853384,6.5273405216757965,12,27166.84878716143,27198.57773709164,experiment,FIFO,0.28,0,variant_2
7713,INSPECTION_2_4,INSPECTION_2_4_LINE,27192.73589059808,0.6854940281154995,9,0.6854940281154995,25.88710343664934,5.841846493560297,11,27166.84878716143,27198.57773709164,experiment,FIFO,0.28,0,variant_2
7713,INSPECTION_2_5,INSPECTION_2_5_LINE,27192.87164414248,0.1357535444003588,10,0.1357535444003588,26.0228569810497,5.706092949159938,11,27166.84878716143,27198.57773709164,experiment,FIFO,0.28,0,variant_2
7713,INSPECTION_2_6,INSPECTION_2_6_LINE,27197.19007422483,4.318430082348641,11,4.318430082348641,30.34128706339834,1.3876628668112971,11,27166.84878716143,27198.57773709164,experiment,FIFO,0.28,0,variant_2
7713,INSPECTION_2_7,INSPECTION_2_7_LINE,27198.57773709164,1.3876628668112971,12,1.3876628668112971,31.728949930209637,0.0,10,27166.84878716143,27198.57773709164,experiment,FIFO,0.28,0,variant_2
7714,MOULDING_1,MOULDING_MACHINE_1,27175.8771470759,10.975448578708892,1,0.0,0.0,85.21915483725024,13,27175.8771470759,27261.09630191315,experiment,FIFO,0.28,0,variant_4
7714,ASSEMBLY_1_3,LINE_3_ASSEMBLY1,27180.46592327465,4.5887761987505655,2,4.5887761987505655,4.5887761987505655,80.63037863849968,13,27175.8771470759,27261.09630191315,experiment,FIFO,0.28,0,variant_4
7714,ASSEMBLY_2_1,ASSEMBLY2_LINE_1,27244.398648693423,34.112149771091936,3,63.93272541877377,68.52150161752434,16.697653219725908,17,27175.8771470759,27261.09630191315,experiment,FIFO,0.28,0,variant_4
7714,SORTING,SORTING_ROBOT_1,27245.76670379915,1.3406899352848995,4,1.3680551057259436,69.88955672325028,15.329598113999964,17,27175.8771470759,27261.09630191315,experiment,FIFO,0.28,0,variant_4
7714,PACKAGING_1,PACKAGING_LINE_1,27246.014252184807,0.24754838565786486,5,0.24754838565786486,70.13710510890814,15.0820497283421,17,27175.8771470759,27261.09630191315,experiment,FIFO,0.28,0,variant_4
7714,INSPECTION_1_1,INSPECTION_1_1_LINE,27246.077866583128,0.06361439832107862,6,0.06361439832107862,70.20071950722922,15.01843533002102,17,27175.8771470759,27261.09630191315,experiment,FIFO,0.28,0,variant_4
7714,INSPECTION_1_2,INSPECTION_1_2_LINE,27246.64684195419,0.4092676550390024,7,0.5689753710612422,70.76969487829047,14.449459958959778,17,27175.8771470759,27261.09630191315,experiment,FIFO,0.28,0,variant_4
7714,INSPECTION_1_3,INSPECTION_1_3_LINE,27247.858693579463,1.2118516252739937,8,1.2118516252739937,71.98154650356446,13.237608333685785,18,27175.8771470759,27261.09630191315,experiment,FIFO,0.28,0,variant_4
7714,INSPECTION_1_4,INSPECTION_1_4_LINE,27253.09302150689,5.2343279274282395,9,5.2343279274282395,77.2158744309927,8.003280406257545,20,27175.8771470759,27261.09630191315,experiment,FIFO,0.28,0,variant_4
7714,INSPECTION_1_5,INSPECTION_1_5_LINE,27254.65097984151,1.5579583346188883,10,1.5579583346188883,78.77383276561159,6.445322071638657,20,27175.8771470759,27261.09630191315,experiment,FIFO,0.28,0,variant_4
7714,INSPECTION_1_6,INSPECTION_1_6_LINE,27260.60209089056,5.951111049049359,11,5.951111049049359,84.72494381466095,0.4942110225892975,21,27175.8771470759,27261.09630191315,experiment,FIFO,0.28,0,variant_4
7714,INSPECTION_1_7,INSPECTION_1_7_LINE,27261.09630191315,0.4942110225892975,12,0.4942110225892975,85.21915483725024,0.0,20,27175.8771470759,27261.09630191315,experiment,FIFO,0.28,0,variant_4
7715,MOULDING_5,MOULDING_MACHINE_5,27177.694868186936,6.338279438070458,1,0.0,0.0,56.017407771196304,13,27177.694868186936,27233.712275958133,experiment,FIFO,0.28,0,variant_5
7715,ASSEMBLY_1_4,LINE_4_ASSEMBLY1,27178.21479026979,0.519922082854464,2,0.519922082854464,0.519922082854464,55.49748568834184,13,27177.694868186936,27233.712275958133,experiment,FIFO,0.28,0,variant_5
7715,ASSEMBLY_2_2,ASSEMBLY2_LINE_2,27184.07218128678,3.9416028413725144,3,5.857391016990732,6.377313099845196,49.64009467135111,11,27177.694868186936,27233.712275958133,experiment,FIFO,0.28,0,variant_5
7715,SORTING,SORTING_ROBOT_1,27198.83213869086,6.047569174890668,4,14.759957404079614,21.13727050392481,34.88013726727149,10,27177.694868186936,27233.712275958133,experiment,FIFO,0.28,0,variant_5
7715,PACKAGING_2,PACKAGING_LINE_2,27217.26292812176,18.430789430898585,5,18.430789430898585,39.568059934823395,16.449347836372908,10,27177.694868186936,27233.712275958133,experiment,FIFO,0.28,0,variant_5
7715,INSPECTION_2_1,INSPECTION_2_1_LINE,27217.59276117935,0.32983305758898496,6,0.32983305758898496,39.89789299241238,16.119514778783923,10,27177.694868186936,27233.712275958133,experiment,FIFO,0.28,0,variant_5
7715,INSPECTION_2_2,INSPECTION_2_2_LINE,27220.617386589547,0.1970518760062987,7,3.024625410198496,42.922518402610876,13.094889368585427,10,27177.694868186936,27233.712275958133,experiment,FIFO,0.28,0,variant_5
7715,INSPECTION_2_3,INSPECTION_2_3_LINE,27223.59287978845,0.25845175826907507,8,2.975493198904587,45.898011601515464,10.11939616968084,10,27177.694868186936,27233.712275958133,experiment,FIFO,0.28,0,variant_5
7715,INSPECTION_2_4,INSPECTION_2_4_LINE,27227.24722478281,3.0135529013277846,9,3.6543449943565065,49.55235659587197,6.465051175324334,12,27177.694868186936,27233.712275958133,experiment,FIFO,0.28,0,variant_5
7715,INSPECTION_2_5,INSPECTION_2_5_LINE,27227.998392542373,0.7511677595648507,10,0.7511677595648507,50.30352435543682,5.713883415759483,12,27177.694868186936,27233.712275958133,experiment,FIFO,0.28,0,variant_5
7715,INSPECTION_2_6,INSPECTION_2_6_LINE,27229.12802700869,1.1296344663169293,11,1.1296344663169293,51.43315882175375,4.584248949442554,11,27177.694868186936,27233.712275958133,experiment,FIFO,0.28,0,variant_5
7715,INSPECTION_2_7,INSPECTION_2_7_LINE,27233.712275958133,4.584248949442554,12,4.584248949442554,56.017407771196304,0.0,11,27177.694868186936,27233.712275958133,experiment,FIFO,0.28,0,variant_5
7716,MOULDING_3,MOULDING_MACHINE_3,27176.87563768474,0.49971947501035174,1,0.0,0.0,91.30665509533719,13,27176.87563768474,27268.18229278008,experiment,FIFO,0.28,0,variant_5
7716,ASSEMBLY_1_3,LINE_3_ASSEMBLY1,27186.40773078206,5.941807507409976,2,9.532093097317556,9.532093097317556,81.77456199801964,11,27176.87563768474,27268.18229278008,experiment,FIFO,0.28,0,variant_5
7716,ASSEMBLY_2_1,ASSEMBLY2_LINE_1,27252.11832202337,7.71967332994609,3,65.71059124130988,75.24268433862744,16.06397075670975,20,27176.87563768474,27268.18229278008,experiment,FIFO,0.28,0,variant_5
7716,SORTING,SORTING_ROBOT_1,27261.65648615502,0.6584460151570966,4,9.538164131652593,84.78084847028003,6.525806625057157,21,27176.87563768474,27268.18229278008,experiment,FIFO,0.28,0,variant_5
7716,PACKAGING_3,PACKAGING_LINE_3,27262.14029208232,0.48380592729881755,5,0.48380592729881755,85.26465439757885,6.04200069775834,21,27176.87563768474,27268.18229278008,experiment,FIFO,0.28,0,variant_5
7716,INSPECTION_1_1,INSPECTION_1_1_LINE,27262.939653634323,0.7993615520026651,6,0.7993615520026651,86.06401594958152,5.242639145755675,20,27176.87563768474,27268.18229278008,experiment,FIFO,0.28,0,variant_5
7716,INSPECTION_1_2,INSPECTION_1_2_LINE,27263.24902327862,0.30936964429565705,7,0.30936964429565705,86.37338559387717,4.933269501460018,20,27176.87563768474,27268.18229278008,experiment,FIFO,0.28,0,variant_5
7716,INSPECTION_1_2,INSPECTION_1_2_LINE,27263.53367536231,0.2846520836901618,8,0.2846520836901618,86.65803767756734,4.648617417769856,20,27176.87563768474,27268.18229278008,experiment,FIFO,0.28,0,variant_5
7716,INSPECTION_1_3,INSPECTION_1_3_LINE,27265.68512237674,2.151447014432051,9,2.151447014432051,88.80948469199939,2.4971704033378046,22,27176.87563768474,27268.18229278008,experiment,FIFO,0.28,0,variant_5
7716,INSPECTION_1_4,INSPECTION_1_4_LINE,27265.970483010224,0.28536063348292373,10,0.28536063348292373,89.09484532548231,2.211809769854881,22,27176.87563768474,27268.18229278008,experiment,FIFO,0.28,0,variant_5
7716,INSPECTION_1_5,INSPECTION_1_5_LINE,27267.86565291436,1.8951699041354004,11,1.8951699041354004,90.99001522961771,0.31663986571948044,23,27176.87563768474,27268.18229278008,experiment,FIFO,0.28,0,variant_5
7716,INSPECTION_1_6,INSPECTION_1_6_LINE,27268.06555724046,0.19990432610211428,12,0.19990432610211428,91.18991955571983,0.11673553961736616,23,27176.87563768474,27268.18229278008,experiment,FIFO,0.28,0,variant_5
7716,INSPECTION_1_7,INSPECTION_1_7_LINE,27268.18229278008,0.11673553961736616,13,0.11673553961736616,91.30665509533719,0.0,22,27176.87563768474,27268.18229278008,experiment,FIFO,0.28,0,variant_5
7717,MOULDING_3,MOULDING_MACHINE_3,27179.785799895217,2.7897589215099288,1,0.0,0.0,105.87991907918331,13,27179.785799895217,27285.6657189744,experiment,FIFO,0.28,0,variant_3
7717,ASSEMBLY_1_1,LINE_1_ASSEMBLY1,27198.84095888052,19.055158985302114,2,19.055158985302114,19.055158985302114,86.8247600938812,10,27179.785799895217,27285.6657189744,experiment,FIFO,0.28,0,variant_3
7717,ASSEMBLY_2_1,ASSEMBLY2_LINE_1,27254.410796833567,2.2924748101977457,3,55.56983795304768,74.6249969383498,31.254922140833514,20,27179.785799895217,27285.6657189744,experiment,FIFO,0.28,0,variant_3
7717,SORTING,SORTING_ROBOT_1,27262.34310803727,0.6866218822469818,4,7.932311203701829,82.55730814205162,23.322610937131685,20,27179.785799895217,27285.6657189744,experiment,FIFO,0.28,0,variant_3
7717,PACKAGING_3,PACKAGING_LINE_3,27271.74465240205,9.40154436478042,5,9.40154436478042,91.95885250683205,13.921066572351265,23,27179.785799895217,27285.6657189744,experiment,FIFO,0.28,0,variant_3
7717,INSPECTION_2_1,INSPECTION_2_1_LINE,27272.22363641291,0.47898401086058584,6,0.47898401086058584,92.43783651769263,13.442082561490679,23,27179.785799895217,27285.6657189744,experiment,FIFO,0.28,0,variant_3
7717,INSPECTION_2_2,INSPECTION_2_2_LINE,27273.59963164987,1.3759952369618986,7,1.3759952369618986,93.81383175465453,12.06608732452878,22,27179.785799895217,27285.6657189744,experiment,FIFO,0.28,0,variant_3
7717,INSPECTION_2_3,INSPECTION_2_3_LINE,27274.61474724908,1.015115599209821,8,1.015115599209821,94.82894735386435,11.05097172531896,22,27179.785799895217,27285.6657189744,experiment,FIFO,0.28,0,variant_3
7717,INSPECTION_2_4,INSPECTION_2_4_LINE,27276.843842319988,2.2290950709066237,9,2.2290950709066237,97.05804242477097,8.821876654412335,22,27179.785799895217,27285.6657189744,experiment,FIFO,0.28,0,variant_3
7717,INSPECTION_2_5,INSPECTION_2_5_LINE,27277.81791011512,0.9740677951340331,10,0.9740677951340331,98.03211021990501,7.847808859278302,22,27179.785799895217,27285.6657189744,experiment,FIFO,0.28,0,variant_3
7717,INSPECTION_2_6,INSPECTION_2_6_LINE,27284.832195605497,7.014285490375187,11,7.014285490375187,105.0463957102802,0.8335233689031156,23,27179.785799895217,27285.6657189744,experiment,FIFO,0.28,0,variant_3
7717,INSPECTION_2_7,INSPECTION_2_7_LINE,27285.6657189744,0.8335233689031156,12,0.8335233689031156,105.87991907918331,0.0,22,27179.785799895217,27285.6657189744,experiment,FIFO,0.28,0,variant_3
7718,MOULDING_2,MOULDING_MACHINE_2,27191.06823252223,9.391457907629956,1,0.0,0.0,117.7549736988185,12,27191.06823252223,27308.823206221048,experiment,FIFO,0.28,0,variant_4
7718,ASSEMBLY_1_4,LINE_4_ASSEMBLY1,27222.0334739405,30.965241418271034,2,30.965241418271034,30.965241418271034,86.78973228054747,10,27191.06823252223,27308.823206221048,experiment,FIFO,0.28,0,variant_4
7718,ASSEMBLY_2_1,ASSEMBLY2_LINE_1,27285.77091126402,19.180883039432956,3,63.73743732351795,94.70267874178899,23.052294957029517,22,27191.06823252223,27308.823206221048,experiment,FIFO,0.28,0,variant_4
7718,SORTING,SORTING_ROBOT_1,27290.248328380752,4.4774171167337045,4,4.4774171167337045,99.18009585852269,18.574877840295812,24,27191.06823252223,27308.823206221048,experiment,FIFO,0.28,0,variant_4
7718,PACKAGING_3,PACKAGING_LINE_3,27299.65387375966,9.405545378907846,5,9.405545378907846,108.58564123743054,9.169332461387967,23,27191.06823252223,27308.823206221048,experiment,FIFO,0.28,0,variant_4
7718,INSPECTION_2_1,INSPECTION_2_1_LINE,27300.35348496977,0.6996112101114704,6,0.6996112101114704,109.285252447542,8.469721251276496,24,27191.06823252223,27308.823206221048,experiment,FIFO,0.28,0,variant_4
7718,INSPECTION_2_2,INSPECTION_2_2_LINE,27300.51227986008,0.15879489030703553,7,0.15879489030703553,109.44404733784904,8.31092636096946,25,27191.06823252223,27308.823206221048,experiment,FIFO,0.28,0,variant_4
7718,INSPECTION_2_3,INSPECTION_2_3_LINE,27304.09034081595,3.5780609558714787,8,3.5780609558714787,113.02210829372052,4.732865405097982,23,27191.06823252223,27308.823206221048,experiment,FIFO,0.28,0,variant_4
7718,INSPECTION_2_4,INSPECTION_2_4_LINE,27304.73222869453,0.6418878785807465,9,0.6418878785807465,113.66399617230127,4.090977526517236,23,27191.06823252223,27308.823206221048,experiment,FIFO,0.28,0,variant_4
7718,INSPECTION_2_5,INSPECTION_2_5_LINE,27307.8959101699,3.1636814753692306,10,3.1636814753692306,116.8276776476705,0.9272960511480051,22,27191.06823252223,27308.823206221048,experiment,FIFO,0.28,0,variant_4
7718,INSPECTION_2_6,INSPECTION_2_6_LINE,27308.2627778316,0.36686766169805196,11,0.36686766169805196,117.19454530936855,0.5604283894499531,22,27191.06823252223,27308.823206221048,experiment,FIFO,0.28,0,variant_4
7718,INSPECTION_2_7,INSPECTION_2_7_LINE,27308.823206221048,0.5604283894499531,12,0.5604283894499531,117.7549736988185,0.0,21,27191.06823252223,27308.823206221048,experiment,FIFO,0.28,0,variant_4
7719,MOULDING_3,MOULDING_MACHINE_3,27191.014905950105,2.19515263593712,1,0.0,0.0,37.526477149982384,11,27191.014905950105,27228.541383100088,experiment,FIFO,0.28,0,variant_4
7719,ASSEMBLY_1_1,LINE_1_ASSEMBLY1,27202.802030921044,3.9610720405253232,2,11.787124970938748,11.787124970938748,25.739352179043635,11,27191.014905950105,27228.541383100088,experiment,FIFO,0.28,0,variant_4
7719,ASSEMBLY_2_2,ASSEMBLY2_LINE_2,27207.70528151769,3.6819813830625208,3,4.903250596646103,16.69037556758485,20.836101582397532,10,27191.014905950105,27228.541383100088,experiment,FIFO,0.28,0,variant_4
7719,SORTING,SORTING_ROBOT_1,27214.70581621248,7.000534694790986,4,7.000534694790986,23.690910262375837,13.835566887606547,9,27191.014905950105,27228.541383100088,experiment,FIFO,0.28,0,variant_4
7719,PACKAGING_1,PACKAGING_LINE_1,27216.13931955431,1.4335033418283274,5,1.4335033418283274,25.124413604204165,12.40206354577822,10,27191.014905950105,27228.541383100088,experiment,FIFO,0.28,0,variant_4
7719,INSPECTION_2_1,INSPECTION_2_1_LINE,27216.42981657352,0.29049701921030646,6,0.29049701921030646,25.41491062341447,12.111566526567913,10,27191.014905950105,27228.541383100088,experiment,FIFO,0.28,0,variant_4
7719,INSPECTION_2_2,INSPECTION_2_2_LINE,27220.42033471354,3.9905181400208676,7,3.9905181400208676,29.40542876343534,8.121048386547045,10,27191.014905950105,27228.541383100088,experiment,FIFO,0.28,0,variant_4
7719,INSPECTION_2_3,INSPECTION_2_3_LINE,27223.334428030183,2.914093316641811,8,2.914093316641811,32.31952208007715,5.206955069905234,10,27191.014905950105,27228.541383100088,experiment,FIFO,0.28,0,variant_4
7719,INSPECTION_2_4,INSPECTION_2_4_LINE,27224.23367188148,0.8992438512977969,9,0.8992438512977969,33.218765931374946,4.307711218607437,10,27191.014905950105,27228.541383100088,experiment,FIFO,0.28,0,variant_4
7719,INSPECTION_2_5,INSPECTION_2_5_LINE,27225.73263767213,1.4989657906480716,10,1.4989657906480716,34.71773172202302,2.8087454279593658,11,27191.014905950105,27228.541383100088,experiment,FIFO,0.28,0,variant_4
7719,INSPECTION_2_6,INSPECTION_2_6_LINE,27226.70934423987,0.9767065677406208,11,0.9767065677406208,35.69443828976364,1.832038860218745,11,27191.014905950105,27228.541383100088,experiment,FIFO,0.28,0,variant_4
7719,INSPECTION_2_7,INSPECTION_2_7_LINE,27228.541383100088,1.832038860218745,12,1.832038860218745,37.526477149982384,0.0,11,27191.014905950105,27228.541383100088,experiment,FIFO,0.28,0,variant_4
7720,MOULDING_2,MOULDING_MACHINE_2,27198.90069461563,3.073665476978931,1,0.0,0.0,18.293647425165545,11,27198.90069461563,27217.194342040795,experiment,FIFO,0.28,0,variant_1
7720,ASSEMBLY_1_2,LINE_2_ASSEMBLY1,27199.563700676143,0.6630060605129984,2,0.6630060605129984,0.6630060605129984,17.630641364652547,11,27198.90069461563,27217.194342040795,experiment,FIFO,0.28,0,variant_1
7720,ASSEMBLY_2_2,ASSEMBLY2_LINE_2,27204.023300134628,4.459599458485172,3,4.459599458485172,5.122605518998171,13.171041906167375,10,27198.90069461563,27217.194342040795,experiment,FIFO,0.28,0,variant_1
7720,SORTING,SORTING_ROBOT_1,27204.85223663883,0.8289365042037389,4,0.8289365042037389,5.95154202320191,12.342105401963636,10,27198.90069461563,27217.194342040795,experiment,FIFO,0.28,0,variant_1
7720,PACKAGING_1,PACKAGING_LINE_1,27211.56282480503,6.57901726495038,5,6.710588166199159,12.662130189401068,5.631517235764477,10,27198.90069461563,27217.194342040795,experiment,FIFO,0.28,0,variant_1
7720,INSPECTION_1_1,INSPECTION_1_1_LINE,27211.915461856253,0.3526370512227004,6,0.3526370512227004,13.014767240623769,5.2788801845417765,11,27198.90069461563,27217.194342040795,experiment,FIFO,0.28,0,variant_1
7720,INSPECTION_1_2,INSPECTION_1_2_LINE,27212.847551612085,0.9320897558318393,7,0.9320897558318393,13.946856996455608,4.346790428709937,10,27198.90069461563,27217.194342040795,experiment,FIFO,0.28,0,variant_1
7720,INSPECTION_1_3,INSPECTION_1_3_LINE,27212.880338333875,0.032786721789307194,8,0.032786721789307194,13.979643718244915,4.31400370692063,10,27198.90069461563,27217.194342040795,experiment,FIFO,0.28,0,variant_1
7720,INSPECTION_1_4,INSPECTION_1_4_LINE,27214.686865940424,1.8065276065499347,9,1.8065276065499347,15.78617132479485,2.5074761003706953,9,27198.90069461563,27217.194342040795,experiment,FIFO,0.28,0,variant_1
7720,INSPECTION_1_5,INSPECTION_1_5_LINE,27215.801864130222,1.114998189797916,10,1.114998189797916,16.901169514592766,1.3924779105727794,10,27198.90069461563,27217.194342040795,experiment,FIFO,0.28,0,variant_1
7720,INSPECTION_1_6,INSPECTION_1_6_LINE,27216.167671925123,0.36580779490032,11,0.36580779490032,17.266977309493086,1.0266701156724594,10,27198.90069461563,27217.194342040795,experiment,FIFO,0.28,0,variant_1
7720,INSPECTION_1_7,INSPECTION_1_7_LINE,27217.194342040795,1.0266701156724594,12,1.0266701156724594,18.293647425165545,0.0,10,27198.90069461563,27217.194342040795,experiment,FIFO,0.28,0,variant_1
7721,MOULDING_2,MOULDING_MACHINE_2,27211.57736959202,12.67667497639195,1,0.0,0.0,81.15820692271518,11,27211.57736959202,27292.735576514737,experiment,FIFO,0.28,0,variant_4
7721,ASSEMBLY_1_5,LINE_5_ASSEMBLY1,27212.082183866394,0.5048142743726203,2,0.5048142743726203,0.5048142743726203,80.65339264834256,11,27211.57736959202,27292.735576514737,experiment,FIFO,0.28,0,variant_4
7721,ASSEMBLY_2_1,ASSEMBLY2_LINE_1,27256.875438904484,2.464642070917762,3,44.79325503809014,45.29806931246276,35.86013761025242,20,27211.57736959202,27292.735576514737,experiment,FIFO,0.28,0,variant_4
7721,SORTING,SORTING_ROBOT_1,27265.098530672687,2.755422635418654,4,8.223091768202721,53.52116108066548,27.6370458420497,21,27211.57736959202,27292.735576514737,experiment,FIFO,0.28,0,variant_4
7721,PACKAGING_3,PACKAGING_LINE_3,27277.116406743386,5.371754341336782,5,12.017876070698549,65.53903715136403,15.619169771351153,22,27211.57736959202,27292.735576514737,experiment,FIFO,0.28,0,variant_4
7721,INSPECTION_1_1,INSPECTION_1_1_LINE,27278.71781060383,1.6014038604444067,6,1.6014038604444067,67.14044101180843,14.017765910906746,22,27211.57736959202,27292.735576514737,experiment,FIFO,0.28,0,variant_4
7721,INSPECTION_1_2,INSPECTION_1_2_LINE,27287.102975353533,8.385164749703108,7,8.385164749703108,75.52560576151154,5.632601161203638,22,27211.57736959202,27292.735576514737,experiment,FIFO,0.28,0,variant_4
7721,INSPECTION_1_3,INSPECTION_1_3_LINE,27288.27075634351,1.167780989977473,8,1.167780989977473,76.69338675148902,4.464820171226165,22,27211.57736959202,27292.735576514737,experiment,FIFO,0.28,0,variant_4
7721,INSPECTION_1_4,INSPECTION_1_4_LINE,27288.849935375183,0.5791790316725383,9,0.5791790316725383,77.27256578316155,3.885641139553627,23,27211.57736959202,27292.735576514737,experiment,FIFO,0.28,0,variant_4
7721,INSPECTION_1_5,INSPECTION_1_5_LINE,27291.08175526971,2.2318198945285985,10,2.2318198945285985,79.50438567769015,1.6538212450250285,24,27211.57736959202,27292.735576514737,experiment,FIFO,0.28,0,variant_4
7721,INSPECTION_1_6,INSPECTION_1_6_LINE,27291.26204800391,0.180292734199611,11,0.180292734199611,79.68467841188976,1.4735285108254175,24,27211.57736959202,27292.735576514737,experiment,FIFO,0.28,0,variant_4
7721,INSPECTION_1_7,INSPECTION_1_7_LINE,27292.735576514737,1.4735285108254175,12,1.4735285108254175,81.15820692271518,0.0,24,27211.57736959202,27292.735576514737,experiment,FIFO,0.28,0,variant_4
7722,MOULDING_3,MOULDING_MACHINE_3,27215.41039870675,4.093736485065165,1,0.0,0.0,79.68175705275644,10,27215.41039870675,27295.092155759507,experiment,FIFO,0.28,0,variant_3
7722,ASSEMBLY_1_5,LINE_5_ASSEMBLY1,27219.71723931269,4.306840605939215,2,4.306840605939215,4.306840605939215,75.37491644681722,10,27215.41039870675,27295.092155759507,experiment,FIFO,0.28,0,variant_3
7722,ASSEMBLY_2_1,ASSEMBLY2_LINE_1,27266.590028224586,9.714589320101368,3,46.87278891189635,51.179629517835565,28.502127534920874,22,27215.41039870675,27295.092155759507,experiment,FIFO,0.28,0,variant_3
7722,SORTING,SORTING_ROBOT_1,27267.729842276687,1.1398140521014284,4,1.1398140521014284,52.31944356993699,27.362313482819445,23,27215.41039870675,27295.092155759507,experiment,FIFO,0.28,0,variant_3
7722,PACKAGING_1,PACKAGING_LINE_1,27282.20344941455,12.54155639306191,5,14.473607137861109,66.7930507077981,12.888706344958337,22,27215.41039870675,27295.092155759507,experiment,FIFO,0.28,0,variant_3
7722,INSPECTION_2_1,INSPECTION_2_1_LINE,27283.87520527473,1.6717558601812925,6,1.6717558601812925,68.4648065679794,11.216950484777044,22,27215.41039870675,27295.092155759507,experiment,FIFO,0.28,0,variant_3
7722,INSPECTION_2_2,INSPECTION_2_2_LINE,27287.294721932805,3.419516658075736,7,3.419516658075736,71.88432322605513,7.797433826701308,22,27215.41039870675,27295.092155759507,experiment,FIFO,0.28,0,variant_3
7722,INSPECTION_2_3,INSPECTION_2_3_LINE,27288.44076167079,1.1460397379851202,8,1.1460397379851202,73.03036296404025,6.651394088716188,22,27215.41039870675,27295.092155759507,experiment,FIFO,0.28,0,variant_3
7722,INSPECTION_2_4,INSPECTION_2_4_LINE,27288.991621428,0.5508597572079452,9,0.5508597572079452,73.5812227212482,6.100534331508243,23,27215.41039870675,27295.092155759507,experiment,FIFO,0.28,0,variant_3
7722,INSPECTION_2_5,INSPECTION_2_5_LINE,27292.761018771664,3.7693973436653323,10,3.7693973436653323,77.35062006491353,2.3311369878429105,24,27215.41039870675,27295.092155759507,experiment,FIFO,0.28,0,variant_3
7722,INSPECTION_2_6,INSPECTION_2_6_LINE,27294.35517203789,1.5941532662254758,11,1.5941532662254758,78.944773331139,0.7369837216174346,24,27215.41039870675,27295.092155759507,experiment,FIFO,0.28,0,variant_3
7722,INSPECTION_2_7,INSPECTION_2_7_LINE,27295.092155759507,0.7369837216174346,12,0.7369837216174346,79.68175705275644,0.0,24,27215.41039870675,27295.092155759507,experiment,FIFO,0.28,0,variant_3
7723,MOULDING_5,MOULDING_MACHINE_5,27217.07039468587,5.729584333854291,1,0.0,0.0,84.06149525154615,11,27217.07039468587,27301.131889937416,experiment,FIFO,0.28,0,variant_4
7723,ASSEMBLY_1_4,LINE_4_ASSEMBLY1,27229.59539187429,7.561917933788209,2,12.524997188418638,12.524997188418638,71.53649806312751,11,27217.07039468587,27301.131889937416,experiment,FIFO,0.28,0,variant_4
7723,ASSEMBLY_2_1,ASSEMBLY2_LINE_1,27285.77844850872,0.00753724470268935,3,56.18305663443243,68.70805382285107,15.353441428695078,22,27217.07039468587,27301.131889937416,experiment,FIFO,0.28,0,variant_4
7723,SORTING,SORTING_ROBOT_1,27290.852039570727,0.6037111899750016,4,5.073591062006017,73.78164488485709,10.279850366689061,24,27217.07039468587,27301.131889937416,experiment,FIFO,0.28,0,variant_4
7723,PACKAGING_1,PACKAGING_LINE_1,27292.797832510954,1.709128739490552,5,1.9457929402269656,75.72743782508405,8.334057426462095,24,27217.07039468587,27301.131889937416,experiment,FIFO,0.28,0,variant_4
7723,INSPECTION_2_1,INSPECTION_2_1_LINE,27294.136462244285,1.3386297333308903,6,1.3386297333308903,77.06606755841494,6.995427693131205,24,27217.07039468587,27301.131889937416,experiment,FIFO,0.28,0,variant_4
7723,INSPECTION_2_2,INSPECTION_2_2_LINE,27295.220130374888,1.0836681306027458,7,1.0836681306027458,78.14973568901769,5.911759562528459,24,27217.07039468587,27301.131889937416,experiment,FIFO,0.28,0,variant_4
7723,INSPECTION_2_3,INSPECTION_2_3_LINE,27296.07566548076,0.8555351058712404,8,0.8555351058712404,79.00527079488893,5.056224456657219,24,27217.07039468587,27301.131889937416,experiment,FIFO,0.28,0,variant_4
7723,INSPECTION_2_4,INSPECTION_2_4_LINE,27297.3993839156,1.323718434839975,9,1.323718434839975,80.3289892297289,3.732506021817244,23,27217.07039468587,27301.131889937416,experiment,FIFO,0.28,0,variant_4
7723,INSPECTION_2_5,INSPECTION_2_5_LINE,27297.62071757297,0.22133365736954147,10,0.22133365736954147,80.55032288709845,3.5111723644477024,24,27217.07039468587,27301.131889937416,experiment,FIFO,0.28,0,variant_4
7723,INSPECTION_2_6,INSPECTION_2_6_LINE,27298.21950716029,0.5987895873222442,11,0.5987895873222442,81.14911247442069,2.9123827771254582,24,27217.07039468587,27301.131889937416,experiment,FIFO,0.28,0,variant_4
7723,INSPECTION_2_7,INSPECTION_2_7_LINE,27301.131889937416,2.9123827771254582,12,2.9123827771254582,84.06149525154615,0.0,24,27217.07039468587,27301.131889937416,experiment,FIFO,0.28,0,variant_4
7724,MOULDING_1,MOULDING_MACHINE_1,27226.30430270294,10.148842443581088,1,0.0,0.0,22.029755180628854,11,27226.30430270294,27248.33405788357,experiment,FIFO,0.28,0,variant_5
7724,ASSEMBLY_1_5,LINE_5_ASSEMBLY1,27233.93560105937,7.631298356427578,2,7.631298356427578,7.631298356427578,14.398456824201276,11,27226.30430270294,27248.33405788357,experiment,FIFO,0.28,0,variant_5
7724,ASSEMBLY_2_2,ASSEMBLY2_LINE_2,27240.36239496555,6.426793906179228,3,6.426793906179228,14.058092262606806,7.971662918022048,16,27226.30430270294,27248.33405788357,experiment,FIFO,0.28,0,variant_5
7724,SORTING,SORTING_ROBOT_1,27243.77224067178,3.409845706231863,4,3.409845706231863,17.46793796883867,4.561817211790185,17,27226.30430270294,27248.33405788357,experiment,FIFO,0.28,0,variant_5
7724,PACKAGING_3,PACKAGING_LINE_3,27245.817258835632,2.045018163851637,5,2.045018163851637,19.512956132690306,2.516799047938548,17,27226.30430270294,27248.33405788357,experiment,FIFO,0.28,0,variant_5
7724,INSPECTION_1_1,INSPECTION_1_1_LINE,27246.013783481023,0.19652464539103676,6,0.19652464539103676,19.709480778081343,2.3202744025475113,17,27226.30430270294,27248.33405788357,experiment,FIFO,0.28,0,variant_5
7724,INSPECTION_1_2,INSPECTION_1_2_LINE,27246.23757429915,0.22379081812687218,7,0.22379081812687218,19.933271596208215,2.096483584420639,17,27226.30430270294,27248.33405788357,experiment,FIFO,0.28,0,variant_5
7724,INSPECTION_1_3,INSPECTION_1_3_LINE,27246.44285531008,0.20528101093077566,8,0.20528101093077566,20.13855260713899,1.8912025734898634,17,27226.30430270294,27248.33405788357,experiment,FIFO,0.28,0,variant_5
7724,INSPECTION_1_4,INSPECTION_1_4_LINE,27246.589931203685,0.14707589360477868,9,0.14707589360477868,20.28562850074377,1.7441266798850847,17,27226.30430270294,27248.33405788357,experiment,FIFO,0.28,0,variant_5
7724,INSPECTION_1_5,INSPECTION_1_5_LINE,27247.018354316657,0.42842311297135893,10,0.42842311297135893,20.714051613715128,1.3157035669137258,18,27226.30430270294,27248.33405788357,experiment,FIFO,0.28,0,variant_5
7724,INSPECTION_1_6,INSPECTION_1_6_LINE,27247.677150568088,0.6587962514313404,11,0.6587962514313404,21.37284786514647,0.6569073154823855,18,27226.30430270294,27248.33405788357,experiment,FIFO,0.28,0,variant_5
7724,INSPECTION_1_7,INSPECTION_1_7_LINE,27248.33405788357,0.6569073154823855,12,0.6569073154823855,22.029755180628854,0.0,17,27226.30430270294,27248.33405788357,experiment,FIFO,0.28,0,variant_5
7725,MOULDING_1,MOULDING_MACHINE_1,27226.81386956471,0.5095668617686897,1,0.0,0.0,41.862930658280675,12,27226.81386956471,27268.67680022299,experiment,FIFO,0.28,0,variant_5
7725,ASSEMBLY_1_1,LINE_1_ASSEMBLY1,27245.651637344698,18.83776777998719,2,18.83776777998719,18.83776777998719,23.025162878293486,17,27226.81386956471,27268.67680022299,experiment,FIFO,0.28,0,variant_5
7725,ASSEMBLY_2_2,ASSEMBLY2_LINE_2,27251.66816633808,5.82515478517962,3,6.016528993382963,24.85429677337015,17.008633884910523,20,27226.81386956471,27268.67680022299,experiment,FIFO,0.28,0,variant_5
7725,SORTING,SORTING_ROBOT_1,27260.998040139864,9.329873801783833,4,9.329873801783833,34.184170575153985,7.67876008312669,21,27226.81386956471,27268.67680022299,experiment,FIFO,0.28,0,variant_5
7725,PACKAGING_2,PACKAGING_LINE_2,27261.69150213065,0.6934619907842716,5,0.6934619907842716,34.87763256593826,6.985298092342418,21,27226.81386956471,27268.67680022299,experiment,FIFO,0.28,0,variant_5
7725,INSPECTION_2_1,INSPECTION_2_1_LINE,27264.152510241984,2.4610081113351043,6,2.4610081113351043,37.33864067727336,4.524289981007314,20,27226.81386956471,27268.67680022299,experiment,FIFO,0.28,0,variant_5
7725,INSPECTION_2_2,INSPECTION_2_2_LINE,27264.46814362609,0.3156333841070591,7,0.3156333841070591,37.65427406138042,4.208656596900255,21,27226.81386956471,27268.67680022299,experiment,FIFO,0.28,0,variant_5
7725,INSPECTION_2_3,INSPECTION_2_3_LINE,27266.696514114905,2.2283704888141074,8,2.2283704888141074,39.88264455019453,1.9802861080861476,22,27226.81386956471,27268.67680022299,experiment,FIFO,0.28,0,variant_5
7725,INSPECTION_2_4,INSPECTION_2_4_LINE,27266.83836837008,0.14185425517644035,9,0.14185425517644035,40.02449880537097,1.8384318529097072,22,27226.81386956471,27268.67680022299,experiment,FIFO,0.28,0,variant_5
7725,INSPECTION_2_5,INSPECTION_2_5_LINE,27267.15061430973,0.312245939647255,10,0.312245939647255,40.33674474501822,1.5261859132624522,22,27226.81386956471,27268.67680022299,experiment,FIFO,0.28,0,variant_5
7725,INSPECTION_2_6,INSPECTION_2_6_LINE,27267.22973120785,0.0791168981231749,11,0.0791168981231749,40.4158616431414,1.4470690151392773,22,27226.81386956471,27268.67680022299,experiment,FIFO,0.28,0,variant_5
7725,INSPECTION_2_7,INSPECTION_2_7_LINE,27268.67680022299,1.4470690151392773,12,1.4470690151392773,41.862930658280675,0.0,21,27226.81386956471,27268.67680022299,experiment,FIFO,0.28,0,variant_5
7726,MOULDING_4,MOULDING_MACHINE_4,27235.29742523456,15.933314894009527,1,0.0,0.0,26.91542494289024,12,27235.29742523456,27262.21285017745,experiment,FIFO,0.28,0,variant_2
7726,ASSEMBLY_1_5,LINE_5_ASSEMBLY1,27235.418983775744,0.12155854118464049,2,0.12155854118464049,0.12155854118464049,26.7938664017056,12,27235.29742523456,27262.21285017745,experiment,FIFO,0.28,0,variant_2
7726,ASSEMBLY_2_2,ASSEMBLY2_LINE_2,27240.87612580612,0.5137308405719523,3,5.457142030376417,5.578700571561058,21.336724371329183,16,27235.29742523456,27262.21285017745,experiment,FIFO,0.28,0,variant_2
7726,SORTING,SORTING_ROBOT_1,27244.426013863864,0.6537731920834631,4,3.549888057743374,9.128588629304431,17.78683631358581,17,27235.29742523456,27262.21285017745,experiment,FIFO,0.28,0,variant_2
7726,PACKAGING_3,PACKAGING_LINE_3,27246.17354446922,0.3562856335884135,5,1.7475306053565873,10.876119234661019,16.03930570822922,17,27235.29742523456,27262.21285017745,experiment,FIFO,0.28,0,variant_2
7726,INSPECTION_1_1,INSPECTION_1_1_LINE,27248.159710212647,1.9861657434266817,6,1.9861657434266817,12.8622849780877,14.05313996480254,18,27235.29742523456,27262.21285017745,experiment,FIFO,0.28,0,variant_2
7726,INSPECTION_1_2,INSPECTION_1_2_LINE,27249.29061004893,1.1308998362837883,7,1.1308998362837883,13.993184814371489,12.922240128518752,17,27235.29742523456,27262.21285017745,experiment,FIFO,0.28,0,variant_2
7726,INSPECTION_1_3,INSPECTION_1_3_LINE,27250.43029470133,1.1396846524003195,8,1.1396846524003195,15.132869466771808,11.782555476118432,19,27235.29742523456,27262.21285017745,experiment,FIFO,0.28,0,variant_2
7726,INSPECTION_1_4,INSPECTION_1_4_LINE,27253.29282287739,0.19980137049788027,9,2.862528176057822,17.99539764282963,8.92002730006061,20,27235.29742523456,27262.21285017745,experiment,FIFO,0.28,0,variant_2
7726,INSPECTION_1_5,INSPECTION_1_5_LINE,27256.49601726877,1.845037427261559,10,3.203194391382567,21.198592034212197,5.716832908678043,20,27235.29742523456,27262.21285017745,experiment,FIFO,0.28,0,variant_2
7726,INSPECTION_1_6,INSPECTION_1_6_LINE,27261.34181308293,0.7397221923711186,11,4.845795814158919,26.044387848371116,0.8710370945191244,21,27235.29742523456,27262.21285017745,experiment,FIFO,0.28,0,variant_2
7726,INSPECTION_1_7,INSPECTION_1_7_LINE,27262.21285017745,0.8710370945191244,12,0.8710370945191244,26.91542494289024,0.0,20,27235.29742523456,27262.21285017745,experiment,FIFO,0.28,0,variant_2
7727,MOULDING_2,MOULDING_MACHINE_2,27225.302945433246,5.061407421348122,1,0.0,0.0,84.29623736220674,11,27225.302945433246,27309.599182795453,experiment,FIFO,0.28,0,variant_3
7727,ASSEMBLY_1_4,LINE_4_ASSEMBLY1,27242.85514939689,13.25975752260274,2,17.552203963645297,17.552203963645297,66.74403339856144,16,27225.302945433246,27309.599182795453,experiment,FIFO,0.28,0,variant_3
7727,ASSEMBLY_2_1,ASSEMBLY2_LINE_1,27295.669672321168,1.2945249886688543,3,52.81452292427639,70.36672688792169,13.929510474285053,24,27225.302945433246,27309.599182795453,experiment,FIFO,0.28,0,variant_3
7727,SORTING,SORTING_ROBOT_1,27301.571541178884,5.901868857716181,4,5.901868857716181,76.26859574563787,8.027641616568872,24,27225.302945433246,27309.599182795453,experiment,FIFO,0.28,0,variant_3
7727,PACKAGING_3,PACKAGING_LINE_3,27301.6810031595,0.1094619806171977,5,0.1094619806171977,76.37805772625507,7.918179635951674,23,27225.302945433246,27309.599182795453,experiment,FIFO,0.28,0,variant_3
7727,INSPECTION_2_1,INSPECTION_2_1_LINE,27302.999765625744,1.3187624662423332,6,1.3187624662423332,77.6968201924974,6.599417169709341,23,27225.302945433246,27309.599182795453,experiment,FIFO,0.28,0,variant_3
7727,INSPECTION_2_2,INSPECTION_2_2_LINE,27304.769552231704,1.7697866059606895,7,1.7697866059606895,79.46660679845809,4.829630563748651,23,27225.302945433246,27309.599182795453,experiment,FIFO,0.28,0,variant_3
7727,INSPECTION_2_3,INSPECTION_2_3_LINE,27305.26376667445,0.4942144427441235,8,0.4942144427441235,79.96082124120221,4.335416121004528,23,27225.302945433246,27309.599182795453,experiment,FIFO,0.28,0,variant_3
7727,INSPECTION_2_4,INSPECTION_2_4_LINE,27305.428173325152,0.16440665070331306,9,0.16440665070331306,80.12522789190552,4.171009470301215,23,27225.302945433246,27309.599182795453,experiment,FIFO,0.28,0,variant_3
7727,INSPECTION_2_5,INSPECTION_2_5_LINE,27309.122202916267,1.2262927463671076,10,3.6940295911153953,83.81925748302092,0.4769798791858193,21,27225.302945433246,27309.599182795453,experiment,FIFO,0.28,0,variant_3
7727,INSPECTION_2_6,INSPECTION_2_6_LINE,27309.58291739316,0.4607144768924627,11,0.4607144768924627,84.27997195991338,0.0162654022933566,21,27225.302945433246,27309.599182795453,experiment,FIFO,0.28,0,variant_3
7727,INSPECTION_2_7,INSPECTION_2_7_LINE,27309.599182795453,0.0162654022933566,12,0.0162654022933566,84.29623736220674,0.0,20,27225.302945433246,27309.599182795453,experiment,FIFO,0.28,0,variant_3
7728,MOULDING_4,MOULDING_MACHINE_4,27235.6997442152,0.402318980639393,1,0.0,0.0,17.723875697382027,13,27235.6997442152,27253.42361991258,experiment,FIFO,0.28,0,variant_4
7728,ASSEMBLY_1_3,LINE_3_ASSEMBLY1,27235.70734991728,0.007605702081491472,2,0.007605702081491472,0.007605702081491472,17.716269995300536,13,27235.6997442152,27253.42361991258,experiment,FIFO,0.28,0,variant_4
7728,ASSEMBLY_2_2,ASSEMBLY2_LINE_2,27245.8430115529,4.966885746780463,3,10.135661635620636,10.143267337702127,7.5806083596799,17,27235.6997442152,27253.42361991258,experiment,FIFO,0.28,0,variant_4
7728,SORTING,SORTING_ROBOT_1,27245.93124252944,0.08823097654021694,4,0.08823097654021694,10.231498314242344,7.492377383139683,17,27235.6997442152,27253.42361991258,experiment,FIFO,0.28,0,variant_4
7728,PACKAGING_2,PACKAGING_LINE_2,27246.59619239212,0.6649498626793502,5,0.6649498626793502,10.896448176921695,6.827427520460333,17,27235.6997442152,27253.42361991258,experiment,FIFO,0.28,0,variant_4
7728,INSPECTION_2_1,INSPECTION_2_1_LINE,27247.11126092296,0.5150685308399261,6,0.5150685308399261,11.41151670776162,6.312358989620407,18,27235.6997442152,27253.42361991258,experiment,FIFO,0.28,0,variant_4
7728,INSPECTION_2_2,INSPECTION_2_2_LINE,27248.539474353343,1.428213430383039,7,1.428213430383039,12.83973013814466,4.884145559237368,17,27235.6997442152,27253.42361991258,experiment,FIFO,0.28,0,variant_4
7728,INSPECTION_2_3,INSPECTION_2_3_LINE,27249.88842097723,1.3489466238861496,8,1.3489466238861496,14.18867676203081,3.535198935351218,17,27235.6997442152,27253.42361991258,experiment,FIFO,0.28,0,variant_4
7728,INSPECTION_2_4,INSPECTION_2_4_LINE,27250.58338473304,0.6949637558100221,9,0.6949637558100221,14.883640517840831,2.840235179541196,19,27235.6997442152,27253.42361991258,experiment,FIFO,0.28,0,variant_4
7728,INSPECTION_2_5,INSPECTION_2_5_LINE,27251.358839137807,0.7754544047675154,10,0.7754544047675154,15.659094922608347,2.0647807747736806,20,27235.6997442152,27253.42361991258,experiment,FIFO,0.28,0,variant_4
7728,INSPECTION_2_6,INSPECTION_2_6_LINE,27252.33984810868,0.9810089708735177,11,0.9810089708735177,16.640103893481864,1.083771803900163,20,27235.6997442152,27253.42361991258,experiment,FIFO,0.28,0,variant_4
7728,INSPECTION_2_7,INSPECTION_2_7_LINE,27253.42361991258,1.083771803900163,12,1.083771803900163,17.723875697382027,0.0,19,27235.6997442152,27253.42361991258,experiment,FIFO,0.28,0,variant_4
7729,MOULDING_2,MOULDING_MACHINE_2,27233.45441691724,8.1514714839941,1,0.0,0.0,39.94134330036832,12,27233.45441691724,27273.39576021761,experiment,FIFO,0.28,0,variant_1
7729,ASSEMBLY_1_4,LINE_4_ASSEMBLY1,27249.67874527671,6.823595879817731,2,16.224328359468927,16.224328359468927,23.71701494089939,17,27233.45441691724,27273.39576021761,experiment,FIFO,0.28,0,variant_1
7729,ASSEMBLY_2_2,ASSEMBLY2_LINE_2,27257.9441322164,6.2759658783179475,3,8.265386939689051,24.48971529915798,15.451628001210338,20,27233.45441691724,27273.39576021761,experiment,FIFO,0.28,0,variant_1
7729,SORTING,SORTING_ROBOT_1,27265.45884029313,0.3603096204424219,4,7.51470807673104,32.00442337588902,7.936919924479298,22,27233.45441691724,27273.39576021761,experiment,FIFO,0.28,0,variant_1
7729,PACKAGING_1,PACKAGING_LINE_1,27269.661893021486,4.203052728356852,5,4.203052728356852,36.20747610424587,3.7338671961224463,22,27233.45441691724,27273.39576021761,experiment,FIFO,0.28,0,variant_1
7729,INSPECTION_2_1,INSPECTION_2_1_LINE,27269.76196230819,0.10006928670190973,6,0.10006928670190973,36.30754539094778,3.6337979094205366,23,27233.45441691724,27273.39576021761,experiment,FIFO,0.28,0,variant_1
7729,INSPECTION_2_2,INSPECTION_2_2_LINE,27270.12390994736,0.36194763917228556,7,0.36194763917228556,36.669493030120066,3.271850270248251,23,27233.45441691724,27273.39576021761,experiment,FIFO,0.28,0,variant_1
7729,INSPECTION_2_3,INSPECTION_2_3_LINE,27270.41849821051,0.29458826315021724,8,0.29458826315021724,36.96408129327028,2.977262007098034,23,27233.45441691724,27273.39576021761,experiment,FIFO,0.28,0,variant_1
7729,INSPECTION_2_4,INSPECTION_2_4_LINE,27271.45702664061,1.038528430100996,9,1.038528430100996,38.00260972337128,1.9387335769970377,23,27233.45441691724,27273.39576021761,experiment,FIFO,0.28,0,variant_1
7729,INSPECTION_2_5,INSPECTION_2_5_LINE,27272.66619004973,1.2091634091193555,10,1.2091634091193555,39.211773132490634,0.7295701678776823,23,27233.45441691724,27273.39576021761,experiment,FIFO,0.28,0,variant_1
7729,INSPECTION_2_6,INSPECTION_2_6_LINE,27272.83296501713,0.1667749673979415,11,0.1667749673979415,39.378548099888576,0.5627952004797407,23,27233.45441691724,27273.39576021761,experiment,FIFO,0.28,0,variant_1
7729,INSPECTION_2_7,INSPECTION_2_7_LINE,27273.39576021761,0.5627952004797407,12,0.5627952004797407,39.94134330036832,0.0,22,27233.45441691724,27273.39576021761,experiment,FIFO,0.28,0,variant_1
7730,MOULDING_4,MOULDING_MACHINE_4,27239.93504324678,4.235299031581235,1,0.0,0.0,59.56476699425548,16,27239.93504324678,27299.499810241035,experiment,FIFO,0.28,0,variant_5
7730,ASSEMBLY_1_1,LINE_1_ASSEMBLY1,27254.504804767603,3.495359427353833,2,14.569761520822794,14.569761520822794,44.995005473432684,20,27239.93504324678,27299.499810241035,experiment,FIFO,0.28,0,variant_5
7730,ASSEMBLY_2_2,ASSEMBLY2_LINE_2,27271.096582600545,4.399840651236445,3,16.59177783294217,31.161539353764965,28.403227640490513,23,27239.93504324678,27299.499810241035,experiment,FIFO,0.28,0,variant_5
7730,SORTING,SORTING_ROBOT_1,27273.991774434427,2.8951918338825635,4,2.8951918338825635,34.05673118764753,25.50803580660795,22,27239.93504324678,27299.499810241035,experiment,FIFO,0.28,0,variant_5
7730,PACKAGING_3,PACKAGING_LINE_3,27284.66178496177,7.545378218383121,5,10.67001052734122,44.72674171498875,14.83802527926673,22,27239.93504324678,27299.499810241035,experiment,FIFO,0.28,0,variant_5
7730,INSPECTION_1_1,INSPECTION_1_1_LINE,27285.204247978098,0.5424630163288384,6,0.5424630163288384,45.269204731317586,14.295562262937892,23,27239.93504324678,27299.499810241035,experiment,FIFO,0.28,0,variant_5
7730,INSPECTION_1_2,INSPECTION_1_2_LINE,27288.742572246232,1.6395968926990463,7,3.538324268134602,48.80752899945219,10.75723799480329,23,27239.93504324678,27299.499810241035,experiment,FIFO,0.28,0,variant_5
7730,INSPECTION_1_3,INSPECTION_1_3_LINE,27290.57637308689,1.8338008406572044,8,1.8338008406572044,50.64132984010939,8.923437154146086,24,27239.93504324678,27299.499810241035,experiment,FIFO,0.28,0,variant_5
7730,INSPECTION_1_4,INSPECTION_1_4_LINE,27290.731946594085,0.1555735071960953,9,0.1555735071960953,50.79690334730549,8.76786364694999,24,27239.93504324678,27299.499810241035,experiment,FIFO,0.28,0,variant_5
7730,INSPECTION_1_5,INSPECTION_1_5_LINE,27291.74548205956,0.6637267898477148,10,1.0135354654739785,51.810438812779466,7.754328181476012,25,27239.93504324678,27299.499810241035,experiment,FIFO,0.28,0,variant_5
7730,INSPECTION_1_6,INSPECTION_1_6_LINE,27295.68665515661,3.9411730970496137,11,3.9411730970496137,55.75161190982908,3.8131550844263984,24,27239.93504324678,27299.499810241035,experiment,FIFO,0.28,0,variant_5
7730,INSPECTION_1_7,INSPECTION_1_7_LINE,27299.499810241035,3.8131550844263984,12,3.8131550844263984,59.56476699425548,0.0,24,27239.93504324678,27299.499810241035,experiment,FIFO,0.28,0,variant_5
7731,MOULDING_2,MOULDING_MACHINE_2,27239.59380752808,6.1393906108387455,1,0.0,0.0,60.0166400340604,15,27239.59380752808,27299.61044756214,experiment,FIFO,0.28,0,variant_5
7731,ASSEMBLY_1_1,LINE_1_ASSEMBLY1,27251.00944534025,5.357807995551411,2,11.415637812169734,11.415637812169734,48.60100222189067,20,27239.59380752808,27299.61044756214,experiment,FIFO,0.28,0,variant_5
7731,ASSEMBLY_2_2,ASSEMBLY2_LINE_2,27266.69674194931,8.75260973291006,3,15.687296609059558,27.102934421229293,32.91370561283111,22,27239.59380752808,27299.61044756214,experiment,FIFO,0.28,0,variant_5
7731,SORTING,SORTING_ROBOT_1,27267.8272592438,0.09741696711353143,4,1.130517294492165,28.233451715721458,31.783188318338944,23,27239.59380752808,27299.61044756214,experiment,FIFO,0.28,0,variant_5
7731,PACKAGING_1,PACKAGING_LINE_1,27286.82564675799,4.622197343440348,5,18.998387514187925,47.23183922990938,12.784800804151018,22,27239.59380752808,27299.61044756214,experiment,FIFO,0.28,0,variant_5
7731,INSPECTION_1_1,INSPECTION_1_1_LINE,27287.50977256137,0.6841258033819031,6,0.6841258033819031,47.915965033291286,12.100675000769115,22,27239.59380752808,27299.61044756214,experiment,FIFO,0.28,0,variant_5
7731,INSPECTION_1_2,INSPECTION_1_2_LINE,27289.488574555948,0.7460023097155499,7,1.9788019945772248,49.89476702786851,10.12187300619189,23,27239.59380752808,27299.61044756214,experiment,FIFO,0.28,0,variant_5
7731,INSPECTION_1_3,INSPECTION_1_3_LINE,27291.55995898391,0.9835858970218396,8,2.071384427963494,51.966151455832005,8.050488578228396,25,27239.59380752808,27299.61044756214,experiment,FIFO,0.28,0,variant_5
7731,INSPECTION_1_4,INSPECTION_1_4_LINE,27292.928268463536,1.368309479625168,9,1.368309479625168,53.33446093545717,6.682179098603228,24,27239.59380752808,27299.61044756214,experiment,FIFO,0.28,0,variant_5
7731,INSPECTION_1_5,INSPECTION_1_5_LINE,27295.72924287064,2.8009744071023306,10,2.8009744071023306,56.135435342559504,3.8812046915008978,24,27239.59380752808,27299.61044756214,experiment,FIFO,0.28,0,variant_5
7731,INSPECTION_1_6,INSPECTION_1_6_LINE,27296.65574495431,0.9265020836719486,11,0.9265020836719486,57.06193742623145,2.954702607828949,24,27239.59380752808,27299.61044756214,experiment,FIFO,0.28,0,variant_5
7731,INSPECTION_1_7,INSPECTION_1_7_LINE,27299.61044756214,0.11063732110415003,12,2.954702607828949,60.0166400340604,0.0,23,27239.59380752808,27299.61044756214,experiment,FIFO,0.28,0,variant_5
7732,MOULDING_5,MOULDING_MACHINE_5,27238.71537557851,3.063206003185769,1,0.0,0.0,67.63881246249366,14,27238.71537557851,27306.354188041005,experiment,FIFO,0.28,0,variant_3
7732,ASSEMBLY_1_5,LINE_5_ASSEMBLY1,27240.39545587896,1.6800803004480258,2,1.6800803004480258,1.6800803004480258,65.95873216204564,16,27238.71537557851,27306.354188041005,experiment,FIFO,0.28,0,variant_3
7732,ASSEMBLY_2_1,ASSEMBLY2_LINE_1,27294.3751473325,8.596698823777842,3,53.97969145354,55.659771753988025,11.979040708505636,24,27238.71537557851,27306.354188041005,experiment,FIFO,0.28,0,variant_3
7732,SORTING,SORTING_ROBOT_1,27294.518069248657,0.14292191615822958,4,0.14292191615822958,55.802693670146255,11.836118792347406,24,27238.71537557851,27306.354188041005,experiment,FIFO,0.28,0,variant_3
7732,PACKAGING_2,PACKAGING_LINE_2,27296.31274583546,1.7946765868036891,5,1.7946765868036891,57.597370256949944,10.041442205543717,24,27238.71537557851,27306.354188041005,experiment,FIFO,0.28,0,variant_3
7732,PACKAGING_2,PACKAGING_LINE_2,27296.599751631704,0.28700579624273814,6,0.28700579624273814,57.88437605319268,9.754436409300979,24,27238.71537557851,27306.354188041005,experiment,FIFO,0.28,0,variant_3
7732,INSPECTION_1_1,INSPECTION_1_1_LINE,27297.70049952657,1.1007478948667995,7,1.1007478948667995,58.98512394805948,8.65368851443418,24,27238.71537557851,27306.354188041005,experiment,FIFO,0.28,0,variant_3
7732,INSPECTION_1_2,INSPECTION_1_2_LINE,27298.42100451136,0.7205049847907503,8,0.7205049847907503,59.70562893285023,7.933183529643429,24,27238.71537557851,27306.354188041005,experiment,FIFO,0.28,0,variant_3
7732,INSPECTION_1_3,INSPECTION_1_3_LINE,27300.23813812388,1.817133612519683,9,1.817133612519683,61.522762545369915,6.116049917123746,23,27238.71537557851,27306.354188041005,experiment,FIFO,0.28,0,variant_3
7732,INSPECTION_1_4,INSPECTION_1_4_LINE,27300.30606493,0.0679268061176117,10,0.0679268061176117,61.590689351487526,6.048123111006134,23,27238.71537557851,27306.354188041005,experiment,FIFO,0.28,0,variant_3
7732,INSPECTION_1_5,INSPECTION_1_5_LINE,27305.80426116048,5.498196230480971,11,5.498196230480971,67.0888855819685,0.5499268805251631,23,27238.71537557851,27306.354188041005,experiment,FIFO,0.28,0,variant_3
7732,INSPECTION_1_6,INSPECTION_1_6_LINE,27305.90312203527,0.09886087479026173,12,0.09886087479026173,67.18774645675876,0.4510660057349014,23,27238.71537557851,27306.354188041005,experiment,FIFO,0.28,0,variant_3
7732,INSPECTION_1_7,INSPECTION_1_7_LINE,27306.354188041005,0.4510660057349014,13,0.4510660057349014,67.63881246249366,0.0,22,27238.71537557851,27306.354188041005,experiment,FIFO,0.28,0,variant_3
7733,MOULDING_2,MOULDING_MACHINE_2,27243.35150845969,3.7577009316119074,1,0.0,0.0,58.26839513567393,17,27243.35150845969,27301.619903595365,experiment,FIFO,0.28,0,variant_5
7733,ASSEMBLY_1_1,LINE_1_ASSEMBLY1,27258.9774464546,4.472641686996212,2,15.625937994907872,15.625937994907872,42.642457140766055,21,27243.35150845969,27301.619903595365,experiment,FIFO,0.28,0,variant_5
7733,ASSEMBLY_2_2,ASSEMBLY2_LINE_2,27290.05771181301,13.040947259534732,3,31.080265358410543,46.706203353318415,11.562191782355512,24,27243.35150845969,27301.619903595365,experiment,FIFO,0.28,0,variant_5
7733,SORTING,SORTING_ROBOT_1,27292.923041534334,2.0710019636062498,4,2.8653297213240876,49.5715330746425,8.696862061031425,24,27243.35150845969,27301.619903595365,experiment,FIFO,0.28,0,variant_5
7733,PACKAGING_1,PACKAGING_LINE_1,27295.01079905542,2.087757521087042,5,2.087757521087042,51.659290595729544,6.609104539944383,25,27243.35150845969,27301.619903595365,experiment,FIFO,0.28,0,variant_5
7733,INSPECTION_2_1,INSPECTION_2_1_LINE,27296.67502812397,1.6642290685485932,6,1.6642290685485932,53.32351966427814,4.94487547139579,23,27243.35150845969,27301.619903595365,experiment,FIFO,0.28,0,variant_5
7733,INSPECTION_2_2,INSPECTION_2_2_LINE,27297.14623668512,0.4712085611499788,7,0.4712085611499788,53.794728225428116,4.473666910245811,23,27243.35150845969,27301.619903595365,experiment,FIFO,0.28,0,variant_5
7733,INSPECTION_2_3,INSPECTION_2_3_LINE,27297.884013476378,0.7377767912585114,8,0.7377767912585114,54.53250501668663,3.7358901189872995,24,27243.35150845969,27301.619903595365,experiment,FIFO,0.28,0,variant_5
7733,INSPECTION_2_4,INSPECTION_2_4_LINE,27298.53612755172,0.652114075342979,9,0.652114075342979,55.18461909202961,3.0837760436443205,24,27243.35150845969,27301.619903595365,experiment,FIFO,0.28,0,variant_5
7733,INSPECTION_2_5,INSPECTION_2_5_LINE,27298.932316567625,0.39618901590438327,10,0.39618901590438327,55.58080810793399,2.687587027739937,24,27243.35150845969,27301.619903595365,experiment,FIFO,0.28,0,variant_5
7733,INSPECTION_2_6,INSPECTION_2_6_LINE,27300.2818086875,1.3494921198762313,11,1.3494921198762313,56.93030022781022,1.3380949078637059,23,27243.35150845969,27301.619903595365,experiment,FIFO,0.28,0,variant_5
7733,INSPECTION_2_7,INSPECTION_2_7_LINE,27301.619903595365,0.4880136579486134,12,1.3380949078637059,58.26839513567393,0.0,23,27243.35150845969,27301.619903595365,experiment,FIFO,0.28,0,variant_5
7734,MOULDING_1,MOULDING_MACHINE_1,27249.977716542133,11.133585417639551,1,0.0,0.0,118.39464378250705,18,27249.977716542133,27368.37236032464,experiment,FIFO,0.28,0,variant_6
7734,ASSEMBLY_1_1,LINE_1_ASSEMBLY1,27267.95740139344,8.97995493884082,2,17.979684851306956,17.979684851306956,100.41495893120009,23,27249.977716542133,27368.37236032464,experiment,FIFO,0.28,0,variant_6
7734,ASSEMBLY_2_2,ASSEMBLY2_LINE_2,27307.49413185368,5.12546902719987,3,39.536730460240506,57.51641531154746,60.878228470959584,22,27249.977716542133,27368.37236032464,experiment,FIFO,0.28,0,variant_6
7734,SORTING,SORTING_ROBOT_1,27330.52907609465,5.467881606942683,4,23.03494424096789,80.55135955251535,37.843284229991696,25,27249.977716542133,27368.37236032464,experiment,FIFO,0.28,0,variant_6
7734,PACKAGING_1,PACKAGING_LINE_1,27351.37313101493,18.087303844666167,5,20.84405492028236,101.39541447279771,16.999229309709335,25,27249.977716542133,27368.37236032464,experiment,FIFO,0.28,0,variant_6
7734,INSPECTION_2_1,INSPECTION_2_1_LINE,27351.490371057487,0.11724004255665932,6,0.11724004255665932,101.51265451535437,16.881989267152676,25,27249.977716542133,27368.37236032464,experiment,FIFO,0.28,0,variant_6
7734,INSPECTION_2_2,INSPECTION_2_2_LINE,27352.602385186303,1.1120141288156447,7,1.1120141288156447,102.62466864417001,15.769975138337031,26,27249.977716542133,27368.37236032464,experiment,FIFO,0.28,0,variant_6
7734,INSPECTION_2_3,INSPECTION_2_3_LINE,27352.84672467481,0.24433948850855813,8,0.24433948850855813,102.86900813267857,15.525635649828473,26,27249.977716542133,27368.37236032464,experiment,FIFO,0.28,0,variant_6
7734,INSPECTION_2_4,INSPECTION_2_4_LINE,27356.41018833953,0.8332743140235834,9,3.5634636647191655,106.43247179739774,11.962171985109308,26,27249.977716542133,27368.37236032464,experiment,FIFO,0.28,0,variant_6
7734,INSPECTION_2_5,INSPECTION_2_5_LINE,27360.7278732232,0.7179162908360013,10,4.317684883670154,110.75015668106789,7.644487101439154,24,27249.977716542133,27368.37236032464,experiment,FIFO,0.28,0,variant_6
7734,INSPECTION_2_6,INSPECTION_2_6_LINE,27363.558727643824,1.1189061573422805,11,2.830854420622927,113.58101110169082,4.813632680816227,23,27249.977716542133,27368.37236032464,experiment,FIFO,0.28,0,variant_6
7734,INSPECTION_2_7,INSPECTION_2_7_LINE,27368.37236032464,1.1163212699902942,12,4.813632680816227,118.39464378250705,0.0,19,27249.977716542133,27368.37236032464,experiment,FIFO,0.28,0,variant_6
7735,MOULDING_2,MOULDING_MACHINE_2,27246.703138501063,1.2480676411541936,1,0.0,0.0,71.25361084073666,18,27246.703138501063,27317.9567493418,experiment,FIFO,0.28,0,variant_2
7735,ASSEMBLY_1_5,LINE_5_ASSEMBLY1,27253.394516861088,6.691378360024828,2,6.691378360024828,6.691378360024828,64.56223248071183,20,27246.703138501063,27317.9567493418,experiment,FIFO,0.28,0,variant_2
7735,ASSEMBLY_2_1,ASSEMBLY2_LINE_1,27296.274101994062,0.6044296728941845,3,42.87958513297417,49.570963492999,21.682647347737657,24,27246.703138501063,27317.9567493418,experiment,FIFO,0.28,0,variant_2
7735,SORTING,SORTING_ROBOT_1,27304.286589569667,2.715048390782613,4,8.01248757560461,57.58345106860361,13.670159772133047,23,27246.703138501063,27317.9567493418,experiment,FIFO,0.28,0,variant_2
7735,PACKAGING_2,PACKAGING_LINE_2,27305.317614831183,1.0310252615163336,5,1.0310252615163336,58.61447633011994,12.639134510616714,23,27246.703138501063,27317.9567493418,experiment,FIFO,0.28,0,variant_2
7735,INSPECTION_2_1,INSPECTION_2_1_LINE,27307.34729632305,2.029681491865631,6,2.029681491865631,60.64415782198557,10.609453018751083,22,27246.703138501063,27317.9567493418,experiment,FIFO,0.28,0,variant_2
7735,INSPECTION_2_2,INSPECTION_2_2_LINE,27310.840417277028,3.493120953979087,7,3.493120953979087,64.13727877596466,7.116332064771996,20,27246.703138501063,27317.9567493418,experiment,FIFO,0.28,0,variant_2
7735,INSPECTION_2_3,INSPECTION_2_3_LINE,27311.24476067509,0.40434339806233766,8,0.40434339806233766,64.541622174027,6.711988666709658,21,27246.703138501063,27317.9567493418,experiment,FIFO,0.28,0,variant_2
7735,INSPECTION_2_4,INSPECTION_2_4_LINE,27313.00403326613,1.7592725910399167,9,1.7592725910399167,66.30089476506691,4.952716075669741,21,27246.703138501063,27317.9567493418,experiment,FIFO,0.28,0,variant_2
7735,INSPECTION_2_5,INSPECTION_2_5_LINE,27313.866350013748,0.8623167476180242,10,0.8623167476180242,67.16321151268494,4.090399328051717,22,27246.703138501063,27317.9567493418,experiment,FIFO,0.28,0,variant_2
7735,INSPECTION_2_6,INSPECTION_2_6_LINE,27317.408772106428,3.5424220926797716,11,3.5424220926797716,70.70563360536471,0.5479772353719454,22,27246.703138501063,27317.9567493418,experiment,FIFO,0.28,0,variant_2
7735,INSPECTION_2_6,INSPECTION_2_6_LINE,27317.93022869269,0.5214565862625022,12,0.5214565862625022,71.22709019162721,0.026520649109443184,22,27246.703138501063,27317.9567493418,experiment,FIFO,0.28,0,variant_2
7735,INSPECTION_2_7,INSPECTION_2_7_LINE,27317.9567493418,0.026520649109443184,13,0.026520649109443184,71.25361084073666,0.0,21,27246.703138501063,27317.9567493418,experiment,FIFO,0.28,0,variant_2
7736,MOULDING_4,MOULDING_MACHINE_4,27250.23736425837,4.4086953893711325,1,0.0,0.0,113.97853311787185,19,27250.23736425837,27364.21589737624,experiment,FIFO,0.28,0,variant_5
7736,ASSEMBLY_1_1,LINE_1_ASSEMBLY1,27268.13907172076,0.18167032732162625,2,17.90170746239164,17.90170746239164,96.0768256554802,23,27250.23736425837,27364.21589737624,experiment,FIFO,0.28,0,variant_5
7736,ASSEMBLY_2_2,ASSEMBLY2_LINE_2,27314.1538834064,6.659751552720991,3,46.01481168563987,63.91651914803151,50.062013969840336,22,27250.23736425837,27364.21589737624,experiment,FIFO,0.28,0,variant_5
7736,SORTING,SORTING_ROBOT_1,27336.08042181612,1.613227955680486,4,21.926538409719797,85.84305755775131,28.13547556012054,24,27250.23736425837,27364.21589737624,experiment,FIFO,0.28,0,variant_5
7736,PACKAGING_3,PACKAGING_LINE_3,27341.47531029825,0.6562037946605415,5,5.394888482129318,91.23794603988063,22.740587077991222,24,27250.23736425837,27364.21589737624,experiment,FIFO,0.28,0,variant_5
7736,INSPECTION_2_1,INSPECTION_2_1_LINE,27342.045050044937,0.009632200999476481,6,0.5697397466865368,91.80768578656716,22.170847331304685,24,27250.23736425837,27364.21589737624,experiment,FIFO,0.28,0,variant_5
7736,INSPECTION_2_2,INSPECTION_2_2_LINE,27345.506845244166,0.9988254023264744,7,3.4617951992295275,95.26948098579669,18.709052132075158,25,27250.23736425837,27364.21589737624,experiment,FIFO,0.28,0,variant_5
7736,INSPECTION_2_3,INSPECTION_2_3_LINE,27348.07235776799,1.3280074757021794,8,2.56551252382269,97.83499350961938,16.143539608252468,24,27250.23736425837,27364.21589737624,experiment,FIFO,0.28,0,variant_5
7736,INSPECTION_2_4,INSPECTION_2_4_LINE,27353.430591694425,4.597440276866109,9,5.358233926435787,103.19322743605517,10.78530568181668,26,27250.23736425837,27364.21589737624,experiment,FIFO,0.28,0,variant_5
7736,INSPECTION_2_5,INSPECTION_2_5_LINE,27354.58995804796,0.8463079880930309,10,1.159366353535006,104.35259378959017,9.625939328281675,26,27250.23736425837,27364.21589737624,experiment,FIFO,0.28,0,variant_5
7736,INSPECTION_2_6,INSPECTION_2_6_LINE,27361.98247868617,2.747668133361003,11,7.392520638211863,111.74511442780204,2.2334186900698114,23,27250.23736425837,27364.21589737624,experiment,FIFO,0.28,0,variant_5
7736,INSPECTION_2_7,INSPECTION_2_7_LINE,27364.21589737624,2.2334186900698114,12,2.2334186900698114,113.97853311787185,0.0,23,27250.23736425837,27364.21589737624,experiment,FIFO,0.28,0,variant_5
7737,MOULDING_5,MOULDING_MACHINE_5,27264.32622755373,16.257133541999792,1,0.0,0.0,101.8299785598756,21,27264.32622755373,27366.156206113606,experiment,FIFO,0.28,0,variant_3
7737,ASSEMBLY_1_4,LINE_4_ASSEMBLY1,27271.53330476364,7.207077209910494,2,7.207077209910494,7.207077209910494,94.6229013499651,23,27264.32622755373,27366.156206113606,experiment,FIFO,0.28,0,variant_3
7737,ASSEMBLY_2_1,ASSEMBLY2_LINE_1,27323.7654724628,11.04669405173263,3,52.23216769915962,59.43924490907011,42.39073365080549,23,27264.32622755373,27366.156206113606,experiment,FIFO,0.28,0,variant_3
7737,SORTING,SORTING_ROBOT_1,27339.481418826148,1.0640870601782808,4,15.71594636334703,75.15519127241714,26.674787287458457,24,27264.32622755373,27366.156206113606,experiment,FIFO,0.28,0,variant_3
7737,PACKAGING_3,PACKAGING_LINE_3,27342.483415467286,1.0081051690358436,5,3.0019966411382484,78.15718791355539,23.67279064632021,24,27264.32622755373,27366.156206113606,experiment,FIFO,0.28,0,variant_3
7737,INSPECTION_2_1,INSPECTION_2_1_LINE,27343.946458050807,1.4630425835202914,6,1.4630425835202914,79.62023049707568,22.209748062799918,25,27264.32622755373,27366.156206113606,experiment,FIFO,0.28,0,variant_3
7737,INSPECTION_2_2,INSPECTION_2_2_LINE,27346.67174014737,1.1648949032023665,7,2.725282096562296,82.34551259363798,19.48446596623762,24,27264.32622755373,27366.156206113606,experiment,FIFO,0.28,0,variant_3
7737,INSPECTION_2_3,INSPECTION_2_3_LINE,27348.635463919138,0.5631061511485314,8,1.963723771768855,84.30923636540683,17.520742194468767,24,27264.32622755373,27366.156206113606,experiment,FIFO,0.28,0,variant_3
7737,INSPECTION_2_4,INSPECTION_2_4_LINE,27354.460616713262,1.0300250188374775,9,5.825152794124733,90.13438915953157,11.695589400344033,26,27264.32622755373,27366.156206113606,experiment,FIFO,0.28,0,variant_3
7737,INSPECTION_2_5,INSPECTION_2_5_LINE,27355.993957671468,1.4039996235078434,10,1.5333409582053719,91.66773011773694,10.162248442138662,26,27264.32622755373,27366.156206113606,experiment,FIFO,0.28,0,variant_3
7737,INSPECTION_2_6,INSPECTION_2_6_LINE,27362.106199349168,0.12372066299576545,11,6.112241677699785,97.77997179543672,4.050006764438876,23,27264.32622755373,27366.156206113606,experiment,FIFO,0.28,0,variant_3
7737,INSPECTION_2_7,INSPECTION_2_7_LINE,27366.156206113606,1.9403087373648304,12,4.050006764438876,101.8299785598756,0.0,21,27264.32622755373,27366.156206113606,experiment,FIFO,0.28,0,variant_3
7738,MOULDING_2,MOULDING_MACHINE_2,27250.637726299537,0.5035140064283041,1,0.0,0.0,109.12596284251413,20,27250.637726299537,27359.76368914205,experiment,FIFO,0.28,0,variant_6
7738,ASSEMBLY_1_1,LINE_1_ASSEMBLY1,27269.1821166902,1.0430449694395065,2,18.544390390663466,18.544390390663466,90.58157245185066,22,27250.637726299537,27359.76368914205,experiment,FIFO,0.28,0,variant_6
7738,ASSEMBLY_2_1,ASSEMBLY2_LINE_1,27312.71877841107,7.041756898008316,3,43.536661720867414,62.08105211153088,47.04491073098325,21,27250.637726299537,27359.76368914205,experiment,FIFO,0.28,0,variant_6
7738,SORTING,SORTING_ROBOT_1,27334.46719386044,3.9381177657924127,4,21.74841544937226,83.82946756090314,25.296495281610987,24,27250.637726299537,27359.76368914205,experiment,FIFO,0.28,0,variant_6
7738,PACKAGING_3,PACKAGING_LINE_3,27340.81910650359,6.351912643149262,5,6.351912643149262,90.1813802040524,18.944582638461725,24,27250.637726299537,27359.76368914205,experiment,FIFO,0.28,0,variant_6
7738,INSPECTION_2_1,INSPECTION_2_1_LINE,27342.035417843937,1.2163113403476018,6,1.2163113403476018,91.3976915444,17.728271298114123,24,27250.637726299537,27359.76368914205,experiment,FIFO,0.28,0,variant_6
7738,INSPECTION_2_2,INSPECTION_2_2_LINE,27344.50801984184,2.4726019979025295,7,2.4726019979025295,93.87029354230253,15.255669300211594,25,27250.637726299537,27359.76368914205,experiment,FIFO,0.28,0,variant_6
7738,INSPECTION_2_3,INSPECTION_2_3_LINE,27346.744350292287,2.236330450446985,8,2.236330450446985,96.10662399274952,13.019338849764608,24,27250.637726299537,27359.76368914205,experiment,FIFO,0.28,0,variant_6
7738,INSPECTION_2_4,INSPECTION_2_4_LINE,27348.83315141756,2.088801125271857,9,2.088801125271857,98.19542511802138,10.930537724492751,24,27250.637726299537,27359.76368914205,experiment,FIFO,0.28,0,variant_6
7738,INSPECTION_2_5,INSPECTION_2_5_LINE,27353.743650059867,4.9104986423080845,10,4.9104986423080845,103.10592376032946,6.020039082184667,26,27250.637726299537,27359.76368914205,experiment,FIFO,0.28,0,variant_6
7738,INSPECTION_2_6,INSPECTION_2_6_LINE,27359.23481055281,5.491160492943891,11,5.491160492943891,108.59708425327335,0.5288785892407759,25,27250.637726299537,27359.76368914205,experiment,FIFO,0.28,0,variant_6
7738,INSPECTION_2_7,INSPECTION_2_7_LINE,27359.76368914205,0.5288785892407759,12,0.5288785892407759,109.12596284251413,0.0,24,27250.637726299537,27359.76368914205,experiment,FIFO,0.28,0,variant_6
7739,MOULDING_3,MOULDING_MACHINE_3,27253.96916415045,1.5011307333479635,1,0.0,0.0,69.763545161215,20,27253.96916415045,27323.732709311666,experiment,FIFO,0.28,0,variant_3
7739,ASSEMBLY_1_4,LINE_4_ASSEMBLY1,27254.467427635936,0.4982634854859498,2,0.4982634854859498,0.4982634854859498,69.26528167572906,20,27253.96916415045,27323.732709311666,experiment,FIFO,0.28,0,variant_3
7739,ASSEMBLY_2_1,ASSEMBLY2_LINE_1,27297.61505350249,1.340951508427679,3,43.147625866553426,43.645889352039376,26.11765580917563,24,27253.96916415045,27323.732709311666,experiment,FIFO,0.28,0,variant_3
7739,SORTING,SORTING_ROBOT_1,27316.46409234096,12.177502771293803,4,18.849038838470733,62.49492819051011,7.2686169707048975,22,27253.96916415045,27323.732709311666,experiment,FIFO,0.28,0,variant_3
7739,PACKAGING_3,PACKAGING_LINE_3,27319.019256230906,2.5551638899451063,5,2.5551638899451063,65.05009208045522,4.713453080759791,22,27253.96916415045,27323.732709311666,experiment,FIFO,0.28,0,variant_3
7739,INSPECTION_1_1,INSPECTION_1_1_LINE,27319.2304291528,0.21117292189592263,6,0.21117292189592263,65.26126500235114,4.502280158863869,23,27253.96916415045,27323.732709311666,experiment,FIFO,0.28,0,variant_3
7739,INSPECTION_1_2,INSPECTION_1_2_LINE,27321.421906137595,2.191476984793553,7,2.191476984793553,67.45274198714469,2.3108031740703154,23,27253.96916415045,27323.732709311666,experiment,FIFO,0.28,0,variant_3
7739,INSPECTION_1_3,INSPECTION_1_3_LINE,27321.67248930141,0.2505831638154632,8,0.2505831638154632,67.70332515096015,2.0602200102548522,23,27253.96916415045,27323.732709311666,experiment,FIFO,0.28,0,variant_3
7739,INSPECTION_1_4,INSPECTION_1_4_LINE,27322.24833397396,0.5758446725485555,9,0.5758446725485555,68.27916982350871,1.4843753377062967,24,27253.96916415045,27323.732709311666,experiment,FIFO,0.28,0,variant_3
7739,INSPECTION_1_5,INSPECTION_1_5_LINE,27322.64363676041,0.3953027864517935,10,0.3953027864517935,68.6744726099605,1.0890725512545032,24,27253.96916415045,27323.732709311666,experiment,FIFO,0.28,0,variant_3
7739,INSPECTION_1_6,INSPECTION_1_6_LINE,27323.049281267904,0.40564450749297976,11,0.40564450749297976,69.08011711745348,0.6834280437615234,24,27253.96916415045,27323.732709311666,experiment,FIFO,0.28,0,variant_3
7739,INSPECTION_1_7,INSPECTION_1_7_LINE,27323.732709311666,0.6834280437615234,12,0.6834280437615234,69.763545161215,0.0,23,27253.96916415045,27323.732709311666,experiment,FIFO,0.28,0,variant_3
7740,MOULDING_3,MOULDING_MACHINE_3,27265.27671217525,11.30754802480078,1,0.0,0.0,78.77884854254808,22,27265.27671217525,27344.0555607178,experiment,FIFO,0.28,0,variant_1
7740,ASSEMBLY_1_2,LINE_2_ASSEMBLY1,27267.052310907176,1.775598731925129,2,1.775598731925129,1.775598731925129,77.00324981062295,22,27265.27671217525,27344.0555607178,experiment,FIFO,0.28,0,variant_1
7740,ASSEMBLY_2_1,ASSEMBLY2_LINE_1,27305.67702151306,8.061968010570126,3,38.62471060588359,40.40030933780872,38.378539204739354,23,27265.27671217525,27344.0555607178,experiment,FIFO,0.28,0,variant_1
7740,SORTING,SORTING_ROBOT_1,27325.061194487706,4.738819772202987,4,19.38417297464548,59.7844823124542,18.994366230093874,23,27265.27671217525,27344.0555607178,experiment,FIFO,0.28,0,variant_1
7740,PACKAGING_1,PACKAGING_LINE_1,27333.285827170264,8.224632682558877,5,8.224632682558877,68.00911499501308,10.769733547534997,25,27265.27671217525,27344.0555607178,experiment,FIFO,0.28,0,variant_1
7740,INSPECTION_2_1,INSPECTION_2_1_LINE,27337.15529145166,3.869464281397086,6,3.869464281397086,71.87857927641016,6.9002692661379115,24,27265.27671217525,27344.0555607178,experiment,FIFO,0.28,0,variant_1
7740,INSPECTION_2_2,INSPECTION_2_2_LINE,27337.69389789011,0.5386064384474594,7,0.5386064384474594,72.41718571485762,6.361662827690452,24,27265.27671217525,27344.0555607178,experiment,FIFO,0.28,0,variant_1
7740,INSPECTION_2_3,INSPECTION_2_3_LINE,27340.07002188392,2.3761239938103245,8,2.3761239938103245,74.79330970866795,3.9855388338801276,24,27265.27671217525,27344.0555607178,experiment,FIFO,0.28,0,variant_1
7740,INSPECTION_2_4,INSPECTION_2_4_LINE,27340.89814369164,0.8281218077208905,9,0.8281218077208905,75.62143151638884,3.157417026159237,24,27265.27671217525,27344.0555607178,experiment,FIFO,0.28,0,variant_1
7740,INSPECTION_2_5,INSPECTION_2_5_LINE,27341.13573058408,0.23758689243913977,10,0.23758689243913977,75.85901840882798,2.9198301337200974,24,27265.27671217525,27344.0555607178,experiment,FIFO,0.28,0,variant_1
7740,INSPECTION_2_6,INSPECTION_2_6_LINE,27342.232603119886,1.0968725358070515,11,1.0968725358070515,76.95589094463503,1.822957597913046,24,27265.27671217525,27344.0555607178,experiment,FIFO,0.28,0,variant_1
7740,INSPECTION_2_7,INSPECTION_2_7_LINE,27344.0555607178,1.822957597913046,12,1.822957597913046,78.77884854254808,0.0,24,27265.27671217525,27344.0555607178,experiment,FIFO,0.28,0,variant_1
7741,MOULDING_2,MOULDING_MACHINE_2,27258.211732440544,0.8525663118634839,1,0.0,0.0,38.44950495683224,21,27258.211732440544,27296.661237397377,experiment,FIFO,0.28,0,variant_4
7741,ASSEMBLY_1_5,LINE_5_ASSEMBLY1,27258.942762832943,0.7310303923986794,2,0.7310303923986794,0.7310303923986794,37.71847456443356,21,27258.211732440544,27296.661237397377,experiment,FIFO,0.28,0,variant_4
7741,ASSEMBLY_2_2,ASSEMBLY2_LINE_2,27277.016764553475,5.920181952929852,3,18.07400172053167,18.80503211293035,19.644472843901895,22,27258.211732440544,27296.661237397377,experiment,FIFO,0.28,0,variant_4
7741,SORTING,SORTING_ROBOT_1,27277.80250892202,0.7857443685461476,4,0.7857443685461476,19.590776481476496,18.858728475355747,22,27258.211732440544,27296.661237397377,experiment,FIFO,0.28,0,variant_4
7741,PACKAGING_1,PACKAGING_LINE_1,27291.088703771464,4.263057013475191,5,13.286194849442836,32.87697133091933,5.572533625912911,24,27258.211732440544,27296.661237397377,experiment,FIFO,0.28,0,variant_4
7741,INSPECTION_2_1,INSPECTION_2_1_LINE,27292.02760524582,0.938901474357408,6,0.938901474357408,33.81587280527674,4.633632151555503,25,27258.211732440544,27296.661237397377,experiment,FIFO,0.28,0,variant_4
7741,INSPECTION_2_2,INSPECTION_2_2_LINE,27292.248833867936,0.22122862211472238,7,0.22122862211472238,34.03710142739146,4.41240352944078,25,27258.211732440544,27296.661237397377,experiment,FIFO,0.28,0,variant_4
7741,INSPECTION_2_3,INSPECTION_2_3_LINE,27292.40150202704,0.152668159105815,8,0.152668159105815,34.18976958649728,4.259735370334965,25,27258.211732440544,27296.661237397377,experiment,FIFO,0.28,0,variant_4
7741,INSPECTION_2_4,INSPECTION_2_4_LINE,27292.6845374995,0.28303547245741356,9,0.28303547245741356,34.47280505895469,3.976699897877552,25,27258.211732440544,27296.661237397377,experiment,FIFO,0.28,0,variant_4
7741,INSPECTION_2_5,INSPECTION_2_5_LINE,27293.30598972821,0.5449709565473313,10,0.6214522287118598,35.09425728766655,3.355247669165692,24,27258.211732440544,27296.661237397377,experiment,FIFO,0.28,0,variant_4
7741,INSPECTION_2_6,INSPECTION_2_6_LINE,27295.45964094057,1.1044689026821288,11,2.1536512123602733,37.247908500026824,1.2015964568054187,24,27258.211732440544,27296.661237397377,experiment,FIFO,0.28,0,variant_4
7741,INSPECTION_2_7,INSPECTION_2_7_LINE,27296.661237397377,1.2015964568054187,12,1.2015964568054187,38.44950495683224,0.0,23,27258.211732440544,27296.661237397377,experiment,FIFO,0.28,0,variant_4
7742,MOULDING_4,MOULDING_MACHINE_4,27261.13605863827,2.2525456588045927,1,0.0,0.0,72.49265165942415,21,27261.13605863827,27333.628710297693,experiment,FIFO,0.28,0,variant_3
7742,ASSEMBLY_1_2,LINE_2_ASSEMBLY1,27264.117151699786,2.981093061516731,2,2.981093061516731,2.981093061516731,69.51155859790742,20,27261.13605863827,27333.628710297693,experiment,FIFO,0.28,0,variant_3
7742,ASSEMBLY_2_2,ASSEMBLY2_LINE_2,27302.36866282648,12.310951013470913,3,38.25151112669482,41.23260418821155,31.2600474712126,23,27261.13605863827,27333.628710297693,experiment,FIFO,0.28,0,variant_3
7742,SORTING,SORTING_ROBOT_1,27320.322374715503,3.8582823745418864,4,17.953711889022088,59.18631607723364,13.306335582190513,23,27261.13605863827,27333.628710297693,experiment,FIFO,0.28,0,variant_3
7742,PACKAGING_1,PACKAGING_LINE_1,27322.67661412799,2.3542394124888233,5,2.3542394124888233,61.540555489722465,10.95209616970169,24,27261.13605863827,27333.628710297693,experiment,FIFO,0.28,0,variant_3
7742,INSPECTION_2_1,INSPECTION_2_1_LINE,27323.813066029503,1.1364519015114638,6,1.1364519015114638,62.67700739123393,9.815644268190226,23,27261.13605863827,27333.628710297693,experiment,FIFO,0.28,0,variant_3
7742,INSPECTION_2_2,INSPECTION_2_2_LINE,27324.384117371614,0.5710513421108772,7,0.5710513421108772,63.248058733344806,9.24459292607935,23,27261.13605863827,27333.628710297693,experiment,FIFO,0.28,0,variant_3
7742,INSPECTION_2_3,INSPECTION_2_3_LINE,27327.184491832868,2.8003744612542505,8,2.8003744612542505,66.04843319459906,6.444218464825099,24,27261.13605863827,27333.628710297693,experiment,FIFO,0.28,0,variant_3
7742,INSPECTION_2_4,INSPECTION_2_4_LINE,27327.18640149444,0.0019096615724265575,9,0.0019096615724265575,66.05034285617148,6.442308803252672,24,27261.13605863827,27333.628710297693,experiment,FIFO,0.28,0,variant_3
7742,INSPECTION_2_5,INSPECTION_2_5_LINE,27327.37116086213,0.18475936769027612,10,0.18475936769027612,66.23510222386176,6.257549435562396,24,27261.13605863827,27333.628710297693,experiment,FIFO,0.28,0,variant_3
7742,INSPECTION_2_6,INSPECTION_2_6_LINE,27331.132090875304,3.7609300131734926,11,3.7609300131734926,69.99603223703525,2.4966194223889033,25,27261.13605863827,27333.628710297693,experiment,FIFO,0.28,0,variant_3
7742,INSPECTION_2_7,INSPECTION_2_7_LINE,27333.628710297693,2.4966194223889033,12,2.4966194223889033,72.49265165942415,0.0,24,27261.13605863827,27333.628710297693,experiment,FIFO,0.28,0,variant_3
7743,MOULDING_3,MOULDING_MACHINE_3,27267.674650472505,2.3979382972538588,1,0.0,0.0,90.99274521115512,23,27267.674650472505,27358.66739568366,experiment,FIFO,0.28,0,variant_3
7743,ASSEMBLY_1_3,LINE_3_ASSEMBLY1,27271.59419939488,3.9195489223748154,2,3.9195489223748154,3.9195489223748154,87.07319628878031,23,27267.674650472505,27358.66739568366,experiment,FIFO,0.28,0,variant_3
7743,ASSEMBLY_2_1,ASSEMBLY2_LINE_1,27328.087480240058,4.322007777256658,3,56.49328084517765,60.412829767552466,30.57991544360266,24,27267.674650472505,27358.66739568366,experiment,FIFO,0.28,0,variant_3
7743,SORTING,SORTING_ROBOT_1,27340.441994596506,0.9589046866240096,4,12.354514356447908,72.76734412400037,18.22540108715475,24,27267.674650472505,27358.66739568366,experiment,FIFO,0.28,0,variant_3
7743,PACKAGING_1,PACKAGING_LINE_1,27353.56451704029,0.18783049062403734,5,13.122522443783964,85.88986656778434,5.1028786433707864,26,27267.674650472505,27358.66739568366,experiment,FIFO,0.28,0,variant_3
7743,INSPECTION_1_1,INSPECTION_1_1_LINE,27353.972680301147,0.40816326085769106,6,0.40816326085769106,86.29802982864203,4.694715382513095,26,27267.674650472505,27358.66739568366,experiment,FIFO,0.28,0,variant_3
7743,INSPECTION_1_2,INSPECTION_1_2_LINE,27354.295872048868,0.32319174772055703,7,0.32319174772055703,86.62122157636259,4.371523634792538,26,27267.674650472505,27358.66739568366,experiment,FIFO,0.28,0,variant_3
7743,INSPECTION_1_3,INSPECTION_1_3_LINE,27356.588397081247,2.2925250323787623,8,2.2925250323787623,88.91374660874135,2.078998602413776,26,27267.674650472505,27358.66739568366,experiment,FIFO,0.28,0,variant_3
7743,INSPECTION_1_4,INSPECTION_1_4_LINE,27357.15694142396,0.5685443427137216,9,0.5685443427137216,89.48229095145507,1.5104542597000545,26,27267.674650472505,27358.66739568366,experiment,FIFO,0.28,0,variant_3
7743,INSPECTION_1_5,INSPECTION_1_5_LINE,27357.212081667418,0.05514024345757207,10,0.05514024345757207,89.53743119491264,1.4553140162424825,26,27267.674650472505,27358.66739568366,experiment,FIFO,0.28,0,variant_3
7743,INSPECTION_1_6,INSPECTION_1_6_LINE,27357.843037274448,0.6309556070300459,11,0.6309556070300459,90.16838680194269,0.8243584092124365,26,27267.674650472505,27358.66739568366,experiment,FIFO,0.28,0,variant_3
7743,INSPECTION_1_7,INSPECTION_1_7_LINE,27358.66739568366,0.8243584092124365,12,0.8243584092124365,90.99274521115512,0.0,25,27267.674650472505,27358.66739568366,experiment,FIFO,0.28,0,variant_3
7744,MOULDING_3,MOULDING_MACHINE_3,27268.75211143323,1.0774609607251477,1,0.0,0.0,108.54256766541221,22,27268.75211143323,27377.294679098643,experiment,FIFO,0.28,0,variant_3
7744,ASSEMBLY_1_1,LINE_1_ASSEMBLY1,27280.935581374542,11.753464684341452,2,12.183469941312069,12.183469941312069,96.35909772410014,22,27268.75211143323,27377.294679098643,experiment,FIFO,0.28,0,variant_3
7744,ASSEMBLY_2_1,ASSEMBLY2_LINE_1,27349.50485234167,10.162761631170724,3,68.56927096712752,80.75274090843959,27.789826756972616,24,27268.75211143323,27377.294679098643,experiment,FIFO,0.28,0,variant_3
7744,SORTING,SORTING_ROBOT_1,27356.004438376807,6.499586035137327,4,6.499586035137327,87.25232694357692,21.29024072183529,26,27268.75211143323,27377.294679098643,experiment,FIFO,0.28,0,variant_3
7744,PACKAGING_3,PACKAGING_LINE_3,27369.045662316617,13.041223939810152,5,13.041223939810152,100.29355088338707,8.249016782025137,18,27268.75211143323,27377.294679098643,experiment,FIFO,0.28,0,variant_3
7744,INSPECTION_2_1,INSPECTION_2_1_LINE,27369.26910623076,0.22344391414299025,6,0.22344391414299025,100.51699479753006,8.025572867882147,18,27268.75211143323,27377.294679098643,experiment,FIFO,0.28,0,variant_3
7744,INSPECTION_2_2,INSPECTION_2_2_LINE,27369.39543982443,0.12633359367100638,7,0.12633359367100638,100.64332839120107,7.899239274211141,18,27268.75211143323,27377.294679098643,experiment,FIFO,0.28,0,variant_3
7744,INSPECTION_2_3,INSPECTION_2_3_LINE,27372.20258647389,2.8071466494584456,8,2.8071466494584456,103.45047504065951,5.092092624752695,20,27268.75211143323,27377.294679098643,experiment,FIFO,0.28,0,variant_3
7744,INSPECTION_2_4,INSPECTION_2_4_LINE,27372.847442807284,0.644856333394273,9,0.644856333394273,104.09533137405379,4.447236291358422,21,27268.75211143323,27377.294679098643,experiment,FIFO,0.28,0,variant_3
7744,INSPECTION_2_5,INSPECTION_2_5_LINE,27373.94980022636,1.102357419076725,10,1.102357419076725,105.19768879313051,3.344878872281697,20,27268.75211143323,27377.294679098643,experiment,FIFO,0.28,0,variant_3
7744,INSPECTION_2_6,INSPECTION_2_6_LINE,27375.095564464496,1.1457642381355981,11,1.1457642381355981,106.34345303126611,2.199114634146099,21,27268.75211143323,27377.294679098643,experiment,FIFO,0.28,0,variant_3
7744,INSPECTION_2_7,INSPECTION_2_7_LINE,27377.294679098643,2.199114634146099,12,2.199114634146099,108.54256766541221,0.0,21,27268.75211143323,27377.294679098643,experiment,FIFO,0.28,0,variant_3
7745,MOULDING_2,MOULDING_MACHINE_2,27269.6760641253,1.426770139580185,1,0.0,0.0,94.8629076333491,23,27269.6760641253,27364.538971758648,experiment,FIFO,0.28,0,variant_5
7745,ASSEMBLY_1_2,LINE_2_ASSEMBLY1,27278.37213398436,8.696069859062845,2,8.696069859062845,8.696069859062845,86.16683777428625,22,27269.6760641253,27364.538971758648,experiment,FIFO,0.28,0,variant_5
7745,ASSEMBLY_2_1,ASSEMBLY2_LINE_1,27339.3420907105,11.254610470441548,3,60.96995672613775,69.6660265852006,25.196881048148498,24,27269.6760641253,27364.538971758648,experiment,FIFO,0.28,0,variant_5
7745,SORTING,SORTING_ROBOT_1,27343.522919282725,1.229712350635964,4,4.180828572225437,73.84685515742603,21.01605247592306,25,27269.6760641253,27364.538971758648,experiment,FIFO,0.28,0,variant_5
7745,PACKAGING_1,PACKAGING_LINE_1,27361.54964945166,7.616057554139843,5,18.02673016893459,91.87358532636063,2.98932230698847,24,27269.6760641253,27364.538971758648,experiment,FIFO,0.28,0,variant_5
7745,INSPECTION_1_1,INSPECTION_1_1_LINE,27362.391040518505,0.8413910668459721,6,0.8413910668459721,92.7149763932066,2.1479312401424977,23,27269.6760641253,27364.538971758648,experiment,FIFO,0.28,0,variant_5
7745,INSPECTION_1_2,INSPECTION_1_2_LINE,27362.464832556485,0.07379203797972878,7,0.07379203797972878,92.78876843118633,2.074139202162769,23,27269.6760641253,27364.538971758648,experiment,FIFO,0.28,0,variant_5
7745,INSPECTION_1_3,INSPECTION_1_3_LINE,27362.79225204424,0.32741948775583296,8,0.32741948775583296,93.11618791894216,1.746719714406936,23,27269.6760641253,27364.538971758648,experiment,FIFO,0.28,0,variant_5
7745,INSPECTION_1_4,INSPECTION_1_4_LINE,27363.00111132752,0.2088592832806171,9,0.2088592832806171,93.32504720222278,1.5378604311263189,23,27269.6760641253,27364.538971758648,experiment,FIFO,0.28,0,variant_5
7745,INSPECTION_1_5,INSPECTION_1_5_LINE,27363.626996700947,0.6258853734252625,10,0.6258853734252625,93.95093257564804,0.9119750577010564,23,27269.6760641253,27364.538971758648,experiment,FIFO,0.28,0,variant_5
7745,INSPECTION_1_6,INSPECTION_1_6_LINE,27364.17737127728,0.5503745763344341,11,0.5503745763344341,94.50130715198247,0.36160048136662226,24,27269.6760641253,27364.538971758648,experiment,FIFO,0.28,0,variant_5
7745,INSPECTION_1_7,INSPECTION_1_7_LINE,27364.538971758648,0.36160048136662226,12,0.36160048136662226,94.8629076333491,0.0,22,27269.6760641253,27364.538971758648,experiment,FIFO,0.28,0,variant_5
7746,MOULDING_1,MOULDING_MACHINE_1,27284.803284469577,4.3118074814774445,1,0.0,0.0,96.56305285589042,23,27284.803284469577,27381.366337325468,experiment,FIFO,0.28,0,variant_6
7746,ASSEMBLY_1_3,LINE_3_ASSEMBLY1,27295.41938544788,10.616100978302711,2,10.616100978302711,10.616100978302711,85.94695187758771,24,27284.803284469577,27381.366337325468,experiment,FIFO,0.28,0,variant_6
7746,ASSEMBLY_2_1,ASSEMBLY2_LINE_1,27352.159188525555,2.6543361838848796,3,56.73980307767488,67.35590405597759,29.20714879991283,25,27284.803284469577,27381.366337325468,experiment,FIFO,0.28,0,variant_6
7746,SORTING,SORTING_ROBOT_1,27365.44406908879,9.439630711982318,4,13.284880563234765,80.64078461921235,15.922268236678065,22,27284.803284469577,27381.366337325468,experiment,FIFO,0.28,0,variant_6
7746,PACKAGING_1,PACKAGING_LINE_1,27374.85004925473,9.405980165938672,5,9.405980165938672,90.04676478515103,6.516288070739392,21,27284.803284469577,27381.366337325468,experiment,FIFO,0.28,0,variant_6
7746,INSPECTION_1_1,INSPECTION_1_1_LINE,27374.90578654548,0.05573729075331357,6,0.05573729075331357,90.10250207590434,6.460550779986079,21,27284.803284469577,27381.366337325468,experiment,FIFO,0.28,0,variant_6
7746,INSPECTION_1_2,INSPECTION_1_2_LINE,27375.25496471463,0.3491781691482174,7,0.3491781691482174,90.45168024505256,6.111372610837861,21,27284.803284469577,27381.366337325468,experiment,FIFO,0.28,0,variant_6
7746,INSPECTION_1_3,INSPECTION_1_3_LINE,27376.53460606827,1.2796413536416367,8,1.2796413536416367,91.7313215986942,4.831731257196225,22,27284.803284469577,27381.366337325468,experiment,FIFO,0.28,0,variant_6
7746,INSPECTION_1_4,INSPECTION_1_4_LINE,27379.977289579863,3.442683511591895,9,3.442683511591895,95.17400511028609,1.38904774560433,24,27284.803284469577,27381.366337325468,experiment,FIFO,0.28,0,variant_6
7746,INSPECTION_1_5,INSPECTION_1_5_LINE,27380.22452644661,0.2472368667476985,10,0.2472368667476985,95.42124197703379,1.1418108788566315,23,27284.803284469577,27381.366337325468,experiment,FIFO,0.28,0,variant_6
7746,INSPECTION_1_6,INSPECTION_1_6_LINE,27380.597691579256,0.37316513264522655,11,0.37316513264522655,95.79440710967901,0.7686457462114049,23,27284.803284469577,27381.366337325468,experiment,FIFO,0.28,0,variant_6
7746,INSPECTION_1_7,INSPECTION_1_7_LINE,27381.366337325468,0.7686457462114049,12,0.7686457462114049,96.56305285589042,0.0,22,27284.803284469577,27381.366337325468,experiment,FIFO,0.28,0,variant_6
7747,MOULDING_5,MOULDING_MACHINE_5,27288.4486551736,6.352893270617642,1,0.0,0.0,57.42530985083431,23,27288.4486551736,27345.873965024435,experiment,FIFO,0.28,0,variant_3
7747,ASSEMBLY_1_1,LINE_1_ASSEMBLY1,27290.246617773417,1.7979625998159463,2,1.7979625998159463,1.7979625998159463,55.627347251018364,24,27288.4486551736,27345.873965024435,experiment,FIFO,0.28,0,variant_3
7747,ASSEMBLY_2_2,ASSEMBLY2_LINE_2,27321.41606715313,7.262183746730443,3,31.169449379714933,32.96741197953088,24.45789787130343,23,27288.4486551736,27345.873965024435,experiment,FIFO,0.28,0,variant_3
7747,SORTING,SORTING_ROBOT_1,27336.564725838856,0.4843040227351594,4,15.148658685724513,48.11607066525539,9.309239185578917,24,27288.4486551736,27345.873965024435,experiment,FIFO,0.28,0,variant_3
7747,PACKAGING_2,PACKAGING_LINE_2,27338.74377790325,2.179052064395364,5,2.179052064395364,50.29512272965076,7.130187121183553,24,27288.4486551736,27345.873965024435,experiment,FIFO,0.28,0,variant_3
7747,INSPECTION_1_1,INSPECTION_1_1_LINE,27340.544679320104,1.8009014168528665,6,1.8009014168528665,52.09602414650362,5.329285704330687,24,27288.4486551736,27345.873965024435,experiment,FIFO,0.28,0,variant_3
7747,INSPECTION_1_2,INSPECTION_1_2_LINE,27341.12777801496,0.5830986948567443,7,0.5830986948567443,52.67912284136037,4.7461870094739425,24,27288.4486551736,27345.873965024435,experiment,FIFO,0.28,0,variant_3
7747,INSPECTION_1_3,INSPECTION_1_3_LINE,27341.972598436165,0.8448204212036217,8,0.8448204212036217,53.52394326256399,3.901366588270321,24,27288.4486551736,27345.873965024435,experiment,FIFO,0.28,0,variant_3
7747,INSPECTION_1_4,INSPECTION_1_4_LINE,27341.97263439425,3.595808448153548e-05,9,3.595808448153548e-05,53.52397922064847,3.9013306301858393,24,27288.4486551736,27345.873965024435,experiment,FIFO,0.28,0,variant_3
7747,INSPECTION_1_5,INSPECTION_1_5_LINE,27343.19039263093,1.2177582366821298,10,1.2177582366821298,54.7417374573306,2.6835723935037095,25,27288.4486551736,27345.873965024435,experiment,FIFO,0.28,0,variant_3
7747,INSPECTION_1_6,INSPECTION_1_6_LINE,27345.154986745805,1.964594114873762,11,1.964594114873762,56.70633157220436,0.7189782786299475,25,27288.4486551736,27345.873965024435,experiment,FIFO,0.28,0,variant_3
7747,INSPECTION_1_7,INSPECTION_1_7_LINE,27345.873965024435,0.7189782786299475,12,0.7189782786299475,57.42530985083431,0.0,24,27288.4486551736,27345.873965024435,experiment,FIFO,0.28,0,variant_3
7748,MOULDING_5,MOULDING_MACHINE_5,27291.551713595527,3.1030584219261073,1,0.0,0.0,75.70432545912263,25,27291.551713595527,27367.25603905465,experiment,FIFO,0.28,0,variant_3
7748,ASSEMBLY_1_1,LINE_1_ASSEMBLY1,27299.902002631094,8.350289035566675,2,8.350289035566675,8.350289035566675,67.35403642355595,23,27291.551713595527,27367.25603905465,experiment,FIFO,0.28,0,variant_3
7748,ASSEMBLY_2_2,ASSEMBLY2_LINE_2,27326.86127662289,5.345455481641693,3,26.95927399179709,35.309563027363765,40.39476243175886,24,27291.551713595527,27367.25603905465,experiment,FIFO,0.28,0,variant_3
7748,SORTING,SORTING_ROBOT_1,27339.48308990988,0.001671083733526757,4,12.6218132869908,47.931376314354566,27.772949144768063,24,27291.551713595527,27367.25603905465,experiment,FIFO,0.28,0,variant_3
7748,PACKAGING_3,PACKAGING_LINE_3,27348.86498756868,6.381572101392521,5,9.381897658797243,57.31327397315181,18.39105148597082,24,27291.551713595527,27367.25603905465,experiment,FIFO,0.28,0,variant_3
7748,INSPECTION_2_1,INSPECTION_2_1_LINE,27349.42605847452,0.5610709058419161,6,0.5610709058419161,57.874344878993725,17.829980580128904,24,27291.551713595527,27367.25603905465,experiment,FIFO,0.28,0,variant_3
7748,INSPECTION_2_2,INSPECTION_2_2_LINE,27349.924722497548,0.49866402302723145,7,0.49866402302723145,58.373008902020956,17.331316557101673,24,27291.551713595527,27367.25603905465,experiment,FIFO,0.28,0,variant_3
7748,INSPECTION_2_3,INSPECTION_2_3_LINE,27350.31589274409,0.39117024654115085,8,0.39117024654115085,58.76417914856211,16.94014631056052,24,27291.551713595527,27367.25603905465,experiment,FIFO,0.28,0,variant_3
7748,INSPECTION_2_4,INSPECTION_2_4_LINE,27355.576914025507,1.1162973122445692,9,5.261021281417925,64.02520042998003,11.679125029142597,26,27291.551713595527,27367.25603905465,experiment,FIFO,0.28,0,variant_3
7748,INSPECTION_2_5,INSPECTION_2_5_LINE,27360.009956932365,4.015999260896933,10,4.433042906857736,68.45824333683777,7.246082122284861,24,27291.551713595527,27367.25603905465,experiment,FIFO,0.28,0,variant_3
7748,INSPECTION_2_6,INSPECTION_2_6_LINE,27362.43982148648,0.333622137313796,11,2.429864554116648,70.88810789095442,4.816217568168213,23,27291.551713595527,27367.25603905465,experiment,FIFO,0.28,0,variant_3
7748,INSPECTION_2_7,INSPECTION_2_7_LINE,27367.25603905465,1.0998329410431325,12,4.816217568168213,75.70432545912263,0.0,20,27291.551713595527,27367.25603905465,experiment,FIFO,0.28,0,variant_3
7749,MOULDING_1,MOULDING_MACHINE_1,27300.45048923125,12.22551954485607,1,0.0,0.0,96.0510047207099,25,27300.45048923125,27396.50149395196,experiment,FIFO,0.28,0,variant_5
7749,ASSEMBLY_1_3,LINE_3_ASSEMBLY1,27305.29693804649,1.981468201163807,2,4.846448815238546,4.846448815238546,91.20455590547135,23,27300.45048923125,27396.50149395196,experiment,FIFO,0.28,0,variant_5
7749,ASSEMBLY_2_2,ASSEMBLY2_LINE_2,27360.22912448442,11.582535085664858,3,54.932186437930795,59.77863525316934,36.27236946754056,24,27300.45048923125,27396.50149395196,experiment,FIFO,0.28,0,variant_5
7749,SORTING,SORTING_ROBOT_1,27383.34525421753,12.097011015408498,4,23.11612973310912,82.89476498627846,13.156239734431438,23,27300.45048923125,27396.50149395196,experiment,FIFO,0.28,0,variant_5
7749,PACKAGING_3,PACKAGING_LINE_3,27384.09868092044,0.7534267029113835,5,0.7534267029113835,83.64819168918984,12.402813031520054,22,27300.45048923125,27396.50149395196,experiment,FIFO,0.28,0,variant_5
7749,INSPECTION_2_1,INSPECTION_2_1_LINE,27386.23507622321,2.1363953027685056,6,2.1363953027685056,85.78458699195835,10.266417728751549,24,27300.45048923125,27396.50149395196,experiment,FIFO,0.28,0,variant_5
7749,INSPECTION_2_2,INSPECTION_2_2_LINE,27389.858030310403,3.622954087193648,7,3.622954087193648,89.407541079152,6.643463641557901,24,27300.45048923125,27396.50149395196,experiment,FIFO,0.28,0,variant_5
7749,INSPECTION_2_3,INSPECTION_2_3_LINE,27392.08629686012,2.2282665497186827,8,2.2282665497186827,91.63580762887068,4.415197091839218,24,27300.45048923125,27396.50149395196,experiment,FIFO,0.28,0,variant_5
7749,INSPECTION_2_4,INSPECTION_2_4_LINE,27392.118501478977,0.03220461885575787,9,0.03220461885575787,91.66801224772644,4.38299247298346,24,27300.45048923125,27396.50149395196,experiment,FIFO,0.28,0,variant_5
7749,INSPECTION_2_5,INSPECTION_2_5_LINE,27393.84465205981,1.7261505808346556,10,1.7261505808346556,93.3941628285611,2.6568418921488046,24,27300.45048923125,27396.50149395196,experiment,FIFO,0.28,0,variant_5
7749,INSPECTION_2_6,INSPECTION_2_6_LINE,27393.916043350306,0.07139129049392068,11,0.07139129049392068,93.46555411905501,2.585450601654884,24,27300.45048923125,27396.50149395196,experiment,FIFO,0.28,0,variant_5
7749,INSPECTION_2_6,INSPECTION_2_6_LINE,27393.99470233876,0.0786589884555724,12,0.0786589884555724,93.54421310751059,2.5067916131993115,24,27300.45048923125,27396.50149395196,experiment,FIFO,0.28,0,variant_5
7749,INSPECTION_2_7,INSPECTION_2_7_LINE,27396.50149395196,2.5067916131993115,13,2.5067916131993115,96.0510047207099,0.0,22,27300.45048923125,27396.50149395196,experiment,FIFO,0.28,0,variant_5
7750,MOULDING_5,MOULDING_MACHINE_5,27297.506722009646,5.95500841411922,1,0.0,0.0,64.15521997516407,24,27297.506722009646,27361.66194198481,experiment,FIFO,0.28,0,variant_1
7750,ASSEMBLY_1_5,LINE_5_ASSEMBLY1,27299.971562570987,2.4648405613406794,2,2.4648405613406794,2.4648405613406794,61.69037941382339,23,27297.506722009646,27361.66194198481,experiment,FIFO,0.28,0,variant_1
7750,ASSEMBLY_2_2,ASSEMBLY2_LINE_2,27331.54517199332,4.683895370428218,3,31.573609422332083,34.03844998367276,30.11676999149131,25,27297.506722009646,27361.66194198481,experiment,FIFO,0.28,0,variant_1
7750,SORTING,SORTING_ROBOT_1,27342.29320693209,1.8512123355831136,4,10.748034938769706,44.78648492244247,19.368735052721604,24,27297.506722009646,27361.66194198481,experiment,FIFO,0.28,0,variant_1
7750,PACKAGING_1,PACKAGING_LINE_1,27353.93359189752,0.36907485722986166,5,11.640384965430712,56.42686988787318,7.728350087290892,26,27297.506722009646,27361.66194198481,experiment,FIFO,0.28,0,variant_1
7750,INSPECTION_1_1,INSPECTION_1_1_LINE,27354.18389397848,0.21121367733212537,6,0.25030208095995476,56.677171968833136,7.478048006330937,26,27297.506722009646,27361.66194198481,experiment,FIFO,0.28,0,variant_1
7750,INSPECTION_1_2,INSPECTION_1_2_LINE,27355.32786492169,1.0319928728240484,7,1.14397094321248,57.821142912045616,6.334077063118457,26,27297.506722009646,27361.66194198481,experiment,FIFO,0.28,0,variant_1
7750,INSPECTION_1_3,INSPECTION_1_3_LINE,27358.00235289428,1.413955813033681,8,2.6744879725883948,60.49563088463401,3.659589090530062,26,27297.506722009646,27361.66194198481,experiment,FIFO,0.28,0,variant_1
7750,INSPECTION_1_4,INSPECTION_1_4_LINE,27358.283371782065,0.2810188877847395,9,0.2810188877847395,60.77664977241875,3.3785702027453226,26,27297.506722009646,27361.66194198481,experiment,FIFO,0.28,0,variant_1
7750,INSPECTION_1_5,INSPECTION_1_5_LINE,27359.454084783665,1.1707130016002338,10,1.1707130016002338,61.947362774018984,2.2078572011450888,25,27297.506722009646,27361.66194198481,experiment,FIFO,0.28,0,variant_1
7750,INSPECTION_1_6,INSPECTION_1_6_LINE,27360.95988623651,1.5058014528440253,11,1.5058014528440253,63.45316422686301,0.7020557483010634,24,27297.506722009646,27361.66194198481,experiment,FIFO,0.28,0,variant_1
7750,INSPECTION_1_7,INSPECTION_1_7_LINE,27361.66194198481,0.7020557483010634,12,0.7020557483010634,64.15521997516407,0.0,23,27297.506722009646,27361.66194198481,experiment,FIFO,0.28,0,variant_1
7751,MOULDING_3,MOULDING_MACHINE_3,27289.853433183336,0.7739448226457171,1,0.0,0.0,90.341335348563,24,27289.853433183336,27380.1947685319,experiment,FIFO,0.28,0,variant_5
7751,ASSEMBLY_1_5,LINE_5_ASSEMBLY1,27296.51267544952,6.659242266185174,2,6.659242266185174,6.659242266185174,83.68209308237783,24,27289.853433183336,27380.1947685319,experiment,FIFO,0.28,0,variant_5
7751,ASSEMBLY_2_1,ASSEMBLY2_LINE_1,27354.023873601825,1.864685076270689,3,57.51119815230413,64.1704404184893,26.1708949300737,26,27289.853433183336,27380.1947685319,experiment,FIFO,0.28,0,variant_5
7751,SORTING,SORTING_ROBOT_1,27365.736961162213,0.2928920734229905,4,11.713087560387066,75.88352797887637,14.457807369686634,22,27289.853433183336,27380.1947685319,experiment,FIFO,0.28,0,variant_5
7751,PACKAGING_2,PACKAGING_LINE_2,27370.17492232687,4.437961164658191,5,4.437961164658191,80.32148914353456,10.019846205028443,18,27289.853433183336,27380.1947685319,experiment,FIFO,0.28,0,variant_5
7751,INSPECTION_2_1,INSPECTION_2_1_LINE,27371.107279394007,0.9323570671367634,6,0.9323570671367634,81.25384621067133,9.08748913789168,19,27289.853433183336,27380.1947685319,experiment,FIFO,0.28,0,variant_5
7751,INSPECTION_2_2,INSPECTION_2_2_LINE,27372.086163046373,0.9788836523657665,7,0.9788836523657665,82.2327298630371,8.108605485525914,20,27289.853433183336,27380.1947685319,experiment,FIFO,0.28,0,variant_5
7751,INSPECTION_2_3,INSPECTION_2_3_LINE,27373.76306399521,1.5604775213214452,8,1.6769009488380107,83.9096308118751,6.431704536687903,20,27289.853433183336,27380.1947685319,experiment,FIFO,0.28,0,variant_5
7751,INSPECTION_2_4,INSPECTION_2_4_LINE,27375.728247923467,1.9651839282560104,9,1.9651839282560104,85.87481474013111,4.4665206084318925,21,27289.853433183336,27380.1947685319,experiment,FIFO,0.28,0,variant_5
7751,INSPECTION_2_5,INSPECTION_2_5_LINE,27378.610296836643,2.8820489131758222,10,2.8820489131758222,88.75686365330694,1.5844716952560702,23,27289.853433183336,27380.1947685319,experiment,FIFO,0.28,0,variant_5
7751,INSPECTION_2_6,INSPECTION_2_6_LINE,27379.643399805336,1.0331029686931288,11,1.0331029686931288,89.78996662200007,0.5513687265629414,24,27289.853433183336,27380.1947685319,experiment,FIFO,0.28,0,variant_5
7751,INSPECTION_2_7,INSPECTION_2_7_LINE,27380.1947685319,0.5513687265629414,12,0.5513687265629414,90.341335348563,0.0,23,27289.853433183336,27380.1947685319,experiment,FIFO,0.28,0,variant_5
7752,MOULDING_2,MOULDING_MACHINE_2,27294.6169247594,2.9499193811971054,1,0.0,0.0,73.93456034260453,25,27294.6169247594,27368.551485102005,experiment,FIFO,0.28,0,variant_3
7752,ASSEMBLY_1_4,LINE_4_ASSEMBLY1,27297.843158397023,3.2262336376224994,2,3.2262336376224994,3.2262336376224994,70.70832670498203,24,27294.6169247594,27368.551485102005,experiment,FIFO,0.28,0,variant_3
7752,ASSEMBLY_2_2,ASSEMBLY2_LINE_2,27321.51582114125,0.09975398811729974,3,23.672662744225818,26.898896381848317,47.03566396075621,23,27294.6169247594,27368.551485102005,experiment,FIFO,0.28,0,variant_3
7752,SORTING,SORTING_ROBOT_1,27338.41733176597,1.8526059271134727,4,16.901510624720686,43.800407006569,30.134153336035524,24,27294.6169247594,27368.551485102005,experiment,FIFO,0.28,0,variant_3
7752,PACKAGING_1,PACKAGING_LINE_1,27353.376686549665,2.0035555347349145,5,14.959354783695744,58.75976179026475,15.17479855233978,26,27294.6169247594,27368.551485102005,experiment,FIFO,0.28,0,variant_3
7752,INSPECTION_2_1,INSPECTION_2_1_LINE,27353.737270779147,0.3605842294819013,6,0.3605842294819013,59.12034601974665,14.814214322857879,26,27294.6169247594,27368.551485102005,experiment,FIFO,0.28,0,variant_3
7752,INSPECTION_2_2,INSPECTION_2_2_LINE,27354.796132553103,1.0588617739558686,7,1.0588617739558686,60.17920779370252,13.75535254890201,26,27294.6169247594,27368.551485102005,experiment,FIFO,0.28,0,variant_3
7752,INSPECTION_2_3,INSPECTION_2_3_LINE,27357.00800825276,2.2118756996569573,8,2.2118756996569573,62.391083493359474,11.543476849245053,26,27294.6169247594,27368.551485102005,experiment,FIFO,0.28,0,variant_3
7752,INSPECTION_2_4,INSPECTION_2_4_LINE,27359.220415080752,2.212406827991799,9,2.212406827991799,64.60349032135127,9.331070021253254,25,27294.6169247594,27368.551485102005,experiment,FIFO,0.28,0,variant_3
7752,INSPECTION_2_5,INSPECTION_2_5_LINE,27361.90157375863,1.1737005354298162,10,2.6811586778785568,67.28464899922983,6.649911343374697,23,27294.6169247594,27368.551485102005,experiment,FIFO,0.28,0,variant_3
7752,INSPECTION_2_6,INSPECTION_2_6_LINE,27364.13255934984,0.5738317060167901,11,2.230985591209901,69.51563459043973,4.418925752164796,24,27294.6169247594,27368.551485102005,experiment,FIFO,0.28,0,variant_3
7752,INSPECTION_2_7,INSPECTION_2_7_LINE,27368.551485102005,0.17912477736535948,12,4.418925752164796,73.93456034260453,0.0,18,27294.6169247594,27368.551485102005,experiment,FIFO,0.28,0,variant_3
7753,MOULDING_4,MOULDING_MACHINE_4,27300.33184897904,3.320132623615791,1,0.0,0.0,73.2851138025544,24,27300.33184897904,27373.616962781594,experiment,FIFO,0.28,0,variant_3
7753,ASSEMBLY_1_3,LINE_3_ASSEMBLY1,27303.315469845325,2.9836208662854915,2,2.9836208662854915,2.9836208662854915,70.30149293626891,23,27300.33184897904,27373.616962781594,experiment,FIFO,0.28,0,variant_3
7753,ASSEMBLY_2_2,ASSEMBLY2_LINE_2,27348.646589398755,7.6623982239252655,3,45.331119553429744,48.314740419715235,24.97037338283917,24,27300.33184897904,27373.616962781594,experiment,FIFO,0.28,0,variant_3
7753,SORTING,SORTING_ROBOT_1,27348.835247696272,0.18865829751666752,4,0.18865829751666752,48.5033987172319,24.781715085322503,24,27300.33184897904,27373.616962781594,experiment,FIFO,0.28,0,variant_3
7753,PACKAGING_1,PACKAGING_LINE_1,27364.636959888707,3.087310437047563,5,15.801712192434934,64.30511090966684,8.980002892887569,22,27300.33184897904,27373.616962781594,experiment,FIFO,0.28,0,variant_3
7753,INSPECTION_2_1,INSPECTION_2_1_LINE,27364.69468840292,0.05772851421352243,6,0.05772851421352243,64.36283942388036,8.922274378674047,22,27300.33184897904,27373.616962781594,experiment,FIFO,0.28,0,variant_3
7753,INSPECTION_2_2,INSPECTION_2_2_LINE,27365.069983721696,0.3752953187758976,7,0.3752953187758976,64.73813474265626,8.546979059898149,22,27300.33184897904,27373.616962781594,experiment,FIFO,0.28,0,variant_3
7753,INSPECTION_2_3,INSPECTION_2_3_LINE,27368.68487509524,3.614891373545106,8,3.614891373545106,68.35302611620136,4.932087686353043,18,27300.33184897904,27373.616962781594,experiment,FIFO,0.28,0,variant_3
7753,INSPECTION_2_4,INSPECTION_2_4_LINE,27371.25037641984,2.565501324599609,9,2.565501324599609,70.91852744080097,2.366586361753434,19,27300.33184897904,27373.616962781594,experiment,FIFO,0.28,0,variant_3
7753,INSPECTION_2_5,INSPECTION_2_5_LINE,27372.64773723881,1.3973608189699007,10,1.3973608189699007,72.31588825977087,0.9692255427835335,20,27300.33184897904,27373.616962781594,experiment,FIFO,0.28,0,variant_3
7753,INSPECTION_2_6,INSPECTION_2_6_LINE,27373.110700145244,0.46296290643294924,11,0.46296290643294924,72.77885116620382,0.5062626363505842,21,27300.33184897904,27373.616962781594,experiment,FIFO,0.28,0,variant_3
7753,INSPECTION_2_7,INSPECTION_2_7_LINE,27373.616962781594,0.5062626363505842,12,0.5062626363505842,73.2851138025544,0.0,20,27300.33184897904,27373.616962781594,experiment,FIFO,0.28,0,variant_3
7754,MOULDING_5,MOULDING_MACHINE_5,27299.06786931883,1.4153399684728356,1,0.0,0.0,102.38175567480721,25,27299.06786931883,27401.44962499364,experiment,FIFO,0.28,0,variant_3
7754,ASSEMBLY_1_2,LINE_2_ASSEMBLY1,27300.36806349878,1.3001941799484484,2,1.3001941799484484,1.3001941799484484,101.08156149485876,24,27299.06786931883,27401.44962499364,experiment,FIFO,0.28,0,variant_3
7754,ASSEMBLY_2_2,ASSEMBLY2_LINE_2,27340.98419117483,9.439019181510957,3,40.61612767605038,41.91632185599883,60.46543381880838,24,27299.06786931883,27401.44962499364,experiment,FIFO,0.28,0,variant_3
7754,ASSEMBLY_2_2,ASSEMBLY2_LINE_2,27376.57963596457,16.35051148014827,4,35.595444789738394,77.51176664573723,24.869989029069984,22,27299.06786931883,27401.44962499364,experiment,FIFO,0.28,0,variant_3
7754,SORTING,SORTING_ROBOT_1,27386.0507249868,2.274653887408931,5,9.471089022230444,86.98285566796767,15.39890000683954,24,27299.06786931883,27401.44962499364,experiment,FIFO,0.28,0,variant_3
7754,PACKAGING_1,PACKAGING_LINE_1,27389.12056373699,3.0698387501906836,6,3.0698387501906836,90.05269441815835,12.329061256648856,24,27299.06786931883,27401.44962499364,experiment,FIFO,0.28,0,variant_3
7754,INSPECTION_1_1,INSPECTION_1_1_LINE,27390.79919853969,0.6863666680474125,7,1.6786348027017084,91.73132922086006,10.650426453947148,24,27299.06786931883,27401.44962499364,experiment,FIFO,0.28,0,variant_3
7754,INSPECTION_1_2,INSPECTION_1_2_LINE,27392.701727616783,1.2412588701226923,8,1.902529077091458,93.63385829795152,8.74789737685569,24,27299.06786931883,27401.44962499364,experiment,FIFO,0.28,0,variant_3
7754,INSPECTION_1_3,INSPECTION_1_3_LINE,27393.887385256294,1.1856576395111915,9,1.1856576395111915,94.81951593746271,7.562239737344498,24,27299.06786931883,27401.44962499364,experiment,FIFO,0.28,0,variant_3
7754,INSPECTION_1_4,INSPECTION_1_4_LINE,27398.19189972466,4.304514468367415,10,4.304514468367415,99.12403040583013,3.257725268977083,22,27299.06786931883,27401.44962499364,experiment,FIFO,0.28,0,variant_3
7754,INSPECTION_1_5,INSPECTION_1_5_LINE,27400.62084767066,2.428947945998516,11,2.428947945998516,101.55297835182864,0.8287773229785671,22,27299.06786931883,27401.44962499364,experiment,FIFO,0.28,0,variant_3
7754,INSPECTION_1_6,INSPECTION_1_6_LINE,27400.88005539924,0.25920772858080454,12,0.25920772858080454,101.81218608040945,0.5695695943977626,22,27299.06786931883,27401.44962499364,experiment,FIFO,0.28,0,variant_3
7754,INSPECTION_1_7,INSPECTION_1_7_LINE,27401.44962499364,0.5695695943977626,13,0.5695695943977626,102.38175567480721,0.0,21,27299.06786931883,27401.44962499364,experiment,FIFO,0.28,0,variant_3
7755,MOULDING_3,MOULDING_MACHINE_3,27310.933124481828,12.087962955756666,1,0.0,0.0,72.72964892837263,21,27310.933124481828,27383.6627734102,experiment,FIFO,0.28,0,variant_3
7755,ASSEMBLY_1_4,LINE_4_ASSEMBLY1,27312.477132138258,1.5440076564300398,2,1.5440076564300398,1.5440076564300398,71.18564127194259,21,27310.933124481828,27383.6627734102,experiment,FIFO,0.28,0,variant_3
7755,ASSEMBLY_2_1,ASSEMBLY2_LINE_1,27357.38572263324,3.3618490314147493,3,44.90859049498249,46.45259815141253,26.277050776960095,26,27310.933124481828,27383.6627734102,experiment,FIFO,0.28,0,variant_3
7755,SORTING,SORTING_ROBOT_1,27371.24824320212,5.51128203990811,4,13.862520568880427,60.31511872029296,12.414530208079668,19,27310.933124481828,27383.6627734102,experiment,FIFO,0.28,0,variant_3
7755,PACKAGING_3,PACKAGING_LINE_3,27376.55428449816,5.306041296040348,5,5.306041296040348,65.6211600163333,7.10848891203932,22,27310.933124481828,27383.6627734102,experiment,FIFO,0.28,0,variant_3
7755,INSPECTION_1_1,INSPECTION_1_1_LINE,27377.90027754043,1.345993042268674,6,1.345993042268674,66.96715305860198,5.762495869770646,22,27310.933124481828,27383.6627734102,experiment,FIFO,0.28,0,variant_3
7755,INSPECTION_1_2,INSPECTION_1_2_LINE,27378.21695983792,0.31668229748902377,7,0.31668229748902377,67.283835356091,5.445813572281622,23,27310.933124481828,27383.6627734102,experiment,FIFO,0.28,0,variant_3
7755,INSPECTION_1_3,INSPECTION_1_3_LINE,27378.29263692692,0.07567708900023717,8,0.07567708900023717,67.35951244509124,5.370136483281385,23,27310.933124481828,27383.6627734102,experiment,FIFO,0.28,0,variant_3
7755,INSPECTION_1_4,INSPECTION_1_4_LINE,27380.56302374336,0.5857341634982731,9,2.270386816442624,69.62989926153386,3.099749666838761,23,27310.933124481828,27383.6627734102,experiment,FIFO,0.28,0,variant_3
7755,INSPECTION_1_5,INSPECTION_1_5_LINE,27380.8939364548,0.3309127114371222,10,0.3309127114371222,69.96081197297099,2.768836955401639,23,27310.933124481828,27383.6627734102,experiment,FIFO,0.28,0,variant_3
7755,INSPECTION_1_6,INSPECTION_1_6_LINE,27381.867832280408,0.973895825609361,11,0.973895825609361,70.93470779858035,1.794941129792278,23,27310.933124481828,27383.6627734102,experiment,FIFO,0.28,0,variant_3
7755,INSPECTION_1_7,INSPECTION_1_7_LINE,27383.6627734102,1.794941129792278,12,1.794941129792278,72.72964892837263,0.0,22,27310.933124481828,27383.6627734102,experiment,FIFO,0.28,0,variant_3
7756,MOULDING_3,MOULDING_MACHINE_3,27318.09078271068,7.157658228850778,1,0.0,0.0,104.27553772896863,22,27318.09078271068,27422.366320439647,experiment,FIFO,0.28,0,variant_4
7756,ASSEMBLY_1_1,LINE_1_ASSEMBLY1,27320.59413127202,2.5033485613421362,2,2.5033485613421362,2.5033485613421362,101.7721891676265,23,27318.09078271068,27422.366320439647,experiment,FIFO,0.28,0,variant_4
7756,ASSEMBLY_2_1,ASSEMBLY2_LINE_1,27401.142435933827,40.50592576335475,3,80.54830466180647,83.0516532231486,21.223884505820024,22,27318.09078271068,27422.366320439647,experiment,FIFO,0.28,0,variant_4
7756,SORTING,SORTING_ROBOT_1,27402.671989622864,0.045792868215357885,4,1.5295536890371295,84.58120691218573,19.694330816782895,22,27318.09078271068,27422.366320439647,experiment,FIFO,0.28,0,variant_4
7756,PACKAGING_3,PACKAGING_LINE_3,27414.3001584618,0.5663341476683854,5,11.62816883893538,96.20937575112112,8.066161977847514,21,27318.09078271068,27422.366320439647,experiment,FIFO,0.28,0,variant_4
7756,INSPECTION_2_1,INSPECTION_2_1_LINE,27416.683351154683,2.3831926928833127,6,2.3831926928833127,98.59256844400443,5.6829692849642015,20,27318.09078271068,27422.366320439647,experiment,FIFO,0.28,0,variant_4
7756,INSPECTION_2_2,INSPECTION_2_2_LINE,27417.11446821818,0.4311170634973678,7,0.4311170634973678,99.0236855075018,5.251852221466834,20,27318.09078271068,27422.366320439647,experiment,FIFO,0.28,0,variant_4
7756,INSPECTION_2_3,INSPECTION_2_3_LINE,27418.1713882763,0.02531074811849976,8,1.056920058119431,100.08060556562123,4.194932163347403,20,27318.09078271068,27422.366320439647,experiment,FIFO,0.28,0,variant_4
7756,INSPECTION_2_4,INSPECTION_2_4_LINE,27419.1432339616,0.44625930730398977,9,0.9718456853006501,101.05245125092188,3.2230864780467527,20,27318.09078271068,27422.366320439647,experiment,FIFO,0.28,0,variant_4
7756,INSPECTION_2_5,INSPECTION_2_5_LINE,27421.441977745057,0.39438820853683865,10,2.2987437834563025,103.35119503437818,0.9243426945904503,21,27318.09078271068,27422.366320439647,experiment,FIFO,0.28,0,variant_4
7756,INSPECTION_2_6,INSPECTION_2_6_LINE,27422.12493529192,0.15099969223956577,11,0.6829575468618714,104.03415258124005,0.24138514772857889,21,27318.09078271068,27422.366320439647,experiment,FIFO,0.28,0,variant_4
7756,INSPECTION_2_7,INSPECTION_2_7_LINE,27422.366320439647,0.21714329203678062,12,0.24138514772857889,104.27553772896863,0.0,19,27318.09078271068,27422.366320439647,experiment,FIFO,0.28,0,variant_4
7757,MOULDING_5,MOULDING_MACHINE_5,27322.04227179825,20.25608331856347,1,0.0,0.0,105.16876888795377,24,27322.04227179825,27427.211040686205,experiment,FIFO,0.28,0,variant_5
7757,ASSEMBLY_1_4,LINE_4_ASSEMBLY1,27327.88586601232,5.843594214067707,2,5.843594214067707,5.843594214067707,99.32517467388607,24,27322.04227179825,27427.211040686205,experiment,FIFO,0.28,0,variant_5
7757,ASSEMBLY_2_1,ASSEMBLY2_LINE_1,27410.45693607821,6.007640194202395,3,82.57107006589285,88.41466427996056,16.754104607993213,22,27322.04227179825,27427.211040686205,experiment,FIFO,0.28,0,variant_5
7757,SORTING,SORTING_ROBOT_1,27410.623267983363,0.1663319051513099,4,0.1663319051513099,88.58099618511187,16.587772702841903,22,27322.04227179825,27427.211040686205,experiment,FIFO,0.28,0,variant_5
7757,PACKAGING_3,PACKAGING_LINE_3,27415.01276291129,0.7126044494907546,5,4.389494927927444,92.97049111303932,12.198277774914459,21,27322.04227179825,27427.211040686205,experiment,FIFO,0.28,0,variant_5
7757,INSPECTION_2_1,INSPECTION_2_1_LINE,27417.5748916216,0.891540466916922,6,2.56212871030948,95.5326198233488,9.636149064604979,20,27322.04227179825,27427.211040686205,experiment,FIFO,0.28,0,variant_5
7757,INSPECTION_2_2,INSPECTION_2_2_LINE,27419.793109173937,2.2182175523375918,7,2.2182175523375918,97.75083737568639,7.417931512267387,21,27322.04227179825,27427.211040686205,experiment,FIFO,0.28,0,variant_5
7757,INSPECTION_2_3,INSPECTION_2_3_LINE,27420.761078276075,0.967969102137431,8,0.967969102137431,98.71880647782382,6.449962410129956,21,27322.04227179825,27427.211040686205,experiment,FIFO,0.28,0,variant_5
7757,INSPECTION_2_4,INSPECTION_2_4_LINE,27421.2568158091,0.49573753302684054,9,0.49573753302684054,99.21454401085066,5.954224877103115,21,27322.04227179825,27427.211040686205,experiment,FIFO,0.28,0,variant_5
7757,INSPECTION_2_5,INSPECTION_2_5_LINE,27424.394889441613,2.952911696556839,10,3.138073632511805,102.35261764336246,2.8161512445913104,18,27322.04227179825,27427.211040686205,experiment,FIFO,0.28,0,variant_5
7757,INSPECTION_2_6,INSPECTION_2_6_LINE,27426.730455802124,2.335566360510711,11,2.335566360510711,104.68818400387318,0.4805848840805993,18,27322.04227179825,27427.211040686205,experiment,FIFO,0.28,0,variant_5
7757,INSPECTION_2_7,INSPECTION_2_7_LINE,27427.211040686205,0.4805848840805993,12,0.4805848840805993,105.16876888795377,0.0,17,27322.04227179825,27427.211040686205,experiment,FIFO,0.28,0,variant_5
7758,MOULDING_4,MOULDING_MACHINE_4,27313.71980468879,4.940257943679171,1,0.0,0.0,82.52101534382382,22,27313.71980468879,27396.240820032614,experiment,FIFO,0.28,0,variant_5
7758,MOULDING_4,MOULDING_MACHINE_4,27317.90205175138,4.182247062592069,2,4.182247062592069,4.182247062592069,78.33876828123175,22,27313.71980468879,27396.240820032614,experiment,FIFO,0.28,0,variant_5
7758,ASSEMBLY_1_5,LINE_5_ASSEMBLY1,27320.098511105592,2.196459354210674,3,2.196459354210674,6.378706416802743,76.14230892702108,23,27313.71980468879,27396.240820032614,experiment,FIFO,0.28,0,variant_5
7758,ASSEMBLY_2_1,ASSEMBLY2_LINE_1,27360.636510170472,3.2507875372320996,4,40.53799906487984,46.916705481682584,35.604309862141235,24,27313.71980468879,27396.240820032614,experiment,FIFO,0.28,0,variant_5
7758,SORTING,SORTING_ROBOT_1,27383.77607109939,0.4308168818606646,5,23.13956092891749,70.05626641060007,12.464748933223746,22,27313.71980468879,27396.240820032614,experiment,FIFO,0.28,0,variant_5
7758,PACKAGING_2,PACKAGING_LINE_2,27388.592826980515,4.816755881125573,6,4.816755881125573,74.87302229172565,7.6479930520981725,24,27313.71980468879,27396.240820032614,experiment,FIFO,0.28,0,variant_5
7758,INSPECTION_1_1,INSPECTION_1_1_LINE,27390.112831871644,1.5200048911283375,7,1.5200048911283375,76.39302718285398,6.127988160969835,24,27313.71980468879,27396.240820032614,experiment,FIFO,0.28,0,variant_5
7758,INSPECTION_1_2,INSPECTION_1_2_LINE,27391.46046874666,1.3476368750161782,8,1.3476368750161782,77.74066405787016,4.780351285953657,24,27313.71980468879,27396.240820032614,experiment,FIFO,0.28,0,variant_5
7758,INSPECTION_1_3,INSPECTION_1_3_LINE,27392.326009152155,0.8655404054952669,9,0.8655404054952669,78.60620446336543,3.91481088045839,24,27313.71980468879,27396.240820032614,experiment,FIFO,0.28,0,variant_5
7758,INSPECTION_1_4,INSPECTION_1_4_LINE,27393.73192817636,1.405919024204195,10,1.405919024204195,80.01212348756962,2.508891856254195,24,27313.71980468879,27396.240820032614,experiment,FIFO,0.28,0,variant_5
7758,INSPECTION_1_5,INSPECTION_1_5_LINE,27394.27911441874,0.5471862423801213,11,0.5471862423801213,80.55930972994975,1.9617056138740736,24,27313.71980468879,27396.240820032614,experiment,FIFO,0.28,0,variant_5
7758,INSPECTION_1_6,INSPECTION_1_6_LINE,27396.13504297009,1.8559285513510986,12,1.8559285513510986,82.41523828130084,0.10577706252297503,24,27313.71980468879,27396.240820032614,experiment,FIFO,0.28,0,variant_5
7758,INSPECTION_1_7,INSPECTION_1_7_LINE,27396.240820032614,0.10577706252297503,13,0.10577706252297503,82.52101534382382,0.0,23,27313.71980468879,27396.240820032614,experiment,FIFO,0.28,0,variant_5
7759,MOULDING_3,MOULDING_MACHINE_3,27319.11993494716,1.0291522364823322,1,0.0,0.0,93.87015088442058,23,27319.11993494716,27412.99008583158,experiment,FIFO,0.28,0,variant_4
7759,ASSEMBLY_1_2,LINE_2_ASSEMBLY1,27323.815557690006,4.695622742845444,2,4.695622742845444,4.695622742845444,89.17452814157514,23,27319.11993494716,27412.99008583158,experiment,FIFO,0.28,0,variant_4
7759,ASSEMBLY_2_1,ASSEMBLY2_LINE_1,27402.70878714889,1.56635121506406,3,78.89322945888489,83.58885220173033,10.281298682690249,22,27319.11993494716,27412.99008583158,experiment,FIFO,0.28,0,variant_4
7759,SORTING,SORTING_ROBOT_1,27403.070886822046,0.36209967315517133,4,0.36209967315517133,83.9509518748855,9.919199009535077,22,27319.11993494716,27412.99008583158,experiment,FIFO,0.28,0,variant_4
7759,SORTING,SORTING_ROBOT_1,27403.25843010454,0.18754328249269747,5,0.18754328249269747,84.1384951573782,9.73165572704238,22,27319.11993494716,27412.99008583158,experiment,FIFO,0.28,0,variant_4
7759,PACKAGING_1,PACKAGING_LINE_1,27405.0831799226,1.824749818060809,6,1.824749818060809,85.96324497543901,7.906905908981571,21,27319.11993494716,27412.99008583158,experiment,FIFO,0.28,0,variant_4
7759,INSPECTION_2_1,INSPECTION_2_1_LINE,27405.32422469877,0.24104477616856457,7,0.24104477616856457,86.20428975160758,7.665861132813006,21,27319.11993494716,27412.99008583158,experiment,FIFO,0.28,0,variant_4
7759,INSPECTION_2_2,INSPECTION_2_2_LINE,27405.3509270512,0.026702352432039334,8,0.026702352432039334,86.23099210403961,7.639158780380967,21,27319.11993494716,27412.99008583158,experiment,FIFO,0.28,0,variant_4
7759,INSPECTION_2_3,INSPECTION_2_3_LINE,27405.87413670064,0.5232096494401048,9,0.5232096494401048,86.75420175347972,7.115949130940862,21,27319.11993494716,27412.99008583158,experiment,FIFO,0.28,0,variant_4
7759,INSPECTION_2_4,INSPECTION_2_4_LINE,27410.640530785146,4.766394084505009,10,4.766394084505009,91.52059583798473,2.349555046435853,22,27319.11993494716,27412.99008583158,experiment,FIFO,0.28,0,variant_4
7759,INSPECTION_2_5,INSPECTION_2_5_LINE,27410.996885512024,0.3563547268786351,11,0.3563547268786351,91.87695056486336,1.9932003195572179,22,27319.11993494716,27412.99008583158,experiment,FIFO,0.28,0,variant_4
7759,INSPECTION_2_6,INSPECTION_2_6_LINE,27411.92404022854,0.9271547165153606,12,0.9271547165153606,92.80410528137872,1.0660456030418572,22,27319.11993494716,27412.99008583158,experiment,FIFO,0.28,0,variant_4
7759,INSPECTION_2_7,INSPECTION_2_7_LINE,27412.99008583158,1.0660456030418572,13,1.0660456030418572,93.87015088442058,0.0,21,27319.11993494716,27412.99008583158,experiment,FIFO,0.28,0,variant_4
7760,MOULDING_4,MOULDING_MACHINE_4,27326.43003017182,1.42852564198256,1,0.0,0.0,97.74174243499874,24,27326.43003017182,27424.17177260682,experiment,FIFO,0.28,0,variant_3
7760,ASSEMBLY_1_1,LINE_1_ASSEMBLY1,27326.974045748608,0.544015576786478,2,0.544015576786478,0.544015576786478,97.19772685821226,24,27326.43003017182,27424.17177260682,experiment,FIFO,0.28,0,variant_3
7760,ASSEMBLY_2_1,ASSEMBLY2_LINE_1,27404.44929588401,1.7405087351180555,3,77.47525013540144,78.01926571218792,19.722476722810825,21,27326.43003017182,27424.17177260682,experiment,FIFO,0.28,0,variant_3
7760,SORTING,SORTING_ROBOT_1,27406.64514621805,2.195850334039278,4,2.195850334039278,80.2151160462272,17.526626388771547,21,27326.43003017182,27424.17177260682,experiment,FIFO,0.28,0,variant_3
7760,PACKAGING_1,PACKAGING_LINE_1,27410.99866341232,4.353517194271262,5,4.353517194271262,84.56863324049846,13.173109194500285,22,27326.43003017182,27424.17177260682,experiment,FIFO,0.28,0,variant_3
7760,INSPECTION_1_1,INSPECTION_1_1_LINE,27413.21143413856,2.2127707262407057,6,2.2127707262407057,86.78140396673916,10.960338468259579,21,27326.43003017182,27424.17177260682,experiment,FIFO,0.28,0,variant_3
7760,INSPECTION_1_2,INSPECTION_1_2_LINE,27419.628741411023,6.417307272462494,7,6.417307272462494,93.19871123920166,4.543031195797084,21,27326.43003017182,27424.17177260682,experiment,FIFO,0.28,0,variant_3
7760,INSPECTION_1_3,INSPECTION_1_3_LINE,27419.957207171443,0.32846576041993103,8,0.32846576041993103,93.52717699962159,4.214565435377153,21,27326.43003017182,27424.17177260682,experiment,FIFO,0.28,0,variant_3
7760,INSPECTION_1_4,INSPECTION_1_4_LINE,27420.06067042739,0.10346325594582595,9,0.10346325594582595,93.63064025556741,4.111102179431327,21,27326.43003017182,27424.17177260682,experiment,FIFO,0.28,0,variant_3
7760,INSPECTION_1_5,INSPECTION_1_5_LINE,27422.86947666393,2.8088062365422957,10,2.8088062365422957,96.43944649210971,1.3022959428890317,19,27326.43003017182,27424.17177260682,experiment,FIFO,0.28,0,variant_3
7760,INSPECTION_1_6,INSPECTION_1_6_LINE,27423.65969385688,0.7902171929490578,11,0.7902171929490578,97.22966368505877,0.5120787499399739,19,27326.43003017182,27424.17177260682,experiment,FIFO,0.28,0,variant_3
7760,INSPECTION_1_7,INSPECTION_1_7_LINE,27424.17177260682,0.5120787499399739,12,0.5120787499399739,97.74174243499874,0.0,18,27326.43003017182,27424.17177260682,experiment,FIFO,0.28,0,variant_3
7761,MOULDING_4,MOULDING_MACHINE_4,27329.93334253434,0.30309532377214055,1,0.0,0.0,67.96678583725952,25,27329.93334253434,27397.9001283716,experiment,FIFO,0.28,0,variant_5
7761,ASSEMBLY_1_3,LINE_3_ASSEMBLY1,27343.34536483377,13.412022299431555,2,13.412022299431555,13.412022299431555,54.55476353782797,25,27329.93334253434,27397.9001283716,experiment,FIFO,0.28,0,variant_5
7761,ASSEMBLY_2_2,ASSEMBLY2_LINE_2,27379.74603602908,3.166400064510526,3,36.40067119530795,49.812693494739506,18.154092342520016,24,27329.93334253434,27397.9001283716,experiment,FIFO,0.28,0,variant_5
7761,SORTING,SORTING_ROBOT_1,27387.032532583824,0.9818075970251812,4,7.286496554745099,57.099190049484605,10.867595787774917,24,27329.93334253434,27397.9001283716,experiment,FIFO,0.28,0,variant_5
7761,PACKAGING_3,PACKAGING_LINE_3,27390.896501074563,3.863968490739353,5,3.863968490739353,60.96315854022396,7.003627297035564,24,27329.93334253434,27397.9001283716,experiment,FIFO,0.28,0,variant_5
7761,INSPECTION_2_1,INSPECTION_2_1_LINE,27391.16716362368,0.2706625491155137,6,0.2706625491155137,61.23382108933947,6.73296474792005,24,27329.93334253434,27397.9001283716,experiment,FIFO,0.28,0,variant_5
7761,INSPECTION_2_2,INSPECTION_2_2_LINE,27391.199380203296,0.03221657961694291,7,0.03221657961694291,61.266037668956415,6.700748168303107,24,27329.93334253434,27397.9001283716,experiment,FIFO,0.28,0,variant_5
7761,INSPECTION_2_3,INSPECTION_2_3_LINE,27392.40577328851,0.31947642838713364,8,1.206393085212767,62.47243075416918,5.4943550830903405,24,27329.93334253434,27397.9001283716,experiment,FIFO,0.28,0,variant_5
7761,INSPECTION_2_4,INSPECTION_2_4_LINE,27393.058027175684,0.6522538871759025,9,0.6522538871759025,63.124684641345084,4.842101195914438,24,27329.93334253434,27397.9001283716,experiment,FIFO,0.28,0,variant_5
7761,INSPECTION_2_5,INSPECTION_2_5_LINE,27394.3386693366,0.49401727678923635,10,1.2806421609166136,64.4053268022617,3.5614590349978243,24,27329.93334253434,27397.9001283716,experiment,FIFO,0.28,0,variant_5
7761,INSPECTION_2_6,INSPECTION_2_6_LINE,27394.45201668985,0.11334735324999201,11,0.11334735324999201,64.51867415551169,3.4481116817478323,24,27329.93334253434,27397.9001283716,experiment,FIFO,0.28,0,variant_5
7761,INSPECTION_2_7,INSPECTION_2_7_LINE,27397.9001283716,1.398634419638256,12,3.4481116817478323,67.96678583725952,0.0,22,27329.93334253434,27397.9001283716,experiment,FIFO,0.28,0,variant_5
7762,MOULDING_5,MOULDING_MACHINE_5,27352.41225706788,22.26979970251341,1,0.0,0.0,63.11615441820686,26,27352.41225706788,27415.528411486088,experiment,FIFO,0.28,0,variant_3
7762,ASSEMBLY_1_4,LINE_4_ASSEMBLY1,27357.636723486383,5.224466418501834,2,5.224466418501834,5.224466418501834,57.89168799970503,26,27352.41225706788,27415.528411486088,experiment,FIFO,0.28,0,variant_3
7762,ASSEMBLY_2_2,ASSEMBLY2_LINE_2,27397.33236369273,5.728292903899273,3,39.69564020634789,44.92010662484972,18.19604779335714,23,27352.41225706788,27415.528411486088,experiment,FIFO,0.28,0,variant_3
7762,SORTING,SORTING_ROBOT_1,27399.42499967333,2.09263598059988,4,2.09263598059988,47.0127426054496,16.10341181275726,22,27352.41225706788,27415.528411486088,experiment,FIFO,0.28,0,variant_3
7762,PACKAGING_3,PACKAGING_LINE_3,27400.11836755989,0.6933678865607362,5,0.6933678865607362,47.70611049201034,15.410043926196522,22,27352.41225706788,27415.528411486088,experiment,FIFO,0.28,0,variant_3
7762,INSPECTION_1_1,INSPECTION_1_1_LINE,27405.722150681828,5.603783121936431,6,5.603783121936431,53.30989361394677,9.806260804260091,21,27352.41225706788,27415.528411486088,experiment,FIFO,0.28,0,variant_3
7762,INSPECTION_1_2,INSPECTION_1_2_LINE,27407.78478104976,2.0626303679309785,7,2.0626303679309785,55.37252398187775,7.743630436329113,21,27352.41225706788,27415.528411486088,experiment,FIFO,0.28,0,variant_3
7762,INSPECTION_1_3,INSPECTION_1_3_LINE,27408.130895712497,0.34611466273781843,8,0.34611466273781843,55.71863864461557,7.397515773591294,21,27352.41225706788,27415.528411486088,experiment,FIFO,0.28,0,variant_3
7762,INSPECTION_1_4,INSPECTION_1_4_LINE,27410.65368834124,2.522792628744355,9,2.522792628744355,58.24143127335992,4.874723144846939,22,27352.41225706788,27415.528411486088,experiment,FIFO,0.28,0,variant_3
7762,INSPECTION_1_5,INSPECTION_1_5_LINE,27413.68052336949,3.0268350282494794,10,3.0268350282494794,61.2682663016094,1.8478881165974599,21,27352.41225706788,27415.528411486088,experiment,FIFO,0.28,0,variant_3
7762,INSPECTION_1_6,INSPECTION_1_6_LINE,27414.683227266112,1.0027038966218242,11,1.0027038966218242,62.270970198231225,0.8451842199756356,21,27352.41225706788,27415.528411486088,experiment,FIFO,0.28,0,variant_3
7762,INSPECTION_1_7,INSPECTION_1_7_LINE,27415.528411486088,0.8451842199756356,12,0.8451842199756356,63.11615441820686,0.0,20,27352.41225706788,27415.528411486088,experiment,FIFO,0.28,0,variant_3
7763,MOULDING_3,MOULDING_MACHINE_3,27343.05655491587,8.446184336709848,1,0.0,0.0,91.78863553673,25,27343.05655491587,27434.8451904526,experiment,FIFO,0.28,0,variant_2
7763,ASSEMBLY_1_2,LINE_2_ASSEMBLY1,27347.404599754773,4.348044838901842,2,4.348044838901842,4.348044838901842,87.44059069782816,24,27343.05655491587,27434.8451904526,experiment,FIFO,0.28,0,variant_2
7763,ASSEMBLY_2_1,ASSEMBLY2_LINE_1,27418.161160445667,7.704224367455026,3,70.75656069089382,75.10460552979566,16.684030006934336,20,27343.05655491587,27434.8451904526,experiment,FIFO,0.28,0,variant_2
7763,SORTING,SORTING_ROBOT_1,27425.50760680254,7.346446356874367,4,7.346446356874367,82.45105188667003,9.337583650059969,18,27343.05655491587,27434.8451904526,experiment,FIFO,0.28,0,variant_2
7763,PACKAGING_3,PACKAGING_LINE_3,27428.621825017744,3.1142182152034366,5,3.1142182152034366,85.56527010187347,6.223365434856532,18,27343.05655491587,27434.8451904526,experiment,FIFO,0.28,0,variant_2
7763,INSPECTION_1_1,INSPECTION_1_1_LINE,27429.823407734704,1.2015827169598197,6,1.2015827169598197,86.76685281883329,5.021782717896713,19,27343.05655491587,27434.8451904526,experiment,FIFO,0.28,0,variant_2
7763,INSPECTION_1_2,INSPECTION_1_2_LINE,27430.389387144663,0.5659794099592546,7,0.5659794099592546,87.33283222879254,4.455803307937458,19,27343.05655491587,27434.8451904526,experiment,FIFO,0.28,0,variant_2
7763,INSPECTION_1_3,INSPECTION_1_3_LINE,27431.69143820874,1.302051064078114,8,1.302051064078114,88.63488329287065,3.153752243859344,19,27343.05655491587,27434.8451904526,experiment,FIFO,0.28,0,variant_2
7763,INSPECTION_1_4,INSPECTION_1_4_LINE,27431.8003075063,0.1088692975572485,9,0.1088692975572485,88.7437525904279,3.0448829463020957,19,27343.05655491587,27434.8451904526,experiment,FIFO,0.28,0,variant_2
7763,INSPECTION_1_5,INSPECTION_1_5_LINE,27433.46192545548,1.6616179491793446,10,1.6616179491793446,90.40537053960725,1.383264997122751,19,27343.05655491587,27434.8451904526,experiment,FIFO,0.28,0,variant_2
7763,INSPECTION_1_6,INSPECTION_1_6_LINE,27434.788184254507,1.3262587990284374,11,1.3262587990284374,91.73162933863568,0.05700619809431373,19,27343.05655491587,27434.8451904526,experiment,FIFO,0.28,0,variant_2
7763,INSPECTION_1_7,INSPECTION_1_7_LINE,27434.8451904526,0.05700619809431373,12,0.05700619809431373,91.78863553673,0.0,18,27343.05655491587,27434.8451904526,experiment,FIFO,0.28,0,variant_2
7764,MOULDING_1,MOULDING_MACHINE_1,27350.6547165656,11.420489500760596,1,0.0,0.0,89.70306982142938,25,27350.6547165656,27440.35778638703,experiment,FIFO,0.28,0,variant_2
7764,ASSEMBLY_1_2,LINE_2_ASSEMBLY1,27357.49331166037,6.744685691144696,2,6.838595094770426,6.838595094770426,82.86447472665895,26,27350.6547165656,27440.35778638703,experiment,FIFO,0.28,0,variant_2
7764,ASSEMBLY_2_1,ASSEMBLY2_LINE_1,27426.82885849868,8.667698053013737,3,69.3355468383088,76.17414193307923,13.528927888350154,18,27350.6547165656,27440.35778638703,experiment,FIFO,0.28,0,variant_2
7764,SORTING,SORTING_ROBOT_1,27430.42307720509,2.119173085753573,4,3.5942187064101745,79.7683606394894,9.93470918193998,19,27350.6547165656,27440.35778638703,experiment,FIFO,0.28,0,variant_2
7764,PACKAGING_2,PACKAGING_LINE_2,27432.673954334783,2.250877129692526,5,2.250877129692526,82.01923776918193,7.683832052247453,19,27350.6547165656,27440.35778638703,experiment,FIFO,0.28,0,variant_2
7764,INSPECTION_2_1,INSPECTION_2_1_LINE,27433.71544676302,1.0414924282376887,6,1.0414924282376887,83.06073019741962,6.6423396240097645,19,27350.6547165656,27440.35778638703,experiment,FIFO,0.28,0,variant_2
7764,INSPECTION_2_2,INSPECTION_2_2_LINE,27435.317772936483,1.602326173462643,7,1.602326173462643,84.66305637088226,5.0400134505471215,19,27350.6547165656,27440.35778638703,experiment,FIFO,0.28,0,variant_2
7764,INSPECTION_2_3,INSPECTION_2_3_LINE,27435.987872805374,0.6700998688902473,8,0.6700998688902473,85.3331562397725,4.369913581656874,19,27350.6547165656,27440.35778638703,experiment,FIFO,0.28,0,variant_2
7764,INSPECTION_2_4,INSPECTION_2_4_LINE,27436.32425956036,0.33638675498514203,9,0.33638675498514203,85.66954299475765,4.033526826671732,19,27350.6547165656,27440.35778638703,experiment,FIFO,0.28,0,variant_2
7764,INSPECTION_2_5,INSPECTION_2_5_LINE,27436.67781437992,0.35355481956139556,10,0.35355481956139556,86.02309781431904,3.6799720071103366,19,27350.6547165656,27440.35778638703,experiment,FIFO,0.28,0,variant_2
7764,INSPECTION_2_6,INSPECTION_2_6_LINE,27439.546605553165,2.868791173244972,11,2.868791173244972,88.89188898756402,0.8111808338653645,18,27350.6547165656,27440.35778638703,experiment,FIFO,0.28,0,variant_2
7764,INSPECTION_2_7,INSPECTION_2_7_LINE,27440.35778638703,0.8111808338653645,12,0.8111808338653645,89.70306982142938,0.0,17,27350.6547165656,27440.35778638703,experiment,FIFO,0.28,0,variant_2
7765,MOULDING_4,MOULDING_MACHINE_4,27344.31905342145,2.2401188628718955,1,0.0,0.0,59.0606339186088,25,27344.31905342145,27403.379687340057,experiment,FIFO,0.28,0,variant_6
7765,ASSEMBLY_1_2,LINE_2_ASSEMBLY1,27350.748625969227,3.344026214454061,2,6.429572547778662,6.429572547778662,52.63106137083014,25,27344.31905342145,27403.379687340057,experiment,FIFO,0.28,0,variant_6
7765,ASSEMBLY_2_2,ASSEMBLY2_LINE_2,27391.60407078883,11.858034759752627,3,40.8554448196046,47.28501736738326,11.77561655122554,24,27344.31905342145,27403.379687340057,experiment,FIFO,0.28,0,variant_6
7765,SORTING,SORTING_ROBOT_1,27393.767298362,2.1632275731681148,4,2.1632275731681148,49.448244940551376,9.612388978057425,24,27344.31905342145,27403.379687340057,experiment,FIFO,0.28,0,variant_6
7765,PACKAGING_1,PACKAGING_LINE_1,27397.18833462248,3.4210362604790134,5,3.4210362604790134,52.86928120103039,6.191352717578411,23,27344.31905342145,27403.379687340057,experiment,FIFO,0.28,0,variant_6
7765,INSPECTION_1_1,INSPECTION_1_1_LINE,27398.2397070824,1.051372459922277,6,1.051372459922277,53.92065366095267,5.139980257656134,22,27344.31905342145,27403.379687340057,experiment,FIFO,0.28,0,variant_6
7765,INSPECTION_1_2,INSPECTION_1_2_LINE,27399.20175341142,0.9620463290193584,7,0.9620463290193584,54.882699989972025,4.177933928636776,22,27344.31905342145,27403.379687340057,experiment,FIFO,0.28,0,variant_6
7765,INSPECTION_1_3,INSPECTION_1_3_LINE,27400.597298914403,1.3955455029827135,8,1.3955455029827135,56.27824549295474,2.7823884256540623,22,27344.31905342145,27403.379687340057,experiment,FIFO,0.28,0,variant_6
7765,INSPECTION_1_4,INSPECTION_1_4_LINE,27402.601731082254,2.0044321678506094,9,2.0044321678506094,58.28267766080535,0.7779562578034529,22,27344.31905342145,27403.379687340057,experiment,FIFO,0.28,0,variant_6
7765,INSPECTION_1_5,INSPECTION_1_5_LINE,27403.00021772373,0.3984866414757562,10,0.3984866414757562,58.681164302281104,0.3794696163276967,22,27344.31905342145,27403.379687340057,experiment,FIFO,0.28,0,variant_6
7765,INSPECTION_1_6,INSPECTION_1_6_LINE,27403.03031404141,0.03009631768145482,11,0.03009631768145482,58.71126061996256,0.3493732986462419,22,27344.31905342145,27403.379687340057,experiment,FIFO,0.28,0,variant_6
7765,INSPECTION_1_7,INSPECTION_1_7_LINE,27403.379687340057,0.3493732986462419,12,0.3493732986462419,59.0606339186088,0.0,21,27344.31905342145,27403.379687340057,experiment,FIFO,0.28,0,variant_6
7766,MOULDING_4,MOULDING_MACHINE_4,27363.963809471345,5.009573393897881,1,0.0,0.0,73.73978093795449,24,27363.963809471345,27437.7035904093,experiment,FIFO,0.28,0,variant_1
7766,ASSEMBLY_1_1,LINE_1_ASSEMBLY1,27375.90456208356,11.940752612215874,2,11.940752612215874,11.940752612215874,61.79902832573862,21,27363.963809471345,27437.7035904093,experiment,FIFO,0.28,0,variant_1
7766,ASSEMBLY_2_2,ASSEMBLY2_LINE_2,27425.252676774217,25.76287146888717,3,49.348114690656075,61.28886730287195,12.450913635082543,18,27363.963809471345,27437.7035904093,experiment,FIFO,0.28,0,variant_1
7766,SORTING,SORTING_ROBOT_1,27428.303904119337,2.7962973167959717,4,3.0512273451204237,64.34009464799237,9.39968628996212,18,27363.963809471345,27437.7035904093,experiment,FIFO,0.28,0,variant_1
7766,PACKAGING_3,PACKAGING_LINE_3,27430.54680880014,1.9249837823954294,5,2.2429046808028943,66.58299932879527,7.156781609159225,19,27363.963809471345,27437.7035904093,experiment,FIFO,0.28,0,variant_1
7766,INSPECTION_1_1,INSPECTION_1_1_LINE,27431.821694799903,1.2748859997627733,6,1.2748859997627733,67.85788532855804,5.881895609396452,19,27363.963809471345,27437.7035904093,experiment,FIFO,0.28,0,variant_1
7766,INSPECTION_1_2,INSPECTION_1_2_LINE,27432.271632338623,0.4499375387204054,7,0.4499375387204054,68.30782286727845,5.431958070676046,19,27363.963809471345,27437.7035904093,experiment,FIFO,0.28,0,variant_1
7766,INSPECTION_1_3,INSPECTION_1_3_LINE,27432.39454171136,0.12290937273792224,8,0.12290937273792224,68.43073224001637,5.309048697938124,19,27363.963809471345,27437.7035904093,experiment,FIFO,0.28,0,variant_1
7766,INSPECTION_1_4,INSPECTION_1_4_LINE,27433.229072495986,0.8345307846248033,9,0.8345307846248033,69.26526302464117,4.474517913313321,19,27363.963809471345,27437.7035904093,experiment,FIFO,0.28,0,variant_1
7766,INSPECTION_1_5,INSPECTION_1_5_LINE,27434.02353023672,0.5616047812400211,10,0.7944577407324687,70.05972076537364,3.680060172580852,19,27363.963809471345,27437.7035904093,experiment,FIFO,0.28,0,variant_1
7766,INSPECTION_1_6,INSPECTION_1_6_LINE,27436.306706020136,1.5185217656289751,11,2.2831757834173914,72.34289654879103,1.3968843891634606,19,27363.963809471345,27437.7035904093,experiment,FIFO,0.28,0,variant_1
7766,INSPECTION_1_7,INSPECTION_1_7_LINE,27437.7035904093,1.3968843891634606,12,1.3968843891634606,73.73978093795449,0.0,18,27363.963809471345,27437.7035904093,experiment,FIFO,0.28,0,variant_1
7767,MOULDING_3,MOULDING_MACHINE_3,27374.399260808685,9.90977894642856,1,0.0,0.0,105.44751116749467,21,27374.399260808685,27479.84677197618,experiment,FIFO,0.28,0,variant_3
7767,ASSEMBLY_1_2,LINE_2_ASSEMBLY1,27382.73817246412,8.338911655435368,2,8.338911655435368,8.338911655435368,97.1085995120593,23,27374.399260808685,27479.84677197618,experiment,FIFO,0.28,0,variant_3
7767,ASSEMBLY_2_1,ASSEMBLY2_LINE_1,27465.381338829902,3.123190208512824,3,82.64316636578224,90.9820780212176,14.465433146277064,18,27374.399260808685,27479.84677197618,experiment,FIFO,0.28,0,variant_3
7767,SORTING,SORTING_ROBOT_1,27469.46236486957,4.065239433930401,4,4.081026039668359,95.06310406088596,10.384407106608705,20,27374.399260808685,27479.84677197618,experiment,FIFO,0.28,0,variant_3
7767,PACKAGING_1,PACKAGING_LINE_1,27470.58504883119,1.1226839616210782,5,1.1226839616210782,96.18578802250704,9.261723144987627,20,27374.399260808685,27479.84677197618,experiment,FIFO,0.28,0,variant_3
7767,INSPECTION_1_1,INSPECTION_1_1_LINE,27470.9333411781,0.34829234690914745,6,0.34829234690914745,96.53408036941619,8.91343079807848,20,27374.399260808685,27479.84677197618,experiment,FIFO,0.28,0,variant_3
7767,INSPECTION_1_2,INSPECTION_1_2_LINE,27471.45560244504,0.5222612669385853,7,0.5222612669385853,97.05634163635477,8.391169531139894,20,27374.399260808685,27479.84677197618,experiment,FIFO,0.28,0,variant_3
7767,INSPECTION_1_3,INSPECTION_1_3_LINE,27473.03060744045,1.575004995411291,8,1.575004995411291,98.63134663176606,6.816164535728603,21,27374.399260808685,27479.84677197618,experiment,FIFO,0.28,0,variant_3
7767,INSPECTION_1_4,INSPECTION_1_4_LINE,27474.18893071092,1.158323270468827,9,1.158323270468827,99.78966990223489,5.657841265259776,21,27374.399260808685,27479.84677197618,experiment,FIFO,0.28,0,variant_3
7767,INSPECTION_1_5,INSPECTION_1_5_LINE,27474.53335402048,0.34442330956153455,10,0.34442330956153455,100.13409321179643,5.313417955698242,21,27374.399260808685,27479.84677197618,experiment,FIFO,0.28,0,variant_3
7767,INSPECTION_1_6,INSPECTION_1_6_LINE,27477.8079067608,3.2745527403203596,11,3.2745527403203596,103.40864595211679,2.038865215377882,20,27374.399260808685,27479.84677197618,experiment,FIFO,0.28,0,variant_3
7767,INSPECTION_1_7,INSPECTION_1_7_LINE,27479.84677197618,2.038865215377882,12,2.038865215377882,105.44751116749467,0.0,19,27374.399260808685,27479.84677197618,experiment,FIFO,0.28,0,variant_3
7768,MOULDING_1,MOULDING_MACHINE_1,27372.834448673915,6.202204692584928,1,0.0,0.0,76.31475085189595,21,27372.834448673915,27449.14919952581,experiment,FIFO,0.28,0,variant_1
7768,ASSEMBLY_1_3,LINE_3_ASSEMBLY1,27380.001462430224,4.882985797295987,2,7.167013756308734,7.167013756308734,69.14773709558722,24,27372.834448673915,27449.14919952581,experiment,FIFO,0.28,0,variant_1
7768,ASSEMBLY_2_1,ASSEMBLY2_LINE_1,27438.778852417014,11.516256015773251,3,58.777389986789785,65.94440374309852,10.370347108797432,18,27372.834448673915,27449.14919952581,experiment,FIFO,0.28,0,variant_1
7768,SORTING,SORTING_ROBOT_1,27442.791592785936,3.130622740751278,4,4.0127403689220955,69.95714411202061,6.357606739875337,17,27372.834448673915,27449.14919952581,experiment,FIFO,0.28,0,variant_1
7768,PACKAGING_3,PACKAGING_LINE_3,27445.78228240417,2.9906896182328637,5,2.9906896182328637,72.94783373025348,3.366917121642473,17,27372.834448673915,27449.14919952581,experiment,FIFO,0.28,0,variant_1
7768,INSPECTION_2_1,INSPECTION_2_1_LINE,27446.123544187933,0.3412617837639118,6,0.3412617837639118,73.28909551401739,3.025655337878561,17,27372.834448673915,27449.14919952581,experiment,FIFO,0.28,0,variant_1
7768,INSPECTION_2_2,INSPECTION_2_2_LINE,27446.35424174906,0.2306975611281814,7,0.2306975611281814,73.51979307514557,2.7949577767503797,17,27372.834448673915,27449.14919952581,experiment,FIFO,0.28,0,variant_1
7768,INSPECTION_2_3,INSPECTION_2_3_LINE,27447.01975563137,0.6655138823080051,8,0.6655138823080051,74.18530695745358,2.1294438944423746,17,27372.834448673915,27449.14919952581,experiment,FIFO,0.28,0,variant_1
7768,INSPECTION_2_4,INSPECTION_2_4_LINE,27447.254559149133,0.23480351776379393,9,0.23480351776379393,74.42011047521737,1.8946403766785807,17,27372.834448673915,27449.14919952581,experiment,FIFO,0.28,0,variant_1
7768,INSPECTION_2_5,INSPECTION_2_5_LINE,27447.403524101366,0.1489649522336549,10,0.1489649522336549,74.56907542745103,1.7456754244449257,17,27372.834448673915,27449.14919952581,experiment,FIFO,0.28,0,variant_1
7768,INSPECTION_2_6,INSPECTION_2_6_LINE,27447.7502605558,0.34673645443399437,11,0.34673645443399437,74.91581188188502,1.3989389700109314,17,27372.834448673915,27449.14919952581,experiment,FIFO,0.28,0,variant_1
7768,INSPECTION_2_7,INSPECTION_2_7_LINE,27449.14919952581,1.3989389700109314,12,1.3989389700109314,76.31475085189595,0.0,16,27372.834448673915,27449.14919952581,experiment,FIFO,0.28,0,variant_1
7769,MOULDING_3,MOULDING_MACHINE_3,27376.398806174584,1.9995453658993938,1,0.0,0.0,118.6387067993528,22,27376.398806174584,27495.037512973937,experiment,FIFO,0.28,0,variant_3
7769,ASSEMBLY_1_3,LINE_3_ASSEMBLY1,27387.32291482798,7.321452397754911,2,10.924108653394796,10.924108653394796,107.714598145958,24,27376.398806174584,27495.037512973937,experiment,FIFO,0.28,0,variant_3
7769,ASSEMBLY_2_1,ASSEMBLY2_LINE_1,27474.66267007644,8.141386759674788,3,87.33975524846028,98.26386390185507,20.37484289749773,21,27376.398806174584,27495.037512973937,experiment,FIFO,0.28,0,variant_3
7769,SORTING,SORTING_ROBOT_1,27476.622698780982,1.9600287045432196,4,1.9600287045432196,100.2238926063983,18.41481419295451,20,27376.398806174584,27495.037512973937,experiment,FIFO,0.28,0,variant_3
7769,PACKAGING_2,PACKAGING_LINE_2,27484.42941534353,7.806716562547081,5,7.806716562547081,108.03060916894538,10.608097630407428,16,27376.398806174584,27495.037512973937,experiment,FIFO,0.28,0,variant_3
7769,INSPECTION_2_1,INSPECTION_2_1_LINE,27486.597918742307,2.1685033987778297,6,2.1685033987778297,110.1991125677232,8.439594231629599,16,27376.398806174584,27495.037512973937,experiment,FIFO,0.28,0,variant_3
7769,INSPECTION_2_2,INSPECTION_2_2_LINE,27489.38046821612,2.7825494738135603,7,2.7825494738135603,112.98166204153677,5.657044757816038,17,27376.398806174584,27495.037512973937,experiment,FIFO,0.28,0,variant_3
7769,INSPECTION_2_3,INSPECTION_2_3_LINE,27489.73781072245,0.3573425063295872,8,0.3573425063295872,113.33900454786635,5.299702251486451,17,27376.398806174584,27495.037512973937,experiment,FIFO,0.28,0,variant_3
7769,INSPECTION_2_4,INSPECTION_2_4_LINE,27491.52682046422,1.789009741769405,9,1.789009741769405,115.12801428963576,3.510692509717046,18,27376.398806174584,27495.037512973937,experiment,FIFO,0.28,0,variant_3
7769,INSPECTION_2_5,INSPECTION_2_5_LINE,27494.7436764646,3.2168560003810853,10,3.2168560003810853,118.34487029001684,0.2938365093359607,17,27376.398806174584,27495.037512973937,experiment,FIFO,0.28,0,variant_3
7769,INSPECTION_2_6,INSPECTION_2_6_LINE,27494.81471182851,0.07103536390786758,11,0.07103536390786758,118.41590565392471,0.22280114542809315,17,27376.398806174584,27495.037512973937,experiment,FIFO,0.28,0,variant_3
7769,INSPECTION_2_7,INSPECTION_2_7_LINE,27495.037512973937,0.22280114542809315,12,0.22280114542809315,118.6387067993528,0.0,16,27376.398806174584,27495.037512973937,experiment,FIFO,0.28,0,variant_3
7770,MOULDING_2,MOULDING_MACHINE_2,27370.932487418733,2.7454878732824,1,0.0,0.0,51.2166897288771,19,27370.932487418733,27422.14917714761,experiment,FIFO,0.28,0,variant_6
7770,ASSEMBLY_1_3,LINE_3_ASSEMBLY1,27374.97245197321,4.039964554478502,2,4.039964554478502,4.039964554478502,47.1767251743986,21,27370.932487418733,27422.14917714761,experiment,FIFO,0.28,0,variant_6
7770,ASSEMBLY_2_2,ASSEMBLY2_LINE_2,27399.48980530533,2.1574416125986318,3,24.517353332117636,28.557317886596138,22.65937184228096,22,27370.932487418733,27422.14917714761,experiment,FIFO,0.28,0,variant_6
7770,SORTING,SORTING_ROBOT_1,27402.62619675465,3.1363914493194898,4,3.1363914493194898,31.693709335915628,19.522980392961472,22,27370.932487418733,27422.14917714761,experiment,FIFO,0.28,0,variant_6
7770,PACKAGING_3,PACKAGING_LINE_3,27413.73382431413,11.107627559482353,5,11.107627559482353,42.80133689539798,8.415352833479119,21,27370.932487418733,27422.14917714761,experiment,FIFO,0.28,0,variant_6
7770,INSPECTION_2_1,INSPECTION_2_1_LINE,27414.207729714264,0.47390540013293503,6,0.47390540013293503,43.275242295530916,7.941447433346184,21,27370.932487418733,27422.14917714761,experiment,FIFO,0.28,0,variant_6
7770,INSPECTION_2_2,INSPECTION_2_2_LINE,27414.308031495348,0.10030178108354448,7,0.10030178108354448,43.37554407661446,7.8411456522626395,21,27370.932487418733,27422.14917714761,experiment,FIFO,0.28,0,variant_6
7770,INSPECTION_2_3,INSPECTION_2_3_LINE,27418.14607752818,3.8380460328335175,8,3.8380460328335175,47.21359010944798,4.003099619429122,20,27370.932487418733,27422.14917714761,experiment,FIFO,0.28,0,variant_6
7770,INSPECTION_2_4,INSPECTION_2_4_LINE,27418.696974654296,0.5508971261151601,9,0.5508971261151601,47.76448723556314,3.452202493313962,20,27370.932487418733,27422.14917714761,experiment,FIFO,0.28,0,variant_6
7770,INSPECTION_2_5,INSPECTION_2_5_LINE,27421.04758953652,2.3506148822234536,10,2.3506148822234536,50.11510211778659,1.1015876110905083,21,27370.932487418733,27422.14917714761,experiment,FIFO,0.28,0,variant_6
7770,INSPECTION_2_6,INSPECTION_2_6_LINE,27421.97393559968,0.9263460631591443,11,0.9263460631591443,51.041448180945736,0.17524154793136404,21,27370.932487418733,27422.14917714761,experiment,FIFO,0.28,0,variant_6
7770,INSPECTION_2_7,INSPECTION_2_7_LINE,27422.14917714761,0.17524154793136404,12,0.17524154793136404,51.2166897288771,0.0,20,27370.932487418733,27422.14917714761,experiment,FIFO,0.28,0,variant_6
7771,MOULDING_5,MOULDING_MACHINE_5,27371.75013453006,3.4860212617131765,1,0.0,0.0,69.56816421740223,20,27371.75013453006,27441.31829874746,experiment,FIFO,0.28,0,variant_3
7771,ASSEMBLY_1_3,LINE_3_ASSEMBLY1,27375.118476632928,0.14602465971620404,2,3.3683421028690645,3.3683421028690645,66.19982211453316,21,27371.75013453006,27441.31829874746,experiment,FIFO,0.28,0,variant_3
7771,ASSEMBLY_2_1,ASSEMBLY2_LINE_1,27427.26259640124,0.4337379025600967,3,52.14411976831252,55.512461871181586,14.055702346220642,17,27371.75013453006,27441.31829874746,experiment,FIFO,0.28,0,variant_3
7771,SORTING,SORTING_ROBOT_1,27431.681988290587,1.2589110854969476,4,4.419391889347025,59.93185376052861,9.636310456873616,19,27371.75013453006,27441.31829874746,experiment,FIFO,0.28,0,variant_3
7771,PACKAGING_1,PACKAGING_LINE_1,27436.848977263988,5.166988973400294,5,5.166988973400294,65.0988427339289,4.469321483473323,19,27371.75013453006,27441.31829874746,experiment,FIFO,0.28,0,variant_3
7771,INSPECTION_2_1,INSPECTION_2_1_LINE,27436.904089070307,0.055111806319473544,6,0.055111806319473544,65.15395454024838,4.414209677153849,19,27371.75013453006,27441.31829874746,experiment,FIFO,0.28,0,variant_3
7771,INSPECTION_2_2,INSPECTION_2_2_LINE,27438.71735949233,1.8132704220224696,7,1.8132704220224696,66.96722496227085,2.6009392551313795,18,27371.75013453006,27441.31829874746,experiment,FIFO,0.28,0,variant_3
7771,INSPECTION_2_3,INSPECTION_2_3_LINE,27438.914849192457,0.1974897001273348,8,0.1974897001273348,67.16471466239818,2.4034495550040447,18,27371.75013453006,27441.31829874746,experiment,FIFO,0.28,0,variant_3
7771,INSPECTION_2_4,INSPECTION_2_4_LINE,27439.105620745308,0.1907715528504923,9,0.1907715528504923,67.35548621524867,2.2126780021535524,18,27371.75013453006,27441.31829874746,experiment,FIFO,0.28,0,variant_3
7771,INSPECTION_2_5,INSPECTION_2_5_LINE,27440.4628353956,1.3572146502920077,10,1.3572146502920077,68.71270086554068,0.8554633518615447,17,27371.75013453006,27441.31829874746,experiment,FIFO,0.28,0,variant_3
7771,INSPECTION_2_6,INSPECTION_2_6_LINE,27440.99889504736,0.5360596517602971,11,0.5360596517602971,69.24876051730098,0.3194037001012475,17,27371.75013453006,27441.31829874746,experiment,FIFO,0.28,0,variant_3
7771,INSPECTION_2_7,INSPECTION_2_7_LINE,27441.31829874746,0.3194037001012475,12,0.3194037001012475,69.56816421740223,0.0,16,27371.75013453006,27441.31829874746,experiment,FIFO,0.28,0,variant_3
7772,MOULDING_2,MOULDING_MACHINE_2,27377.543628290587,3.3849412911513355,1,0.0,0.0,97.93819619813439,22,27377.543628290587,27475.48182448872,experiment,FIFO,0.28,0,variant_5
7772,ASSEMBLY_1_1,LINE_1_ASSEMBLY1,27380.204843004994,2.6612147144078335,2,2.6612147144078335,2.6612147144078335,95.27698148372656,23,27377.543628290587,27475.48182448872,experiment,FIFO,0.28,0,variant_5
7772,ASSEMBLY_2_1,ASSEMBLY2_LINE_1,27459.391212902163,20.61236048514911,3,79.18636989716833,81.84758461157617,16.090611586558225,16,27377.543628290587,27475.48182448872,experiment,FIFO,0.28,0,variant_5
7772,SORTING,SORTING_ROBOT_1,27463.08318302408,0.12945946099353023,4,3.6919701219158014,85.53955473349197,12.398641464642424,19,27377.543628290587,27475.48182448872,experiment,FIFO,0.28,0,variant_5
7772,PACKAGING_3,PACKAGING_LINE_3,27464.37943204789,1.2962490238096507,5,1.2962490238096507,86.83580375730162,11.102392440832773,19,27377.543628290587,27475.48182448872,experiment,FIFO,0.28,0,variant_5
7772,INSPECTION_2_1,INSPECTION_2_1_LINE,27467.50487679645,3.125444748562586,6,3.125444748562586,89.9612485058642,7.976947692270187,19,27377.543628290587,27475.48182448872,experiment,FIFO,0.28,0,variant_5
7772,INSPECTION_2_2,INSPECTION_2_2_LINE,27468.082266632136,0.577389835685608,7,0.577389835685608,90.53863834154981,7.399557856584579,19,27377.543628290587,27475.48182448872,experiment,FIFO,0.28,0,variant_5
7772,INSPECTION_2_3,INSPECTION_2_3_LINE,27468.126235748525,0.04396911638832535,8,0.04396911638832535,90.58260745793814,7.355588740196254,19,27377.543628290587,27475.48182448872,experiment,FIFO,0.28,0,variant_5
7772,INSPECTION_2_4,INSPECTION_2_4_LINE,27468.423560364,0.2973246154761,9,0.2973246154761,90.87993207341424,7.058264124720154,20,27377.543628290587,27475.48182448872,experiment,FIFO,0.28,0,variant_5
7772,INSPECTION_2_5,INSPECTION_2_5_LINE,27470.13574043084,1.7121800668392098,10,1.7121800668392098,92.59211214025345,5.346084057880944,20,27377.543628290587,27475.48182448872,experiment,FIFO,0.28,0,variant_5
7772,INSPECTION_2_6,INSPECTION_2_6_LINE,27471.33119952348,1.195459092639794,11,1.195459092639794,93.78757123289324,4.15062496524115,20,27377.543628290587,27475.48182448872,experiment,FIFO,0.28,0,variant_5
7772,INSPECTION_2_7,INSPECTION_2_7_LINE,27475.48182448872,4.15062496524115,12,4.15062496524115,97.93819619813439,0.0,20,27377.543628290587,27475.48182448872,experiment,FIFO,0.28,0,variant_5
7773,MOULDING_4,MOULDING_MACHINE_4,27378.1434354076,2.2340328884893097,1,0.0,0.0,107.46736552406946,23,27378.1434354076,27485.61080093167,experiment,FIFO,0.28,0,variant_1
7773,ASSEMBLY_1_1,LINE_1_ASSEMBLY1,27383.606082283,3.40123927800596,2,5.462646875399514,5.462646875399514,102.00471864866995,23,27378.1434354076,27485.61080093167,experiment,FIFO,0.28,0,variant_1
7773,ASSEMBLY_2_1,ASSEMBLY2_LINE_1,27466.521283316764,1.1399444868620776,3,82.91520103376388,88.37784790916339,19.08951761490607,19,27378.1434354076,27485.61080093167,experiment,FIFO,0.28,0,variant_1
7773,SORTING,SORTING_ROBOT_1,27469.666720144643,0.20435527507288498,4,3.1454368278791662,91.52328473704256,15.944080787026905,20,27378.1434354076,27485.61080093167,experiment,FIFO,0.28,0,variant_1
7773,PACKAGING_1,PACKAGING_LINE_1,27475.417191576827,4.832142745635792,5,5.750471432183986,97.27375616922654,10.19360935484292,21,27378.1434354076,27485.61080093167,experiment,FIFO,0.28,0,variant_1
7773,INSPECTION_1_1,INSPECTION_1_1_LINE,27475.534222926064,0.11703134923664038,6,0.11703134923664038,97.39078751846318,10.07657800560628,20,27378.1434354076,27485.61080093167,experiment,FIFO,0.28,0,variant_1
7773,INSPECTION_1_2,INSPECTION_1_2_LINE,27478.03923227508,1.3298683943212382,7,2.5050093490172003,99.89579686748039,7.571568656589079,20,27378.1434354076,27485.61080093167,experiment,FIFO,0.28,0,variant_1
7773,INSPECTION_1_3,INSPECTION_1_3_LINE,27479.609622738164,1.570390463082731,8,1.570390463082731,101.46618733056312,6.001178193506348,20,27378.1434354076,27485.61080093167,experiment,FIFO,0.28,0,variant_1
7773,INSPECTION_1_4,INSPECTION_1_4_LINE,27480.95022199711,1.3405992589468951,9,1.3405992589468951,102.80678658951001,4.660578934559453,17,27378.1434354076,27485.61080093167,experiment,FIFO,0.28,0,variant_1
7773,INSPECTION_1_5,INSPECTION_1_5_LINE,27481.064303465,0.11408146788744489,10,0.11408146788744489,102.92086805739746,4.546497466672008,17,27378.1434354076,27485.61080093167,experiment,FIFO,0.28,0,variant_1
7773,INSPECTION_1_6,INSPECTION_1_6_LINE,27484.642567657706,3.578264192707138,11,3.578264192707138,106.4991322501046,0.96823327396487,16,27378.1434354076,27485.61080093167,experiment,FIFO,0.28,0,variant_1
7773,INSPECTION_1_7,INSPECTION_1_7_LINE,27485.61080093167,0.96823327396487,12,0.96823327396487,107.46736552406946,0.0,16,27378.1434354076,27485.61080093167,experiment,FIFO,0.28,0,variant_1
7774,MOULDING_3,MOULDING_MACHINE_3,27384.99339706074,6.446533045134856,1,0.0,0.0,84.2500152503817,23,27384.99339706074,27469.243412311123,experiment,FIFO,0.28,0,variant_2
7774,ASSEMBLY_1_2,LINE_2_ASSEMBLY1,27401.579681591884,16.586284531142155,2,16.586284531142155,16.586284531142155,67.66373071923954,21,27384.99339706074,27469.243412311123,experiment,FIFO,0.28,0,variant_2
7774,ASSEMBLY_2_2,ASSEMBLY2_LINE_2,27443.27885573191,1.042638254013582,3,41.699174140027026,58.28545867116918,25.964556579212513,17,27384.99339706074,27469.243412311123,experiment,FIFO,0.28,0,variant_2
7774,SORTING,SORTING_ROBOT_1,27457.1001541888,3.914053523538314,4,13.821298456889053,72.10675712805823,12.14325812232346,16,27384.99339706074,27469.243412311123,experiment,FIFO,0.28,0,variant_2
7774,PACKAGING_3,PACKAGING_LINE_3,27457.1706322346,0.07047804579997319,5,0.07047804579997319,72.17723517385821,12.072780076523486,16,27384.99339706074,27469.243412311123,experiment,FIFO,0.28,0,variant_2
7774,INSPECTION_1_1,INSPECTION_1_1_LINE,27457.83852548976,0.6678932551585604,6,0.6678932551585604,72.84512842901677,11.404886821364926,16,27384.99339706074,27469.243412311123,experiment,FIFO,0.28,0,variant_2
7774,INSPECTION_1_2,INSPECTION_1_2_LINE,27459.080963859604,1.2424383698453312,7,1.2424383698453312,74.0875667988621,10.162448451519595,16,27384.99339706074,27469.243412311123,experiment,FIFO,0.28,0,variant_2
7774,INSPECTION_1_3,INSPECTION_1_3_LINE,27462.21334193397,3.132378074365988,8,3.132378074365988,77.21994487322809,7.030070377153606,16,27384.99339706074,27469.243412311123,experiment,FIFO,0.28,0,variant_2
7774,INSPECTION_1_4,INSPECTION_1_4_LINE,27464.9768525742,2.763510640230379,9,2.763510640230379,79.98345551345847,4.266559736923227,18,27384.99339706074,27469.243412311123,experiment,FIFO,0.28,0,variant_2
7774,INSPECTION_1_5,INSPECTION_1_5_LINE,27465.990209364223,1.0133567900229536,10,1.0133567900229536,80.99681230348142,3.2532029469002737,19,27384.99339706074,27469.243412311123,experiment,FIFO,0.28,0,variant_2
7774,INSPECTION_1_6,INSPECTION_1_6_LINE,27467.78839239809,1.798183033868554,11,1.798183033868554,82.79499533734997,1.4550199130317196,19,27384.99339706074,27469.243412311123,experiment,FIFO,0.28,0,variant_2
7774,INSPECTION_1_7,INSPECTION_1_7_LINE,27469.243412311123,1.4550199130317196,12,1.4550199130317196,84.2500152503817,0.0,20,27384.99339706074,27469.243412311123,experiment,FIFO,0.28,0,variant_2
7775,MOULDING_1,MOULDING_MACHINE_1,27379.34949098181,0.25254155058428296,1,0.0,0.0,100.65604638165678,24,27379.34949098181,27480.005537363468,experiment,FIFO,0.28,0,variant_1
7775,ASSEMBLY_1_5,LINE_5_ASSEMBLY1,27381.36996872016,2.020477738347836,2,2.020477738347836,2.020477738347836,98.63556864330894,22,27379.34949098181,27480.005537363468,experiment,FIFO,0.28,0,variant_1
7775,ASSEMBLY_2_1,ASSEMBLY2_LINE_1,27462.25814862139,2.8669357192266034,3,80.88817990123061,82.90865763957845,17.74738874207833,16,27379.34949098181,27480.005537363468,experiment,FIFO,0.28,0,variant_1
7775,SORTING,SORTING_ROBOT_1,27463.4377758956,0.35459287152116303,4,1.179627274210361,84.08828491378881,16.567761467867967,19,27379.34949098181,27480.005537363468,experiment,FIFO,0.28,0,variant_1
7775,PACKAGING_1,PACKAGING_LINE_1,27465.15637202006,1.7185961244613281,5,1.7185961244613281,85.80688103825014,14.84916534340664,18,27379.34949098181,27480.005537363468,experiment,FIFO,0.28,0,variant_1
7775,INSPECTION_2_1,INSPECTION_2_1_LINE,27469.075345609213,1.570468812762556,6,3.9189735891523014,89.72585462740244,10.930191754254338,20,27379.34949098181,27480.005537363468,experiment,FIFO,0.28,0,variant_1
7775,INSPECTION_2_2,INSPECTION_2_2_LINE,27470.85820238124,1.7828567720280262,7,1.7828567720280262,91.50871139943047,9.147334982226312,20,27379.34949098181,27480.005537363468,experiment,FIFO,0.28,0,variant_1
7775,INSPECTION_2_3,INSPECTION_2_3_LINE,27472.576240484515,1.7180381032740115,8,1.7180381032740115,93.22674950270448,7.4292968789523,21,27379.34949098181,27480.005537363468,experiment,FIFO,0.28,0,variant_1
7775,INSPECTION_2_4,INSPECTION_2_4_LINE,27473.90187327732,1.325632792802935,9,1.325632792802935,94.55238229550741,6.103664086149365,21,27379.34949098181,27480.005537363468,experiment,FIFO,0.28,0,variant_1
7775,INSPECTION_2_5,INSPECTION_2_5_LINE,27473.98203420857,0.08016093125115731,10,0.08016093125115731,94.63254322675857,6.023503154898208,21,27379.34949098181,27480.005537363468,experiment,FIFO,0.28,0,variant_1
7775,INSPECTION_2_6,INSPECTION_2_6_LINE,27477.94159220089,3.959557992318878,11,3.959557992318878,98.59210121907745,2.06394516257933,20,27379.34949098181,27480.005537363468,experiment,FIFO,0.28,0,variant_1
7775,INSPECTION_2_7,INSPECTION_2_7_LINE,27480.005537363468,2.06394516257933,12,2.06394516257933,100.65604638165678,0.0,18,27379.34949098181,27480.005537363468,experiment,FIFO,0.28,0,variant_1
7776,MOULDING_1,MOULDING_MACHINE_1,27381.408517842054,1.0911010619493027,1,0.0,0.0,74.74360180578515,23,27381.408517842054,27456.15211964784,experiment,FIFO,0.28,0,variant_2
7776,ASSEMBLY_1_5,LINE_5_ASSEMBLY1,27386.328480006327,4.919962164272874,2,4.919962164272874,4.919962164272874,69.82363964151227,24,27381.408517842054,27456.15211964784,experiment,FIFO,0.28,0,variant_2
7776,ASSEMBLY_2_2,ASSEMBLY2_LINE_2,27435.358905237288,10.106228463071602,3,49.030425230961555,53.95038739523443,20.793214410550718,19,27381.408517842054,27456.15211964784,experiment,FIFO,0.28,0,variant_2
7776,SORTING,SORTING_ROBOT_1,27439.660970045185,4.302064807896386,4,4.302064807896386,58.252452203130815,16.491149602654332,18,27381.408517842054,27456.15211964784,experiment,FIFO,0.28,0,variant_2
7776,SORTING,SORTING_ROBOT_1,27445.657263037432,2.86567025149634,5,5.996292992247618,64.24874519537843,10.494856610406714,17,27381.408517842054,27456.15211964784,experiment,FIFO,0.28,0,variant_2
7776,PACKAGING_1,PACKAGING_LINE_1,27449.862866748743,4.205603711310687,6,4.205603711310687,68.45434890668912,6.289252899096027,16,27381.408517842054,27456.15211964784,experiment,FIFO,0.28,0,variant_2
7776,INSPECTION_2_1,INSPECTION_2_1_LINE,27451.23440597668,1.371539227937319,7,1.371539227937319,69.82588813462644,4.917713671158708,17,27381.408517842054,27456.15211964784,experiment,FIFO,0.28,0,variant_2
7776,INSPECTION_2_2,INSPECTION_2_2_LINE,27451.482989596665,0.24858361998485634,8,0.24858361998485634,70.0744717546113,4.669130051173852,17,27381.408517842054,27456.15211964784,experiment,FIFO,0.28,0,variant_2
7776,INSPECTION_2_3,INSPECTION_2_3_LINE,27451.897310083503,0.4143204868378234,9,0.4143204868378234,70.48879224144912,4.254809564336028,17,27381.408517842054,27456.15211964784,experiment,FIFO,0.28,0,variant_2
7776,INSPECTION_2_4,INSPECTION_2_4_LINE,27452.222505185728,0.32519510222482495,10,0.32519510222482495,70.81398734367394,3.9296144621112035,17,27381.408517842054,27456.15211964784,experiment,FIFO,0.28,0,variant_2
7776,INSPECTION_2_5,INSPECTION_2_5_LINE,27452.90175277669,0.6792475909605855,11,0.6792475909605855,71.49323493463453,3.250366871150618,17,27381.408517842054,27456.15211964784,experiment,FIFO,0.28,0,variant_2
7776,INSPECTION_2_6,INSPECTION_2_6_LINE,27453.67159097365,0.7698381969603361,12,0.7698381969603361,72.26307313159487,2.480528674190282,17,27381.408517842054,27456.15211964784,experiment,FIFO,0.28,0,variant_2
7776,INSPECTION_2_7,INSPECTION_2_7_LINE,27456.15211964784,2.480528674190282,13,2.480528674190282,74.74360180578515,0.0,16,27381.408517842054,27456.15211964784,experiment,FIFO,0.28,0,variant_2
7777,MOULDING_4,MOULDING_MACHINE_4,27386.032677575186,3.038392717626266,1,0.0,0.0,106.15483620833402,24,27386.032677575186,27492.18751378352,experiment,FIFO,0.28,0,variant_4
7777,ASSEMBLY_1_2,LINE_2_ASSEMBLY1,27422.09652460675,20.516843014866026,2,36.063847031564364,36.063847031564364,70.09098917676965,21,27386.032677575186,27492.18751378352,experiment,FIFO,0.28,0,variant_4
7777,ASSEMBLY_2_1,ASSEMBLY2_LINE_1,27480.24850456841,4.977955203892634,3,58.15197996166171,94.21582699322607,11.939009215107944,17,27386.032677575186,27492.18751378352,experiment,FIFO,0.28,0,variant_4
7777,SORTING,SORTING_ROBOT_1,27485.34856884437,5.100064275957266,4,5.100064275957266,99.31589126918334,6.838944939150679,17,27386.032677575186,27492.18751378352,experiment,FIFO,0.28,0,variant_4
7777,PACKAGING_1,PACKAGING_LINE_1,27485.7217055206,0.3731366762294783,5,0.3731366762294783,99.68902794541282,6.4658082629212,16,27386.032677575186,27492.18751378352,experiment,FIFO,0.28,0,variant_4
7777,INSPECTION_1_1,INSPECTION_1_1_LINE,27487.337505796404,1.6158002758056682,6,1.6158002758056682,101.30482822121849,4.850007987115532,16,27386.032677575186,27492.18751378352,experiment,FIFO,0.28,0,variant_4
7777,INSPECTION_1_2,INSPECTION_1_2_LINE,27487.74525686061,0.4077510642055131,7,0.4077510642055131,101.712579285424,4.442256922910019,16,27386.032677575186,27492.18751378352,experiment,FIFO,0.28,0,variant_4
7777,INSPECTION_1_3,INSPECTION_1_3_LINE,27488.538698023025,0.7934411624155473,8,0.7934411624155473,102.50602044783955,3.6488157604944718,16,27386.032677575186,27492.18751378352,experiment,FIFO,0.28,0,variant_4
7777,INSPECTION_1_4,INSPECTION_1_4_LINE,27488.93071849448,0.3920204714559077,9,0.3920204714559077,102.89804091929545,3.256795289038564,17,27386.032677575186,27492.18751378352,experiment,FIFO,0.28,0,variant_4
7777,INSPECTION_1_5,INSPECTION_1_5_LINE,27489.42756896413,0.49685046964805224,10,0.49685046964805224,103.3948913889435,2.759944819390512,17,27386.032677575186,27492.18751378352,experiment,FIFO,0.28,0,variant_4
7777,INSPECTION_1_6,INSPECTION_1_6_LINE,27490.99104543916,1.5634764750320755,11,1.5634764750320755,104.95836786397558,1.1964683443584363,18,27386.032677575186,27492.18751378352,experiment,FIFO,0.28,0,variant_4
7777,INSPECTION_1_7,INSPECTION_1_7_LINE,27492.18751378352,1.1964683443584363,12,1.1964683443584363,106.15483620833402,0.0,17,27386.032677575186,27492.18751378352,experiment,FIFO,0.28,0,variant_4
7778,MOULDING_5,MOULDING_MACHINE_5,27397.10330193597,5.469980575340742,1,0.0,0.0,67.31760108604067,23,27397.10330193597,27464.42090302201,experiment,FIFO,0.28,0,variant_4
7778,ASSEMBLY_1_4,LINE_4_ASSEMBLY1,27398.089145230984,0.9858432950131828,2,0.9858432950131828,0.9858432950131828,66.33175779102748,22,27397.10330193597,27464.42090302201,experiment,FIFO,0.28,0,variant_4
7778,ASSEMBLY_2_2,ASSEMBLY2_LINE_2,27442.236217477897,6.877312240609172,3,44.14707224691301,45.132915541926195,22.184685544114473,16,27397.10330193597,27464.42090302201,experiment,FIFO,0.28,0,variant_4
7778,SORTING,SORTING_ROBOT_1,27453.18610066526,7.528837627829489,4,10.949883187364321,56.082798729290516,11.234802356750151,17,27397.10330193597,27464.42090302201,experiment,FIFO,0.28,0,variant_4
7778,PACKAGING_2,PACKAGING_LINE_2,27453.441152290827,0.25505162556510186,5,0.25505162556510186,56.33785035485562,10.97975073118505,17,27397.10330193597,27464.42090302201,experiment,FIFO,0.28,0,variant_4
7778,INSPECTION_1_1,INSPECTION_1_1_LINE,27453.98950990228,0.5483576114529569,6,0.5483576114529569,56.886207966308575,10.431393119732093,17,27397.10330193597,27464.42090302201,experiment,FIFO,0.28,0,variant_4
7778,INSPECTION_1_2,INSPECTION_1_2_LINE,27455.50274745257,1.5132375502907962,7,1.5132375502907962,58.39944551659937,8.918155569441296,17,27397.10330193597,27464.42090302201,experiment,FIFO,0.28,0,variant_4
7778,INSPECTION_1_3,INSPECTION_1_3_LINE,27457.074320981214,1.5715735286430572,8,1.5715735286430572,59.97101904524243,7.346582040798239,16,27397.10330193597,27464.42090302201,experiment,FIFO,0.28,0,variant_4
7778,INSPECTION_1_4,INSPECTION_1_4_LINE,27459.606760637995,2.5324396567812073,9,2.5324396567812073,62.503458702023636,4.814142384017032,16,27397.10330193597,27464.42090302201,experiment,FIFO,0.28,0,variant_4
7778,INSPECTION_1_5,INSPECTION_1_5_LINE,27460.53308090999,0.9263202719957917,10,0.9263202719957917,63.42977897401943,3.88782211202124,16,27397.10330193597,27464.42090302201,experiment,FIFO,0.28,0,variant_4
7778,INSPECTION_1_6,INSPECTION_1_6_LINE,27461.79091688837,1.2578359783801716,11,1.2578359783801716,64.6876149523996,2.6299861336410686,16,27397.10330193597,27464.42090302201,experiment,FIFO,0.28,0,variant_4
7778,INSPECTION_1_7,INSPECTION_1_7_LINE,27464.42090302201,2.6299861336410686,12,2.6299861336410686,67.31760108604067,0.0,18,27397.10330193597,27464.42090302201,experiment,FIFO,0.28,0,variant_4
7779,MOULDING_5,MOULDING_MACHINE_5,27402.23525783833,5.131955902357731,1,0.0,0.0,92.94825093316831,22,27402.23525783833,27495.183508771497,experiment,FIFO,0.28,0,variant_5
7779,ASSEMBLY_1_5,LINE_5_ASSEMBLY1,27412.12412490856,9.888867070232664,2,9.888867070232664,9.888867070232664,83.05938386293565,22,27402.23525783833,27495.183508771497,experiment,FIFO,0.28,0,variant_5
7779,ASSEMBLY_2_1,ASSEMBLY2_LINE_1,27475.27054936452,0.6078792880798574,3,63.14642445595746,73.03529152619012,19.91295940697819,21,27402.23525783833,27495.183508771497,experiment,FIFO,0.28,0,variant_5
7779,SORTING,SORTING_ROBOT_1,27477.22252768242,0.599828901438741,4,1.9519783179021033,74.98726984409222,17.960981089076085,20,27402.23525783833,27495.183508771497,experiment,FIFO,0.28,0,variant_5
7779,PACKAGING_2,PACKAGING_LINE_2,27486.837888160426,2.408472816896392,5,9.615360478004732,84.60263032209696,8.345620611071354,16,27402.23525783833,27495.183508771497,experiment,FIFO,0.28,0,variant_5
7779,INSPECTION_1_1,INSPECTION_1_1_LINE,27487.60097529136,0.2634694949556433,6,0.7630871309338545,85.36571745303081,7.582533480137499,16,27402.23525783833,27495.183508771497,experiment,FIFO,0.28,0,variant_5
7779,INSPECTION_1_2,INSPECTION_1_2_LINE,27490.00742429473,2.2621674341207836,7,2.4064490033706534,87.77216645640146,5.176084476766846,17,27402.23525783833,27495.183508771497,experiment,FIFO,0.28,0,variant_5
7779,INSPECTION_1_3,INSPECTION_1_3_LINE,27490.31689862545,0.30947433071924024,8,0.30947433071924024,88.0816407871207,4.866610146047606,17,27402.23525783833,27495.183508771497,experiment,FIFO,0.28,0,variant_5
7779,INSPECTION_1_4,INSPECTION_1_4_LINE,27492.66345590432,2.346557278870023,9,2.346557278870023,90.42819806599073,2.520052867177583,17,27402.23525783833,27495.183508771497,experiment,FIFO,0.28,0,variant_5
7779,INSPECTION_1_5,INSPECTION_1_5_LINE,27493.087242386537,0.42378648221711046,10,0.42378648221711046,90.85198454820784,2.0962663849604724,17,27402.23525783833,27495.183508771497,experiment,FIFO,0.28,0,variant_5
7779,INSPECTION_1_6,INSPECTION_1_6_LINE,27494.62869432852,1.5414519419828139,11,1.5414519419828139,92.39343649019065,0.5548144429776585,17,27402.23525783833,27495.183508771497,experiment,FIFO,0.28,0,variant_5
7779,INSPECTION_1_7,INSPECTION_1_7_LINE,27495.183508771497,0.5548144429776585,12,0.5548144429776585,92.94825093316831,0.0,15,27402.23525783833,27495.183508771497,experiment,FIFO,0.28,0,variant_5
7780,MOULDING_4,MOULDING_MACHINE_4,27410.31376477712,10.758520664548996,1,0.0,0.0,104.42921797038434,22,27410.31376477712,27514.742982747503,experiment,FIFO,0.28,0,variant_3
7780,ASSEMBLY_1_2,LINE_2_ASSEMBLY1,27423.717861378416,1.6213367716663925,2,13.404096601298079,13.404096601298079,91.02512136908626,19,27410.31376477712,27514.742982747503,experiment,FIFO,0.28,0,variant_3
7780,ASSEMBLY_2_1,ASSEMBLY2_LINE_1,27493.70766661257,13.459162044156983,3,69.9898052341523,83.39390183545038,21.035316134933964,17,27410.31376477712,27514.742982747503,experiment,FIFO,0.28,0,variant_3
7780,SORTING,SORTING_ROBOT_1,27495.539733174555,1.8320665619867214,4,1.8320665619867214,85.2259683974371,19.203249572947243,15,27410.31376477712,27514.742982747503,experiment,FIFO,0.28,0,variant_3
7780,PACKAGING_3,PACKAGING_LINE_3,27502.344127905908,6.804394731352659,5,6.804394731352659,92.03036312878976,12.398854841594584,17,27410.31376477712,27514.742982747503,experiment,FIFO,0.28,0,variant_3
7780,INSPECTION_1_1,INSPECTION_1_1_LINE,27502.394889506813,0.05076160090538906,6,0.05076160090538906,92.08112472969515,12.348093240689195,17,27410.31376477712,27514.742982747503,experiment,FIFO,0.28,0,variant_3
7780,INSPECTION_1_2,INSPECTION_1_2_LINE,27504.73302796239,2.3381384555759723,7,2.3381384555759723,94.41926318527112,10.009954785113223,19,27410.31376477712,27514.742982747503,experiment,FIFO,0.28,0,variant_3
7780,INSPECTION_1_3,INSPECTION_1_3_LINE,27508.116441706145,3.383413743755227,8,3.383413743755227,97.80267692902635,6.626541041357996,21,27410.31376477712,27514.742982747503,experiment,FIFO,0.28,0,variant_3
7780,INSPECTION_1_3,INSPECTION_1_3_LINE,27510.0744916841,1.0272468099501566,9,1.9580499779549427,99.76072690698129,4.668491063403053,22,27410.31376477712,27514.742982747503,experiment,FIFO,0.28,0,variant_3
7780,INSPECTION_1_4,INSPECTION_1_4_LINE,27512.825079644543,2.7505879604432266,10,2.7505879604432266,102.51131486742452,1.9179031029598264,21,27410.31376477712,27514.742982747503,experiment,FIFO,0.28,0,variant_3
7780,INSPECTION_1_5,INSPECTION_1_5_LINE,27512.857228665085,0.03214902054241975,11,0.03214902054241975,102.54346388796694,1.8857540824174066,21,27410.31376477712,27514.742982747503,experiment,FIFO,0.28,0,variant_3
7780,INSPECTION_1_6,INSPECTION_1_6_LINE,27513.59402244997,0.7367937848866859,12,0.7367937848866859,103.28025767285362,1.1489602975307207,21,27410.31376477712,27514.742982747503,experiment,FIFO,0.28,0,variant_3
7780,INSPECTION_1_7,INSPECTION_1_7_LINE,27514.742982747503,1.1489602975307207,13,1.1489602975307207,104.42921797038434,0.0,20,27410.31376477712,27514.742982747503,experiment,FIFO,0.28,0,variant_3
7781,MOULDING_2,MOULDING_MACHINE_2,27419.37746363172,1.7705209665691655,1,0.0,0.0,60.71303570414966,21,27419.37746363172,27480.09049933587,experiment,FIFO,0.28,0,variant_5
7781,ASSEMBLY_1_1,LINE_1_ASSEMBLY1,27443.752843599385,24.37537996766332,2,24.37537996766332,24.37537996766332,36.33765573648634,17,27419.37746363172,27480.09049933587,experiment,FIFO,0.28,0,variant_5
7781,ASSEMBLY_2_2,ASSEMBLY2_LINE_2,27445.589458866096,1.8366152667113056,3,1.8366152667113056,26.211995234374626,34.501040469775035,17,27419.37746363172,27480.09049933587,experiment,FIFO,0.28,0,variant_5
7781,SORTING,SORTING_ROBOT_1,27462.953723563085,5.853569374285144,4,17.364264696989267,43.57625993136389,17.136775772785768,19,27419.37746363172,27480.09049933587,experiment,FIFO,0.28,0,variant_5
7781,PACKAGING_2,PACKAGING_LINE_2,27466.385212441008,3.431488877922675,5,3.431488877922675,47.00774880928657,13.705286894863093,19,27419.37746363172,27480.09049933587,experiment,FIFO,0.28,0,variant_5
7781,INSPECTION_2_1,INSPECTION_2_1_LINE,27469.47987506333,0.4045294541174371,6,3.094662622323085,50.10241143160965,10.610624272540008,20,27419.37746363172,27480.09049933587,experiment,FIFO,0.28,0,variant_5
7781,INSPECTION_2_2,INSPECTION_2_2_LINE,27472.73387905785,1.875676676609146,7,3.254003994519735,53.35641542612939,7.356620278020273,21,27419.37746363172,27480.09049933587,experiment,FIFO,0.28,0,variant_5
7781,INSPECTION_2_3,INSPECTION_2_3_LINE,27473.72769460223,0.9938155443778669,8,0.9938155443778669,54.350230970507255,6.362804733642406,21,27419.37746363172,27480.09049933587,experiment,FIFO,0.28,0,variant_5
7781,INSPECTION_2_4,INSPECTION_2_4_LINE,27473.918376468628,0.01650319130931166,9,0.19068186639924534,54.5409128369065,6.172122867243161,21,27419.37746363172,27480.09049933587,experiment,FIFO,0.28,0,variant_5
7781,INSPECTION_2_5,INSPECTION_2_5_LINE,27474.26415090265,0.28211669408119633,10,0.345774434023042,54.88668727092954,5.826348433220119,21,27419.37746363172,27480.09049933587,experiment,FIFO,0.28,0,variant_5
7781,INSPECTION_2_6,INSPECTION_2_6_LINE,27478.10938634153,0.16779414064149023,11,3.845235438879172,58.731922709808714,1.981112994340947,20,27419.37746363172,27480.09049933587,experiment,FIFO,0.28,0,variant_5
7781,INSPECTION_2_7,INSPECTION_2_7_LINE,27480.09049933587,0.08496197240310721,12,1.981112994340947,60.71303570414966,0.0,17,27419.37746363172,27480.09049933587,experiment,FIFO,0.28,0,variant_5
7782,MOULDING_1,MOULDING_MACHINE_1,27428.11740239792,9.296534042819985,1,0.0,0.0,86.92160340684131,18,27428.11740239792,27515.03900580476,experiment,FIFO,0.28,0,variant_2
7782,ASSEMBLY_1_4,LINE_4_ASSEMBLY1,27439.64486144455,11.52745904663243,2,11.52745904663243,11.52745904663243,75.39414436020888,18,27428.11740239792,27515.03900580476,experiment,FIFO,0.28,0,variant_2
7782,ASSEMBLY_2_1,ASSEMBLY2_LINE_1,27493.82578597732,0.11811936474987306,3,54.180924532767676,65.7083835794001,21.213219827441208,17,27428.11740239792,27515.03900580476,experiment,FIFO,0.28,0,variant_2
7782,SORTING,SORTING_ROBOT_1,27501.32030494813,5.7805717735755024,4,7.494518970812351,73.20290255021246,13.718700856628857,16,27428.11740239792,27515.03900580476,experiment,FIFO,0.28,0,variant_2
7782,PACKAGING_1,PACKAGING_LINE_1,27503.54626271563,2.2259577674994944,5,2.2259577674994944,75.42886031771195,11.492743089129362,17,27428.11740239792,27515.03900580476,experiment,FIFO,0.28,0,variant_2
7782,INSPECTION_1_1,INSPECTION_1_1_LINE,27508.67801216785,1.9895736678845424,6,5.131749452219083,80.56060976993103,6.36099363691028,21,27428.11740239792,27515.03900580476,experiment,FIFO,0.28,0,variant_2
7782,INSPECTION_1_2,INSPECTION_1_2_LINE,27509.006771158365,0.32875899051578017,7,0.32875899051578017,80.88936876044681,6.0322346463945,22,27428.11740239792,27515.03900580476,experiment,FIFO,0.28,0,variant_2
7782,INSPECTION_1_3,INSPECTION_1_3_LINE,27510.155475645017,0.08098396091736504,8,1.1487044866516953,82.03807324709851,4.883530159742804,22,27428.11740239792,27515.03900580476,experiment,FIFO,0.28,0,variant_2
7782,INSPECTION_1_4,INSPECTION_1_4_LINE,27513.27588384677,0.45080420222802786,9,3.1204082017538894,85.1584814488524,1.7631219579889148,21,27428.11740239792,27515.03900580476,experiment,FIFO,0.28,0,variant_2
7782,INSPECTION_1_5,INSPECTION_1_5_LINE,27513.463893711138,0.18800986436690437,10,0.18800986436690437,85.3464913132193,1.5751120936220104,21,27428.11740239792,27515.03900580476,experiment,FIFO,0.28,0,variant_2
7782,INSPECTION_1_6,INSPECTION_1_6_LINE,27514.49770170689,0.9036792569168028,11,1.0338079957509763,86.38029930897028,0.5413040978710342,21,27428.11740239792,27515.03900580476,experiment,FIFO,0.28,0,variant_2
7782,INSPECTION_1_7,INSPECTION_1_7_LINE,27515.03900580476,0.2960230572571163,12,0.5413040978710342,86.92160340684131,0.0,19,27428.11740239792,27515.03900580476,experiment,FIFO,0.28,0,variant_2
7783,MOULDING_1,MOULDING_MACHINE_1,27429.61377258727,1.496370189350273,1,0.0,0.0,108.69396485525431,19,27429.61377258727,27538.307737442523,experiment,FIFO,0.28,0,variant_4
7783,ASSEMBLY_1_1,LINE_1_ASSEMBLY1,27454.112820379545,10.35997678016065,2,24.499047792276542,24.499047792276542,84.19491706297777,17,27429.61377258727,27538.307737442523,experiment,FIFO,0.28,0,variant_4
7783,ASSEMBLY_2_1,ASSEMBLY2_LINE_1,27519.687533856988,3.549760136334953,3,65.57471347744286,90.0737612697194,18.62020358553491,20,27429.61377258727,27538.307737442523,experiment,FIFO,0.28,0,variant_4
7783,SORTING,SORTING_ROBOT_1,27521.59052239069,1.0673609405057505,4,1.9029885337004089,91.9767498034198,16.7172150518345,19,27429.61377258727,27538.307737442523,experiment,FIFO,0.28,0,variant_4
7783,PACKAGING_1,PACKAGING_LINE_1,27527.45515996573,5.864637575043162,5,5.864637575043162,97.84138737846297,10.852577476791339,21,27429.61377258727,27538.307737442523,experiment,FIFO,0.28,0,variant_4
7783,INSPECTION_2_1,INSPECTION_2_1_LINE,27531.26103362494,0.839111915371177,6,3.8058736592101923,101.64726103767316,7.046703817581147,24,27429.61377258727,27538.307737442523,experiment,FIFO,0.28,0,variant_4
7783,INSPECTION_2_2,INSPECTION_2_2_LINE,27532.84880150549,1.5877678805481992,7,1.5877678805481992,103.23502891822136,5.4589359370329475,25,27429.61377258727,27538.307737442523,experiment,FIFO,0.28,0,variant_4
7783,INSPECTION_2_3,INSPECTION_2_3_LINE,27535.308595354072,2.459793848582194,8,2.459793848582194,105.69482276680355,2.9991420884507534,25,27429.61377258727,27538.307737442523,experiment,FIFO,0.28,0,variant_4
7783,INSPECTION_2_4,INSPECTION_2_4_LINE,27537.43323031029,2.124634956217051,9,2.124634956217051,107.8194577230206,0.8745071322337026,25,27429.61377258727,27538.307737442523,experiment,FIFO,0.28,0,variant_4
7783,INSPECTION_2_5,INSPECTION_2_5_LINE,27537.65471447836,0.22148416807249305,10,0.22148416807249305,108.0409418910931,0.6530229641612095,25,27429.61377258727,27538.307737442523,experiment,FIFO,0.28,0,variant_4
7783,INSPECTION_2_6,INSPECTION_2_6_LINE,27537.79408444,0.13936996163829463,11,0.13936996163829463,108.18031185273139,0.5136530025229149,25,27429.61377258727,27538.307737442523,experiment,FIFO,0.28,0,variant_4
7783,INSPECTION_2_7,INSPECTION_2_7_LINE,27538.307737442523,0.5136530025229149,12,0.5136530025229149,108.69396485525431,0.0,24,27429.61377258727,27538.307737442523,experiment,FIFO,0.28,0,variant_4
7784,MOULDING_5,MOULDING_MACHINE_5,27434.886212702328,0.06925595012216945,1,0.0,0.0,85.14069318985639,19,27434.886212702328,27520.026905892184,experiment,FIFO,0.28,0,variant_2
7784,ASSEMBLY_1_2,LINE_2_ASSEMBLY1,27440.669520827258,5.783308124930045,2,5.783308124930045,5.783308124930045,79.35738506492635,17,27434.886212702328,27520.026905892184,experiment,FIFO,0.28,0,variant_2
7784,ASSEMBLY_2_1,ASSEMBLY2_LINE_1,27515.97405810213,22.14827212481032,3,75.30453727487111,81.08784539980115,4.052847790055239,20,27434.886212702328,27520.026905892184,experiment,FIFO,0.28,0,variant_2
7784,SORTING,SORTING_ROBOT_1,27516.222935196667,0.2488770945383294,4,0.2488770945383294,81.33672249433948,3.8039706955169095,20,27434.886212702328,27520.026905892184,experiment,FIFO,0.28,0,variant_2
7784,PACKAGING_1,PACKAGING_LINE_1,27516.73895649038,0.5160212937116739,5,0.5160212937116739,81.85274378805116,3.2879494018052355,19,27434.886212702328,27520.026905892184,experiment,FIFO,0.28,0,variant_2
7784,INSPECTION_1_1,INSPECTION_1_1_LINE,27516.793104145512,0.0541476551334199,6,0.0541476551334199,81.90689144318458,3.2338017466718156,19,27434.886212702328,27520.026905892184,experiment,FIFO,0.28,0,variant_2
7784,INSPECTION_1_2,INSPECTION_1_2_LINE,27517.157861103045,0.36475695753324544,7,0.36475695753324544,82.27164840071782,2.86904478913857,20,27434.886212702328,27520.026905892184,experiment,FIFO,0.28,0,variant_2
7784,INSPECTION_1_3,INSPECTION_1_3_LINE,27518.687845077315,1.5299839742692711,8,1.5299839742692711,83.8016323749871,1.339060814869299,20,27434.886212702328,27520.026905892184,experiment,FIFO,0.28,0,variant_2
7784,INSPECTION_1_4,INSPECTION_1_4_LINE,27518.894123292288,0.20627821497328114,9,0.20627821497328114,84.00791058996037,1.132782599896018,20,27434.886212702328,27520.026905892184,experiment,FIFO,0.28,0,variant_2
7784,INSPECTION_1_5,INSPECTION_1_5_LINE,27518.955347570216,0.0612242779279768,10,0.0612242779279768,84.06913486788835,1.0715583219680411,20,27434.886212702328,27520.026905892184,experiment,FIFO,0.28,0,variant_2
7784,INSPECTION_1_6,INSPECTION_1_6_LINE,27519.95952673365,1.004179163435765,11,1.004179163435765,85.07331403132412,0.06737915853227605,20,27434.886212702328,27520.026905892184,experiment,FIFO,0.28,0,variant_2
7784,INSPECTION_1_7,INSPECTION_1_7_LINE,27520.026905892184,0.06737915853227605,12,0.06737915853227605,85.14069318985639,0.0,19,27434.886212702328,27520.026905892184,experiment,FIFO,0.28,0,variant_2
7785,MOULDING_1,MOULDING_MACHINE_1,27442.449086789497,2.0346099358721403,1,0.0,0.0,93.53884156111963,17,27442.449086789497,27535.987928350616,experiment,FIFO,0.28,0,variant_5
7785,ASSEMBLY_1_5,LINE_5_ASSEMBLY1,27453.08869238332,10.639605593823944,2,10.639605593823944,10.639605593823944,82.89923596729568,17,27442.449086789497,27535.987928350616,experiment,FIFO,0.28,0,variant_5
7785,ASSEMBLY_2_1,ASSEMBLY2_LINE_1,27516.137773720653,0.16371561852429295,3,63.04908133733261,73.68868693115655,19.850154629963072,20,27442.449086789497,27535.987928350616,experiment,FIFO,0.28,0,variant_5
7785,SORTING,SORTING_ROBOT_1,27520.523161450183,4.300226253515575,4,4.3853877295296115,78.07407466068616,15.46476690043346,19,27442.449086789497,27535.987928350616,experiment,FIFO,0.28,0,variant_5
7785,PACKAGING_3,PACKAGING_LINE_3,27523.445352919705,2.9221914695226587,5,2.9221914695226587,80.99626613020882,12.542575430910802,19,27442.449086789497,27535.987928350616,experiment,FIFO,0.28,0,variant_5
7785,INSPECTION_2_1,INSPECTION_2_1_LINE,27530.42192170957,6.976568789865269,6,6.976568789865269,87.97283492007409,5.566006641045533,24,27442.449086789497,27535.987928350616,experiment,FIFO,0.28,0,variant_5
7785,INSPECTION_2_2,INSPECTION_2_2_LINE,27531.209964370795,0.7880426612246083,7,0.7880426612246083,88.7608775812987,4.777963979820925,24,27442.449086789497,27535.987928350616,experiment,FIFO,0.28,0,variant_5
7785,INSPECTION_2_3,INSPECTION_2_3_LINE,27531.269946443856,0.05998207306038239,8,0.05998207306038239,88.82085965435908,4.717981906760542,24,27442.449086789497,27535.987928350616,experiment,FIFO,0.28,0,variant_5
7785,INSPECTION_2_4,INSPECTION_2_4_LINE,27533.402998120546,2.133051676690229,9,2.133051676690229,90.95391133104931,2.584930230070313,25,27442.449086789497,27535.987928350616,experiment,FIFO,0.28,0,variant_5
7785,INSPECTION_2_5,INSPECTION_2_5_LINE,27534.73434176188,1.3313436413336603,10,1.3313436413336603,92.28525497238297,1.2535865887366526,25,27442.449086789497,27535.987928350616,experiment,FIFO,0.28,0,variant_5
7785,INSPECTION_2_6,INSPECTION_2_6_LINE,27535.540130746096,0.8057889842166333,11,0.8057889842166333,93.0910439565996,0.4477976045200194,25,27442.449086789497,27535.987928350616,experiment,FIFO,0.28,0,variant_5
7785,INSPECTION_2_7,INSPECTION_2_7_LINE,27535.987928350616,0.4477976045200194,12,0.4477976045200194,93.53884156111963,0.0,24,27442.449086789497,27535.987928350616,experiment,FIFO,0.28,0,variant_5
7786,MOULDING_5,MOULDING_MACHINE_5,27462.458246892475,16.28477216772444,1,0.0,0.0,18.70813255925168,18,27462.458246892475,27481.166379451726,experiment,FIFO,0.28,0,variant_1
7786,ASSEMBLY_1_5,LINE_5_ASSEMBLY1,27465.47515489054,3.016907998066017,2,3.016907998066017,3.016907998066017,15.691224561185663,18,27462.458246892475,27481.166379451726,experiment,FIFO,0.28,0,variant_1
7786,ASSEMBLY_2_2,ASSEMBLY2_LINE_2,27467.70399983119,2.228844940647832,3,2.228844940647832,5.245752938713849,13.462379620537831,19,27462.458246892475,27481.166379451726,experiment,FIFO,0.28,0,variant_1
7786,SORTING,SORTING_ROBOT_1,27471.039620673608,1.3729005289642373,4,3.335620842419303,8.581373781133152,10.126758778118528,20,27462.458246892475,27481.166379451726,experiment,FIFO,0.28,0,variant_1
7786,PACKAGING_2,PACKAGING_LINE_2,27474.724309893507,0.02378733017030754,5,3.6846892198991554,12.266063001032308,6.442069558219373,21,27462.458246892475,27481.166379451726,experiment,FIFO,0.28,0,variant_1
7786,INSPECTION_2_1,INSPECTION_2_1_LINE,27475.07162168536,0.34731179185473593,6,0.34731179185473593,12.613374792887043,6.094757766364637,21,27462.458246892475,27481.166379451726,experiment,FIFO,0.28,0,variant_1
7786,INSPECTION_2_2,INSPECTION_2_2_LINE,27476.490039370263,1.4184176849012147,7,1.4184176849012147,14.031792477788258,4.676340081463422,20,27462.458246892475,27481.166379451726,experiment,FIFO,0.28,0,variant_1
7786,INSPECTION_2_3,INSPECTION_2_3_LINE,27477.992732653347,1.502693283084227,8,1.502693283084227,15.534485760872485,3.1736467983791954,20,27462.458246892475,27481.166379451726,experiment,FIFO,0.28,0,variant_1
7786,INSPECTION_2_4,INSPECTION_2_4_LINE,27478.40646654037,0.4137338870241365,9,0.4137338870241365,15.948219647896622,2.759912911355059,20,27462.458246892475,27481.166379451726,experiment,FIFO,0.28,0,variant_1
7786,INSPECTION_2_5,INSPECTION_2_5_LINE,27480.06868676884,1.6622202284670493,10,1.6622202284670493,17.61043987636367,1.0976926828880096,18,27462.458246892475,27481.166379451726,experiment,FIFO,0.28,0,variant_1
7786,INSPECTION_2_6,INSPECTION_2_6_LINE,27480.866970492323,0.7982837234849285,11,0.7982837234849285,18.4087235998486,0.2994089594030811,17,27462.458246892475,27481.166379451726,experiment,FIFO,0.28,0,variant_1
7786,INSPECTION_2_7,INSPECTION_2_7_LINE,27481.166379451726,0.2994089594030811,12,0.2994089594030811,18.70813255925168,0.0,16,27462.458246892475,27481.166379451726,experiment,FIFO,0.28,0,variant_1
7787,MOULDING_4,MOULDING_MACHINE_4,27449.868963176654,3.1215203591564205,1,0.0,0.0,31.706851289305632,17,27449.868963176654,27481.57581446596,experiment,FIFO,0.28,0,variant_1
7787,ASSEMBLY_1_5,LINE_5_ASSEMBLY1,27454.044913936585,0.9562215532641858,2,4.175950759930856,4.175950759930856,27.530900529374776,17,27449.868963176654,27481.57581446596,experiment,FIFO,0.28,0,variant_1
7787,ASSEMBLY_2_2,ASSEMBLY2_LINE_2,27463.174133253862,9.129219317277602,3,9.129219317277602,13.305170077208459,18.401681212097174,19,27449.868963176654,27481.57581446596,experiment,FIFO,0.28,0,variant_1
7787,SORTING,SORTING_ROBOT_1,27465.39712543564,1.9593495400404208,4,2.222992181777954,15.528162258986413,16.17868903031922,18,27449.868963176654,27481.57581446596,experiment,FIFO,0.28,0,variant_1
7787,PACKAGING_2,PACKAGING_LINE_2,27474.700522563337,8.31531012232881,5,9.303397127696371,24.831559386682784,6.875291902622848,21,27449.868963176654,27481.57581446596,experiment,FIFO,0.28,0,variant_1
7787,INSPECTION_1_1,INSPECTION_1_1_LINE,27475.08134752223,0.3808249588946637,6,0.3808249588946637,25.212384345577448,6.494466943728185,21,27449.868963176654,27481.57581446596,experiment,FIFO,0.28,0,variant_1
7787,INSPECTION_1_2,INSPECTION_1_2_LINE,27476.70936388076,1.6280163585288392,7,1.6280163585288392,26.840400704106287,4.866450585199345,20,27449.868963176654,27481.57581446596,experiment,FIFO,0.28,0,variant_1
7787,INSPECTION_1_3,INSPECTION_1_3_LINE,27477.626473100096,0.9171092193355435,8,0.9171092193355435,27.75750992344183,3.949341365863802,20,27449.868963176654,27481.57581446596,experiment,FIFO,0.28,0,variant_1
7787,INSPECTION_1_4,INSPECTION_1_4_LINE,27478.17425567324,0.5477825731431949,9,0.5477825731431949,28.305292496585025,3.401558792720607,20,27449.868963176654,27481.57581446596,experiment,FIFO,0.28,0,variant_1
7787,INSPECTION_1_5,INSPECTION_1_5_LINE,27478.8997554664,0.7254997931595426,10,0.7254997931595426,29.030792289744568,2.6760589995610644,20,27449.868963176654,27481.57581446596,experiment,FIFO,0.28,0,variant_1
7787,INSPECTION_1_6,INSPECTION_1_6_LINE,27480.04489013052,1.1451346641224518,11,1.1451346641224518,30.17592695386702,1.5309243354386126,18,27449.868963176654,27481.57581446596,experiment,FIFO,0.28,0,variant_1
7787,INSPECTION_1_7,INSPECTION_1_7_LINE,27481.57581446596,1.5309243354386126,12,1.5309243354386126,31.706851289305632,0.0,15,27449.868963176654,27481.57581446596,experiment,FIFO,0.28,0,variant_1
7788,MOULDING_5,MOULDING_MACHINE_5,27469.214045468696,6.755798576221423,1,0.0,0.0,102.26152491521862,21,27469.214045468696,27571.475570383915,experiment,FIFO,0.28,0,variant_1
7788,ASSEMBLY_1_2,LINE_2_ASSEMBLY1,27473.90644819188,4.692402723183477,2,4.692402723183477,4.692402723183477,97.56912219203514,21,27469.214045468696,27571.475570383915,experiment,FIFO,0.28,0,variant_1
7788,ASSEMBLY_2_1,ASSEMBLY2_LINE_1,27547.7571986635,6.184808085152326,3,73.85075047162172,78.5431531948052,23.718371720413415,25,27469.214045468696,27571.475570383915,experiment,FIFO,0.28,0,variant_1
7788,SORTING,SORTING_ROBOT_1,27548.10735830276,0.3501596392598003,4,0.3501596392598003,78.893312834065,23.368212081153615,25,27469.214045468696,27571.475570383915,experiment,FIFO,0.28,0,variant_1
7788,PACKAGING_2,PACKAGING_LINE_2,27560.346948083374,12.239589780612732,5,12.239589780612732,91.13290261467773,11.128622300540883,28,27469.214045468696,27571.475570383915,experiment,FIFO,0.28,0,variant_1
7788,INSPECTION_2_1,INSPECTION_2_1_LINE,27561.149144728537,0.8021966451633489,6,0.8021966451633489,91.93509925984108,10.326425655377534,28,27469.214045468696,27571.475570383915,experiment,FIFO,0.28,0,variant_1
7788,INSPECTION_2_2,INSPECTION_2_2_LINE,27563.61895616388,2.4698114353413985,7,2.4698114353413985,94.40491069518248,7.8566142200361355,28,27469.214045468696,27571.475570383915,experiment,FIFO,0.28,0,variant_1
7788,INSPECTION_2_3,INSPECTION_2_3_LINE,27564.0503481742,0.4313920103231794,8,0.4313920103231794,94.83630270550566,7.425222209712956,28,27469.214045468696,27571.475570383915,experiment,FIFO,0.28,0,variant_1
7788,INSPECTION_2_4,INSPECTION_2_4_LINE,27568.00357251183,3.9532243376270344,9,3.9532243376270344,98.7895270431327,3.4719978720859217,29,27469.214045468696,27571.475570383915,experiment,FIFO,0.28,0,variant_1
7788,INSPECTION_2_5,INSPECTION_2_5_LINE,27569.350679122068,1.3471066102392797,10,1.3471066102392797,100.13663365337197,2.124891261846642,30,27469.214045468696,27571.475570383915,experiment,FIFO,0.28,0,variant_1
7788,INSPECTION_2_5,INSPECTION_2_5_LINE,27569.726802214114,0.37612309204632766,11,0.37612309204632766,100.5127567454183,1.7487681698003144,30,27469.214045468696,27571.475570383915,experiment,FIFO,0.28,0,variant_1
7788,INSPECTION_2_6,INSPECTION_2_6_LINE,27570.53028936104,0.8034871469244536,12,0.8034871469244536,101.31624389234275,0.9452810228758608,30,27469.214045468696,27571.475570383915,experiment,FIFO,0.28,0,variant_1
7788,INSPECTION_2_7,INSPECTION_2_7_LINE,27571.475570383915,0.9452810228758608,13,0.9452810228758608,102.26152491521862,0.0,29,27469.214045468696,27571.475570383915,experiment,FIFO,0.28,0,variant_1
7789,MOULDING_2,MOULDING_MACHINE_2,27462.34444283493,7.4232330768572865,1,0.0,0.0,78.25620730984883,17,27462.34444283493,27540.600650144777,experiment,FIFO,0.28,0,variant_1
7789,ASSEMBLY_1_2,LINE_2_ASSEMBLY1,27463.369271449817,1.0248286148889747,2,1.0248286148889747,1.0248286148889747,77.23137869495986,19,27462.34444283493,27540.600650144777,experiment,FIFO,0.28,0,variant_1
7789,ASSEMBLY_2_1,ASSEMBLY2_LINE_1,27522.256761566023,2.569227709034749,3,58.8874901162053,59.912318731094274,18.34388857875456,19,27462.34444283493,27540.600650144777,experiment,FIFO,0.28,0,variant_1
7789,SORTING,SORTING_ROBOT_1,27528.00493633446,5.748174768436002,4,5.748174768436002,65.66049349953028,12.595713810318557,22,27462.34444283493,27540.600650144777,experiment,FIFO,0.28,0,variant_1
7789,PACKAGING_1,PACKAGING_LINE_1,27530.166732240832,2.1617959063732997,5,2.1617959063732997,67.82228940590358,10.433917903945257,24,27462.34444283493,27540.600650144777,experiment,FIFO,0.28,0,variant_1
7789,INSPECTION_1_1,INSPECTION_1_1_LINE,27530.244889845464,0.07815760463199695,6,0.07815760463199695,67.90044701053557,10.35576029931326,24,27462.34444283493,27540.600650144777,experiment,FIFO,0.28,0,variant_1
7789,INSPECTION_1_2,INSPECTION_1_2_LINE,27533.31557422005,3.0706843745865626,7,3.0706843745865626,70.97113138512213,7.285075924726698,25,27462.34444283493,27540.600650144777,experiment,FIFO,0.28,0,variant_1
7789,INSPECTION_1_3,INSPECTION_1_3_LINE,27533.4112117099,0.0956374898487411,8,0.0956374898487411,71.06676887497088,7.189438434877957,25,27462.34444283493,27540.600650144777,experiment,FIFO,0.28,0,variant_1
7789,INSPECTION_1_4,INSPECTION_1_4_LINE,27533.547486379663,0.13627466976322467,9,0.13627466976322467,71.2030435447341,7.053163765114732,25,27462.34444283493,27540.600650144777,experiment,FIFO,0.28,0,variant_1
7789,INSPECTION_1_5,INSPECTION_1_5_LINE,27533.56972706232,0.022240682657866273,10,0.022240682657866273,71.22528422739197,7.030923082456866,25,27462.34444283493,27540.600650144777,experiment,FIFO,0.28,0,variant_1
7789,INSPECTION_1_6,INSPECTION_1_6_LINE,27536.041264801665,2.4715377393440576,11,2.4715377393440576,73.69682196673602,4.559385343112808,24,27462.34444283493,27540.600650144777,experiment,FIFO,0.28,0,variant_1
7789,INSPECTION_1_7,INSPECTION_1_7_LINE,27540.600650144777,4.559385343112808,12,4.559385343112808,78.25620730984883,0.0,24,27462.34444283493,27540.600650144777,experiment,FIFO,0.28,0,variant_1
7790,MOULDING_5,MOULDING_MACHINE_5,27472.042362407738,2.8283169390415424,1,0.0,0.0,99.43642565328992,21,27472.042362407738,27571.478788061027,experiment,FIFO,0.28,0,variant_3
7790,ASSEMBLY_1_5,LINE_5_ASSEMBLY1,27477.96989415835,5.927531750610797,2,5.927531750610797,5.927531750610797,93.50889390267912,20,27472.042362407738,27571.478788061027,experiment,FIFO,0.28,0,variant_3
7790,ASSEMBLY_2_1,ASSEMBLY2_LINE_1,27551.01909333148,3.2618946679795044,3,73.04919917313237,78.97673092374316,20.459694729546754,24,27472.042362407738,27571.478788061027,experiment,FIFO,0.28,0,variant_3
7790,SORTING,SORTING_ROBOT_1,27556.42458356624,5.405490234759782,4,5.405490234759782,84.38222115850294,15.054204494786973,27,27472.042362407738,27571.478788061027,experiment,FIFO,0.28,0,variant_3
7790,PACKAGING_2,PACKAGING_LINE_2,27562.01810010512,1.6711520217468205,5,5.593516538880067,89.97573769738301,9.460687955906906,27,27472.042362407738,27571.478788061027,experiment,FIFO,0.28,0,variant_3
7790,INSPECTION_2_1,INSPECTION_2_1_LINE,27563.6305748347,1.6124747295798443,6,1.6124747295798443,91.58821242696285,7.848213226327061,28,27472.042362407738,27571.478788061027,experiment,FIFO,0.28,0,variant_3
7790,INSPECTION_2_2,INSPECTION_2_2_LINE,27564.072914561464,0.44233972676374833,7,0.44233972676374833,92.0305521537266,7.405873499563313,28,27472.042362407738,27571.478788061027,experiment,FIFO,0.28,0,variant_3
7790,INSPECTION_2_3,INSPECTION_2_3_LINE,27567.382989798305,3.3100752368409303,8,3.3100752368409303,95.34062739056753,4.095798262722383,28,27472.042362407738,27571.478788061027,experiment,FIFO,0.28,0,variant_3
7790,INSPECTION_2_4,INSPECTION_2_4_LINE,27569.975874605298,1.9723020934688975,9,2.5928848069925152,97.93351219756005,1.5029134557298676,30,27472.042362407738,27571.478788061027,experiment,FIFO,0.28,0,variant_3
7790,INSPECTION_2_5,INSPECTION_2_5_LINE,27570.61905686212,0.6431822568229109,10,0.6431822568229109,98.57669445438296,0.8597311989069567,30,27472.042362407738,27571.478788061027,experiment,FIFO,0.28,0,variant_3
7790,INSPECTION_2_6,INSPECTION_2_6_LINE,27570.9428098978,0.3237530356782372,11,0.3237530356782372,98.9004474900612,0.5359781632287195,30,27472.042362407738,27571.478788061027,experiment,FIFO,0.28,0,variant_3
7790,INSPECTION_2_7,INSPECTION_2_7_LINE,27571.478788061027,0.0032176771128433757,12,0.5359781632287195,99.43642565328992,0.0,28,27472.042362407738,27571.478788061027,experiment,FIFO,0.28,0,variant_3
7791,MOULDING_3,MOULDING_MACHINE_3,27462.82048532136,5.710760336587555,1,0.0,0.0,98.8440065892828,19,27462.82048532136,27561.664491910644,experiment,FIFO,0.28,0,variant_4
7791,ASSEMBLY_1_5,LINE_5_ASSEMBLY1,27470.18703199589,4.7118771053501405,2,7.366546674529673,7.366546674529673,91.47745991475313,20,27462.82048532136,27561.664491910644,experiment,FIFO,0.28,0,variant_4
7791,ASSEMBLY_2_1,ASSEMBLY2_LINE_1,27541.57239057835,0.10107496789714787,3,71.38535858245814,78.75190525698781,20.092101332294988,24,27462.82048532136,27561.664491910644,experiment,FIFO,0.28,0,variant_4
7791,SORTING,SORTING_ROBOT_1,27547.39915339468,0.9423912726924755,4,5.826762816330302,84.57866807331811,14.265338515964686,25,27462.82048532136,27561.664491910644,experiment,FIFO,0.28,0,variant_4
7791,PACKAGING_1,PACKAGING_LINE_1,27552.162898430062,2.184865655613976,5,4.763745035383181,89.3424131087013,9.501593480581505,24,27462.82048532136,27561.664491910644,experiment,FIFO,0.28,0,variant_4
7791,INSPECTION_1_1,INSPECTION_1_1_LINE,27555.2276705758,3.0647721457389707,6,3.0647721457389707,92.40718525444026,6.436821334842534,26,27462.82048532136,27561.664491910644,experiment,FIFO,0.28,0,variant_4
7791,INSPECTION_1_2,INSPECTION_1_2_LINE,27556.00263350506,0.7749629292593454,7,0.7749629292593454,93.18214818369961,5.661858405583189,27,27462.82048532136,27561.664491910644,experiment,FIFO,0.28,0,variant_4
7791,INSPECTION_1_3,INSPECTION_1_3_LINE,27556.611948213795,0.6093147087340185,8,0.6093147087340185,93.79146289243363,5.05254369684917,26,27462.82048532136,27561.664491910644,experiment,FIFO,0.28,0,variant_4
7791,INSPECTION_1_4,INSPECTION_1_4_LINE,27556.851475968146,0.23952775435100193,9,0.23952775435100193,94.03099064678463,4.813015942498168,26,27462.82048532136,27561.664491910644,experiment,FIFO,0.28,0,variant_4
7791,INSPECTION_1_5,INSPECTION_1_5_LINE,27558.885531553897,2.034055585751048,10,2.034055585751048,96.06504623253568,2.7789603567471204,26,27462.82048532136,27561.664491910644,experiment,FIFO,0.28,0,variant_4
7791,INSPECTION_1_6,INSPECTION_1_6_LINE,27559.72688047346,0.8413489195627335,11,0.8413489195627335,96.90639515209841,1.9376114371843869,28,27462.82048532136,27561.664491910644,experiment,FIFO,0.28,0,variant_4
7791,INSPECTION_1_7,INSPECTION_1_7_LINE,27561.664491910644,1.9376114371843869,12,1.9376114371843869,98.8440065892828,0.0,27,27462.82048532136,27561.664491910644,experiment,FIFO,0.28,0,variant_4
7792,MOULDING_3,MOULDING_MACHINE_3,27465.581385944974,2.7609006236125424,1,0.0,0.0,82.88978024409153,19,27465.581385944974,27548.471166189065,experiment,FIFO,0.28,0,variant_4
7792,ASSEMBLY_1_4,LINE_4_ASSEMBLY1,27469.75539440356,4.1740084585871955,2,4.1740084585871955,4.1740084585871955,78.71577178550433,20,27465.581385944974,27548.471166189065,experiment,FIFO,0.28,0,variant_4
7792,ASSEMBLY_2_1,ASSEMBLY2_LINE_1,27528.242808393887,5.986046827863902,3,58.48741399032588,62.66142244891307,20.228357795178454,22,27465.581385944974,27548.471166189065,experiment,FIFO,0.28,0,variant_4
7792,SORTING,SORTING_ROBOT_1,27532.74929361387,1.155468449680484,4,4.506485219983006,67.16790766889608,15.721872575195448,25,27465.581385944974,27548.471166189065,experiment,FIFO,0.28,0,variant_4
7792,PACKAGING_2,PACKAGING_LINE_2,27534.15409819573,1.4048045818599348,5,1.4048045818599348,68.57271225075601,14.317067993335513,25,27465.581385944974,27548.471166189065,experiment,FIFO,0.28,0,variant_4
7792,INSPECTION_1_1,INSPECTION_1_1_LINE,27541.18858306604,6.028184894028527,6,7.034484870309825,75.60719712106584,7.282583123025688,24,27465.581385944974,27548.471166189065,experiment,FIFO,0.28,0,variant_4
7792,INSPECTION_1_2,INSPECTION_1_2_LINE,27541.30718563233,0.11860256629006471,7,0.11860256629006471,75.7257996873559,7.163980556735623,24,27465.581385944974,27548.471166189065,experiment,FIFO,0.28,0,variant_4
7792,INSPECTION_1_3,INSPECTION_1_3_LINE,27541.8940290781,0.5868434457697731,8,0.5868434457697731,76.31264313312568,6.57713711096585,24,27465.581385944974,27548.471166189065,experiment,FIFO,0.28,0,variant_4
7792,INSPECTION_1_4,INSPECTION_1_4_LINE,27544.898824035263,3.00479495716354,9,3.00479495716354,79.31743809028922,3.5723421538023103,25,27465.581385944974,27548.471166189065,experiment,FIFO,0.28,0,variant_4
7792,INSPECTION_1_5,INSPECTION_1_5_LINE,27545.850242692977,0.9514186577143846,10,0.9514186577143846,80.2688567480036,2.6209234960879257,25,27465.581385944974,27548.471166189065,experiment,FIFO,0.28,0,variant_4
7792,INSPECTION_1_6,INSPECTION_1_6_LINE,27546.478957645508,0.6287149525305722,11,0.6287149525305722,80.89757170053417,1.9922085435573536,25,27465.581385944974,27548.471166189065,experiment,FIFO,0.28,0,variant_4
7792,INSPECTION_1_7,INSPECTION_1_7_LINE,27546.791796380792,0.3128387352844584,12,0.3128387352844584,81.21041043581863,1.6793698082728952,25,27465.581385944974,27548.471166189065,experiment,FIFO,0.28,0,variant_4
7792,INSPECTION_1_7,INSPECTION_1_7_LINE,27548.471166189065,1.6793698082728952,13,1.6793698082728952,82.88978024409153,0.0,24,27465.581385944974,27548.471166189065,experiment,FIFO,0.28,0,variant_4
7793,MOULDING_3,MOULDING_MACHINE_3,27468.271031742428,2.689645797454432,1,0.0,0.0,87.74158510761117,20,27468.271031742428,27556.01261685004,experiment,FIFO,0.28,0,variant_4
7793,ASSEMBLY_1_1,LINE_1_ASSEMBLY1,27469.853231530426,1.5821997879975243,2,1.5821997879975243,1.5821997879975243,86.15938531961365,20,27468.271031742428,27556.01261685004,experiment,FIFO,0.28,0,variant_4
7793,ASSEMBLY_2_1,ASSEMBLY2_LINE_1,27541.47131561045,13.228507216565049,3,71.61808408002616,73.20028386802369,14.541301239587483,24,27468.271031742428,27556.01261685004,experiment,FIFO,0.28,0,variant_4
7793,SORTING,SORTING_ROBOT_1,27546.456762121987,4.985446511534974,4,4.985446511534974,78.18573037955866,9.555854728052509,25,27468.271031742428,27556.01261685004,experiment,FIFO,0.28,0,variant_4
7793,PACKAGING_1,PACKAGING_LINE_1,27549.97803277445,3.5212706524616806,5,3.5212706524616806,81.70700103202034,6.034584075590828,24,27468.271031742428,27556.01261685004,experiment,FIFO,0.28,0,variant_4
7793,INSPECTION_2_1,INSPECTION_2_1_LINE,27550.65907528523,0.6810425107832998,6,0.6810425107832998,82.38804354280364,5.353541564807529,24,27468.271031742428,27556.01261685004,experiment,FIFO,0.28,0,variant_4
7793,INSPECTION_2_2,INSPECTION_2_2_LINE,27550.792064216424,0.13298893119281274,7,0.13298893119281274,82.52103247399646,5.220552633614716,24,27468.271031742428,27556.01261685004,experiment,FIFO,0.28,0,variant_4
7793,INSPECTION_2_3,INSPECTION_2_3_LINE,27550.88047375877,0.08840954234619858,8,0.08840954234619858,82.60944201634265,5.132143091268517,24,27468.271031742428,27556.01261685004,experiment,FIFO,0.28,0,variant_4
7793,INSPECTION_2_4,INSPECTION_2_4_LINE,27553.08629914185,2.2058253830800822,9,2.2058253830800822,84.81526739942274,2.926317708188435,25,27468.271031742428,27556.01261685004,experiment,FIFO,0.28,0,variant_4
7793,INSPECTION_2_5,INSPECTION_2_5_LINE,27553.99818606059,0.9118869187404925,10,0.9118869187404925,85.72715431816323,2.0144307894479425,26,27468.271031742428,27556.01261685004,experiment,FIFO,0.28,0,variant_4
7793,INSPECTION_2_6,INSPECTION_2_6_LINE,27554.095458173168,0.09727211257632007,11,0.09727211257632007,85.82442643073955,1.9171586768716224,26,27468.271031742428,27556.01261685004,experiment,FIFO,0.28,0,variant_4
7793,INSPECTION_2_7,INSPECTION_2_7_LINE,27556.01261685004,1.9171586768716224,12,1.9171586768716224,87.74158510761117,0.0,26,27468.271031742428,27556.01261685004,experiment,FIFO,0.28,0,variant_4
7794,MOULDING_3,MOULDING_MACHINE_3,27488.55739657994,16.18858095476753,1,0.0,0.0,22.67679925455741,17,27488.55739657994,27511.2341958345,experiment,FIFO,0.28,0,variant_4
7794,ASSEMBLY_1_4,LINE_4_ASSEMBLY1,27496.29609637107,7.7386997911271465,2,7.7386997911271465,7.7386997911271465,14.938099463430262,15,27488.55739657994,27511.2341958345,experiment,FIFO,0.28,0,variant_4
7794,ASSEMBLY_2_2,ASSEMBLY2_LINE_2,27501.38363612728,5.087539756212209,3,5.087539756212209,12.826239547339355,9.850559707218054,16,27488.55739657994,27511.2341958345,experiment,FIFO,0.28,0,variant_4
7794,SORTING,SORTING_ROBOT_1,27502.5402829854,1.15664685811862,4,1.15664685811862,13.982886405457975,8.693912849099434,17,27488.55739657994,27511.2341958345,experiment,FIFO,0.28,0,variant_4
7794,PACKAGING_3,PACKAGING_LINE_3,27503.04881118537,0.5085281999708968,5,0.5085281999708968,14.491414605428872,8.185384649128537,17,27488.55739657994,27511.2341958345,experiment,FIFO,0.28,0,variant_4
7794,INSPECTION_1_1,INSPECTION_1_1_LINE,27506.688438499965,3.6396273145946907,6,3.6396273145946907,18.131041920023563,4.545757334533846,20,27488.55739657994,27511.2341958345,experiment,FIFO,0.28,0,variant_4
7794,INSPECTION_1_2,INSPECTION_1_2_LINE,27506.825594352773,0.13715585280806408,7,0.13715585280806408,18.268197772831627,4.408601481725782,20,27488.55739657994,27511.2341958345,experiment,FIFO,0.28,0,variant_4
7794,INSPECTION_1_3,INSPECTION_1_3_LINE,27509.04724487415,0.9308031680047861,8,2.221650521376432,20.48984829420806,2.1869509603493498,22,27488.55739657994,27511.2341958345,experiment,FIFO,0.28,0,variant_4
7794,INSPECTION_1_4,INSPECTION_1_4_LINE,27509.4092279669,0.3619830927491421,9,0.3619830927491421,20.8518313869572,1.8249678676002077,22,27488.55739657994,27511.2341958345,experiment,FIFO,0.28,0,variant_4
7794,INSPECTION_1_5,INSPECTION_1_5_LINE,27510.006749536424,0.59752156952527,10,0.59752156952527,21.44935295648247,1.2274462980749377,22,27488.55739657994,27511.2341958345,experiment,FIFO,0.28,0,variant_4
7794,INSPECTION_1_6,INSPECTION_1_6_LINE,27510.019749336683,0.012999800259422045,11,0.012999800259422045,21.462352756741893,1.2144464978155156,22,27488.55739657994,27511.2341958345,experiment,FIFO,0.28,0,variant_4
7794,INSPECTION_1_7,INSPECTION_1_7_LINE,27511.2341958345,1.2144464978155156,12,1.2144464978155156,22.67679925455741,0.0,21,27488.55739657994,27511.2341958345,experiment,FIFO,0.28,0,variant_4
7795,MOULDING_2,MOULDING_MACHINE_2,27485.10932134793,8.799862805659359,1,0.0,0.0,105.43310006268439,17,27485.10932134793,27590.542421410613,experiment,FIFO,0.28,0,variant_2
7795,ASSEMBLY_1_3,LINE_3_ASSEMBLY1,27504.443891408297,18.2130827128276,2,19.334570060367696,19.334570060367696,86.09853000231669,19,27485.10932134793,27590.542421410613,experiment,FIFO,0.28,0,variant_2
7795,ASSEMBLY_2_1,ASSEMBLY2_LINE_1,27571.46102409541,3.8907342963284464,3,67.01713268711319,86.35170274748089,19.081397315203503,30,27485.10932134793,27590.542421410613,experiment,FIFO,0.28,0,variant_2
7795,SORTING,SORTING_ROBOT_1,27573.22276901136,1.7617449159515672,4,1.7617449159515672,88.11344766343245,17.319652399251936,28,27485.10932134793,27590.542421410613,experiment,FIFO,0.28,0,variant_2
7795,PACKAGING_3,PACKAGING_LINE_3,27581.21308754708,7.990318535717961,5,7.990318535717961,96.10376619915041,9.329333863533975,27,27485.10932134793,27590.542421410613,experiment,FIFO,0.28,0,variant_2
7795,INSPECTION_1_1,INSPECTION_1_1_LINE,27581.89292949625,0.6798419491715322,6,0.6798419491715322,96.78360814832195,8.649491914362443,27,27485.10932134793,27590.542421410613,experiment,FIFO,0.28,0,variant_2
7795,INSPECTION_1_2,INSPECTION_1_2_LINE,27582.59828185644,0.7053523601898632,7,0.7053523601898632,97.48896050851181,7.94413955417258,28,27485.10932134793,27590.542421410613,experiment,FIFO,0.28,0,variant_2
7795,INSPECTION_1_3,INSPECTION_1_3_LINE,27583.27122706324,0.6729452067993407,8,0.6729452067993407,98.16190571531115,7.271194347373239,27,27485.10932134793,27590.542421410613,experiment,FIFO,0.28,0,variant_2
7795,INSPECTION_1_4,INSPECTION_1_4_LINE,27586.045112818552,2.7738857553122216,9,2.7738857553122216,100.93579147062337,4.497308592061017,26,27485.10932134793,27590.542421410613,experiment,FIFO,0.28,0,variant_2
7795,INSPECTION_1_5,INSPECTION_1_5_LINE,27586.755539538048,0.7104267194954446,10,0.7104267194954446,101.64621819011882,3.786881872565573,26,27485.10932134793,27590.542421410613,experiment,FIFO,0.28,0,variant_2
7795,INSPECTION_1_6,INSPECTION_1_6_LINE,27588.983781251063,2.22824171301545,11,2.22824171301545,103.87445990313427,1.558640159550123,26,27485.10932134793,27590.542421410613,experiment,FIFO,0.28,0,variant_2
7795,INSPECTION_1_7,INSPECTION_1_7_LINE,27590.542421410613,1.558640159550123,12,1.558640159550123,105.43310006268439,0.0,25,27485.10932134793,27590.542421410613,experiment,FIFO,0.28,0,variant_2
7796,MOULDING_3,MOULDING_MACHINE_3,27504.052472499887,15.49507591994552,1,0.0,0.0,38.27862024485876,19,27504.052472499887,27542.331092744746,experiment,FIFO,0.28,0,variant_3
7796,ASSEMBLY_1_3,LINE_3_ASSEMBLY1,27518.20716866893,13.763277260633913,2,14.154696169043746,14.154696169043746,24.12392407581501,20,27504.052472499887,27542.331092744746,experiment,FIFO,0.28,0,variant_3
7796,ASSEMBLY_2_2,ASSEMBLY2_LINE_2,27525.23149365803,7.024324989099114,3,7.024324989099114,21.17902115814286,17.099599086715898,20,27504.052472499887,27542.331092744746,experiment,FIFO,0.28,0,variant_3
7796,SORTING,SORTING_ROBOT_1,27531.59382516419,3.588888829730422,4,6.362331506159535,27.541352664302394,10.737267580556363,24,27504.052472499887,27542.331092744746,experiment,FIFO,0.28,0,variant_3
7796,PACKAGING_1,PACKAGING_LINE_1,27533.877280562032,2.283455397842772,5,2.283455397842772,29.824808062145166,8.453812182713591,25,27504.052472499887,27542.331092744746,experiment,FIFO,0.28,0,variant_3
7796,INSPECTION_1_1,INSPECTION_1_1_LINE,27535.16039817201,1.2831176099789445,6,1.2831176099789445,31.10792567212411,7.1706945727346465,25,27504.052472499887,27542.331092744746,experiment,FIFO,0.28,0,variant_3
7796,INSPECTION_1_2,INSPECTION_1_2_LINE,27538.296915272327,3.1365171003162686,7,3.1365171003162686,34.24444277244038,4.034177472418378,25,27504.052472499887,27542.331092744746,experiment,FIFO,0.28,0,variant_3
7796,INSPECTION_1_3,INSPECTION_1_3_LINE,27540.156719060546,1.8598037882184144,8,1.8598037882184144,36.104246560658794,2.1743736841999635,25,27504.052472499887,27542.331092744746,experiment,FIFO,0.28,0,variant_3
7796,INSPECTION_1_4,INSPECTION_1_4_LINE,27540.45237401572,0.2956549551745411,9,0.2956549551745411,36.399901515833335,1.8787187290254224,25,27504.052472499887,27542.331092744746,experiment,FIFO,0.28,0,variant_3
7796,INSPECTION_1_5,INSPECTION_1_5_LINE,27541.370474451345,0.9181004356250924,10,0.9181004356250924,37.31800195145843,0.96061829340033,24,27504.052472499887,27542.331092744746,experiment,FIFO,0.28,0,variant_3
7796,INSPECTION_1_6,INSPECTION_1_6_LINE,27542.21723486569,0.8467604143443168,11,0.8467604143443168,38.164762365802744,0.11385787905601319,24,27504.052472499887,27542.331092744746,experiment,FIFO,0.28,0,variant_3
7796,INSPECTION_1_7,INSPECTION_1_7_LINE,27542.331092744746,0.11385787905601319,12,0.11385787905601319,38.27862024485876,0.0,23,27504.052472499887,27542.331092744746,experiment,FIFO,0.28,0,variant_3
7797,MOULDING_4,MOULDING_MACHINE_4,27490.849642225345,10.95362569253848,1,0.0,0.0,91.85972643634523,18,27490.849642225345,27582.70936866169,experiment,FIFO,0.28,0,variant_2
7797,ASSEMBLY_1_1,LINE_1_ASSEMBLY1,27491.296612623617,0.44697039827224216,2,0.44697039827224216,0.44697039827224216,91.41275603807298,18,27490.849642225345,27582.70936866169,experiment,FIFO,0.28,0,variant_2
7797,ASSEMBLY_2_1,ASSEMBLY2_LINE_1,27566.699868589247,15.680775257766072,3,75.4032559656298,75.85022636390204,16.00950007244319,28,27490.849642225345,27582.70936866169,experiment,FIFO,0.28,0,variant_2
7797,SORTING,SORTING_ROBOT_1,27567.9087548065,1.2088862172531663,4,1.2088862172531663,77.0591125811552,14.800613855190022,29,27490.849642225345,27582.70936866169,experiment,FIFO,0.28,0,variant_2
7797,PACKAGING_3,PACKAGING_LINE_3,27570.23053601128,2.3217812047805637,5,2.3217812047805637,79.38089378593577,12.478832650409458,30,27490.849642225345,27582.70936866169,experiment,FIFO,0.28,0,variant_2
7797,INSPECTION_2_1,INSPECTION_2_1_LINE,27570.91596994845,0.6854339371711831,6,0.6854339371711831,80.06632772310695,11.793398713238275,30,27490.849642225345,27582.70936866169,experiment,FIFO,0.28,0,variant_2
7797,INSPECTION_2_2,INSPECTION_2_2_LINE,27573.20769887881,2.204397175602935,7,2.2917289303586585,82.35805665346561,9.501669782879617,28,27490.849642225345,27582.70936866169,experiment,FIFO,0.28,0,variant_2
7797,INSPECTION_2_3,INSPECTION_2_3_LINE,27574.82554434212,1.6178454633081856,8,1.6178454633081856,83.9759021167738,7.883824319571431,28,27490.849642225345,27582.70936866169,experiment,FIFO,0.28,0,variant_2
7797,INSPECTION_2_4,INSPECTION_2_4_LINE,27575.495511893285,0.6699675511663372,9,0.6699675511663372,84.64586966794013,7.213856768405094,28,27490.849642225345,27582.70936866169,experiment,FIFO,0.28,0,variant_2
7797,INSPECTION_2_5,INSPECTION_2_5_LINE,27576.61687065045,0.31079808566573774,10,1.1213587571655808,85.76722842510571,6.092498011239513,28,27490.849642225345,27582.70936866169,experiment,FIFO,0.28,0,variant_2
7797,INSPECTION_2_6,INSPECTION_2_6_LINE,27578.68714019944,0.023751505268592155,11,2.0702695489890175,87.83749797409473,4.022228462250496,28,27490.849642225345,27582.70936866169,experiment,FIFO,0.28,0,variant_2
7797,INSPECTION_2_7,INSPECTION_2_7_LINE,27582.70936866169,2.5255838181874424,12,4.022228462250496,91.85972643634523,0.0,27,27490.849642225345,27582.70936866169,experiment,FIFO,0.28,0,variant_2
7798,MOULDING_5,MOULDING_MACHINE_5,27482.619345390565,1.0536273838661145,1,0.0,0.0,16.32336061935348,16,27482.619345390565,27498.94270600992,experiment,FIFO,0.28,0,variant_3
7798,ASSEMBLY_1_3,LINE_3_ASSEMBLY1,27486.23080869547,3.6114633049037366,2,3.6114633049037366,3.6114633049037366,12.711897314449743,16,27482.619345390565,27498.94270600992,experiment,FIFO,0.28,0,variant_3
7798,ASSEMBLY_2_2,ASSEMBLY2_LINE_2,27490.549321891776,4.318513196307322,3,4.318513196307322,7.929976501211058,8.393384118142421,17,27482.619345390565,27498.94270600992,experiment,FIFO,0.28,0,variant_3
7798,SORTING,SORTING_ROBOT_1,27491.46281596881,0.9134940770345565,4,0.9134940770345565,8.843470578245615,7.479890041107865,18,27482.619345390565,27498.94270600992,experiment,FIFO,0.28,0,variant_3
7798,PACKAGING_1,PACKAGING_LINE_1,27494.07781187602,2.614995907209959,5,2.614995907209959,11.458466485455574,4.864894133897906,17,27482.619345390565,27498.94270600992,experiment,FIFO,0.28,0,variant_3
7798,INSPECTION_2_1,INSPECTION_2_1_LINE,27496.734325454312,2.6565135782911966,6,2.6565135782911966,14.11498006374677,2.208380555606709,16,27482.619345390565,27498.94270600992,experiment,FIFO,0.28,0,variant_3
7798,INSPECTION_2_2,INSPECTION_2_2_LINE,27496.88090458302,0.14657912870825385,7,0.14657912870825385,14.261559192455024,2.0618014268984552,16,27482.619345390565,27498.94270600992,experiment,FIFO,0.28,0,variant_3
7798,INSPECTION_2_3,INSPECTION_2_3_LINE,27497.20784680595,0.3269422229313932,8,0.3269422229313932,14.588501415386418,1.734859203967062,16,27482.619345390565,27498.94270600992,experiment,FIFO,0.28,0,variant_3
7798,INSPECTION_2_4,INSPECTION_2_4_LINE,27497.366894879447,0.15904807349579642,9,0.15904807349579642,14.747549488882214,1.5758111304712656,16,27482.619345390565,27498.94270600992,experiment,FIFO,0.28,0,variant_3
7798,INSPECTION_2_5,INSPECTION_2_5_LINE,27498.317289034847,0.9503941553994082,10,0.9503941553994082,15.697943644281622,0.6254169750718575,17,27482.619345390565,27498.94270600992,experiment,FIFO,0.28,0,variant_3
7798,INSPECTION_2_6,INSPECTION_2_6_LINE,27498.88853607856,0.5712470437138109,11,0.5712470437138109,16.269190687995433,0.0541699313580466,17,27482.619345390565,27498.94270600992,experiment,FIFO,0.28,0,variant_3
7798,INSPECTION_2_7,INSPECTION_2_7_LINE,27498.94270600992,0.0541699313580466,12,0.0541699313580466,16.32336061935348,0.0,16,27482.619345390565,27498.94270600992,experiment,FIFO,0.28,0,variant_3
7799,MOULDING_2,MOULDING_MACHINE_2,27501.688710381768,16.152549403068406,1,0.0,0.0,100.9693804857925,17,27501.688710381768,27602.65809086756,experiment,FIFO,0.28,0,variant_3
7799,ASSEMBLY_1_1,LINE_1_ASSEMBLY1,27515.76314517258,14.07443479081121,2,14.07443479081121,14.07443479081121,86.89494569498129,20,27501.688710381768,27602.65809086756,experiment,FIFO,0.28,0,variant_3
7799,ASSEMBLY_2_1,ASSEMBLY2_LINE_1,27588.8237140332,5.4238997734792065,3,73.06056886061924,87.13500365143045,13.834376834362047,26,27501.688710381768,27602.65809086756,experiment,FIFO,0.28,0,variant_3
7799,SORTING,SORTING_ROBOT_1,27591.11241175363,0.295368037699518,4,2.2886977204325376,89.42370137186299,11.54567911392951,25,27501.688710381768,27602.65809086756,experiment,FIFO,0.28,0,variant_3
7799,PACKAGING_2,PACKAGING_LINE_2,27598.70102652669,7.588614773059817,5,7.588614773059817,97.0123161449228,3.9570643408696924,24,27501.688710381768,27602.65809086756,experiment,FIFO,0.28,0,variant_3
7799,INSPECTION_2_1,INSPECTION_2_1_LINE,27599.13056278768,0.42953626098824316,6,0.42953626098824316,97.44185240591105,3.5275280798814492,24,27501.688710381768,27602.65809086756,experiment,FIFO,0.28,0,variant_3
7799,INSPECTION_2_2,INSPECTION_2_2_LINE,27599.760404140827,0.6298413531476399,7,0.6298413531476399,98.07169375905869,2.8976867267338093,24,27501.688710381768,27602.65809086756,experiment,FIFO,0.28,0,variant_3
7799,INSPECTION_2_3,INSPECTION_2_3_LINE,27600.2075797763,0.4471756354723766,8,0.4471756354723766,98.51886939453107,2.4505110912614327,24,27501.688710381768,27602.65809086756,experiment,FIFO,0.28,0,variant_3
7799,INSPECTION_2_4,INSPECTION_2_4_LINE,27601.62336666736,1.415786891062453,9,1.415786891062453,99.93465628559352,1.0347242001989798,23,27501.688710381768,27602.65809086756,experiment,FIFO,0.28,0,variant_3
7799,INSPECTION_2_5,INSPECTION_2_5_LINE,27602.367229385472,0.7438627181109041,10,0.7438627181109041,100.67851900370442,0.2908614820880757,25,27501.688710381768,27602.65809086756,experiment,FIFO,0.28,0,variant_3
7799,INSPECTION_2_6,INSPECTION_2_6_LINE,27602.53772673065,0.1704973451778642,11,0.1704973451778642,100.84901634888229,0.12036413691021153,25,27501.688710381768,27602.65809086756,experiment,FIFO,0.28,0,variant_3
7799,INSPECTION_2_7,INSPECTION_2_7_LINE,27602.65809086756,0.12036413691021153,12,0.12036413691021153,100.9693804857925,0.0,23,27501.688710381768,27602.65809086756,experiment,FIFO,0.28,0,variant_3
7800,MOULDING_1,MOULDING_MACHINE_1,27503.56265609712,16.61311815195222,1,0.0,0.0,76.62112874638115,18,27503.56265609712,27580.183784843503,experiment,FIFO,0.28,0,variant_5
7800,ASSEMBLY_1_1,LINE_1_ASSEMBLY1,27548.118101835586,32.354956663006305,2,44.555445738464186,44.555445738464186,32.06568300791696,25,27503.56265609712,27580.183784843503,experiment,FIFO,0.28,0,variant_5
7800,ASSEMBLY_2_2,ASSEMBLY2_LINE_2,27560.15254342988,6.575711983387009,3,12.03444159429273,56.589887332756916,20.03124141362423,28,27503.56265609712,27580.183784843503,experiment,FIFO,0.28,0,variant_5
7800,SORTING,SORTING_ROBOT_1,27561.765443348333,1.6128999184547865,4,1.6128999184547865,58.2027872512117,18.418341495169443,27,27503.56265609712,27580.183784843503,experiment,FIFO,0.28,0,variant_5
7800,PACKAGING_2,PACKAGING_LINE_2,27566.198909124225,3.025831056143943,5,4.433465775891818,62.63625302710352,13.984875719277625,28,27503.56265609712,27580.183784843503,experiment,FIFO,0.28,0,variant_5
7800,INSPECTION_2_1,INSPECTION_2_1_LINE,27569.426035920573,0.47630515897253645,6,3.227126796347875,65.8633798234514,10.75774892292975,30,27503.56265609712,27580.183784843503,experiment,FIFO,0.28,0,variant_5
7800,INSPECTION_2_2,INSPECTION_2_2_LINE,27571.003301703207,0.5619892443246499,7,1.5772657826346403,67.44064560608604,9.18048314029511,30,27503.56265609712,27580.183784843503,experiment,FIFO,0.28,0,variant_5
7800,INSPECTION_2_3,INSPECTION_2_3_LINE,27572.925829926626,0.37899448506504996,8,1.9225282234183396,69.36317382950438,7.25795491687677,28,27503.56265609712,27580.183784843503,experiment,FIFO,0.28,0,variant_5
7800,INSPECTION_2_4,INSPECTION_2_4_LINE,27573.78197051596,0.498756581768248,9,0.8561405893342453,70.21931441883862,6.4018143275425246,28,27503.56265609712,27580.183784843503,experiment,FIFO,0.28,0,variant_5
7800,INSPECTION_2_5,INSPECTION_2_5_LINE,27576.306072564785,0.027606889812886948,10,2.524102048824716,72.74341646766334,3.8777122787178087,28,27503.56265609712,27580.183784843503,experiment,FIFO,0.28,0,variant_5
7800,INSPECTION_2_6,INSPECTION_2_6_LINE,27578.66338869417,2.154966323327244,11,2.357316129386163,75.1007325970495,1.5203961493316456,28,27503.56265609712,27580.183784843503,experiment,FIFO,0.28,0,variant_5
7800,INSPECTION_2_7,INSPECTION_2_7_LINE,27580.183784843503,1.5203961493316456,12,1.5203961493316456,76.62112874638115,0.0,27,27503.56265609712,27580.183784843503,experiment,FIFO,0.28,0,variant_5
7801,MOULDING_3,MOULDING_MACHINE_3,27504.74693430398,0.6944618040943169,1,0.0,0.0,97.84151749970988,20,27504.74693430398,27602.58845180369,experiment,FIFO,0.28,0,variant_2
7801,ASSEMBLY_1_5,LINE_5_ASSEMBLY1,27505.90020609904,1.1532717950576625,2,1.1532717950576625,1.1532717950576625,96.68824570465222,20,27504.74693430398,27602.58845180369,experiment,FIFO,0.28,0,variant_2
7801,ASSEMBLY_2_1,ASSEMBLY2_LINE_1,27583.39981425972,11.938790164309466,3,77.49960816068051,78.65287995573817,19.18863754397171,27,27504.74693430398,27602.58845180369,experiment,FIFO,0.28,0,variant_2
7801,SORTING,SORTING_ROBOT_1,27587.861764970054,4.461950710334349,4,4.461950710334349,83.11483066607252,14.726686833637359,26,27504.74693430398,27602.58845180369,experiment,FIFO,0.28,0,variant_2
7801,PACKAGING_1,PACKAGING_LINE_1,27594.64596707763,6.784202107577585,5,6.784202107577585,89.8990327736501,7.942484726059774,25,27504.74693430398,27602.58845180369,experiment,FIFO,0.28,0,variant_2
7801,INSPECTION_1_1,INSPECTION_1_1_LINE,27594.92745967136,0.2814925937273074,6,0.2814925937273074,90.18052536737741,7.660992132332467,25,27504.74693430398,27602.58845180369,experiment,FIFO,0.28,0,variant_2
7801,INSPECTION_1_2,INSPECTION_1_2_LINE,27595.63740731141,0.7099476400508138,7,0.7099476400508138,90.89047300742823,6.951044492281653,24,27504.74693430398,27602.58845180369,experiment,FIFO,0.28,0,variant_2
7801,INSPECTION_1_3,INSPECTION_1_3_LINE,27596.297700850453,0.08813736396768945,8,0.6602935390437779,91.550766546472,6.290750953237875,24,27504.74693430398,27602.58845180369,experiment,FIFO,0.28,0,variant_2
7801,INSPECTION_1_4,INSPECTION_1_4_LINE,27600.048590272785,2.92766361118629,9,3.7508894223319658,95.30165596880397,2.5398615309059096,24,27504.74693430398,27602.58845180369,experiment,FIFO,0.28,0,variant_2
7801,INSPECTION_1_5,INSPECTION_1_5_LINE,27600.6479069586,0.5193690332380356,10,0.5993166858133918,95.90097265461736,1.9405448450925178,24,27504.74693430398,27602.58845180369,experiment,FIFO,0.28,0,variant_2
7801,INSPECTION_1_6,INSPECTION_1_6_LINE,27601.68965855084,0.8778343536396278,11,1.0417515922417806,96.94272424685914,0.8987932528507372,23,27504.74693430398,27602.58845180369,experiment,FIFO,0.28,0,variant_2
7801,INSPECTION_1_7,INSPECTION_1_7_LINE,27602.58845180369,0.8987932528507372,12,0.8987932528507372,97.84151749970988,0.0,24,27504.74693430398,27602.58845180369,experiment,FIFO,0.28,0,variant_2
7802,MOULDING_4,MOULDING_MACHINE_4,27497.8564676492,4.019563681955333,1,0.0,0.0,18.605545042682934,17,27497.8564676492,27516.46201269188,experiment,FIFO,0.28,0,variant_3
7802,ASSEMBLY_1_4,LINE_4_ASSEMBLY1,27504.00522776729,2.0824309805793746,2,6.1487601180924685,6.1487601180924685,12.456784924590465,18,27497.8564676492,27516.46201269188,experiment,FIFO,0.28,0,variant_3
7802,ASSEMBLY_2_2,ASSEMBLY2_LINE_2,27504.529816206057,0.5245884387659316,3,0.5245884387659316,6.6733485568584,11.932196485824534,19,27497.8564676492,27516.46201269188,experiment,FIFO,0.28,0,variant_3
7802,SORTING,SORTING_ROBOT_1,27505.43133627764,0.9015200715839455,4,0.9015200715839455,7.574868628442346,11.030676414240588,20,27497.8564676492,27516.46201269188,experiment,FIFO,0.28,0,variant_3
7802,PACKAGING_2,PACKAGING_LINE_2,27509.404343149203,3.9730068715616653,5,3.9730068715616653,11.547875500004011,7.057669542678923,22,27497.8564676492,27516.46201269188,experiment,FIFO,0.28,0,variant_3
7802,INSPECTION_1_1,INSPECTION_1_1_LINE,27509.907365787847,0.5030226386443246,6,0.5030226386443246,12.050898138648336,6.554646904034598,22,27497.8564676492,27516.46201269188,experiment,FIFO,0.28,0,variant_3
7802,INSPECTION_1_2,INSPECTION_1_2_LINE,27510.800509247776,0.8931434599289787,7,0.8931434599289787,12.944041598577314,5.66150344410562,22,27497.8564676492,27516.46201269188,experiment,FIFO,0.28,0,variant_3
7802,INSPECTION_1_3,INSPECTION_1_3_LINE,27511.105418298604,0.304909050828428,8,0.304909050828428,13.248950649405742,5.356594393277192,22,27497.8564676492,27516.46201269188,experiment,FIFO,0.28,0,variant_3
7802,INSPECTION_1_4,INSPECTION_1_4_LINE,27513.47903490544,0.20315105866757222,9,2.3736166068338207,15.622567256239563,2.982977786443371,21,27497.8564676492,27516.46201269188,experiment,FIFO,0.28,0,variant_3
7802,INSPECTION_1_5,INSPECTION_1_5_LINE,27514.195947193537,0.7169122880986833,10,0.7169122880986833,16.339479544338246,2.2660654983446875,21,27497.8564676492,27516.46201269188,experiment,FIFO,0.28,0,variant_3
7802,INSPECTION_1_5,INSPECTION_1_5_LINE,27514.25840870641,0.06246151287268731,11,0.06246151287268731,16.401941057210934,2.203603985472,21,27497.8564676492,27516.46201269188,experiment,FIFO,0.28,0,variant_3
7802,INSPECTION_1_6,INSPECTION_1_6_LINE,27515.815474335734,1.3177726288449776,12,1.5570656293239153,17.95900668653485,0.6465383561480849,20,27497.8564676492,27516.46201269188,experiment,FIFO,0.28,0,variant_3
7802,INSPECTION_1_7,INSPECTION_1_7_LINE,27516.46201269188,0.6465383561480849,13,0.6465383561480849,18.605545042682934,0.0,19,27497.8564676492,27516.46201269188,experiment,FIFO,0.28,0,variant_3
7803,MOULDING_5,MOULDING_MACHINE_5,27496.51896655039,2.5597447081490827,1,0.0,0.0,86.947842467398,16,27496.51896655039,27583.466809017787,experiment,FIFO,0.28,0,variant_2
7803,ASSEMBLY_1_4,LINE_4_ASSEMBLY1,27501.922796786712,5.403830236322392,2,5.403830236322392,5.403830236322392,81.54401223107561,17,27496.51896655039,27583.466809017787,experiment,FIFO,0.28,0,variant_2
7803,ASSEMBLY_2_1,ASSEMBLY2_LINE_1,27567.57028979908,0.8704212098346034,3,65.64749301236952,71.05132324869192,15.89651921870609,28,27496.51896655039,27583.466809017787,experiment,FIFO,0.28,0,variant_2
7803,SORTING,SORTING_ROBOT_1,27570.235075476983,2.3263206704832555,4,2.6647856779018184,73.71610892659373,13.23173354080427,30,27496.51896655039,27583.466809017787,experiment,FIFO,0.28,0,variant_2
7803,PACKAGING_2,PACKAGING_LINE_2,27573.149500051582,2.914424574599252,5,2.914424574599252,76.63053350119299,10.317308966205019,28,27496.51896655039,27583.466809017787,experiment,FIFO,0.28,0,variant_2
7803,INSPECTION_2_1,INSPECTION_2_1_LINE,27573.42922804669,0.2797279951082601,6,0.2797279951082601,76.91026149630125,10.037580971096759,28,27496.51896655039,27583.466809017787,experiment,FIFO,0.28,0,variant_2
7803,INSPECTION_2_2,INSPECTION_2_2_LINE,27573.7365569666,0.307328919909196,7,0.307328919909196,77.21759041621044,9.730252051187563,28,27496.51896655039,27583.466809017787,experiment,FIFO,0.28,0,variant_2
7803,INSPECTION_2_3,INSPECTION_2_3_LINE,27576.261470934016,1.4359265918974415,8,2.5249139674160688,79.74250438362651,7.205338083771494,28,27496.51896655039,27583.466809017787,experiment,FIFO,0.28,0,variant_2
7803,INSPECTION_2_4,INSPECTION_2_4_LINE,27576.26825872093,0.006787786915083416,9,0.006787786915083416,79.7492921705416,7.198550296856411,28,27496.51896655039,27583.466809017787,experiment,FIFO,0.28,0,variant_2
7803,INSPECTION_2_5,INSPECTION_2_5_LINE,27577.524713663235,0.9078430127847241,10,1.2564549423041171,81.00574711284571,5.942095354552293,28,27496.51896655039,27583.466809017787,experiment,FIFO,0.28,0,variant_2
7803,INSPECTION_2_6,INSPECTION_2_6_LINE,27579.00970581693,0.32256561749090906,11,1.4849921536952024,82.49073926654091,4.457103200857091,28,27496.51896655039,27583.466809017787,experiment,FIFO,0.28,0,variant_2
7803,INSPECTION_2_7,INSPECTION_2_7_LINE,27583.466809017787,0.7574403560975043,12,4.457103200857091,86.947842467398,0.0,26,27496.51896655039,27583.466809017787,experiment,FIFO,0.28,0,variant_2
7804,MOULDING_2,MOULDING_MACHINE_2,27508.75534476804,4.952780832390999,1,0.0,0.0,70.59300827164043,22,27508.75534476804,27579.34835303968,experiment,FIFO,0.28,0,variant_2
7804,ASSEMBLY_1_1,LINE_1_ASSEMBLY1,27548.16405641357,0.04595457798495772,2,39.408711645530275,39.408711645530275,31.184296626110154,25,27508.75534476804,27579.34835303968,experiment,FIFO,0.28,0,variant_2
7804,ASSEMBLY_2_2,ASSEMBLY2_LINE_2,27560.42126450896,0.2687210790827521,3,12.257208095390524,51.6659197409208,18.92708853071963,28,27508.75534476804,27579.34835303968,experiment,FIFO,0.28,0,variant_2
7804,SORTING,SORTING_ROBOT_1,27562.2670529982,0.5016096498657134,4,1.8457884892377479,53.51170823015855,17.08130004148188,27,27508.75534476804,27579.34835303968,experiment,FIFO,0.28,0,variant_2
7804,PACKAGING_1,PACKAGING_LINE_1,27566.39026633498,4.123213336781191,5,4.123213336781191,57.63492156693974,12.95808670470069,28,27508.75534476804,27579.34835303968,experiment,FIFO,0.28,0,variant_2
7804,INSPECTION_1_1,INSPECTION_1_1_LINE,27566.6203532414,0.23008690642018337,6,0.23008690642018337,57.86500847335992,12.727999798280507,28,27508.75534476804,27579.34835303968,experiment,FIFO,0.28,0,variant_2
7804,INSPECTION_1_2,INSPECTION_1_2_LINE,27567.024424800027,0.40407155862703803,7,0.40407155862703803,58.26908003198696,12.323928239653469,28,27508.75534476804,27579.34835303968,experiment,FIFO,0.28,0,variant_2
7804,INSPECTION_1_3,INSPECTION_1_3_LINE,27572.63812119405,5.613696394022554,8,5.613696394022554,63.882776426009514,6.710231845630915,28,27508.75534476804,27579.34835303968,experiment,FIFO,0.28,0,variant_2
7804,INSPECTION_1_4,INSPECTION_1_4_LINE,27572.8183057625,0.1801845684494765,9,0.1801845684494765,64.06296099445899,6.530047277181438,28,27508.75534476804,27579.34835303968,experiment,FIFO,0.28,0,variant_2
7804,INSPECTION_1_5,INSPECTION_1_5_LINE,27578.810103543303,5.9917977808036085,10,5.9917977808036085,70.0547587752626,0.5382494963778299,28,27508.75534476804,27579.34835303968,experiment,FIFO,0.28,0,variant_2
7804,INSPECTION_1_6,INSPECTION_1_6_LINE,27579.214399651573,0.40429610827050055,11,0.40429610827050055,70.4590548835331,0.13395338810732937,29,27508.75534476804,27579.34835303968,experiment,FIFO,0.28,0,variant_2
7804,INSPECTION_1_7,INSPECTION_1_7_LINE,27579.34835303968,0.13395338810732937,12,0.13395338810732937,70.59300827164043,0.0,28,27508.75534476804,27579.34835303968,experiment,FIFO,0.28,0,variant_2
7805,MOULDING_3,MOULDING_MACHINE_3,27507.942913288844,3.1959789848624496,1,0.0,0.0,116.47145311582062,21,27507.942913288844,27624.414366404664,experiment,FIFO,0.28,0,variant_5
7805,ASSEMBLY_1_2,LINE_2_ASSEMBLY1,27530.724421090454,22.781507801610132,2,22.781507801610132,22.781507801610132,93.68994531421049,24,27507.942913288844,27624.414366404664,experiment,FIFO,0.28,0,variant_5
7805,ASSEMBLY_2_1,ASSEMBLY2_LINE_1,27602.46181888032,13.638104847123032,3,71.73739778986783,94.51890559147796,21.952547524342663,25,27507.942913288844,27624.414366404664,experiment,FIFO,0.28,0,variant_5
7805,SORTING,SORTING_ROBOT_1,27608.362878018383,0.07756960878396058,4,5.9010591380611,100.41996472953906,16.051488386281562,24,27507.942913288844,27624.414366404664,experiment,FIFO,0.28,0,variant_5
7805,PACKAGING_1,PACKAGING_LINE_1,27615.79032436277,5.494695777630113,5,7.4274463443871355,107.8474110739262,8.624042041894427,24,27507.942913288844,27624.414366404664,experiment,FIFO,0.28,0,variant_5
7805,INSPECTION_2_1,INSPECTION_2_1_LINE,27618.092119855857,2.301795493087411,6,2.301795493087411,110.14920656701361,6.322246548807016,25,27507.942913288844,27624.414366404664,experiment,FIFO,0.28,0,variant_5
7805,INSPECTION_2_2,INSPECTION_2_2_LINE,27618.605016421163,0.5128965653057094,7,0.5128965653057094,110.66210313231932,5.809349983501306,25,27507.942913288844,27624.414366404664,experiment,FIFO,0.28,0,variant_5
7805,INSPECTION_2_3,INSPECTION_2_3_LINE,27619.34513754552,0.7401211243559374,8,0.7401211243559374,111.40222425667525,5.069228859145369,25,27507.942913288844,27624.414366404664,experiment,FIFO,0.28,0,variant_5
7805,INSPECTION_2_4,INSPECTION_2_4_LINE,27619.67737105949,0.33223351397100487,9,0.33223351397100487,111.73445777064626,4.736995345174364,24,27507.942913288844,27624.414366404664,experiment,FIFO,0.28,0,variant_5
7805,INSPECTION_2_5,INSPECTION_2_5_LINE,27622.87277459609,0.513170582758903,10,3.1954035365997697,114.92986130724603,1.5415918085745943,25,27507.942913288844,27624.414366404664,experiment,FIFO,0.28,0,variant_5
7805,INSPECTION_2_6,INSPECTION_2_6_LINE,27623.94229951379,0.981496766271448,11,1.069524917700619,115.99938622494665,0.47206689087397535,24,27507.942913288844,27624.414366404664,experiment,FIFO,0.28,0,variant_5
7805,INSPECTION_2_7,INSPECTION_2_7_LINE,27624.414366404664,0.47206689087397535,12,0.47206689087397535,116.47145311582062,0.0,23,27507.942913288844,27624.414366404664,experiment,FIFO,0.28,0,variant_5
7806,MOULDING_5,MOULDING_MACHINE_5,27515.495868630387,8.869914742517722,1,0.0,0.0,109.9362883712929,20,27515.495868630387,27625.43215700168,experiment,FIFO,0.28,0,variant_2
7806,ASSEMBLY_1_2,LINE_2_ASSEMBLY1,27546.406023487634,15.68160239718054,2,30.910154857247107,30.910154857247107,79.0261335140458,25,27515.495868630387,27625.43215700168,experiment,FIFO,0.28,0,variant_2
7806,ASSEMBLY_2_1,ASSEMBLY2_LINE_1,27602.883969324987,0.4221504446650215,3,56.47794583735231,87.38810069459942,22.548187676693487,23,27515.495868630387,27625.43215700168,experiment,FIFO,0.28,0,variant_2
7806,SORTING,SORTING_ROBOT_1,27613.616369693173,5.253491674789984,4,10.732400368186063,98.12050106278548,11.815787308507424,25,27515.495868630387,27625.43215700168,experiment,FIFO,0.28,0,variant_2
7806,PACKAGING_1,PACKAGING_LINE_1,27618.61969197949,2.829367616719537,5,5.003322286316688,103.12382334910217,6.812465022190736,25,27515.495868630387,27625.43215700168,experiment,FIFO,0.28,0,variant_2
7806,INSPECTION_1_1,INSPECTION_1_1_LINE,27618.939821290176,0.32012931068675243,6,0.32012931068675243,103.44395265978892,6.4923357115039835,25,27515.495868630387,27625.43215700168,experiment,FIFO,0.28,0,variant_2
7806,INSPECTION_1_2,INSPECTION_1_2_LINE,27619.027506587525,0.08768529734879849,7,0.08768529734879849,103.53163795713772,6.404650414155185,25,27515.495868630387,27625.43215700168,experiment,FIFO,0.28,0,variant_2
7806,INSPECTION_1_3,INSPECTION_1_3_LINE,27623.30039843435,4.272891846823768,8,4.272891846823768,107.80452980396149,2.131758567331417,24,27515.495868630387,27625.43215700168,experiment,FIFO,0.28,0,variant_2
7806,INSPECTION_1_4,INSPECTION_1_4_LINE,27624.022219836108,0.7218214017593709,9,0.7218214017593709,108.52635120572086,1.409937165572046,24,27515.495868630387,27625.43215700168,experiment,FIFO,0.28,0,variant_2
7806,INSPECTION_1_5,INSPECTION_1_5_LINE,27624.520899167048,0.4986793309399218,10,0.4986793309399218,109.02503053666078,0.9112578346321243,23,27515.495868630387,27625.43215700168,experiment,FIFO,0.28,0,variant_2
7806,INSPECTION_1_6,INSPECTION_1_6_LINE,27624.69384847531,0.17294930826028576,11,0.17294930826028576,109.19797984492106,0.7383085263718385,23,27515.495868630387,27625.43215700168,experiment,FIFO,0.28,0,variant_2
7806,INSPECTION_1_7,INSPECTION_1_7_LINE,27625.43215700168,0.7383085263718385,12,0.7383085263718385,109.9362883712929,0.0,22,27515.495868630387,27625.43215700168,experiment,FIFO,0.28,0,variant_2
7807,MOULDING_1,MOULDING_MACHINE_1,27516.97957070545,8.38606510984755,1,0.0,0.0,60.68970601438923,20,27516.97957070545,27577.66927671984,experiment,FIFO,0.28,0,variant_6
7807,ASSEMBLY_1_1,LINE_1_ASSEMBLY1,27554.76652138232,6.6024649687497,2,37.78695067686931,37.78695067686931,22.90275533751992,26,27516.97957070545,27577.66927671984,experiment,FIFO,0.28,0,variant_6
7807,ASSEMBLY_2_2,ASSEMBLY2_LINE_2,27561.00027999472,0.5790154857604648,3,6.233758612401289,44.0207092892706,16.66899672511863,28,27516.97957070545,27577.66927671984,experiment,FIFO,0.28,0,variant_6
7807,SORTING,SORTING_ROBOT_1,27564.9323232703,2.665270272100315,4,3.9320432755775983,47.9527525648482,12.736953449541033,28,27516.97957070545,27577.66927671984,experiment,FIFO,0.28,0,variant_6
7807,PACKAGING_3,PACKAGING_LINE_3,27565.77448716289,0.8421638925901789,5,0.8421638925901789,48.794916457438376,11.894789556950855,28,27516.97957070545,27577.66927671984,experiment,FIFO,0.28,0,variant_6
7807,INSPECTION_2_1,INSPECTION_2_1_LINE,27568.9497307616,3.1752435987109493,6,3.1752435987109493,51.970160056149325,8.719545958239905,30,27516.97957070545,27577.66927671984,experiment,FIFO,0.28,0,variant_6
7807,INSPECTION_2_2,INSPECTION_2_2_LINE,27570.441312458883,1.4915816972825269,7,1.4915816972825269,53.46174175343185,7.227964260957378,30,27516.97957070545,27577.66927671984,experiment,FIFO,0.28,0,variant_6
7807,INSPECTION_2_3,INSPECTION_2_3_LINE,27572.54683544156,2.1055229826779396,8,2.1055229826779396,55.56726473610979,5.122441278279439,28,27516.97957070545,27577.66927671984,experiment,FIFO,0.28,0,variant_6
7807,INSPECTION_2_4,INSPECTION_2_4_LINE,27573.28321393419,0.7363784926310473,9,0.7363784926310473,56.30364322874084,4.386062785648392,28,27516.97957070545,27577.66927671984,experiment,FIFO,0.28,0,variant_6
7807,INSPECTION_2_5,INSPECTION_2_5_LINE,27576.27846567497,2.995251740780077,10,2.995251740780077,59.298894969520916,1.3908110448683146,28,27516.97957070545,27577.66927671984,experiment,FIFO,0.28,0,variant_6
7807,INSPECTION_2_6,INSPECTION_2_6_LINE,27576.508422370844,0.229956695871806,11,0.229956695871806,59.52885166539272,1.1608543489965086,28,27516.97957070545,27577.66927671984,experiment,FIFO,0.28,0,variant_6
7807,INSPECTION_2_7,INSPECTION_2_7_LINE,27577.66927671984,1.1608543489965086,12,1.1608543489965086,60.68970601438923,0.0,28,27516.97957070545,27577.66927671984,experiment,FIFO,0.28,0,variant_6
7808,MOULDING_1,MOULDING_MACHINE_1,27526.75890373256,9.638636387477163,1,0.0,0.0,180.01171118071943,21,27526.75890373256,27706.77061491328,experiment,FIFO,0.28,0,variant_1
7808,ASSEMBLY_1_1,LINE_1_ASSEMBLY1,27559.904659662407,5.138138280086423,2,33.14575592984693,33.14575592984693,146.8659552508725,28,27526.75890373256,27706.77061491328,experiment,FIFO,0.28,0,variant_1
7808,ASSEMBLY_1_1,LINE_1_ASSEMBLY1,27596.917894606097,11.004593490772095,3,37.013234943689895,70.15899087353682,109.85272030718261,24,27526.75890373256,27706.77061491328,experiment,FIFO,0.28,0,variant_1
7808,ASSEMBLY_2_1,ASSEMBLY2_LINE_1,27660.59348720101,0.5133508909020748,4,63.67559259491463,133.83458346845146,46.177127712267975,20,27526.75890373256,27706.77061491328,experiment,FIFO,0.28,0,variant_1
7808,SORTING,SORTING_ROBOT_1,27669.68633836424,1.5790726314407948,5,9.09285116323008,142.92743463168154,37.084276549037895,23,27526.75890373256,27706.77061491328,experiment,FIFO,0.28,0,variant_1
7808,PACKAGING_1,PACKAGING_LINE_1,27692.207337232503,8.05036001179542,6,22.520998868261813,165.44843349994335,14.563277680776082,24,27526.75890373256,27706.77061491328,experiment,FIFO,0.28,0,variant_1
7808,INSPECTION_1_1,INSPECTION_1_1_LINE,27700.13605066949,7.928713436987891,7,7.928713436987891,173.37714693693124,6.634564243788191,26,27526.75890373256,27706.77061491328,experiment,FIFO,0.28,0,variant_1
7808,INSPECTION_1_2,INSPECTION_1_2_LINE,27700.704727579283,0.568676909791975,8,0.568676909791975,173.94582384672321,6.065887333996216,26,27526.75890373256,27706.77061491328,experiment,FIFO,0.28,0,variant_1
7808,INSPECTION_1_3,INSPECTION_1_3_LINE,27700.765844668404,0.06111708912067115,9,0.06111708912067115,174.0069409358439,6.0047702448755444,26,27526.75890373256,27706.77061491328,experiment,FIFO,0.28,0,variant_1
7808,INSPECTION_1_4,INSPECTION_1_4_LINE,27700.87622178906,0.11037712065808591,10,0.11037712065808591,174.11731805650197,5.8943931242174585,26,27526.75890373256,27706.77061491328,experiment,FIFO,0.28,0,variant_1
7808,INSPECTION_1_5,INSPECTION_1_5_LINE,27705.70280024986,4.826578460797464,11,4.826578460797464,178.94389651729944,1.0678146634199948,28,27526.75890373256,27706.77061491328,experiment,FIFO,0.28,0,variant_1
7808,INSPECTION_1_6,INSPECTION_1_6_LINE,27706.48707721684,0.7842769669805421,12,0.7842769669805421,179.72817348427998,0.2835376964394527,28,27526.75890373256,27706.77061491328,experiment,FIFO,0.28,0,variant_1
7808,INSPECTION_1_7,INSPECTION_1_7_LINE,27706.77061491328,0.2835376964394527,13,0.2835376964394527,180.01171118071943,0.0,28,27526.75890373256,27706.77061491328,experiment,FIFO,0.28,0,variant_1
7809,MOULDING_4,MOULDING_MACHINE_4,27524.549737166493,4.0892842715729785,1,0.0,0.0,106.04337848458817,20,27524.549737166493,27630.59311565108,experiment,FIFO,0.28,0,variant_2
7809,ASSEMBLY_1_2,LINE_2_ASSEMBLY1,27554.266971599613,7.8609481119783595,2,29.7172344331193,29.7172344331193,76.32614405146887,26,27524.549737166493,27630.59311565108,experiment,FIFO,0.28,0,variant_2
7809,ASSEMBLY_2_1,ASSEMBLY2_LINE_1,27616.21416125018,13.330191925193503,3,61.94718965056745,91.66442408368675,14.37895440090142,25,27524.549737166493,27630.59311565108,experiment,FIFO,0.28,0,variant_2
7809,SORTING,SORTING_ROBOT_1,27621.961499887544,5.74733863736401,4,5.74733863736401,97.41176272105076,8.631615763537411,25,27524.549737166493,27630.59311565108,experiment,FIFO,0.28,0,variant_2
7809,PACKAGING_1,PACKAGING_LINE_1,27625.31621404839,3.3547141608469246,5,3.3547141608469246,100.76647688189769,5.2769016026904865,23,27524.549737166493,27630.59311565108,experiment,FIFO,0.28,0,variant_2
7809,INSPECTION_2_1,INSPECTION_2_1_LINE,27626.42782527432,1.1116112259296642,6,1.1116112259296642,101.87808810782735,4.165290376760822,21,27524.549737166493,27630.59311565108,experiment,FIFO,0.28,0,variant_2
7809,INSPECTION_2_2,INSPECTION_2_2_LINE,27626.659774661995,0.2319493876748311,7,0.2319493876748311,102.11003749550218,3.933340989085991,21,27524.549737166493,27630.59311565108,experiment,FIFO,0.28,0,variant_2
7809,INSPECTION_2_3,INSPECTION_2_3_LINE,27627.23231711235,0.5725424503543763,8,0.5725424503543763,102.68257994585656,3.360798538731615,21,27524.549737166493,27630.59311565108,experiment,FIFO,0.28,0,variant_2
7809,INSPECTION_2_4,INSPECTION_2_4_LINE,27628.98725078002,1.7549336676711391,9,1.7549336676711391,104.4375136135277,1.6058648710604757,22,27524.549737166493,27630.59311565108,experiment,FIFO,0.28,0,variant_2
7809,INSPECTION_2_5,INSPECTION_2_5_LINE,27629.66238418404,0.6751334040200163,10,0.6751334040200163,105.11264701754772,0.9307314670404594,22,27524.549737166493,27630.59311565108,experiment,FIFO,0.28,0,variant_2
7809,INSPECTION_2_6,INSPECTION_2_6_LINE,27630.061429007503,0.3990448234617361,11,0.3990448234617361,105.51169184100945,0.5316866435787233,22,27524.549737166493,27630.59311565108,experiment,FIFO,0.28,0,variant_2
7809,INSPECTION_2_7,INSPECTION_2_7_LINE,27630.59311565108,0.5316866435787233,12,0.5316866435787233,106.04337848458817,0.0,21,27524.549737166493,27630.59311565108,experiment,FIFO,0.28,0,variant_2
7810,MOULDING_1,MOULDING_MACHINE_1,27528.25107274506,1.4921690125011082,1,0.0,0.0,85.21777702508916,23,27528.25107274506,27613.46884977015,experiment,FIFO,0.28,0,variant_2
7810,MOULDING_1,MOULDING_MACHINE_1,27533.33355210284,5.082479357777629,2,5.082479357777629,5.082479357777629,80.13529766731153,25,27528.25107274506,27613.46884977015,experiment,FIFO,0.28,0,variant_2
7810,ASSEMBLY_1_3,LINE_3_ASSEMBLY1,27579.620855960897,8.646035961482994,3,46.287303858058294,51.36978321583592,33.84799380925324,28,27528.25107274506,27613.46884977015,experiment,FIFO,0.28,0,variant_2
7810,ASSEMBLY_2_2,ASSEMBLY2_LINE_2,27588.753839496563,0.6269353098032298,4,9.132983535666426,60.50276675150235,24.715010273586813,26,27528.25107274506,27613.46884977015,experiment,FIFO,0.28,0,variant_2
7810,SORTING,SORTING_ROBOT_1,27590.81704371593,1.4772509553222335,5,2.0632042193683446,62.565970970870694,22.65180605421847,25,27528.25107274506,27613.46884977015,experiment,FIFO,0.28,0,variant_2
7810,PACKAGING_1,PACKAGING_LINE_1,27599.63675778052,4.990790702890081,6,8.819714064589789,71.38568503546048,13.83209198962868,24,27528.25107274506,27613.46884977015,experiment,FIFO,0.28,0,variant_2
7810,INSPECTION_1_1,INSPECTION_1_1_LINE,27604.25752836458,4.620770584057027,7,4.620770584057027,76.00645561951751,9.211321405571653,23,27528.25107274506,27613.46884977015,experiment,FIFO,0.28,0,variant_2
7810,INSPECTION_1_2,INSPECTION_1_2_LINE,27604.820408273423,0.5628799088444794,8,0.5628799088444794,76.56933552836199,8.648441496727173,23,27528.25107274506,27613.46884977015,experiment,FIFO,0.28,0,variant_2
7810,INSPECTION_1_3,INSPECTION_1_3_LINE,27605.355820252546,0.5354119791227276,9,0.5354119791227276,77.10474750748472,8.113029517604446,23,27528.25107274506,27613.46884977015,experiment,FIFO,0.28,0,variant_2
7810,INSPECTION_1_4,INSPECTION_1_4_LINE,27606.37487001297,1.0190497604235134,10,1.0190497604235134,78.12379726790823,7.093979757180932,23,27528.25107274506,27613.46884977015,experiment,FIFO,0.28,0,variant_2
7810,INSPECTION_1_5,INSPECTION_1_5_LINE,27611.29474034789,4.919870334921143,11,4.919870334921143,83.04366760282937,2.1741094222597894,25,27528.25107274506,27613.46884977015,experiment,FIFO,0.28,0,variant_2
7810,INSPECTION_1_6,INSPECTION_1_6_LINE,27612.41941081168,1.1246704637887888,12,1.1246704637887888,84.16833806661816,1.0494389584710007,25,27528.25107274506,27613.46884977015,experiment,FIFO,0.28,0,variant_2
7810,INSPECTION_1_7,INSPECTION_1_7_LINE,27613.46884977015,1.0494389584710007,13,1.0494389584710007,85.21777702508916,0.0,24,27528.25107274506,27613.46884977015,experiment,FIFO,0.28,0,variant_2
7811,MOULDING_3,MOULDING_MACHINE_3,27527.82943333116,4.221435632469365,1,0.0,0.0,121.16774889284352,22,27527.82943333116,27648.997182224004,experiment,FIFO,0.28,0,variant_3
7811,ASSEMBLY_1_4,LINE_4_ASSEMBLY1,27556.54303867864,28.713605347478733,2,28.713605347478733,28.713605347478733,92.45414354536479,27,27527.82943333116,27648.997182224004,experiment,FIFO,0.28,0,variant_3
7811,ASSEMBLY_1_4,LINE_4_ASSEMBLY1,27558.179567876898,1.6365291982583585,3,1.6365291982583585,30.35013454573709,90.81761434710643,26,27527.82943333116,27648.997182224004,experiment,FIFO,0.28,0,variant_3
7811,ASSEMBLY_2_1,ASSEMBLY2_LINE_1,27619.99349185481,3.7793306046296493,4,61.813923977912054,92.16405852364915,29.003690369194373,25,27527.82943333116,27648.997182224004,experiment,FIFO,0.28,0,variant_3
7811,SORTING,SORTING_ROBOT_1,27634.436137032688,6.463562669068779,5,14.442645177878148,106.6067037015273,14.561045191316225,21,27527.82943333116,27648.997182224004,experiment,FIFO,0.28,0,variant_3
7811,PACKAGING_2,PACKAGING_LINE_2,27634.482026717866,0.04588968517782632,6,0.04588968517782632,106.65259338670512,14.515155506138399,21,27527.82943333116,27648.997182224004,experiment,FIFO,0.28,0,variant_3
7811,INSPECTION_2_1,INSPECTION_2_1_LINE,27634.567575492143,0.08554877427741303,7,0.08554877427741303,106.73814216098253,14.429606731860986,21,27527.82943333116,27648.997182224004,experiment,FIFO,0.28,0,variant_3
7811,INSPECTION_2_2,INSPECTION_2_2_LINE,27638.614297726366,4.046722234223125,8,4.046722234223125,110.78486439520566,10.38288449763786,22,27527.82943333116,27648.997182224004,experiment,FIFO,0.28,0,variant_3
7811,INSPECTION_2_3,INSPECTION_2_3_LINE,27640.77161788473,2.157320158363291,9,2.157320158363291,112.94218455356895,8.22556433927457,21,27527.82943333116,27648.997182224004,experiment,FIFO,0.28,0,variant_3
7811,INSPECTION_2_4,INSPECTION_2_4_LINE,27641.72135527856,0.9497373938320379,10,0.9497373938320379,113.89192194740099,7.275826945442532,21,27527.82943333116,27648.997182224004,experiment,FIFO,0.28,0,variant_3
7811,INSPECTION_2_5,INSPECTION_2_5_LINE,27641.942631744463,0.2212764659016102,11,0.2212764659016102,114.1131984133026,7.0545504795409215,21,27527.82943333116,27648.997182224004,experiment,FIFO,0.28,0,variant_3
7811,INSPECTION_2_6,INSPECTION_2_6_LINE,27646.35569925389,4.413067509427492,12,4.413067509427492,118.52626592273009,2.6414829701134295,22,27527.82943333116,27648.997182224004,experiment,FIFO,0.28,0,variant_3
7811,INSPECTION_2_7,INSPECTION_2_7_LINE,27648.997182224004,2.6414829701134295,13,2.6414829701134295,121.16774889284352,0.0,22,27527.82943333116,27648.997182224004,experiment,FIFO,0.28,0,variant_3
7812,MOULDING_4,MOULDING_MACHINE_4,27532.194711117856,4.334078459669399,1,0.0,0.0,160.46810433803694,25,27532.194711117856,27692.662815455893,experiment,FIFO,0.28,0,variant_2
7812,ASSEMBLY_1_3,LINE_3_ASSEMBLY1,27570.974819999414,38.78010888155768,2,38.78010888155768,38.78010888155768,121.68799545647926,30,27532.194711117856,27692.662815455893,experiment,FIFO,0.28,0,variant_2
7812,ASSEMBLY_2_1,ASSEMBLY2_LINE_1,27643.1274352256,3.02543564906955,3,72.15261522618675,110.93272410774443,49.5353802302925,21,27532.194711117856,27692.662815455893,experiment,FIFO,0.28,0,variant_2
7812,SORTING,SORTING_ROBOT_1,27655.11062717537,0.9849945784008014,4,11.983191949770116,122.91591605751455,37.55218828052239,20,27532.194711117856,27692.662815455893,experiment,FIFO,0.28,0,variant_2
7812,PACKAGING_1,PACKAGING_LINE_1,27684.156977220708,9.572706502138317,5,29.04635004533702,151.96226610285157,8.505838235185365,25,27532.194711117856,27692.662815455893,experiment,FIFO,0.28,0,variant_2
7812,INSPECTION_1_1,INSPECTION_1_1_LINE,27684.54847899156,0.3915017708532105,6,0.3915017708532105,152.35376787370478,8.114336464332155,24,27532.194711117856,27692.662815455893,experiment,FIFO,0.28,0,variant_2
7812,INSPECTION_1_2,INSPECTION_1_2_LINE,27685.635730291444,1.0872512998830643,7,1.0872512998830643,153.44101917358785,7.02708516444909,25,27532.194711117856,27692.662815455893,experiment,FIFO,0.28,0,variant_2
7812,INSPECTION_1_3,INSPECTION_1_3_LINE,27687.888121407857,2.2523911164134915,8,2.2523911164134915,155.69341029000134,4.774694048035599,25,27532.194711117856,27692.662815455893,experiment,FIFO,0.28,0,variant_2
7812,INSPECTION_1_4,INSPECTION_1_4_LINE,27688.521485319587,0.6333639117292478,9,0.6333639117292478,156.3267742017306,4.141330136306351,24,27532.194711117856,27692.662815455893,experiment,FIFO,0.28,0,variant_2
7812,INSPECTION_1_5,INSPECTION_1_5_LINE,27690.87690104117,2.355415721583995,10,2.355415721583995,158.68218992331458,1.785914414722356,24,27532.194711117856,27692.662815455893,experiment,FIFO,0.28,0,variant_2
7812,INSPECTION_1_6,INSPECTION_1_6_LINE,27691.8061907241,0.9292896829283563,11,0.9292896829283563,159.61147960624294,0.8566247317939997,24,27532.194711117856,27692.662815455893,experiment,FIFO,0.28,0,variant_2
7812,INSPECTION_1_7,INSPECTION_1_7_LINE,27692.662815455893,0.8566247317939997,12,0.8566247317939997,160.46810433803694,0.0,22,27532.194711117856,27692.662815455893,experiment,FIFO,0.28,0,variant_2
7813,MOULDING_2,MOULDING_MACHINE_2,27528.61968673693,0.12697940231737448,1,0.0,0.0,27.963816959443648,24,27528.61968673693,27556.583503696373,experiment,FIFO,0.28,0,variant_4
7813,ASSEMBLY_1_5,LINE_5_ASSEMBLY1,27538.795090087733,10.175403350804118,2,10.175403350804118,10.175403350804118,17.78841360863953,25,27528.61968673693,27556.583503696373,experiment,FIFO,0.28,0,variant_4
7813,ASSEMBLY_2_2,ASSEMBLY2_LINE_2,27539.58828838033,0.7931982925983903,3,0.7931982925983903,10.968601643402508,16.99521531604114,25,27528.61968673693,27556.583503696373,experiment,FIFO,0.28,0,variant_4
7813,SORTING,SORTING_ROBOT_1,27541.37000217432,1.7817137939891836,4,1.7817137939891836,12.750315437391691,15.213501522051956,24,27528.61968673693,27556.583503696373,experiment,FIFO,0.28,0,variant_4
7813,PACKAGING_1,PACKAGING_LINE_1,27544.19392071193,2.823918537607824,5,2.823918537607824,15.574233974999515,12.389582984444132,25,27528.61968673693,27556.583503696373,experiment,FIFO,0.28,0,variant_4
7813,INSPECTION_1_1,INSPECTION_1_1_LINE,27547.595994379102,3.4020736671736813,6,3.4020736671736813,18.976307642173197,8.987509317270451,25,27528.61968673693,27556.583503696373,experiment,FIFO,0.28,0,variant_4
7813,INSPECTION_1_2,INSPECTION_1_2_LINE,27548.066855050416,0.4708606713138579,7,0.4708606713138579,19.447168313487055,8.516648645956593,25,27528.61968673693,27556.583503696373,experiment,FIFO,0.28,0,variant_4
7813,INSPECTION_1_3,INSPECTION_1_3_LINE,27548.25741658747,0.1905615370524174,8,0.1905615370524174,19.637729850539472,8.326087108904176,25,27528.61968673693,27556.583503696373,experiment,FIFO,0.28,0,variant_4
7813,INSPECTION_1_4,INSPECTION_1_4_LINE,27552.038292222587,3.7808756351187185,9,3.7808756351187185,23.41860548565819,4.545211473785457,24,27528.61968673693,27556.583503696373,experiment,FIFO,0.28,0,variant_4
7813,INSPECTION_1_5,INSPECTION_1_5_LINE,27553.77689334372,1.7386011211310688,10,1.7386011211310688,25.15720660678926,2.8066103526543884,26,27528.61968673693,27556.583503696373,experiment,FIFO,0.28,0,variant_4
7813,INSPECTION_1_6,INSPECTION_1_6_LINE,27556.22379206273,2.446898719012097,11,2.446898719012097,27.604105325801356,0.3597116336422914,26,27528.61968673693,27556.583503696373,experiment,FIFO,0.28,0,variant_4
7813,INSPECTION_1_7,INSPECTION_1_7_LINE,27556.583503696373,0.3597116336422914,12,0.3597116336422914,27.963816959443648,0.0,26,27528.61968673693,27556.583503696373,experiment,FIFO,0.28,0,variant_4
7814,MOULDING_3,MOULDING_MACHINE_3,27543.34516403076,13.556559702145023,1,0.0,0.0,131.38147022674457,24,27543.34516403076,27674.726634257506,experiment,FIFO,0.28,0,variant_2
7814,ASSEMBLY_1_2,LINE_2_ASSEMBLY1,27565.90012311795,11.6331515183374,2,22.554959087188763,22.554959087188763,108.8265111395558,28,27543.34516403076,27674.726634257506,experiment,FIFO,0.28,0,variant_2
7814,ASSEMBLY_2_1,ASSEMBLY2_LINE_1,27633.930219070968,4.0940656497223245,3,68.03009595301774,90.5850550402065,40.79641518653807,21,27543.34516403076,27674.726634257506,experiment,FIFO,0.28,0,variant_2
7814,SORTING,SORTING_ROBOT_1,27644.88490534372,3.34006581579888,4,10.954686272751132,101.53974131295763,29.841728913786937,22,27543.34516403076,27674.726634257506,experiment,FIFO,0.28,0,variant_2
7814,PACKAGING_1,PACKAGING_LINE_1,27662.75416355548,12.798461851962202,5,17.869258211761917,119.40899952471955,11.97247070202502,20,27543.34516403076,27674.726634257506,experiment,FIFO,0.28,0,variant_2
7814,INSPECTION_1_1,INSPECTION_1_1_LINE,27666.96683947941,2.9974704258893325,6,4.212675923929055,123.6216754486486,7.759794778095966,21,27543.34516403076,27674.726634257506,experiment,FIFO,0.28,0,variant_2
7814,INSPECTION_1_2,INSPECTION_1_2_LINE,27668.286839576907,1.320000097497541,7,1.320000097497541,124.94167554614614,6.439794680598425,22,27543.34516403076,27674.726634257506,experiment,FIFO,0.28,0,variant_2
7814,INSPECTION_1_3,INSPECTION_1_3_LINE,27668.51587963857,0.22904006166209,8,0.22904006166209,125.17071560780823,6.210754618936335,21,27543.34516403076,27674.726634257506,experiment,FIFO,0.28,0,variant_2
7814,INSPECTION_1_4,INSPECTION_1_4_LINE,27669.05588110437,0.5400014658007422,9,0.5400014658007422,125.71071707360898,5.670753153135593,21,27543.34516403076,27674.726634257506,experiment,FIFO,0.28,0,variant_2
7814,INSPECTION_1_5,INSPECTION_1_5_LINE,27669.878887534152,0.8230064297822537,10,0.8230064297822537,126.53372350339123,4.847746723353339,23,27543.34516403076,27674.726634257506,experiment,FIFO,0.28,0,variant_2
7814,INSPECTION_1_6,INSPECTION_1_6_LINE,27670.924820397773,1.045932863620692,11,1.045932863620692,127.57965636701192,3.801813859732647,25,27543.34516403076,27674.726634257506,experiment,FIFO,0.28,0,variant_2
7814,INSPECTION_1_7,INSPECTION_1_7_LINE,27674.726634257506,3.801813859732647,12,3.801813859732647,131.38147022674457,0.0,27,27543.34516403076,27674.726634257506,experiment,FIFO,0.28,0,variant_2
7815,MOULDING_5,MOULDING_MACHINE_5,27536.95563422856,6.013457657947583,1,0.0,0.0,121.0739854732492,25,27536.95563422856,27658.02961970181,experiment,FIFO,0.28,0,variant_3
7815,ASSEMBLY_1_1,LINE_1_ASSEMBLY1,27563.11307755229,3.2084178898840037,2,26.15744332372924,26.15744332372924,94.91654214951996,28,27536.95563422856,27658.02961970181,experiment,FIFO,0.28,0,variant_3
7815,ASSEMBLY_2_1,ASSEMBLY2_LINE_1,27629.836153421245,9.842661566435709,3,66.72307586895477,92.880519192684,28.19346628056519,22,27536.95563422856,27658.02961970181,experiment,FIFO,0.28,0,variant_3
7815,SORTING,SORTING_ROBOT_1,27641.54483952792,1.5432118268945487,4,11.708686106674577,104.58920529935858,16.484780173890613,21,27536.95563422856,27658.02961970181,experiment,FIFO,0.28,0,variant_3
7815,PACKAGING_1,PACKAGING_LINE_1,27649.95570170352,8.410862175598595,5,8.410862175598595,113.00006747495718,8.073917998292018,22,27536.95563422856,27658.02961970181,experiment,FIFO,0.28,0,variant_3
7815,INSPECTION_2_1,INSPECTION_2_1_LINE,27652.63416877593,2.678467072411877,6,2.678467072411877,115.67853454736905,5.395450925880141,21,27536.95563422856,27658.02961970181,experiment,FIFO,0.28,0,variant_3
7815,INSPECTION_2_2,INSPECTION_2_2_LINE,27653.59620972361,0.9620409476810892,7,0.9620409476810892,116.64057549505014,4.433409978199052,21,27536.95563422856,27658.02961970181,experiment,FIFO,0.28,0,variant_3
7815,INSPECTION_2_3,INSPECTION_2_3_LINE,27654.782616759712,1.186407036100718,8,1.186407036100718,117.82698253115086,3.2470029420983337,20,27536.95563422856,27658.02961970181,experiment,FIFO,0.28,0,variant_3
7815,INSPECTION_2_4,INSPECTION_2_4_LINE,27655.93906139189,1.1564446321790456,9,1.1564446321790456,118.9834271633299,2.090558309919288,20,27536.95563422856,27658.02961970181,experiment,FIFO,0.28,0,variant_3
7815,INSPECTION_2_5,INSPECTION_2_5_LINE,27656.28217431865,0.34311292675920413,10,0.34311292675920413,119.32654009008911,1.747445383160084,20,27536.95563422856,27658.02961970181,experiment,FIFO,0.28,0,variant_3
7815,INSPECTION_2_6,INSPECTION_2_6_LINE,27657.41835182934,1.1361775106888672,11,1.1361775106888672,120.46271760077798,0.6112678724712168,20,27536.95563422856,27658.02961970181,experiment,FIFO,0.28,0,variant_3
7815,INSPECTION_2_7,INSPECTION_2_7_LINE,27658.02961970181,0.6112678724712168,12,0.6112678724712168,121.0739854732492,0.0,19,27536.95563422856,27658.02961970181,experiment,FIFO,0.28,0,variant_3
7816,MOULDING_1,MOULDING_MACHINE_1,27538.74470725048,2.8440100161606097,1,0.0,0.0,31.529216802453448,25,27538.74470725048,27570.273924052934,experiment,FIFO,0.28,0,variant_1
7816,ASSEMBLY_1_5,LINE_5_ASSEMBLY1,27541.59402180457,2.7989317168357957,2,2.849314554088778,2.849314554088778,28.67990224836467,24,27538.74470725048,27570.273924052934,experiment,FIFO,0.28,0,variant_1
7816,ASSEMBLY_2_2,ASSEMBLY2_LINE_2,27553.57683144649,11.982809641922358,3,11.982809641922358,14.832124196011137,16.69709260644231,25,27538.74470725048,27570.273924052934,experiment,FIFO,0.28,0,variant_1
7816,SORTING,SORTING_ROBOT_1,27556.536437248706,0.11185368246515281,4,2.959605802214355,17.79172999822549,13.737486804227956,27,27538.74470725048,27570.273924052934,experiment,FIFO,0.28,0,variant_1
7816,PACKAGING_2,PACKAGING_LINE_2,27563.17307806808,1.1549779629604018,5,6.636640819375316,24.428370817600808,7.10084598485264,28,27538.74470725048,27570.273924052934,experiment,FIFO,0.28,0,variant_1
7816,INSPECTION_1_1,INSPECTION_1_1_LINE,27563.20473355456,0.03165548648030381,6,0.03165548648030381,24.46002630408111,7.069190498372336,28,27538.74470725048,27570.273924052934,experiment,FIFO,0.28,0,variant_1
7816,INSPECTION_1_2,INSPECTION_1_2_LINE,27563.58917248756,0.38443893299699994,7,0.38443893299699994,24.84446523707811,6.684751565375336,28,27538.74470725048,27570.273924052934,experiment,FIFO,0.28,0,variant_1
7816,INSPECTION_1_3,INSPECTION_1_3_LINE,27564.30972394751,0.720551459951821,8,0.720551459951821,25.565016697029932,5.964200105423515,28,27538.74470725048,27570.273924052934,experiment,FIFO,0.28,0,variant_1
7816,INSPECTION_1_4,INSPECTION_1_4_LINE,27564.373238317137,0.063514369627228,9,0.063514369627228,25.62853106665716,5.900685735796287,28,27538.74470725048,27570.273924052934,experiment,FIFO,0.28,0,variant_1
7816,INSPECTION_1_5,INSPECTION_1_5_LINE,27564.66170006413,0.288461746993562,10,0.288461746993562,25.916992813650722,5.612223988802725,28,27538.74470725048,27570.273924052934,experiment,FIFO,0.28,0,variant_1
7816,INSPECTION_1_6,INSPECTION_1_6_LINE,27568.09839515872,3.436695094587776,11,3.436695094587776,29.3536879082385,2.175528894214949,29,27538.74470725048,27570.273924052934,experiment,FIFO,0.28,0,variant_1
7816,INSPECTION_1_7,INSPECTION_1_7_LINE,27570.273924052934,2.175528894214949,12,2.175528894214949,31.529216802453448,0.0,29,27538.74470725048,27570.273924052934,experiment,FIFO,0.28,0,variant_1
7817,MOULDING_3,MOULDING_MACHINE_3,27553.71448465565,10.369320624889951,1,0.0,0.0,130.55314343252758,26,27553.71448465565,27684.26762808818,experiment,FIFO,0.28,0,variant_6
7817,ASSEMBLY_1_1,LINE_1_ASSEMBLY1,27577.10480866288,13.991731110589171,2,23.390324007228628,23.390324007228628,107.16281942529895,28,27553.71448465565,27684.26762808818,experiment,FIFO,0.28,0,variant_6
7817,ASSEMBLY_2_1,ASSEMBLY2_LINE_1,27659.99185249565,16.864417270047852,3,82.88704383276854,106.27736783999717,24.275775592530408,20,27553.71448465565,27684.26762808818,experiment,FIFO,0.28,0,variant_6
7817,SORTING,SORTING_ROBOT_1,27661.515995289912,1.5241427942637529,4,1.5241427942637529,107.80151063426092,22.751632798266655,20,27553.71448465565,27684.26762808818,experiment,FIFO,0.28,0,variant_6
7817,PACKAGING_3,PACKAGING_LINE_3,27670.63867589089,9.12268060097631,5,9.12268060097631,116.92419123523723,13.628952197290346,23,27553.71448465565,27684.26762808818,experiment,FIFO,0.28,0,variant_6
7817,INSPECTION_1_1,INSPECTION_1_1_LINE,27672.644586771745,2.0059108808563906,6,2.0059108808563906,118.93010211609362,11.623041316433955,27,27553.71448465565,27684.26762808818,experiment,FIFO,0.28,0,variant_6
7817,INSPECTION_1_2,INSPECTION_1_2_LINE,27673.562532608288,0.9179458365433675,7,0.9179458365433675,119.84804795263699,10.705095479890588,27,27553.71448465565,27684.26762808818,experiment,FIFO,0.28,0,variant_6
7817,INSPECTION_1_3,INSPECTION_1_3_LINE,27674.16845343296,0.605920824673376,8,0.605920824673376,120.45396877731037,10.099174655217212,28,27553.71448465565,27684.26762808818,experiment,FIFO,0.28,0,variant_6
7817,INSPECTION_1_4,INSPECTION_1_4_LINE,27677.26397374926,3.095520316299371,9,3.095520316299371,123.54948909360974,7.0036543389178405,26,27553.71448465565,27684.26762808818,experiment,FIFO,0.28,0,variant_6
7817,INSPECTION_1_5,INSPECTION_1_5_LINE,27679.98406610991,2.7200923606505967,10,2.7200923606505967,126.26958145426033,4.283561978267244,25,27553.71448465565,27684.26762808818,experiment,FIFO,0.28,0,variant_6
7817,INSPECTION_1_6,INSPECTION_1_6_LINE,27682.03268084465,2.048614734740113,11,2.048614734740113,128.31819618900045,2.234947243527131,25,27553.71448465565,27684.26762808818,experiment,FIFO,0.28,0,variant_6
7817,INSPECTION_1_7,INSPECTION_1_7_LINE,27684.26762808818,2.234947243527131,12,2.234947243527131,130.55314343252758,0.0,24,27553.71448465565,27684.26762808818,experiment,FIFO,0.28,0,variant_6
7818,MOULDING_2,MOULDING_MACHINE_2,27552.94482974298,12.435874550821609,1,0.0,0.0,135.30310272714996,25,27552.94482974298,27688.24793247013,experiment,FIFO,0.28,0,variant_2
7818,ASSEMBLY_1_2,LINE_2_ASSEMBLY1,27568.955232308686,3.0551091907364025,2,16.01040256570559,16.01040256570559,119.29270016144437,30,27552.94482974298,27688.24793247013,experiment,FIFO,0.28,0,variant_2
7818,ASSEMBLY_2_1,ASSEMBLY2_LINE_1,27639.85025134532,5.920032274352707,3,70.89501903663404,86.90542160233963,48.39768112481033,21,27552.94482974298,27688.24793247013,experiment,FIFO,0.28,0,variant_2
7818,SORTING,SORTING_ROBOT_1,27652.5373928595,5.030027347962459,4,12.68714151417953,99.59256311651916,35.7105396106308,21,27552.94482974298,27688.24793247013,experiment,FIFO,0.28,0,variant_2
7818,PACKAGING_1,PACKAGING_LINE_1,27674.58427071857,4.015335771338869,5,22.046877859069355,121.63944097558851,13.663661751561449,28,27552.94482974298,27688.24793247013,experiment,FIFO,0.28,0,variant_2
7818,INSPECTION_2_1,INSPECTION_2_1_LINE,27675.1995712954,0.6153005768319417,6,0.6153005768319417,122.25474155242046,13.048361174729507,27,27552.94482974298,27688.24793247013,experiment,FIFO,0.28,0,variant_2
7818,INSPECTION_2_2,INSPECTION_2_2_LINE,27676.011668926203,0.8120976308018726,7,0.8120976308018726,123.06683918322233,12.236263543927635,27,27552.94482974298,27688.24793247013,experiment,FIFO,0.28,0,variant_2
7818,INSPECTION_2_3,INSPECTION_2_3_LINE,27677.311169030687,1.2995001044837409,8,1.2995001044837409,124.36633928770607,10.936763439443894,26,27552.94482974298,27688.24793247013,experiment,FIFO,0.28,0,variant_2
7818,INSPECTION_2_4,INSPECTION_2_4_LINE,27677.74485233642,0.43368330573139247,9,0.43368330573139247,124.80002259343746,10.503080133712501,26,27552.94482974298,27688.24793247013,experiment,FIFO,0.28,0,variant_2
7818,INSPECTION_2_4,INSPECTION_2_4_LINE,27682.90629446651,5.161442130091018,10,5.161442130091018,129.96146472352848,5.341638003621483,25,27552.94482974298,27688.24793247013,experiment,FIFO,0.28,0,variant_2
7818,INSPECTION_2_5,INSPECTION_2_5_LINE,27684.26694425888,1.3606497923719871,11,1.3606497923719871,131.32211451590047,3.980988211249496,25,27552.94482974298,27688.24793247013,experiment,FIFO,0.28,0,variant_2
7818,INSPECTION_2_6,INSPECTION_2_6_LINE,27684.7177094948,0.45076523591706064,12,0.45076523591706064,131.77287975181753,3.5302229753324355,24,27552.94482974298,27688.24793247013,experiment,FIFO,0.28,0,variant_2
7818,INSPECTION_2_7,INSPECTION_2_7_LINE,27688.24793247013,3.5302229753324355,13,3.5302229753324355,135.30310272714996,0.0,24,27552.94482974298,27688.24793247013,experiment,FIFO,0.28,0,variant_2
7819,MOULDING_2,MOULDING_MACHINE_2,27559.51057654722,6.565746804240916,1,0.0,0.0,63.50344802079417,27,27559.51057654722,27623.014024568016,experiment,FIFO,0.28,0,variant_6
7819,ASSEMBLY_1_1,LINE_1_ASSEMBLY1,27585.913301115324,8.808492452444625,2,26.402724568102713,26.402724568102713,37.100723452691454,26,27559.51057654722,27623.014024568016,experiment,FIFO,0.28,0,variant_6
7819,ASSEMBLY_2_2,ASSEMBLY2_LINE_2,27599.07190837433,0.9077586851017259,3,13.158607259007113,39.561331827109825,23.942116193684342,24,27559.51057654722,27623.014024568016,experiment,FIFO,0.28,0,variant_6
7819,SORTING,SORTING_ROBOT_1,27607.986105844026,0.2608629719943565,4,8.914197469694045,48.47552929680387,15.027918723990297,24,27559.51057654722,27623.014024568016,experiment,FIFO,0.28,0,variant_6
7819,PACKAGING_1,PACKAGING_LINE_1,27610.29562858514,2.3095227411140513,5,2.3095227411140513,50.78505203791792,12.718395982876245,24,27559.51057654722,27623.014024568016,experiment,FIFO,0.28,0,variant_6
7819,INSPECTION_2_1,INSPECTION_2_1_LINE,27613.094557047112,2.7989284619725368,6,2.7989284619725368,53.58398049989046,9.919467520903709,25,27559.51057654722,27623.014024568016,experiment,FIFO,0.28,0,variant_6
7819,INSPECTION_2_2,INSPECTION_2_2_LINE,27613.23676691392,0.1422098668081162,7,0.1422098668081162,53.726190366698575,9.777257654095592,25,27559.51057654722,27623.014024568016,experiment,FIFO,0.28,0,variant_6
7819,INSPECTION_2_3,INSPECTION_2_3_LINE,27615.98735149377,2.75058457985142,8,2.75058457985142,56.476774946549995,7.026673074244172,25,27559.51057654722,27623.014024568016,experiment,FIFO,0.28,0,variant_6
7819,INSPECTION_2_4,INSPECTION_2_4_LINE,27617.34188618869,1.3545346949176746,9,1.3545346949176746,57.83130964146767,5.672138379326498,25,27559.51057654722,27623.014024568016,experiment,FIFO,0.28,0,variant_6
7819,INSPECTION_2_5,INSPECTION_2_5_LINE,27622.35960401333,5.017717824641295,10,5.017717824641295,62.849027466108964,0.6544205546852027,25,27559.51057654722,27623.014024568016,experiment,FIFO,0.28,0,variant_6
7819,INSPECTION_2_6,INSPECTION_2_6_LINE,27622.96080274752,0.601198734188074,11,0.601198734188074,63.45022620029704,0.05322182049712865,25,27559.51057654722,27623.014024568016,experiment,FIFO,0.28,0,variant_6
7819,INSPECTION_2_7,INSPECTION_2_7_LINE,27623.014024568016,0.05322182049712865,12,0.05322182049712865,63.50344802079417,0.0,24,27559.51057654722,27623.014024568016,experiment,FIFO,0.28,0,variant_6
7820,MOULDING_4,MOULDING_MACHINE_4,27543.7787198073,0.19624392087280285,1,0.0,0.0,75.85800228618973,25,27543.7787198073,27619.636722093488,experiment,FIFO,0.28,0,variant_1
7820,ASSEMBLY_1_3,LINE_3_ASSEMBLY1,27584.88409922909,5.263243268193037,2,41.10537942179144,41.10537942179144,34.75262286439829,26,27543.7787198073,27619.636722093488,experiment,FIFO,0.28,0,variant_1
7820,ASSEMBLY_2_2,ASSEMBLY2_LINE_2,27598.16414968923,3.1587543877976714,3,13.280050460140046,54.385429881931486,21.472572404258244,24,27543.7787198073,27619.636722093488,experiment,FIFO,0.28,0,variant_1
7820,SORTING,SORTING_ROBOT_1,27607.72524287203,9.561093182801415,4,9.561093182801415,63.9465230647329,11.91147922145683,23,27543.7787198073,27619.636722093488,experiment,FIFO,0.28,0,variant_1
7820,PACKAGING_3,PACKAGING_LINE_3,27609.861879932138,2.1366370601062954,5,2.1366370601062954,66.0831601248392,9.774842161350534,24,27543.7787198073,27619.636722093488,experiment,FIFO,0.28,0,variant_1
7820,INSPECTION_1_1,INSPECTION_1_1_LINE,27611.609421233406,1.7475413012689387,6,1.7475413012689387,67.83070142610813,8.027300860081596,25,27543.7787198073,27619.636722093488,experiment,FIFO,0.28,0,variant_1
7820,INSPECTION_1_2,INSPECTION_1_2_LINE,27611.77310342236,0.16368218895513564,7,0.16368218895513564,67.99438361506327,7.86361867112646,25,27543.7787198073,27619.636722093488,experiment,FIFO,0.28,0,variant_1
7820,INSPECTION_1_3,INSPECTION_1_3_LINE,27615.15911326255,3.3860098401892174,8,3.3860098401892174,71.38039345525249,4.477608830937243,24,27543.7787198073,27619.636722093488,experiment,FIFO,0.28,0,variant_1
7820,INSPECTION_1_4,INSPECTION_1_4_LINE,27616.240295827407,1.0811825648561353,9,1.0811825648561353,72.46157602010862,3.3964262660811073,25,27543.7787198073,27619.636722093488,experiment,FIFO,0.28,0,variant_1
7820,INSPECTION_1_5,INSPECTION_1_5_LINE,27618.1836851968,1.9433893693931168,10,1.9433893693931168,74.40496538950174,1.4530368966879905,25,27543.7787198073,27619.636722093488,experiment,FIFO,0.28,0,variant_1
7820,INSPECTION_1_6,INSPECTION_1_6_LINE,27619.145724682905,0.9620394861049135,11,0.9620394861049135,75.36700487560665,0.490997410583077,25,27543.7787198073,27619.636722093488,experiment,FIFO,0.28,0,variant_1
7820,INSPECTION_1_7,INSPECTION_1_7_LINE,27619.636722093488,0.490997410583077,12,0.490997410583077,75.85800228618973,0.0,24,27543.7787198073,27619.636722093488,experiment,FIFO,0.28,0,variant_1
7821,MOULDING_5,MOULDING_MACHINE_5,27567.789533726947,19.108080007179524,1,0.0,0.0,124.80200911627617,29,27567.789533726947,27692.591542843224,experiment,FIFO,0.28,0,variant_4
7821,ASSEMBLY_1_3,LINE_3_ASSEMBLY1,27597.705592739403,3.209813907265925,2,29.916059012455662,29.916059012455662,94.8859501038205,24,27567.789533726947,27692.591542843224,experiment,FIFO,0.28,0,variant_4
7821,ASSEMBLY_2_1,ASSEMBLY2_LINE_1,27664.487659175884,3.8941719748727337,3,66.78206643648082,96.69812544893648,28.103883667339687,20,27567.789533726947,27692.591542843224,experiment,FIFO,0.28,0,variant_4
7821,SORTING,SORTING_ROBOT_1,27678.82956093737,9.143222573129606,4,14.341901761486952,111.04002721042343,13.761981905852736,25,27567.789533726947,27692.591542843224,experiment,FIFO,0.28,0,variant_4
7821,PACKAGING_3,PACKAGING_LINE_3,27681.218258351902,2.3886974145316344,5,2.3886974145316344,113.42872462495507,11.373284491321101,25,27567.789533726947,27692.591542843224,experiment,FIFO,0.28,0,variant_4
7821,INSPECTION_2_1,INSPECTION_2_1_LINE,27682.303448486145,1.085190134243021,6,1.085190134243021,114.51391475919809,10.28809435707808,25,27567.789533726947,27692.591542843224,experiment,FIFO,0.28,0,variant_4
7821,INSPECTION_2_2,INSPECTION_2_2_LINE,27682.8875853594,0.5841368732544652,7,0.5841368732544652,115.09805163245255,9.703957483823615,25,27567.789533726947,27692.591542843224,experiment,FIFO,0.28,0,variant_4
7821,INSPECTION_2_3,INSPECTION_2_3_LINE,27683.67327929472,0.7856939353187045,8,0.7856939353187045,115.88374556777126,8.91826354850491,25,27567.789533726947,27692.591542843224,experiment,FIFO,0.28,0,variant_4
7821,INSPECTION_2_4,INSPECTION_2_4_LINE,27684.459620555022,0.7863412603037432,9,0.7863412603037432,116.670086828075,8.131922288201167,24,27567.789533726947,27692.591542843224,experiment,FIFO,0.28,0,variant_4
7821,INSPECTION_2_5,INSPECTION_2_5_LINE,27684.66025431688,0.2006337618586258,10,0.2006337618586258,116.87072058993363,7.9312885263425414,24,27567.789533726947,27692.591542843224,experiment,FIFO,0.28,0,variant_4
7821,INSPECTION_2_6,INSPECTION_2_6_LINE,27686.68538582988,1.9676763350798865,11,2.025131512997177,118.8958521029308,5.906157013345364,25,27567.789533726947,27692.591542843224,experiment,FIFO,0.28,0,variant_4
7821,INSPECTION_2_7,INSPECTION_2_7_LINE,27692.591542843224,4.343610373092815,12,5.906157013345364,124.80200911627617,0.0,23,27567.789533726947,27692.591542843224,experiment,FIFO,0.28,0,variant_4
7822,MOULDING_5,MOULDING_MACHINE_5,27568.447546544216,0.6580128172681725,1,0.0,0.0,109.48231980764467,30,27568.447546544216,27677.92986635186,experiment,FIFO,0.28,0,variant_2
7822,ASSEMBLY_1_5,LINE_5_ASSEMBLY1,27588.254969326747,13.13226542956545,2,19.80742278253092,19.80742278253092,89.67489702511375,26,27568.447546544216,27677.92986635186,experiment,FIFO,0.28,0,variant_2
7822,ASSEMBLY_2_1,ASSEMBLY2_LINE_1,27660.08013631011,0.08828381446073763,3,71.82516698336258,91.6325897658935,17.849730041751172,20,27568.447546544216,27677.92986635186,experiment,FIFO,0.28,0,variant_2
7822,SORTING,SORTING_ROBOT_1,27668.1072657328,6.591270442888344,4,8.02712942269136,99.65971918858486,9.822600619059813,22,27568.447546544216,27677.92986635186,experiment,FIFO,0.28,0,variant_2
7822,PACKAGING_3,PACKAGING_LINE_3,27671.34439852873,0.7057226378419728,5,3.237132795929938,102.8968519845148,6.585467823129875,26,27568.447546544216,27677.92986635186,experiment,FIFO,0.28,0,variant_2
7822,INSPECTION_2_1,INSPECTION_2_1_LINE,27672.784694318467,1.4402957897364104,6,1.4402957897364104,104.3371477742512,5.1451720333934645,27,27568.447546544216,27677.92986635186,experiment,FIFO,0.28,0,variant_2
7822,INSPECTION_2_2,INSPECTION_2_2_LINE,27673.49350094343,0.7088066249634721,7,0.7088066249634721,105.04595439921468,4.436365408429992,27,27568.447546544216,27677.92986635186,experiment,FIFO,0.28,0,variant_2
7822,INSPECTION_2_3,INSPECTION_2_3_LINE,27674.91001569556,1.4165147521307517,8,1.4165147521307517,106.46246915134543,3.0198506562992407,27,27568.447546544216,27677.92986635186,experiment,FIFO,0.28,0,variant_2
7822,INSPECTION_2_4,INSPECTION_2_4_LINE,27676.85491919197,1.944903496409097,9,1.944903496409097,108.40737264775453,1.0749471598901437,26,27568.447546544216,27677.92986635186,experiment,FIFO,0.28,0,variant_2
7822,INSPECTION_2_5,INSPECTION_2_5_LINE,27677.56281158273,0.707892390761117,10,0.707892390761117,109.11526503851564,0.3670547691290267,26,27568.447546544216,27677.92986635186,experiment,FIFO,0.28,0,variant_2
7822,INSPECTION_2_6,INSPECTION_2_6_LINE,27677.748656187432,0.18584460470083286,11,0.18584460470083286,109.30110964321648,0.18121016442819382,26,27568.447546544216,27677.92986635186,experiment,FIFO,0.28,0,variant_2
7822,INSPECTION_2_7,INSPECTION_2_7_LINE,27677.92986635186,0.18121016442819382,12,0.18121016442819382,109.48231980764467,0.0,25,27568.447546544216,27677.92986635186,experiment,FIFO,0.28,0,variant_2
7823,MOULDING_3,MOULDING_MACHINE_3,27556.35146148109,2.6369768254371593,1,0.0,0.0,57.61416297017422,27,27556.35146148109,27613.965624451263,experiment,FIFO,0.28,0,variant_2
7823,MOULDING_3,MOULDING_MACHINE_3,27556.714265800536,0.36280431944760494,2,0.36280431944760494,0.36280431944760494,57.251358650726615,26,27556.35146148109,27613.965624451263,experiment,FIFO,0.28,0,variant_2
7823,ASSEMBLY_1_3,LINE_3_ASSEMBLY1,27587.90538822957,3.021289000480465,3,31.191122429034294,31.5539267484819,26.06023622169232,26,27556.35146148109,27613.965624451263,experiment,FIFO,0.28,0,variant_2
7823,ASSEMBLY_2_2,ASSEMBLY2_LINE_2,27600.49839311321,1.426484738876752,4,12.59300488363806,44.14693163211996,13.467231338054262,24,27556.35146148109,27613.965624451263,experiment,FIFO,0.28,0,variant_2
7823,SORTING,SORTING_ROBOT_1,27608.2853084096,0.29920256557306857,5,7.786915296390362,51.93384692851032,5.6803160416639,24,27556.35146148109,27613.965624451263,experiment,FIFO,0.28,0,variant_2
7823,PACKAGING_2,PACKAGING_LINE_2,27608.976766593445,0.6914581838464073,6,0.6914581838464073,52.62530511235673,4.988857857817493,24,27556.35146148109,27613.965624451263,experiment,FIFO,0.28,0,variant_2
7823,INSPECTION_1_1,INSPECTION_1_1_LINE,27609.042849082965,0.06608248952034046,7,0.06608248952034046,52.69138760187707,4.9227753682971525,24,27556.35146148109,27613.965624451263,experiment,FIFO,0.28,0,variant_2
7823,INSPECTION_1_2,INSPECTION_1_2_LINE,27610.220929050745,1.1780799677799223,8,1.1780799677799223,53.86946756965699,3.74469540051723,24,27556.35146148109,27613.965624451263,experiment,FIFO,0.28,0,variant_2
7823,INSPECTION_1_3,INSPECTION_1_3_LINE,27610.35448095402,0.1335519032763841,9,0.1335519032763841,54.003019472933374,3.611143497240846,24,27556.35146148109,27613.965624451263,experiment,FIFO,0.28,0,variant_2
7823,INSPECTION_1_4,INSPECTION_1_4_LINE,27612.79110552853,2.436624574507732,10,2.436624574507732,56.43964404744111,1.1745189227331139,25,27556.35146148109,27613.965624451263,experiment,FIFO,0.28,0,variant_2
7823,INSPECTION_1_5,INSPECTION_1_5_LINE,27613.187067843464,0.3959623149348772,11,0.3959623149348772,56.835606362375984,0.7785566077982367,25,27556.35146148109,27613.965624451263,experiment,FIFO,0.28,0,variant_2
7823,INSPECTION_1_6,INSPECTION_1_6_LINE,27613.210023722822,0.02295587935805088,12,0.02295587935805088,56.858562241734035,0.7556007284401858,25,27556.35146148109,27613.965624451263,experiment,FIFO,0.28,0,variant_2
7823,INSPECTION_1_7,INSPECTION_1_7_LINE,27613.965624451263,0.4967746811125835,13,0.7556007284401858,57.61416297017422,0.0,24,27556.35146148109,27613.965624451263,experiment,FIFO,0.28,0,variant_2
7824,MOULDING_1,MOULDING_MACHINE_1,27555.74658858583,2.7878189289294824,1,0.0,0.0,45.77532770675316,27,27555.74658858583,27601.521916292582,experiment,FIFO,0.28,0,variant_6
7824,ASSEMBLY_1_5,LINE_5_ASSEMBLY1,27575.12270389718,19.376115311351896,2,19.376115311351896,19.376115311351896,26.399212395401264,28,27555.74658858583,27601.521916292582,experiment,FIFO,0.28,0,variant_6
7824,ASSEMBLY_2_2,ASSEMBLY2_LINE_2,27588.12690418676,5.769825377930829,3,13.004200289578876,32.38031560093077,13.395012105822389,26,27555.74658858583,27601.521916292582,experiment,FIFO,0.28,0,variant_6
7824,SORTING,SORTING_ROBOT_1,27589.33979276061,1.212888573849341,4,1.212888573849341,33.59320417478011,12.182123531973048,26,27555.74658858583,27601.521916292582,experiment,FIFO,0.28,0,variant_6
7824,PACKAGING_3,PACKAGING_LINE_3,27591.878913402325,2.5391206417152716,5,2.5391206417152716,36.132324816495384,9.643002890257776,25,27555.74658858583,27601.521916292582,experiment,FIFO,0.28,0,variant_6
7824,INSPECTION_1_1,INSPECTION_1_1_LINE,27592.68859991111,0.8096865087863989,6,0.8096865087863989,36.94201132528178,8.833316381471377,25,27555.74658858583,27601.521916292582,experiment,FIFO,0.28,0,variant_6
7824,INSPECTION_1_2,INSPECTION_1_2_LINE,27594.833357523727,2.144757612615649,7,2.144757612615649,39.08676893789743,6.688558768855728,25,27555.74658858583,27601.521916292582,experiment,FIFO,0.28,0,variant_6
7824,INSPECTION_1_3,INSPECTION_1_3_LINE,27596.209563486485,1.3762059627588314,8,1.3762059627588314,40.46297490065626,5.3123528060968965,24,27555.74658858583,27601.521916292582,experiment,FIFO,0.28,0,variant_6
7824,INSPECTION_1_4,INSPECTION_1_4_LINE,27597.1209266616,0.9113631751133653,9,0.9113631751133653,41.37433807576963,4.400989630983531,24,27555.74658858583,27601.521916292582,experiment,FIFO,0.28,0,variant_6
7824,INSPECTION_1_5,INSPECTION_1_5_LINE,27600.12853792536,3.007611263761646,10,3.007611263761646,44.381949339531275,1.3933783672218851,24,27555.74658858583,27601.521916292582,experiment,FIFO,0.28,0,variant_6
7824,INSPECTION_1_6,INSPECTION_1_6_LINE,27600.8118241972,0.6832862718401884,11,0.6832862718401884,45.06523561137146,0.7100920953816967,24,27555.74658858583,27601.521916292582,experiment,FIFO,0.28,0,variant_6
7824,INSPECTION_1_7,INSPECTION_1_7_LINE,27601.521916292582,0.7100920953816967,12,0.7100920953816967,45.77532770675316,0.0,23,27555.74658858583,27601.521916292582,experiment,FIFO,0.28,0,variant_6
7825,MOULDING_4,MOULDING_MACHINE_4,27559.598975662528,4.119006925076974,1,0.0,0.0,108.74448060329814,28,27559.598975662528,27668.343456265826,experiment,FIFO,0.28,0,variant_4
7825,ASSEMBLY_1_2,LINE_2_ASSEMBLY1,27569.928271362634,0.973039053948014,2,10.32929570010674,10.32929570010674,98.4151849031914,30,27559.598975662528,27668.343456265826,experiment,FIFO,0.28,0,variant_4
7825,ASSEMBLY_2_1,ASSEMBLY2_LINE_1,27640.10199957653,0.25174823121051304,3,70.17372821389654,80.50302391400328,28.241456689294864,21,27559.598975662528,27668.343456265826,experiment,FIFO,0.28,0,variant_4
7825,SORTING,SORTING_ROBOT_1,27654.12563259697,1.5882397374698485,4,14.023633020438865,94.52665693444214,14.217823668856,21,27559.598975662528,27668.343456265826,experiment,FIFO,0.28,0,variant_4
7825,PACKAGING_2,PACKAGING_LINE_2,27661.63281915333,7.507186556358647,5,7.507186556358647,102.03384349080079,6.710637112497352,20,27559.598975662528,27668.343456265826,experiment,FIFO,0.28,0,variant_4
7825,INSPECTION_1_1,INSPECTION_1_1_LINE,27663.96936905352,2.33654990019204,6,2.33654990019204,104.37039339099283,4.374087212305312,20,27559.598975662528,27668.343456265826,experiment,FIFO,0.28,0,variant_4
7825,INSPECTION_1_2,INSPECTION_1_2_LINE,27664.614558980484,0.6451899269632122,7,0.6451899269632122,105.01558331795604,3.7288972853421,21,27559.598975662528,27668.343456265826,experiment,FIFO,0.28,0,variant_4
7825,INSPECTION_1_3,INSPECTION_1_3_LINE,27664.98023158146,0.3656726009758131,8,0.3656726009758131,105.38125591893186,3.363224684366287,21,27559.598975662528,27668.343456265826,experiment,FIFO,0.28,0,variant_4
7825,INSPECTION_1_4,INSPECTION_1_4_LINE,27665.28478755522,0.30455597376203514,9,0.30455597376203514,105.68581189269389,3.058668710604252,21,27559.598975662528,27668.343456265826,experiment,FIFO,0.28,0,variant_4
7825,INSPECTION_1_5,INSPECTION_1_5_LINE,27665.74317401868,0.4583864634587371,10,0.4583864634587371,106.14419835615263,2.6002822471455147,21,27559.598975662528,27668.343456265826,experiment,FIFO,0.28,0,variant_4
7825,INSPECTION_1_6,INSPECTION_1_6_LINE,27667.27878350605,1.5356094873714028,11,1.5356094873714028,107.67980784352403,1.064672759774112,21,27559.598975662528,27668.343456265826,experiment,FIFO,0.28,0,variant_4
7825,INSPECTION_1_7,INSPECTION_1_7_LINE,27668.343456265826,1.064672759774112,12,1.064672759774112,108.74448060329814,0.0,21,27559.598975662528,27668.343456265826,experiment,FIFO,0.28,0,variant_4
7826,MOULDING_1,MOULDING_MACHINE_1,27562.681680000416,6.9350914145870775,1,0.0,0.0,62.845746578666876,28,27562.681680000416,27625.527426579083,experiment,FIFO,0.28,0,variant_6
7826,ASSEMBLY_1_3,LINE_3_ASSEMBLY1,27594.495778832137,6.590390602566913,2,31.814098831720912,31.814098831720912,31.031647746945964,25,27562.681680000416,27625.527426579083,experiment,FIFO,0.28,0,variant_6
7826,ASSEMBLY_2_2,ASSEMBLY2_LINE_2,27606.386207423784,5.887814310575777,3,11.890428591646923,43.704527423367836,19.14121915529904,23,27562.681680000416,27625.527426579083,experiment,FIFO,0.28,0,variant_6
7826,SORTING,SORTING_ROBOT_1,27614.176454806657,0.5600851134840923,4,7.7902473828726215,51.49477480624046,11.35097177242642,24,27562.681680000416,27625.527426579083,experiment,FIFO,0.28,0,variant_6
7826,PACKAGING_2,PACKAGING_LINE_2,27616.178023355296,2.001568548639625,5,2.001568548639625,53.49634335488008,9.349403223786794,25,27562.681680000416,27625.527426579083,experiment,FIFO,0.28,0,variant_6
7826,INSPECTION_2_1,INSPECTION_2_1_LINE,27618.115970671643,0.023850815785408486,6,1.9379473163462535,55.434290671226336,7.411455907440541,25,27562.681680000416,27625.527426579083,experiment,FIFO,0.28,0,variant_6
7826,INSPECTION_2_2,INSPECTION_2_2_LINE,27620.02318838001,1.4181719588486885,7,1.9072177083689894,57.341508379595325,5.504238199071551,25,27562.681680000416,27625.527426579083,experiment,FIFO,0.28,0,variant_6
7826,INSPECTION_2_3,INSPECTION_2_3_LINE,27620.138089724987,0.11490134497580584,8,0.11490134497580584,57.45640972457113,5.389336854095745,25,27562.681680000416,27625.527426579083,experiment,FIFO,0.28,0,variant_6
7826,INSPECTION_2_4,INSPECTION_2_4_LINE,27621.04890458543,0.9108148604427697,9,0.9108148604427697,58.3672245850139,4.478521993652976,25,27562.681680000416,27625.527426579083,experiment,FIFO,0.28,0,variant_6
7826,INSPECTION_2_5,INSPECTION_2_5_LINE,27623.389092959264,0.516318363173923,10,2.340188373833371,60.70741295884727,2.138333619819605,24,27562.681680000416,27625.527426579083,experiment,FIFO,0.28,0,variant_6
7826,INSPECTION_2_6,INSPECTION_2_6_LINE,27624.885046865264,0.942747351473372,11,1.495953906000068,62.20336686484734,0.6423797138195368,23,27562.681680000416,27625.527426579083,experiment,FIFO,0.28,0,variant_6
7826,INSPECTION_2_7,INSPECTION_2_7_LINE,27625.527426579083,0.6423797138195368,12,0.6423797138195368,62.845746578666876,0.0,21,27562.681680000416,27625.527426579083,experiment,FIFO,0.28,0,variant_6
7827,MOULDING_4,MOULDING_MACHINE_4,27570.424390177963,7.485702622361714,1,0.0,0.0,24.93206773154816,30,27570.424390177963,27595.35645790951,experiment,FIFO,0.28,0,variant_4
7827,ASSEMBLY_1_4,LINE_4_ASSEMBLY1,27573.833343305538,3.4089531275749323,2,3.4089531275749323,3.4089531275749323,21.523114603973227,28,27570.424390177963,27595.35645790951,experiment,FIFO,0.28,0,variant_4
7827,ASSEMBLY_2_2,ASSEMBLY2_LINE_2,27582.35707880883,8.523735503291391,3,8.523735503291391,11.932688630866323,12.999379100681836,28,27570.424390177963,27595.35645790951,experiment,FIFO,0.28,0,variant_4
7827,SORTING,SORTING_ROBOT_1,27583.15129358012,0.794214771289262,4,0.794214771289262,12.726903402155585,12.205164329392574,27,27570.424390177963,27595.35645790951,experiment,FIFO,0.28,0,variant_4
7827,PACKAGING_1,PACKAGING_LINE_1,27583.694961052224,0.5436674721058807,5,0.5436674721058807,13.270570874261466,11.661496857286693,26,27570.424390177963,27595.35645790951,experiment,FIFO,0.28,0,variant_4
7827,INSPECTION_2_1,INSPECTION_2_1_LINE,27584.706962903456,1.0120018512316165,6,1.0120018512316165,14.282572725493083,10.649495006055076,26,27570.424390177963,27595.35645790951,experiment,FIFO,0.28,0,variant_4
7827,INSPECTION_2_2,INSPECTION_2_2_LINE,27587.84943909197,3.142476188513683,7,3.142476188513683,17.425048914006766,7.507018817541393,26,27570.424390177963,27595.35645790951,experiment,FIFO,0.28,0,variant_4
7827,INSPECTION_2_3,INSPECTION_2_3_LINE,27588.96323866936,1.1137995773897273,8,1.1137995773897273,18.538848491396493,6.393219240151666,26,27570.424390177963,27595.35645790951,experiment,FIFO,0.28,0,variant_4
7827,INSPECTION_2_4,INSPECTION_2_4_LINE,27591.103460711325,2.140222041965899,9,2.140222041965899,20.679070533362392,4.252997198185767,25,27570.424390177963,27595.35645790951,experiment,FIFO,0.28,0,variant_4
7827,INSPECTION_2_5,INSPECTION_2_5_LINE,27591.24144391369,0.13798320236310246,10,0.13798320236310246,20.817053735725494,4.115013995822665,25,27570.424390177963,27595.35645790951,experiment,FIFO,0.28,0,variant_4
7827,INSPECTION_2_6,INSPECTION_2_6_LINE,27592.13784926945,0.8964053557610896,11,0.8964053557610896,21.713459091486584,3.218608640061575,25,27570.424390177963,27595.35645790951,experiment,FIFO,0.28,0,variant_4
7827,INSPECTION_2_7,INSPECTION_2_7_LINE,27595.35645790951,3.218608640061575,12,3.218608640061575,24.93206773154816,0.0,24,27570.424390177963,27595.35645790951,experiment,FIFO,0.28,0,variant_4
7828,MOULDING_3,MOULDING_MACHINE_3,27582.16782681138,6.703947655347292,1,0.0,0.0,128.330555434477,28,27582.16782681138,27710.498382245856,experiment,FIFO,0.28,0,variant_3
7828,ASSEMBLY_1_4,LINE_4_ASSEMBLY1,27616.398238867307,6.143720579948422,2,34.230412055927445,34.230412055927445,94.10014337854955,25,27582.16782681138,27710.498382245856,experiment,FIFO,0.28,0,variant_3
7828,ASSEMBLY_2_1,ASSEMBLY2_LINE_1,27684.55962329517,1.6852565878616588,3,68.16138442786178,102.39179648378922,25.93875895068777,24,27582.16782681138,27710.498382245856,experiment,FIFO,0.28,0,variant_3
7828,SORTING,SORTING_ROBOT_1,27702.750372345512,0.6193876798315614,4,18.190749050343584,120.5825455341328,7.7480099003441865,27,27582.16782681138,27710.498382245856,experiment,FIFO,0.28,0,variant_3
7828,PACKAGING_2,PACKAGING_LINE_2,27703.368638295364,0.6182659498517751,5,0.6182659498517751,121.20081148398458,7.129743950492411,28,27582.16782681138,27710.498382245856,experiment,FIFO,0.28,0,variant_3
7828,INSPECTION_2_1,INSPECTION_2_1_LINE,27704.20773608896,0.8390977935960109,6,0.8390977935960109,122.03990927758059,6.2906461568964005,28,27582.16782681138,27710.498382245856,experiment,FIFO,0.28,0,variant_3
7828,INSPECTION_2_2,INSPECTION_2_2_LINE,27706.303933806907,2.0961977179467794,7,2.0961977179467794,124.13610699552737,4.194448438949621,28,27582.16782681138,27710.498382245856,experiment,FIFO,0.28,0,variant_3
7828,INSPECTION_2_3,INSPECTION_2_3_LINE,27706.66594086243,0.36200705552255386,8,0.36200705552255386,124.49811405104992,3.832441383427067,28,27582.16782681138,27710.498382245856,experiment,FIFO,0.28,0,variant_3
7828,INSPECTION_2_4,INSPECTION_2_4_LINE,27707.73262596144,1.0666850990091916,9,1.0666850990091916,125.56479915005912,2.7657562844178756,28,27582.16782681138,27710.498382245856,experiment,FIFO,0.28,0,variant_3
7828,INSPECTION_2_5,INSPECTION_2_5_LINE,27708.492021527338,0.7593955658994673,10,0.7593955658994673,126.32419471595858,2.0063607185184082,28,27582.16782681138,27710.498382245856,experiment,FIFO,0.28,0,variant_3
7828,INSPECTION_2_6,INSPECTION_2_6_LINE,27708.90844467111,0.41642314377168077,11,0.41642314377168077,126.74061785973026,1.5899375747467275,29,27582.16782681138,27710.498382245856,experiment,FIFO,0.28,0,variant_3
7828,INSPECTION_2_7,INSPECTION_2_7_LINE,27710.498382245856,1.5899375747467275,12,1.5899375747467275,128.330555434477,0.0,28,27582.16782681138,27710.498382245856,experiment,FIFO,0.28,0,variant_3
7829,MOULDING_5,MOULDING_MACHINE_5,27579.019526262106,2.451771253865445,1,0.0,0.0,152.55587911671682,29,27579.019526262106,27731.575405378822,experiment,FIFO,0.28,0,variant_2
7829,ASSEMBLY_1_4,LINE_4_ASSEMBLY1,27610.25451828736,29.37220775674723,2,31.234992025252723,31.234992025252723,121.3208870914641,24,27579.019526262106,27731.575405378822,experiment,FIFO,0.28,0,variant_2
7829,ASSEMBLY_2_1,ASSEMBLY2_LINE_1,27682.874366707307,12.80789501261097,3,72.61984841994854,103.85484044520126,48.70103867151556,25,27579.019526262106,27731.575405378822,experiment,FIFO,0.28,0,variant_2
7829,SORTING,SORTING_ROBOT_1,27702.13098466568,6.834351721023268,4,19.25661795837368,123.11145840357494,29.44442071314188,26,27579.019526262106,27731.575405378822,experiment,FIFO,0.28,0,variant_2
7829,PACKAGING_1,PACKAGING_LINE_1,27713.22236345292,1.67669762123478,5,11.091378787237772,134.20283719081272,18.353041925904108,29,27579.019526262106,27731.575405378822,experiment,FIFO,0.28,0,variant_2
7829,INSPECTION_1_1,INSPECTION_1_1_LINE,27720.477629237183,2.9166216592493583,6,7.255265784264338,141.45810297507705,11.09777614163977,32,27579.019526262106,27731.575405378822,experiment,FIFO,0.28,0,variant_2
7829,INSPECTION_1_2,INSPECTION_1_2_LINE,27721.107302394048,0.629673156865465,7,0.629673156865465,142.08777613194252,10.468102984774305,31,27579.019526262106,27731.575405378822,experiment,FIFO,0.28,0,variant_2
7829,INSPECTION_1_3,INSPECTION_1_3_LINE,27721.5558199804,0.4485175863519544,8,0.4485175863519544,142.53629371829447,10.01958539842235,30,27579.019526262106,27731.575405378822,experiment,FIFO,0.28,0,variant_2
7829,INSPECTION_1_4,INSPECTION_1_4_LINE,27723.417341303106,1.861521322705812,9,1.861521322705812,144.39781504100029,8.158064075716538,30,27579.019526262106,27731.575405378822,experiment,FIFO,0.28,0,variant_2
7829,INSPECTION_1_5,INSPECTION_1_5_LINE,27729.70740813792,6.290066834815661,10,6.290066834815661,150.68788187581595,1.867997240900877,31,27579.019526262106,27731.575405378822,experiment,FIFO,0.28,0,variant_2
7829,INSPECTION_1_6,INSPECTION_1_6_LINE,27730.46203228326,0.7546241453383118,11,0.7546241453383118,151.44250602115426,1.1133730955625651,31,27579.019526262106,27731.575405378822,experiment,FIFO,0.28,0,variant_2
7829,INSPECTION_1_7,INSPECTION_1_7_LINE,27731.575405378822,1.1133730955625651,12,1.1133730955625651,152.55587911671682,0.0,30,27579.019526262106,27731.575405378822,experiment,FIFO,0.28,0,variant_2
7830,MOULDING_1,MOULDING_MACHINE_1,27577.640891606068,0.24860424682992743,1,0.0,0.0,25.724858622812462,29,27577.640891606068,27603.36575022888,experiment,FIFO,0.28,0,variant_2
7830,ASSEMBLY_1_4,LINE_4_ASSEMBLY1,27580.88231053061,3.2414189245428133,2,3.2414189245428133,3.2414189245428133,22.48343969826965,27,27577.640891606068,27603.36575022888,experiment,FIFO,0.28,0,variant_2
7830,ASSEMBLY_2_2,ASSEMBLY2_LINE_2,27595.005395301432,6.251555804868985,3,14.123084770821151,17.364503695363965,8.360354927448498,25,27577.640891606068,27603.36575022888,experiment,FIFO,0.28,0,variant_2
7830,SORTING,SORTING_ROBOT_1,27596.90831129608,1.9029159946476284,4,1.9029159946476284,19.267419690011593,6.457438932800869,24,27577.640891606068,27603.36575022888,experiment,FIFO,0.28,0,variant_2
7830,PACKAGING_3,PACKAGING_LINE_3,27597.18038152384,0.27207022776201484,5,0.27207022776201484,19.539489917773608,6.185368705038854,24,27577.640891606068,27603.36575022888,experiment,FIFO,0.28,0,variant_2
7830,INSPECTION_1_1,INSPECTION_1_1_LINE,27597.82470337083,0.6443218469867134,6,0.6443218469867134,20.18381176476032,5.541046858052141,24,27577.640891606068,27603.36575022888,experiment,FIFO,0.28,0,variant_2
7830,INSPECTION_1_2,INSPECTION_1_2_LINE,27598.873309915223,1.0486065443947155,7,1.0486065443947155,21.232418309155037,4.492440313657426,24,27577.640891606068,27603.36575022888,experiment,FIFO,0.28,0,variant_2
7830,INSPECTION_1_3,INSPECTION_1_3_LINE,27599.663510272352,0.7902003571289242,8,0.7902003571289242,22.02261866628396,3.7022399565285014,24,27577.640891606068,27603.36575022888,experiment,FIFO,0.28,0,variant_2
7830,INSPECTION_1_4,INSPECTION_1_4_LINE,27602.47011308217,2.421522809385351,9,2.806602809818287,24.829221476102248,0.8956371467102144,25,27577.640891606068,27603.36575022888,experiment,FIFO,0.28,0,variant_2
7830,INSPECTION_1_5,INSPECTION_1_5_LINE,27602.69319604815,0.22308296597839217,10,0.22308296597839217,25.05230444208064,0.6725541807318223,23,27577.640891606068,27603.36575022888,experiment,FIFO,0.28,0,variant_2
7830,INSPECTION_1_6,INSPECTION_1_6_LINE,27603.06583405945,0.37263801130029606,11,0.37263801130029606,25.424942453380936,0.2999161694315262,23,27577.640891606068,27603.36575022888,experiment,FIFO,0.28,0,variant_2
7830,INSPECTION_1_7,INSPECTION_1_7_LINE,27603.36575022888,0.2999161694315262,12,0.2999161694315262,25.724858622812462,0.0,23,27577.640891606068,27603.36575022888,experiment,FIFO,0.28,0,variant_2
7831,MOULDING_1,MOULDING_MACHINE_1,27601.74263199665,16.48828088215305,1,0.0,0.0,154.72608824831332,24,27601.74263199665,27756.468720244964,experiment,FIFO,0.28,0,variant_3
7831,ASSEMBLY_1_2,LINE_2_ASSEMBLY1,27625.25427830317,23.51164630652056,2,23.51164630652056,23.51164630652056,131.21444194179276,23,27601.74263199665,27756.468720244964,experiment,FIFO,0.28,0,variant_3
7831,ASSEMBLY_2_1,ASSEMBLY2_LINE_1,27740.394026223566,40.20618537924747,3,115.13974792039517,138.65139422691573,16.07469402139759,29,27601.74263199665,27756.468720244964,experiment,FIFO,0.28,0,variant_3
7831,SORTING,SORTING_ROBOT_1,27741.96271567569,1.5686894521240902,4,1.5686894521240902,140.22008367903982,14.5060045692735,30,27601.74263199665,27756.468720244964,experiment,FIFO,0.28,0,variant_3
7831,PACKAGING_2,PACKAGING_LINE_2,27746.25156214101,4.288846465318784,5,4.288846465318784,144.5089301443586,10.217158103954716,30,27601.74263199665,27756.468720244964,experiment,FIFO,0.28,0,variant_3
7831,INSPECTION_1_1,INSPECTION_1_1_LINE,27747.85636759772,1.604805456710892,6,1.604805456710892,146.1137356010695,8.612352647243824,31,27601.74263199665,27756.468720244964,experiment,FIFO,0.28,0,variant_3
7831,INSPECTION_1_2,INSPECTION_1_2_LINE,27749.719115903205,1.8627483054842742,7,1.8627483054842742,147.97648390655377,6.74960434175955,33,27601.74263199665,27756.468720244964,experiment,FIFO,0.28,0,variant_3
7831,INSPECTION_1_3,INSPECTION_1_3_LINE,27750.676754917167,0.957639013962762,8,0.957639013962762,148.93412292051653,5.791965327796788,33,27601.74263199665,27756.468720244964,experiment,FIFO,0.28,0,variant_3
7831,INSPECTION_1_4,INSPECTION_1_4_LINE,27752.2771114018,1.600356484632357,9,1.600356484632357,150.5344794051489,4.191608843164431,33,27601.74263199665,27756.468720244964,experiment,FIFO,0.28,0,variant_3
7831,INSPECTION_1_5,INSPECTION_1_5_LINE,27755.94400263373,3.666891231929185,10,3.666891231929185,154.20137063707807,0.5247176112352463,38,27601.74263199665,27756.468720244964,experiment,FIFO,0.28,0,variant_3
7831,INSPECTION_1_6,INSPECTION_1_6_LINE,27756.16532009928,0.2213174655516923,11,0.2213174655516923,154.42268810262976,0.303400145683554,38,27601.74263199665,27756.468720244964,experiment,FIFO,0.28,0,variant_3
7831,INSPECTION_1_7,INSPECTION_1_7_LINE,27756.468720244964,0.303400145683554,12,0.303400145683554,154.72608824831332,0.0,37,27601.74263199665,27756.468720244964,experiment,FIFO,0.28,0,variant_3
7832,MOULDING_1,MOULDING_MACHINE_1,27603.100174516207,1.3575425195558637,1,0.0,0.0,108.10644681262056,24,27603.100174516207,27711.206621328827,experiment,FIFO,0.28,0,variant_5
7832,ASSEMBLY_1_1,LINE_1_ASSEMBLY1,27603.1503867674,0.05021225119344308,2,0.05021225119344308,0.05021225119344308,108.05623456142712,24,27603.100174516207,27711.206621328827,experiment,FIFO,0.28,0,variant_5
7832,ASSEMBLY_2_1,ASSEMBLY2_LINE_1,27669.63559071584,5.147931539955607,3,66.48520394843945,66.53541619963289,41.57103061298767,23,27603.100174516207,27711.206621328827,experiment,FIFO,0.28,0,variant_5
7832,SORTING,SORTING_ROBOT_1,27680.280220842687,1.45065990531657,4,10.644630126847915,77.1800463264808,30.926400486139755,25,27603.100174516207,27711.206621328827,experiment,FIFO,0.28,0,variant_5
7832,PACKAGING_1,PACKAGING_LINE_1,27695.14304531832,2.9357080858171685,5,14.862824475632806,92.04287080211361,16.06357601050695,24,27603.100174516207,27711.206621328827,experiment,FIFO,0.28,0,variant_5
7832,INSPECTION_1_1,INSPECTION_1_1_LINE,27700.7487516718,0.612701002308313,6,5.605706353479036,97.64857715559265,10.457869657027913,26,27603.100174516207,27711.206621328827,experiment,FIFO,0.28,0,variant_5
7832,INSPECTION_1_2,INSPECTION_1_2_LINE,27701.12561138555,0.3768597137495817,7,0.3768597137495817,98.02543686934223,10.081009943278332,26,27603.100174516207,27711.206621328827,experiment,FIFO,0.28,0,variant_5
7832,INSPECTION_1_3,INSPECTION_1_3_LINE,27701.86587756296,0.7402661774103763,8,0.7402661774103763,98.7657030467526,9.340743765867956,26,27603.100174516207,27711.206621328827,experiment,FIFO,0.28,0,variant_5
7832,INSPECTION_1_4,INSPECTION_1_4_LINE,27703.14115325995,1.2752756969894108,9,1.2752756969894108,100.04097874374202,8.065468068878545,28,27603.100174516207,27711.206621328827,experiment,FIFO,0.28,0,variant_5
7832,INSPECTION_1_5,INSPECTION_1_5_LINE,27708.48065015561,2.7778499057494628,10,5.339496895659977,105.380475639402,2.725971173218568,28,27603.100174516207,27711.206621328827,experiment,FIFO,0.28,0,variant_5
7832,INSPECTION_1_6,INSPECTION_1_6_LINE,27708.803431053537,0.322780897928169,11,0.322780897928169,105.70325653733016,2.403190275290399,28,27603.100174516207,27711.206621328827,experiment,FIFO,0.28,0,variant_5
7832,INSPECTION_1_7,INSPECTION_1_7_LINE,27711.206621328827,2.403190275290399,12,2.403190275290399,108.10644681262056,0.0,27,27603.100174516207,27711.206621328827,experiment,FIFO,0.28,0,variant_5
7833,MOULDING_2,MOULDING_MACHINE_2,27615.89161169785,15.050713824039121,1,0.0,0.0,38.386896497540874,25,27615.89161169785,27654.27850819539,experiment,FIFO,0.28,0,variant_1
7833,ASSEMBLY_1_3,LINE_3_ASSEMBLY1,27627.522392453626,5.3946707284630975,2,11.63078075577505,11.63078075577505,26.756115741765825,21,27615.89161169785,27654.27850819539,experiment,FIFO,0.28,0,variant_1
7833,ASSEMBLY_2_2,ASSEMBLY2_LINE_2,27629.82430291624,2.3019104626146145,3,2.3019104626146145,13.932691218389664,24.45420527915121,22,27615.89161169785,27654.27850819539,experiment,FIFO,0.28,0,variant_1
7833,SORTING,SORTING_ROBOT_1,27640.001627701025,1.407210440866038,4,10.177324784785014,24.110016003174678,14.276880494366196,21,27615.89161169785,27654.27850819539,experiment,FIFO,0.28,0,variant_1
7833,PACKAGING_2,PACKAGING_LINE_2,27649.116457741977,9.114830040951347,5,9.114830040951347,33.224846044126025,5.1620504534148495,22,27615.89161169785,27654.27850819539,experiment,FIFO,0.28,0,variant_1
7833,INSPECTION_1_1,INSPECTION_1_1_LINE,27650.04918282767,0.9327250856949831,6,0.9327250856949831,34.15757112982101,4.229325367719866,22,27615.89161169785,27654.27850819539,experiment,FIFO,0.28,0,variant_1
7833,INSPECTION_1_2,INSPECTION_1_2_LINE,27650.82518254423,0.7759997165594541,7,0.7759997165594541,34.93357084638046,3.4533256511604122,22,27615.89161169785,27654.27850819539,experiment,FIFO,0.28,0,variant_1
7833,INSPECTION_1_3,INSPECTION_1_3_LINE,27652.007956227368,1.1827736831364746,8,1.1827736831364746,36.11634452951694,2.2705519680239377,21,27615.89161169785,27654.27850819539,experiment,FIFO,0.28,0,variant_1
7833,INSPECTION_1_4,INSPECTION_1_4_LINE,27652.55158917631,0.5436329489421041,9,0.5436329489421041,36.65997747845904,1.7269190190818335,21,27615.89161169785,27654.27850819539,experiment,FIFO,0.28,0,variant_1
7833,INSPECTION_1_5,INSPECTION_1_5_LINE,27652.96467943288,0.4130902565702854,10,0.4130902565702854,37.073067735029326,1.3138287625115481,21,27615.89161169785,27654.27850819539,experiment,FIFO,0.28,0,variant_1
7833,INSPECTION_1_6,INSPECTION_1_6_LINE,27653.669006541848,0.7043271089678456,11,0.7043271089678456,37.77739484399717,0.6095016535437026,21,27615.89161169785,27654.27850819539,experiment,FIFO,0.28,0,variant_1
7833,INSPECTION_1_7,INSPECTION_1_7_LINE,27654.27850819539,0.6095016535437026,12,0.6095016535437026,38.386896497540874,0.0,20,27615.89161169785,27654.27850819539,experiment,FIFO,0.28,0,variant_1
7834,MOULDING_4,MOULDING_MACHINE_4,27601.76637235867,0.168977589080896,1,0.0,0.0,117.79587166321289,25,27601.76637235867,27719.562244021883,experiment,FIFO,0.28,0,variant_2
7834,ASSEMBLY_1_5,LINE_5_ASSEMBLY1,27605.726506925057,3.9601345663868415,2,3.9601345663868415,3.9601345663868415,113.83573709682605,23,27601.76637235867,27719.562244021883,experiment,FIFO,0.28,0,variant_2
7834,ASSEMBLY_2_1,ASSEMBLY2_LINE_1,27670.066471694696,0.43088097885629395,3,64.33996476963875,68.3000993360256,49.4957723271873,23,27601.76637235867,27719.562244021883,experiment,FIFO,0.28,0,variant_2
7834,SORTING,SORTING_ROBOT_1,27683.49931657796,3.219095735272276,4,13.432844883263897,81.7329442192895,36.0629274439234,25,27601.76637235867,27719.562244021883,experiment,FIFO,0.28,0,variant_2
7834,PACKAGING_1,PACKAGING_LINE_1,27698.24076862985,3.0977233115299896,5,14.74145205189052,96.47439627118001,21.32147539203288,25,27601.76637235867,27719.562244021883,experiment,FIFO,0.28,0,variant_2
7834,INSPECTION_1_1,INSPECTION_1_1_LINE,27701.90931526935,1.0159049500107358,6,3.6685466394992545,100.14294291067927,17.652928752533626,26,27601.76637235867,27719.562244021883,experiment,FIFO,0.28,0,variant_2
7834,INSPECTION_1_2,INSPECTION_1_2_LINE,27704.48496296089,2.575647691541235,7,2.575647691541235,102.7185906022205,15.07728106099239,28,27601.76637235867,27719.562244021883,experiment,FIFO,0.28,0,variant_2
7834,INSPECTION_1_3,INSPECTION_1_3_LINE,27704.653548402643,0.16858544175192947,8,0.16858544175192947,102.88717604397243,14.908695619240461,28,27601.76637235867,27719.562244021883,experiment,FIFO,0.28,0,variant_2
7834,INSPECTION_1_4,INSPECTION_1_4_LINE,27707.055992563182,2.402444160539744,9,2.402444160539744,105.28962020451218,12.506251458700717,28,27601.76637235867,27719.562244021883,experiment,FIFO,0.28,0,variant_2
7834,INSPECTION_1_5,INSPECTION_1_5_LINE,27716.10397426691,7.623324111300462,10,9.047981703726691,114.33760190823887,3.458269754974026,31,27601.76637235867,27719.562244021883,experiment,FIFO,0.28,0,variant_2
7834,INSPECTION_1_6,INSPECTION_1_6_LINE,27717.88654702853,1.78257276162185,11,1.78257276162185,116.12017466986072,1.675696993352176,31,27601.76637235867,27719.562244021883,experiment,FIFO,0.28,0,variant_2
7834,INSPECTION_1_7,INSPECTION_1_7_LINE,27719.562244021883,1.675696993352176,12,1.675696993352176,117.79587166321289,0.0,31,27601.76637235867,27719.562244021883,experiment,FIFO,0.28,0,variant_2
7835,MOULDING_5,MOULDING_MACHINE_5,27607.93217935568,3.7799759127192374,1,0.0,0.0,43.40985949498645,24,27607.93217935568,27651.342038850667,experiment,FIFO,0.28,0,variant_5
7835,ASSEMBLY_1_3,LINE_3_ASSEMBLY1,27622.127721725163,14.1955423694817,2,14.1955423694817,14.1955423694817,29.21431712550475,25,27607.93217935568,27651.342038850667,experiment,FIFO,0.28,0,variant_5
7835,ASSEMBLY_2_2,ASSEMBLY2_LINE_2,27627.43943956953,5.311717844368104,3,5.311717844368104,19.507260213849804,23.902599281136645,21,27607.93217935568,27651.342038850667,experiment,FIFO,0.28,0,variant_5
7835,SORTING,SORTING_ROBOT_1,27638.59441726016,4.1582802274715505,4,11.154977690628584,30.66223790447839,12.74762159050806,22,27607.93217935568,27651.342038850667,experiment,FIFO,0.28,0,variant_5
7835,PACKAGING_3,PACKAGING_LINE_3,27638.79520171177,0.20078445161198033,5,0.20078445161198033,30.86302235609037,12.54683713889608,22,27607.93217935568,27651.342038850667,experiment,FIFO,0.28,0,variant_5
7835,INSPECTION_2_1,INSPECTION_2_1_LINE,27641.55119836524,2.7559966534681735,6,2.7559966534681735,33.61901900955854,9.790840485427907,21,27607.93217935568,27651.342038850667,experiment,FIFO,0.28,0,variant_5
7835,INSPECTION_2_2,INSPECTION_2_2_LINE,27643.40192705457,1.8507286893291166,7,1.8507286893291166,35.46974769888766,7.94011179609879,21,27607.93217935568,27651.342038850667,experiment,FIFO,0.28,0,variant_5
7835,INSPECTION_2_3,INSPECTION_2_3_LINE,27645.277442059705,1.875515005136549,8,1.875515005136549,37.34526270402421,6.064596790962241,22,27607.93217935568,27651.342038850667,experiment,FIFO,0.28,0,variant_5
7835,INSPECTION_2_4,INSPECTION_2_4_LINE,27646.3324117155,1.054969655793684,9,1.054969655793684,38.40023235981789,5.009627135168557,22,27607.93217935568,27651.342038850667,experiment,FIFO,0.28,0,variant_5
7835,INSPECTION_2_5,INSPECTION_2_5_LINE,27648.421651877627,2.0892401621276804,10,2.0892401621276804,40.48947252194557,2.920386973040877,23,27607.93217935568,27651.342038850667,experiment,FIFO,0.28,0,variant_5
7835,INSPECTION_2_6,INSPECTION_2_6_LINE,27649.15295857211,0.731306694484374,11,0.731306694484374,41.220779216429946,2.189080278556503,22,27607.93217935568,27651.342038850667,experiment,FIFO,0.28,0,variant_5
7835,INSPECTION_2_7,INSPECTION_2_7_LINE,27651.342038850667,2.189080278556503,12,2.189080278556503,43.40985949498645,0.0,21,27607.93217935568,27651.342038850667,experiment,FIFO,0.28,0,variant_5
7836,MOULDING_3,MOULDING_MACHINE_3,27611.2733453969,5.405652334542538,1,0.0,0.0,27.770114264276344,25,27611.2733453969,27639.043459661178,experiment,FIFO,0.28,0,variant_4
7836,ASSEMBLY_1_4,LINE_4_ASSEMBLY1,27617.34503462669,0.9467957593842584,2,6.0716892297896266,6.0716892297896266,21.698425034486718,25,27611.2733453969,27639.043459661178,experiment,FIFO,0.28,0,variant_4
7836,ASSEMBLY_2_2,ASSEMBLY2_LINE_2,27619.169837107223,1.8248024805325258,3,1.8248024805325258,7.896491710322152,19.873622553954192,25,27611.2733453969,27639.043459661178,experiment,FIFO,0.28,0,variant_4
7836,SORTING,SORTING_ROBOT_1,27627.97257436362,6.011074476075009,4,8.80273725639563,16.699228966717783,11.070885297558561,22,27611.2733453969,27639.043459661178,experiment,FIFO,0.28,0,variant_4
7836,PACKAGING_2,PACKAGING_LINE_2,27629.40189136196,1.4293169983393454,5,1.4293169983393454,18.12854596505713,9.641568299219216,22,27611.2733453969,27639.043459661178,experiment,FIFO,0.28,0,variant_4
7836,INSPECTION_1_1,INSPECTION_1_1_LINE,27631.21016627676,1.8082749148015864,6,1.8082749148015864,19.936820879858715,7.83329338441763,21,27611.2733453969,27639.043459661178,experiment,FIFO,0.28,0,variant_4
7836,INSPECTION_1_2,INSPECTION_1_2_LINE,27631.43750590263,0.22733962587153655,7,0.22733962587153655,20.16416050573025,7.605953758546093,21,27611.2733453969,27639.043459661178,experiment,FIFO,0.28,0,variant_4
7836,INSPECTION_1_3,INSPECTION_1_3_LINE,27632.56507740998,1.127571507349785,8,1.127571507349785,21.291732013080036,6.478382251196308,21,27611.2733453969,27639.043459661178,experiment,FIFO,0.28,0,variant_4
7836,INSPECTION_1_4,INSPECTION_1_4_LINE,27636.45788084363,3.892803433649533,9,3.892803433649533,25.18453544672957,2.585578817546775,22,27611.2733453969,27639.043459661178,experiment,FIFO,0.28,0,variant_4
7836,INSPECTION_1_5,INSPECTION_1_5_LINE,27636.492470730587,0.03458988695638254,10,0.03458988695638254,25.21912533368595,2.5509889305903926,22,27611.2733453969,27639.043459661178,experiment,FIFO,0.28,0,variant_4
7836,INSPECTION_1_6,INSPECTION_1_6_LINE,27638.31320144532,1.8207307147313259,11,1.8207307147313259,27.039856048417278,0.7302582158590667,22,27611.2733453969,27639.043459661178,experiment,FIFO,0.28,0,variant_4
7836,INSPECTION_1_7,INSPECTION_1_7_LINE,27639.043459661178,0.7302582158590667,12,0.7302582158590667,27.770114264276344,0.0,21,27611.2733453969,27639.043459661178,experiment,FIFO,0.28,0,variant_4
7837,MOULDING_2,MOULDING_MACHINE_2,27619.97218792785,4.080576230000588,1,0.0,0.0,114.09111572358961,25,27619.97218792785,27734.06330365144,experiment,FIFO,0.28,0,variant_4
7837,ASSEMBLY_1_4,LINE_4_ASSEMBLY1,27620.917926036072,0.9457381082211214,2,0.9457381082211214,0.9457381082211214,113.14537761536849,25,27619.97218792785,27734.06330365144,experiment,FIFO,0.28,0,variant_4
7837,ASSEMBLY_2_1,ASSEMBLY2_LINE_1,27691.823931840147,7.264308544978121,3,70.90600580407408,71.8517439122952,42.239371811294404,24,27619.97218792785,27734.06330365144,experiment,FIFO,0.28,0,variant_4
7837,SORTING,SORTING_ROBOT_1,27712.63679687508,2.4795588725792186,4,20.812865034931747,92.66460894722695,21.426506776362658,29,27619.97218792785,27734.06330365144,experiment,FIFO,0.28,0,variant_4
7837,PACKAGING_1,PACKAGING_LINE_1,27717.00270000509,0.1177088748299866,5,4.365903130012157,97.03051207723911,17.0606036463505,31,27619.97218792785,27734.06330365144,experiment,FIFO,0.28,0,variant_4
7837,INSPECTION_1_1,INSPECTION_1_1_LINE,27723.36113960913,2.7876081566610083,6,6.358439604038722,103.38895168127783,10.702164042311779,30,27619.97218792785,27734.06330365144,experiment,FIFO,0.28,0,variant_4
7837,INSPECTION_1_2,INSPECTION_1_2_LINE,27725.288277062555,1.9271374534255301,7,1.9271374534255301,105.31608913470336,8.775026588886249,30,27619.97218792785,27734.06330365144,experiment,FIFO,0.28,0,variant_4
7837,INSPECTION_1_3,INSPECTION_1_3_LINE,27729.94181560717,4.53110629639923,8,4.653538544615003,109.96962767931836,4.121488044271246,31,27619.97218792785,27734.06330365144,experiment,FIFO,0.28,0,variant_4
7837,INSPECTION_1_4,INSPECTION_1_4_LINE,27732.0005541614,2.0587385542312404,9,2.0587385542312404,112.0283662335496,2.062749490040005,29,27619.97218792785,27734.06330365144,experiment,FIFO,0.28,0,variant_4
7837,INSPECTION_1_5,INSPECTION_1_5_LINE,27732.2191322348,0.21857807339983992,10,0.21857807339983992,112.24694430694944,1.8441714166401653,29,27619.97218792785,27734.06330365144,experiment,FIFO,0.28,0,variant_4
7837,INSPECTION_1_6,INSPECTION_1_6_LINE,27733.09923832102,0.8801060862206214,11,0.8801060862206214,113.12705039317007,0.9640653304195439,31,27619.97218792785,27734.06330365144,experiment,FIFO,0.28,0,variant_4
7837,INSPECTION_1_7,INSPECTION_1_7_LINE,27734.06330365144,0.9640653304195439,12,0.9640653304195439,114.09111572358961,0.0,30,27619.97218792785,27734.06330365144,experiment,FIFO,0.28,0,variant_4
7838,MOULDING_3,MOULDING_MACHINE_3,27613.61143739829,2.3380920013878495,1,0.0,0.0,120.54561605611889,25,27613.61143739829,27734.157053454408,experiment,FIFO,0.28,0,variant_2
7838,ASSEMBLY_1_5,LINE_5_ASSEMBLY1,27623.755745253475,10.144307855185616,2,10.144307855185616,10.144307855185616,110.40130820093327,24,27613.61143739829,27734.157053454408,experiment,FIFO,0.28,0,variant_2
7838,ASSEMBLY_2_1,ASSEMBLY2_LINE_1,27700.18784084432,8.363909004172456,3,76.43209559084426,86.57640344602987,33.969212610089016,26,27613.61143739829,27734.157053454408,experiment,FIFO,0.28,0,variant_2
7838,SORTING,SORTING_ROBOT_1,27712.652979072576,0.016182197497982997,4,12.465138228257274,99.04154167428715,21.504074381831742,29,27613.61143739829,27734.157053454408,experiment,FIFO,0.28,0,variant_2
7838,PACKAGING_3,PACKAGING_LINE_3,27718.48588744193,5.83290836935339,5,5.83290836935339,104.87445004364054,15.671166012478352,31,27613.61143739829,27734.157053454408,experiment,FIFO,0.28,0,variant_2
7838,INSPECTION_1_1,INSPECTION_1_1_LINE,27723.99821291108,0.637073301950295,6,5.5123254691498005,110.38677551279034,10.158840543328552,30,27613.61143739829,27734.157053454408,experiment,FIFO,0.28,0,variant_2
7838,INSPECTION_1_2,INSPECTION_1_2_LINE,27729.13412120811,3.84584414555502,7,5.135908297030255,115.52268380982059,5.022932246298296,31,27613.61143739829,27734.157053454408,experiment,FIFO,0.28,0,variant_2
7838,INSPECTION_1_3,INSPECTION_1_3_LINE,27731.07090706073,1.1290914535602496,8,1.9367858526202326,117.45946966244082,3.0861463936780638,31,27613.61143739829,27734.157053454408,experiment,FIFO,0.28,0,variant_2
7838,INSPECTION_1_4,INSPECTION_1_4_LINE,27732.157973978305,0.15741981690371176,9,1.0870669175747025,118.54653658001553,1.9990794761033612,29,27613.61143739829,27734.157053454408,experiment,FIFO,0.28,0,variant_2
7838,INSPECTION_1_5,INSPECTION_1_5_LINE,27732.58236891774,0.3632366829406237,10,0.4243949394367519,118.97093151945228,1.5746845366666093,31,27613.61143739829,27734.157053454408,experiment,FIFO,0.28,0,variant_2
7838,INSPECTION_1_6,INSPECTION_1_6_LINE,27733.39501787073,0.29577954970955034,11,0.812648952989548,119.78358047244183,0.7620355836770614,31,27613.61143739829,27734.157053454408,experiment,FIFO,0.28,0,variant_2
7838,INSPECTION_1_7,INSPECTION_1_7_LINE,27734.157053454408,0.09374980296706781,12,0.7620355836770614,120.54561605611889,0.0,29,27613.61143739829,27734.157053454408,experiment,FIFO,0.28,0,variant_2
7839,MOULDING_5,MOULDING_MACHINE_5,27627.6101388788,0.1935121934802737,1,0.0,0.0,48.56097479220989,22,27627.6101388788,27676.17111367101,experiment,FIFO,0.28,0,variant_2
7839,ASSEMBLY_1_5,LINE_5_ASSEMBLY1,27634.245186569748,6.6350476909465215,2,6.6350476909465215,6.6350476909465215,41.92592710126337,21,27627.6101388788,27676.17111367101,experiment,FIFO,0.28,0,variant_2
7839,ASSEMBLY_2_2,ASSEMBLY2_LINE_2,27638.11505870477,3.869872135022888,3,3.869872135022888,10.50491982596941,38.05605496624048,22,27627.6101388788,27676.17111367101,experiment,FIFO,0.28,0,variant_2
7839,SORTING,SORTING_ROBOT_1,27647.507365511538,2.6224601678186445,4,9.39230680676701,19.89722663273642,28.66374815947347,23,27627.6101388788,27676.17111367101,experiment,FIFO,0.28,0,variant_2
7839,PACKAGING_1,PACKAGING_LINE_1,27670.56893494723,7.814771391749673,5,23.061569435692945,42.958796068429365,5.602178723780526,23,27627.6101388788,27676.17111367101,experiment,FIFO,0.28,0,variant_2
7839,INSPECTION_2_1,INSPECTION_2_1_LINE,27670.76957843435,0.20064348711821367,6,0.20064348711821367,43.15943955554758,5.401535236662312,24,27627.6101388788,27676.17111367101,experiment,FIFO,0.28,0,variant_2
7839,INSPECTION_2_2,INSPECTION_2_2_LINE,27671.37094236888,0.6013639345328556,7,0.6013639345328556,43.760803490080434,4.800171302129456,26,27627.6101388788,27676.17111367101,experiment,FIFO,0.28,0,variant_2
7839,INSPECTION_2_3,INSPECTION_2_3_LINE,27673.259389015933,1.888446647051751,8,1.888446647051751,45.649250137132185,2.9117246550777054,27,27627.6101388788,27676.17111367101,experiment,FIFO,0.28,0,variant_2
7839,INSPECTION_2_4,INSPECTION_2_4_LINE,27673.425161495987,0.1657724800534197,9,0.1657724800534197,45.815022617185605,2.7459521750242857,27,27627.6101388788,27676.17111367101,experiment,FIFO,0.28,0,variant_2
7839,INSPECTION_2_5,INSPECTION_2_5_LINE,27673.949250651585,0.5240891555986309,10,0.5240891555986309,46.339111772784236,2.221863019425655,27,27627.6101388788,27676.17111367101,experiment,FIFO,0.28,0,variant_2
7839,INSPECTION_2_6,INSPECTION_2_6_LINE,27675.312015174663,1.3627645230772032,11,1.3627645230772032,47.70187629586144,0.8590984963484516,27,27627.6101388788,27676.17111367101,experiment,FIFO,0.28,0,variant_2
7839,INSPECTION_2_7,INSPECTION_2_7_LINE,27676.17111367101,0.8590984963484516,12,0.8590984963484516,48.56097479220989,0.0,26,27627.6101388788,27676.17111367101,experiment,FIFO,0.28,0,variant_2
7840,MOULDING_3,MOULDING_MACHINE_3,27634.714883513603,3.595819294972898,1,0.0,0.0,128.27703646388545,22,27634.714883513603,27762.99191997749,experiment,FIFO,0.28,0,variant_6
7840,ASSEMBLY_1_1,LINE_1_ASSEMBLY1,27640.19463825842,5.47975474481791,2,5.47975474481791,5.47975474481791,122.79728171906754,21,27634.714883513603,27762.99191997749,experiment,FIFO,0.28,0,variant_6
7840,ASSEMBLY_2_1,ASSEMBLY2_LINE_1,27750.78088730073,10.386861077164212,3,110.58624904230965,116.06600378712756,12.211032676757895,33,27634.714883513603,27762.99191997749,experiment,FIFO,0.28,0,variant_6
7840,SORTING,SORTING_ROBOT_1,27752.26398228428,1.4830949835486535,4,1.4830949835486535,117.54909877067621,10.727937693209242,33,27634.714883513603,27762.99191997749,experiment,FIFO,0.28,0,variant_6
7840,PACKAGING_3,PACKAGING_LINE_3,27757.20342782906,4.939445544780028,5,4.939445544780028,122.48854431545624,5.788492148429214,37,27634.714883513603,27762.99191997749,experiment,FIFO,0.28,0,variant_6
7840,INSPECTION_1_1,INSPECTION_1_1_LINE,27757.52266075481,0.31923292575083906,6,0.31923292575083906,122.80777724120708,5.4692592226783745,37,27634.714883513603,27762.99191997749,experiment,FIFO,0.28,0,variant_6
7840,INSPECTION_1_2,INSPECTION_1_2_LINE,27757.730616831577,0.20795607676700456,7,0.20795607676700456,123.01573331797408,5.26130314591137,37,27634.714883513603,27762.99191997749,experiment,FIFO,0.28,0,variant_6
7840,INSPECTION_1_3,INSPECTION_1_3_LINE,27760.320574159745,2.5899573281676567,8,2.5899573281676567,125.60569064614174,2.6713458177437133,37,27634.714883513603,27762.99191997749,experiment,FIFO,0.28,0,variant_6
7840,INSPECTION_1_4,INSPECTION_1_4_LINE,27762.1171754378,1.7966012780561869,9,1.7966012780561869,127.40229192419793,0.8747445396875264,38,27634.714883513603,27762.99191997749,experiment,FIFO,0.28,0,variant_6
7840,INSPECTION_1_5,INSPECTION_1_5_LINE,27762.7419318574,0.6247564195982704,10,0.6247564195982704,128.0270483437962,0.24998812008925597,38,27634.714883513603,27762.99191997749,experiment,FIFO,0.28,0,variant_6
7840,INSPECTION_1_6,INSPECTION_1_6_LINE,27762.97632387406,0.2343920166604221,11,0.2343920166604221,128.26144036045662,0.015596103428833885,38,27634.714883513603,27762.99191997749,experiment,FIFO,0.28,0,variant_6
7840,INSPECTION_1_7,INSPECTION_1_7_LINE,27762.99191997749,0.015596103428833885,12,0.015596103428833885,128.27703646388545,0.0,37,27634.714883513603,27762.99191997749,experiment,FIFO,0.28,0,variant_6
7841,MOULDING_5,MOULDING_MACHINE_5,27644.705434970063,11.308142586440226,1,0.0,0.0,134.8463204536347,22,27644.705434970063,27779.551755423698,experiment,FIFO,0.28,0,variant_6
7841,ASSEMBLY_1_5,LINE_5_ASSEMBLY1,27650.96783106109,6.262396091027767,2,6.262396091027767,6.262396091027767,128.58392436260692,22,27644.705434970063,27779.551755423698,experiment,FIFO,0.28,0,variant_6
7841,ASSEMBLY_2_1,ASSEMBLY2_LINE_1,27754.404478887773,3.6235915870420286,3,103.43664782668202,109.69904391770979,25.147276535924902,37,27644.705434970063,27779.551755423698,experiment,FIFO,0.28,0,variant_6
7841,SORTING,SORTING_ROBOT_1,27764.224890402205,0.4091517276065133,4,9.820411514432635,119.51945543214242,15.326865021492267,38,27644.705434970063,27779.551755423698,experiment,FIFO,0.28,0,variant_6
7841,PACKAGING_3,PACKAGING_LINE_3,27773.26268092681,9.037790524605953,5,9.037790524605953,128.55724595674837,6.289074496886315,37,27644.705434970063,27779.551755423698,experiment,FIFO,0.28,0,variant_6
7841,INSPECTION_1_1,INSPECTION_1_1_LINE,27773.70599338652,0.44331245970897726,6,0.44331245970897726,129.00055841645735,5.845762037177337,36,27644.705434970063,27779.551755423698,experiment,FIFO,0.28,0,variant_6
7841,INSPECTION_1_1,INSPECTION_1_1_LINE,27775.10783906421,1.4018456776902894,7,1.4018456776902894,130.40240409414764,4.443916359487048,36,27644.705434970063,27779.551755423698,experiment,FIFO,0.28,0,variant_6
7841,INSPECTION_1_2,INSPECTION_1_2_LINE,27775.34730410036,0.23946503614934045,8,0.23946503614934045,130.64186913029698,4.204451323337707,36,27644.705434970063,27779.551755423698,experiment,FIFO,0.28,0,variant_6
7841,INSPECTION_1_3,INSPECTION_1_3_LINE,27776.71069603545,1.3633919350904762,9,1.3633919350904762,132.00526106538746,2.8410593882472313,35,27644.705434970063,27779.551755423698,experiment,FIFO,0.28,0,variant_6
7841,INSPECTION_1_4,INSPECTION_1_4_LINE,27777.806613020704,1.0959169852540072,10,1.0959169852540072,133.10117805064147,1.745142402993224,35,27644.705434970063,27779.551755423698,experiment,FIFO,0.28,0,variant_6
7841,INSPECTION_1_5,INSPECTION_1_5_LINE,27779.01984050912,1.2132274884170329,11,1.2132274884170329,134.3144055390585,0.5319149145761912,35,27644.705434970063,27779.551755423698,experiment,FIFO,0.28,0,variant_6
7841,INSPECTION_1_6,INSPECTION_1_6_LINE,27779.31819592276,0.2983554136371822,12,0.2983554136371822,134.61276095269568,0.233559500939009,35,27644.705434970063,27779.551755423698,experiment,FIFO,0.28,0,variant_6
7841,INSPECTION_1_7,INSPECTION_1_7_LINE,27779.551755423698,0.233559500939009,13,0.233559500939009,134.8463204536347,0.0,34,27644.705434970063,27779.551755423698,experiment,FIFO,0.28,0,variant_6
7842,MOULDING_2,MOULDING_MACHINE_2,27647.08759485435,1.7062910947461205,1,0.0,0.0,146.93680305602902,23,27647.08759485435,27794.02439791038,experiment,FIFO,0.28,0,variant_2
7842,ASSEMBLY_1_3,LINE_3_ASSEMBLY1,27659.344179770327,12.256584915976418,2,12.256584915976418,12.256584915976418,134.6802181400526,20,27647.08759485435,27794.02439791038,experiment,FIFO,0.28,0,variant_2
7842,ASSEMBLY_2_1,ASSEMBLY2_LINE_1,27762.663456225306,5.619695477242203,3,103.31927645497854,115.57586137095495,31.360941685074067,38,27647.08759485435,27794.02439791038,experiment,FIFO,0.28,0,variant_2
7842,SORTING,SORTING_ROBOT_1,27780.124333092805,10.853472078117193,4,17.460876867498882,133.03673823845384,13.900064817575185,34,27647.08759485435,27794.02439791038,experiment,FIFO,0.28,0,variant_2
7842,PACKAGING_3,PACKAGING_LINE_3,27788.57561985246,8.451286759656796,5,8.451286759656796,141.48802499811063,5.448778057918389,37,27647.08759485435,27794.02439791038,experiment,FIFO,0.28,0,variant_2
7842,INSPECTION_2_1,INSPECTION_2_1_LINE,27789.138984347308,0.5633644948466099,6,0.5633644948466099,142.05138949295724,4.885413563071779,37,27647.08759485435,27794.02439791038,experiment,FIFO,0.28,0,variant_2
7842,INSPECTION_2_2,INSPECTION_2_2_LINE,27789.84578591443,0.706801567121147,7,0.706801567121147,142.7581910600784,4.178611995950632,37,27647.08759485435,27794.02439791038,experiment,FIFO,0.28,0,variant_2
7842,INSPECTION_2_3,INSPECTION_2_3_LINE,27791.02176248446,1.1759765700298885,8,1.1759765700298885,143.93416763010828,3.0026354259207437,37,27647.08759485435,27794.02439791038,experiment,FIFO,0.28,0,variant_2
7842,INSPECTION_2_4,INSPECTION_2_4_LINE,27791.849369321928,0.8276068374689203,9,0.8276068374689203,144.7617744675772,2.1750285884518235,38,27647.08759485435,27794.02439791038,experiment,FIFO,0.28,0,variant_2
7842,INSPECTION_2_5,INSPECTION_2_5_LINE,27792.55923376536,0.7098644434336165,10,0.7098644434336165,145.4716389110108,1.465164145018207,38,27647.08759485435,27794.02439791038,experiment,FIFO,0.28,0,variant_2
7842,INSPECTION_2_6,INSPECTION_2_6_LINE,27793.07939495457,0.5201611892080109,11,0.5201611892080109,145.99180010021882,0.945002955810196,38,27647.08759485435,27794.02439791038,experiment,FIFO,0.28,0,variant_2
7842,INSPECTION_2_7,INSPECTION_2_7_LINE,27794.02439791038,0.945002955810196,12,0.945002955810196,146.93680305602902,0.0,38,27647.08759485435,27794.02439791038,experiment,FIFO,0.28,0,variant_2
7843,MOULDING_5,MOULDING_MACHINE_5,27658.17355039713,8.42823109776873,1,0.0,0.0,117.41200136030966,20,27658.17355039713,27775.58555175744,experiment,FIFO,0.28,0,variant_1
7843,ASSEMBLY_1_1,LINE_1_ASSEMBLY1,27659.08576343302,0.9122130358919094,2,0.9122130358919094,0.9122130358919094,116.49978832441775,20,27658.17355039713,27775.58555175744,experiment,FIFO,0.28,0,variant_1
7843,ASSEMBLY_2_1,ASSEMBLY2_LINE_1,27757.043760748064,2.6392818602907937,3,97.95799731504303,98.87021035093494,18.54179100937472,37,27658.17355039713,27775.58555175744,experiment,FIFO,0.28,0,variant_1
7843,SORTING,SORTING_ROBOT_1,27769.270861014687,5.045970612482051,4,12.227100266623893,111.09731061755883,6.314690742750827,37,27658.17355039713,27775.58555175744,experiment,FIFO,0.28,0,variant_1
7843,PACKAGING_2,PACKAGING_LINE_2,27770.1155980843,0.8447370696121652,5,0.8447370696121652,111.942047687171,5.4699536731386615,37,27658.17355039713,27775.58555175744,experiment,FIFO,0.28,0,variant_1
7843,INSPECTION_1_1,INSPECTION_1_1_LINE,27770.802295807727,0.6866977234276419,6,0.6866977234276419,112.62874541059864,4.78325594971102,37,27658.17355039713,27775.58555175744,experiment,FIFO,0.28,0,variant_1
7843,INSPECTION_1_2,INSPECTION_1_2_LINE,27772.3994509507,1.597155142972042,7,1.597155142972042,114.22590055357068,3.1861008067389776,38,27658.17355039713,27775.58555175744,experiment,FIFO,0.28,0,variant_1
7843,INSPECTION_1_3,INSPECTION_1_3_LINE,27772.79148239636,0.3920314456590859,8,0.3920314456590859,114.61793199922977,2.7940693610798917,37,27658.17355039713,27775.58555175744,experiment,FIFO,0.28,0,variant_1
7843,INSPECTION_1_4,INSPECTION_1_4_LINE,27773.18679163804,0.3953092416813888,9,0.3953092416813888,115.01324124091116,2.398760119398503,37,27658.17355039713,27775.58555175744,experiment,FIFO,0.28,0,variant_1
7843,INSPECTION_1_5,INSPECTION_1_5_LINE,27773.50585731127,0.3190656732294883,10,0.3190656732294883,115.33230691414064,2.0796944461690146,36,27658.17355039713,27775.58555175744,experiment,FIFO,0.28,0,variant_1
7843,INSPECTION_1_6,INSPECTION_1_6_LINE,27775.10386643986,1.598009128589183,11,1.598009128589183,116.93031604272983,0.48168531757983146,36,27658.17355039713,27775.58555175744,experiment,FIFO,0.28,0,variant_1
7843,INSPECTION_1_7,INSPECTION_1_7_LINE,27775.58555175744,0.48168531757983146,12,0.48168531757983146,117.41200136030966,0.0,35,27658.17355039713,27775.58555175744,experiment,FIFO,0.28,0,variant_1
7844,MOULDING_2,MOULDING_MACHINE_2,27664.605180050232,8.261111899711977,1,0.0,0.0,57.79050846595783,21,27664.605180050232,27722.39568851619,experiment,FIFO,0.28,0,variant_6
7844,ASSEMBLY_1_3,LINE_3_ASSEMBLY1,27665.922108764466,1.3169287142336543,2,1.3169287142336543,1.3169287142336543,56.47357975172417,21,27664.605180050232,27722.39568851619,experiment,FIFO,0.28,0,variant_6
7844,ASSEMBLY_2_2,ASSEMBLY2_LINE_2,27671.69487999449,5.772771230025683,3,5.772771230025683,7.089699944259337,50.70080852169849,26,27664.605180050232,27722.39568851619,experiment,FIFO,0.28,0,variant_6
7844,SORTING,SORTING_ROBOT_1,27686.47057741404,2.971260836078727,4,14.775697419547214,21.86539736380655,35.92511110215128,25,27664.605180050232,27722.39568851619,experiment,FIFO,0.28,0,variant_6
7844,PACKAGING_1,PACKAGING_LINE_1,27711.545665831683,13.304897201833228,5,25.07508841764502,46.94048578145157,10.850022684506257,27,27664.605180050232,27722.39568851619,experiment,FIFO,0.28,0,variant_6
7844,INSPECTION_1_1,INSPECTION_1_1_LINE,27717.561007577933,5.764602486138756,6,6.01534174624976,52.95582752770133,4.834680938256497,31,27664.605180050232,27722.39568851619,experiment,FIFO,0.28,0,variant_6
7844,INSPECTION_1_2,INSPECTION_1_2_LINE,27717.84003040729,0.27902282935610856,7,0.27902282935610856,53.23485035705744,4.5556581089003885,31,27664.605180050232,27722.39568851619,experiment,FIFO,0.28,0,variant_6
7844,INSPECTION_1_3,INSPECTION_1_3_LINE,27718.44391653616,0.6038861288689077,8,0.6038861288689077,53.83873648592635,3.951771980031481,31,27664.605180050232,27722.39568851619,experiment,FIFO,0.28,0,variant_6
7844,INSPECTION_1_4,INSPECTION_1_4_LINE,27719.430188993003,0.9862724568447447,9,0.9862724568447447,54.82500894277109,2.965499523186736,31,27664.605180050232,27722.39568851619,experiment,FIFO,0.28,0,variant_6
7844,INSPECTION_1_5,INSPECTION_1_5_LINE,27720.275934746656,0.8457457536533184,10,0.8457457536533184,55.67075469642441,2.1197537695334177,32,27664.605180050232,27722.39568851619,experiment,FIFO,0.28,0,variant_6
7844,INSPECTION_1_6,INSPECTION_1_6_LINE,27722.0709243601,1.4708887531596702,11,1.7949896134450682,57.46574430986948,0.3247641560883494,30,27664.605180050232,27722.39568851619,experiment,FIFO,0.28,0,variant_6
7844,INSPECTION_1_7,INSPECTION_1_7_LINE,27722.39568851619,0.3247641560883494,12,0.3247641560883494,57.79050846595783,0.0,29,27664.605180050232,27722.39568851619,experiment,FIFO,0.28,0,variant_6
7845,MOULDING_4,MOULDING_MACHINE_4,27667.716591963734,7.606358696932148,1,0.0,0.0,164.8215567617881,22,27667.716591963734,27832.53814872552,experiment,FIFO,0.28,0,variant_3
7845,ASSEMBLY_1_4,LINE_4_ASSEMBLY1,27674.501036903857,6.784444940123649,2,6.784444940123649,6.784444940123649,158.03711182166444,28,27667.716591963734,27832.53814872552,experiment,FIFO,0.28,0,variant_3
7845,ASSEMBLY_2_1,ASSEMBLY2_LINE_1,27818.875832805217,29.606242212776124,3,144.3747959013599,151.15924084148355,13.662315920304536,36,27667.716591963734,27832.53814872552,experiment,FIFO,0.28,0,variant_3
7845,SORTING,SORTING_ROBOT_1,27820.7326580563,1.8568252510813181,4,1.8568252510813181,153.01606609256487,11.805490669223218,36,27667.716591963734,27832.53814872552,experiment,FIFO,0.28,0,variant_3
7845,PACKAGING_1,PACKAGING_LINE_1,27824.058182089066,3.3255240327671345,5,3.3255240327671345,156.341590125332,8.479966636456084,37,27667.716591963734,27832.53814872552,experiment,FIFO,0.28,0,variant_3
7845,INSPECTION_1_1,INSPECTION_1_1_LINE,27824.928532873084,0.8703507840182283,6,0.8703507840182283,157.21194090935023,7.609615852437855,38,27667.716591963734,27832.53814872552,experiment,FIFO,0.28,0,variant_3
7845,INSPECTION_1_2,INSPECTION_1_2_LINE,27826.79777666273,1.8692437896461342,7,1.8692437896461342,159.08118469899637,5.740372062791721,38,27667.716591963734,27832.53814872552,experiment,FIFO,0.28,0,variant_3
7845,INSPECTION_1_3,INSPECTION_1_3_LINE,27827.13211753377,0.3343408710388758,8,0.3343408710388758,159.41552557003524,5.406031191752845,38,27667.716591963734,27832.53814872552,experiment,FIFO,0.28,0,variant_3
7845,INSPECTION_1_4,INSPECTION_1_4_LINE,27829.289255055843,2.1571375220737536,9,2.1571375220737536,161.572663092109,3.2488936696790915,38,27667.716591963734,27832.53814872552,experiment,FIFO,0.28,0,variant_3
7845,INSPECTION_1_5,INSPECTION_1_5_LINE,27830.75694718508,1.4676921292375482,10,1.4676921292375482,163.04035522134654,1.7812015404415433,39,27667.716591963734,27832.53814872552,experiment,FIFO,0.28,0,variant_3
7845,INSPECTION_1_6,INSPECTION_1_6_LINE,27831.16228415397,0.4053369688881503,11,0.4053369688881503,163.4456921902347,1.375864571553393,39,27667.716591963734,27832.53814872552,experiment,FIFO,0.28,0,variant_3
7845,INSPECTION_1_7,INSPECTION_1_7_LINE,27832.53814872552,1.375864571553393,12,1.375864571553393,164.8215567617881,0.0,38,27667.716591963734,27832.53814872552,experiment,FIFO,0.28,0,variant_3
7846,MOULDING_4,MOULDING_MACHINE_4,27669.482725540947,1.7661335772136226,1,0.0,0.0,129.85864318990207,23,27669.482725540947,27799.34136873085,experiment,FIFO,0.28,0,variant_1
7846,ASSEMBLY_1_5,LINE_5_ASSEMBLY1,27670.576513275053,1.0937877341057174,2,1.0937877341057174,1.0937877341057174,128.76485545579635,23,27669.482725540947,27799.34136873085,experiment,FIFO,0.28,0,variant_1
7846,ASSEMBLY_2_1,ASSEMBLY2_LINE_1,27772.51880879304,9.855352567734371,3,101.94229551798708,103.0360832520928,26.822559937809274,38,27669.482725540947,27799.34136873085,experiment,FIFO,0.28,0,variant_1
7846,SORTING,SORTING_ROBOT_1,27780.52164250005,0.32872170317932614,4,8.002833707010723,111.03891695910352,18.81972623079855,34,27669.482725540947,27799.34136873085,experiment,FIFO,0.28,0,variant_1
7846,PACKAGING_1,PACKAGING_LINE_1,27788.62528185727,0.11072886377951363,5,8.103639357217617,119.14255631632113,10.716086873580934,37,27669.482725540947,27799.34136873085,experiment,FIFO,0.28,0,variant_1
7846,INSPECTION_2_1,INSPECTION_2_1_LINE,27789.84080783337,0.7018234860624943,6,1.2155259761020716,120.3580822924232,9.500560897478863,37,27669.482725540947,27799.34136873085,experiment,FIFO,0.28,0,variant_1
7846,INSPECTION_2_2,INSPECTION_2_2_LINE,27790.991462711423,1.1456767969939392,7,1.1506548780525918,121.5087371704758,8.349906019426271,37,27669.482725540947,27799.34136873085,experiment,FIFO,0.28,0,variant_1
7846,INSPECTION_2_3,INSPECTION_2_3_LINE,27791.069759632755,0.047997148296417436,8,0.07829692133236676,121.58703409180816,8.271609098093904,37,27669.482725540947,27799.34136873085,experiment,FIFO,0.28,0,variant_1
7846,INSPECTION_2_4,INSPECTION_2_4_LINE,27796.456701530755,4.607332208826847,9,5.38694189799935,126.97397598980751,2.8846672000945546,38,27669.482725540947,27799.34136873085,experiment,FIFO,0.28,0,variant_1
7846,INSPECTION_2_5,INSPECTION_2_5_LINE,27797.62483131274,1.1681297819850442,10,1.1681297819850442,128.14210577179256,1.7165374181095103,38,27669.482725540947,27799.34136873085,experiment,FIFO,0.28,0,variant_1
7846,INSPECTION_2_6,INSPECTION_2_6_LINE,27798.30487423497,0.6800429222312232,11,0.6800429222312232,128.82214869402378,1.0364944958782871,38,27669.482725540947,27799.34136873085,experiment,FIFO,0.28,0,variant_1
7846,INSPECTION_2_7,INSPECTION_2_7_LINE,27799.34136873085,1.0364944958782871,12,1.0364944958782871,129.85864318990207,0.0,36,27669.482725540947,27799.34136873085,experiment,FIFO,0.28,0,variant_1
7847,MOULDING_3,MOULDING_MACHINE_3,27671.322451134565,5.462918224991881,1,0.0,0.0,50.10408603870383,26,27671.322451134565,27721.42653717327,experiment,FIFO,0.28,0,variant_4
7847,ASSEMBLY_1_1,LINE_1_ASSEMBLY1,27684.321651167746,1.3530499436928949,2,12.999200033180387,12.999200033180387,37.10488600552344,24,27671.322451134565,27721.42653717327,experiment,FIFO,0.28,0,variant_4
7847,ASSEMBLY_2_2,ASSEMBLY2_LINE_2,27688.20023152629,1.2769222033894039,3,3.8785803585451504,16.877780391725537,33.22630564697829,25,27671.322451134565,27721.42653717327,experiment,FIFO,0.28,0,variant_4
7847,SORTING,SORTING_ROBOT_1,27710.1572380025,6.384012304384669,4,21.957006476208335,38.83478686793387,11.269299170769955,29,27671.322451134565,27721.42653717327,experiment,FIFO,0.28,0,variant_4
7847,PACKAGING_2,PACKAGING_LINE_2,27711.211669544937,1.0544315424376691,5,1.0544315424376691,39.88921841037154,10.214867628332286,27,27671.322451134565,27721.42653717327,experiment,FIFO,0.28,0,variant_4
7847,INSPECTION_1_1,INSPECTION_1_1_LINE,27711.796405091794,0.5847355468577007,6,0.5847355468577007,40.47395395722924,9.630132081474585,27,27671.322451134565,27721.42653717327,experiment,FIFO,0.28,0,variant_4
7847,INSPECTION_1_2,INSPECTION_1_2_LINE,27712.65661252219,0.8602074303962581,7,0.8602074303962581,41.3341613876255,8.769924651078327,29,27671.322451134565,27721.42653717327,experiment,FIFO,0.28,0,variant_4
7847,INSPECTION_1_3,INSPECTION_1_3_LINE,27715.79818957181,3.141577049620537,8,3.141577049620537,44.47573843724604,5.62834760145779,31,27671.322451134565,27721.42653717327,experiment,FIFO,0.28,0,variant_4
7847,INSPECTION_1_4,INSPECTION_1_4_LINE,27716.20781022893,0.4096206571193761,9,0.4096206571193761,44.88535909436541,5.218726944338414,31,27671.322451134565,27721.42653717327,experiment,FIFO,0.28,0,variant_4
7847,INSPECTION_1_5,INSPECTION_1_5_LINE,27719.31186284251,1.550998840109969,10,3.1040526135802793,47.98941170794569,2.1146743307581346,31,27671.322451134565,27721.42653717327,experiment,FIFO,0.28,0,variant_4
7847,INSPECTION_1_6,INSPECTION_1_6_LINE,27720.60003560694,0.8261819906110759,11,1.288172764430783,49.277584472376475,0.8265015663273516,32,27671.322451134565,27721.42653717327,experiment,FIFO,0.28,0,variant_4
7847,INSPECTION_1_7,INSPECTION_1_7_LINE,27721.42653717327,0.544897119019879,12,0.8265015663273516,50.10408603870383,0.0,30,27671.322451134565,27721.42653717327,experiment,FIFO,0.28,0,variant_4
7848,MOULDING_4,MOULDING_MACHINE_4,27670.7310314472,1.2483059062542452,1,0.0,0.0,139.69142995043876,24,27670.7310314472,27810.42246139764,experiment,FIFO,0.28,0,variant_6
7848,ASSEMBLY_1_5,LINE_5_ASSEMBLY1,27674.2837199706,3.5526885233994108,2,3.5526885233994108,3.5526885233994108,136.13874142703935,28,27670.7310314472,27810.42246139764,experiment,FIFO,0.28,0,variant_6
7848,ASSEMBLY_2_1,ASSEMBLY2_LINE_1,27789.26959059244,16.75078179940101,3,114.98587062184015,118.53855914523956,21.1528708051992,37,27670.7310314472,27810.42246139764,experiment,FIFO,0.28,0,variant_6
7848,SORTING,SORTING_ROBOT_1,27797.82650633936,6.412264776878146,4,8.556915746918094,127.09547489215765,12.595955058281106,38,27670.7310314472,27810.42246139764,experiment,FIFO,0.28,0,variant_6
7848,PACKAGING_2,PACKAGING_LINE_2,27797.96040169212,0.1338953527592821,5,0.1338953527592821,127.22937024491694,12.462059705521824,38,27670.7310314472,27810.42246139764,experiment,FIFO,0.28,0,variant_6
7848,INSPECTION_1_1,INSPECTION_1_1_LINE,27798.53358882891,0.5731871367897838,6,0.5731871367897838,127.80255738170672,11.88887256873204,38,27670.7310314472,27810.42246139764,experiment,FIFO,0.28,0,variant_6
7848,INSPECTION_1_2,INSPECTION_1_2_LINE,27798.641691762463,0.10810293355461909,7,0.10810293355461909,127.91066031526134,11.780769635177421,38,27670.7310314472,27810.42246139764,experiment,FIFO,0.28,0,variant_6
7848,INSPECTION_1_3,INSPECTION_1_3_LINE,27798.68773650788,0.04604474541702075,8,0.04604474541702075,127.95670506067836,11.7347248897604,38,27670.7310314472,27810.42246139764,experiment,FIFO,0.28,0,variant_6
7848,INSPECTION_1_4,INSPECTION_1_4_LINE,27802.096837934347,0.853971979337075,9,3.4091014264668047,131.36580648714516,8.325623463293596,37,27670.7310314472,27810.42246139764,experiment,FIFO,0.28,0,variant_6
7848,INSPECTION_1_5,INSPECTION_1_5_LINE,27803.202064512105,1.1052265777580033,10,1.1052265777580033,132.47103306490317,7.2203968855355924,37,27670.7310314472,27810.42246139764,experiment,FIFO,0.28,0,variant_6
7848,INSPECTION_1_6,INSPECTION_1_6_LINE,27810.04567087016,6.702595544040378,11,6.843606358055695,139.31463942295886,0.3767905274798977,36,27670.7310314472,27810.42246139764,experiment,FIFO,0.28,0,variant_6
7848,INSPECTION_1_7,INSPECTION_1_7_LINE,27810.42246139764,0.3767905274798977,12,0.3767905274798977,139.69142995043876,0.0,35,27670.7310314472,27810.42246139764,experiment,FIFO,0.28,0,variant_6
7849,MOULDING_2,MOULDING_MACHINE_2,27669.134501147204,2.877929511174443,1,0.0,0.0,62.723248259124375,22,27669.134501147204,27731.85774940633,experiment,FIFO,0.28,0,variant_1
7849,ASSEMBLY_1_1,LINE_1_ASSEMBLY1,27682.968601224053,13.8341000768487,2,13.8341000768487,13.8341000768487,48.889148182275676,25,27669.134501147204,27731.85774940633,experiment,FIFO,0.28,0,variant_1
7849,ASSEMBLY_2_2,ASSEMBLY2_LINE_2,27686.9233093229,3.9547080988486414,3,3.9547080988486414,17.78880817569734,44.934440083427035,25,27669.134501147204,27731.85774940633,experiment,FIFO,0.28,0,variant_1
7849,SORTING,SORTING_ROBOT_1,27703.773225698114,1.0228533526023966,4,16.84991637521307,34.63872455091041,28.084523708213965,28,27669.134501147204,27731.85774940633,experiment,FIFO,0.28,0,variant_1
7849,PACKAGING_1,PACKAGING_LINE_1,27716.88499113026,3.6626276773422433,5,13.111765432146058,47.75048998305647,14.972758276067907,31,27669.134501147204,27731.85774940633,experiment,FIFO,0.28,0,variant_1
7849,INSPECTION_1_1,INSPECTION_1_1_LINE,27720.573531452468,0.09590221528560505,6,3.6885403222077002,51.43903030526417,11.284217953860207,32,27669.134501147204,27731.85774940633,experiment,FIFO,0.28,0,variant_1
7849,INSPECTION_1_2,INSPECTION_1_2_LINE,27722.10219434638,0.994891952330363,7,1.528662893910223,52.96769319917439,9.755555059949984,30,27669.134501147204,27731.85774940633,experiment,FIFO,0.28,0,variant_1
7849,INSPECTION_1_3,INSPECTION_1_3_LINE,27725.41070931077,3.3085149643920886,8,3.3085149643920886,56.27620816356648,6.447040095557895,30,27669.134501147204,27731.85774940633,experiment,FIFO,0.28,0,variant_1
7849,INSPECTION_1_4,INSPECTION_1_4_LINE,27727.06493279953,1.6542234887601808,9,1.6542234887601808,57.93043165232666,4.7928166067977145,31,27669.134501147204,27731.85774940633,experiment,FIFO,0.28,0,variant_1
7849,INSPECTION_1_5,INSPECTION_1_5_LINE,27731.18387044176,1.476462303839071,10,4.1189376422298665,62.04936929455653,0.673878964567848,31,27669.134501147204,27731.85774940633,experiment,FIFO,0.28,0,variant_1
7849,INSPECTION_1_6,INSPECTION_1_6_LINE,27731.32630203532,0.14243159355828539,11,0.14243159355828539,62.19180088811481,0.5314473710095626,31,27669.134501147204,27731.85774940633,experiment,FIFO,0.28,0,variant_1
7849,INSPECTION_1_7,INSPECTION_1_7_LINE,27731.85774940633,0.28234402750604204,12,0.5314473710095626,62.723248259124375,0.0,29,27669.134501147204,27731.85774940633,experiment,FIFO,0.28,0,variant_1
7850,MOULDING_4,MOULDING_MACHINE_4,27693.123023366952,22.39199191975058,1,0.0,0.0,155.46514521269637,23,27693.123023366952,27848.58816857965,experiment,FIFO,0.28,0,variant_3
7850,ASSEMBLY_1_3,LINE_3_ASSEMBLY1,27696.190521648467,3.0674982815144176,2,3.0674982815144176,3.0674982815144176,152.39764693118195,25,27693.123023366952,27848.58816857965,experiment,FIFO,0.28,0,variant_3
7850,ASSEMBLY_2_1,ASSEMBLY2_LINE_1,27832.782411908684,7.460118557915848,3,136.59189026021704,139.65938854173146,15.80575667096491,38,27693.123023366952,27848.58816857965,experiment,FIFO,0.28,0,variant_3
7850,SORTING,SORTING_ROBOT_1,27835.13962987542,0.6381039841180609,4,2.357217966735334,142.0166065084668,13.448538704229577,38,27693.123023366952,27848.58816857965,experiment,FIFO,0.28,0,variant_3
7850,PACKAGING_2,PACKAGING_LINE_2,27842.980547620275,7.8409177448556875,5,7.8409177448556875,149.85752425332248,5.6076209593738895,37,27693.123023366952,27848.58816857965,experiment,FIFO,0.28,0,variant_3
7850,INSPECTION_2_1,INSPECTION_2_1_LINE,27842.987040745906,0.006493125631095609,6,0.006493125631095609,149.86401737895358,5.601127833742794,37,27693.123023366952,27848.58816857965,experiment,FIFO,0.28,0,variant_3
7850,INSPECTION_2_2,INSPECTION_2_2_LINE,27843.37002681789,0.38298607198521495,7,0.38298607198521495,150.2470034509388,5.218141761757579,37,27693.123023366952,27848.58816857965,experiment,FIFO,0.28,0,variant_3
7850,INSPECTION_2_3,INSPECTION_2_3_LINE,27843.9222204904,0.55219367250902,8,0.55219367250902,150.7991971234478,4.665948089248559,37,27693.123023366952,27848.58816857965,experiment,FIFO,0.28,0,variant_3
7850,INSPECTION_2_4,INSPECTION_2_4_LINE,27844.234308961604,0.3120884712043335,9,0.3120884712043335,151.11128559465214,4.3538596180442255,37,27693.123023366952,27848.58816857965,experiment,FIFO,0.28,0,variant_3
7850,INSPECTION_2_5,INSPECTION_2_5_LINE,27844.92350122491,0.689192263303994,10,0.689192263303994,151.80047785795614,3.6646673547402315,37,27693.123023366952,27848.58816857965,experiment,FIFO,0.28,0,variant_3
7850,INSPECTION_2_6,INSPECTION_2_6_LINE,27846.09153247732,1.1680312524113106,11,1.1680312524113106,152.96850911036745,2.496636102328921,37,27693.123023366952,27848.58816857965,experiment,FIFO,0.28,0,variant_3
7850,INSPECTION_2_7,INSPECTION_2_7_LINE,27848.58816857965,2.496636102328921,12,2.496636102328921,155.46514521269637,0.0,36,27693.123023366952,27848.58816857965,experiment,FIFO,0.28,0,variant_3
7851,MOULDING_1,MOULDING_MACHINE_1,27670.859651134662,2.8093794569576858,1,0.0,0.0,50.021988919586875,25,27670.859651134662,27720.88164005425,experiment,FIFO,0.28,0,variant_5
7851,ASSEMBLY_1_4,LINE_4_ASSEMBLY1,27677.16824456719,2.6672076633331017,2,6.308593432528141,6.308593432528141,43.71339548705873,26,27670.859651134662,27720.88164005425,experiment,FIFO,0.28,0,variant_5
7851,ASSEMBLY_2_2,ASSEMBLY2_LINE_2,27680.219380651703,3.051136084512109,3,3.051136084512109,9.35972951704025,40.662259402546624,25,27670.859651134662,27720.88164005425,experiment,FIFO,0.28,0,variant_5
7851,SORTING,SORTING_ROBOT_1,27695.296632944657,8.82605553061876,4,15.077252292954654,24.436981809994904,25.58500710959197,24,27670.859651134662,27720.88164005425,experiment,FIFO,0.28,0,variant_5
7851,PACKAGING_2,PACKAGING_LINE_2,27696.867613980165,1.5709810355074296,5,1.5709810355074296,26.007962845502334,24.01402607408454,25,27670.859651134662,27720.88164005425,experiment,FIFO,0.28,0,variant_5
7851,INSPECTION_1_1,INSPECTION_1_1_LINE,27700.89341031934,0.14465864753947244,6,4.025796339174121,30.033759184676455,19.98822973491042,26,27670.859651134662,27720.88164005425,experiment,FIFO,0.28,0,variant_5
7851,INSPECTION_1_1,INSPECTION_1_1_LINE,27702.601037805605,0.6917225362558383,7,1.7076274862665741,31.74138667094303,18.280602248643845,27,27670.859651134662,27720.88164005425,experiment,FIFO,0.28,0,variant_5
7851,INSPECTION_1_2,INSPECTION_1_2_LINE,27705.52780750578,1.0428445448887942,8,2.926769700174191,34.66815637111722,15.353832548469654,28,27670.859651134662,27720.88164005425,experiment,FIFO,0.28,0,variant_5
7851,INSPECTION_1_3,INSPECTION_1_3_LINE,27705.78456147445,0.2567539686715463,9,0.2567539686715463,34.92491033978877,15.097078579798108,28,27670.859651134662,27720.88164005425,experiment,FIFO,0.28,0,variant_5
7851,INSPECTION_1_4,INSPECTION_1_4_LINE,27710.14317092684,3.0871783636575856,10,4.358609452388919,39.283519792177685,10.73846912740919,29,27670.859651134662,27720.88164005425,experiment,FIFO,0.28,0,variant_5
7851,INSPECTION_1_5,INSPECTION_1_5_LINE,27717.7608640024,1.656889735491859,11,7.617693075560965,46.90121286773865,3.1207760518482246,31,27670.859651134662,27720.88164005425,experiment,FIFO,0.28,0,variant_5
7851,INSPECTION_1_6,INSPECTION_1_6_LINE,27719.77385361633,1.887306587799685,12,2.012989613929676,48.914202481668326,1.1077864379185485,31,27670.859651134662,27720.88164005425,experiment,FIFO,0.28,0,variant_5
7851,INSPECTION_1_7,INSPECTION_1_7_LINE,27720.88164005425,1.1077864379185485,13,1.1077864379185485,50.021988919586875,0.0,31,27670.859651134662,27720.88164005425,experiment,FIFO,0.28,0,variant_5
7852,MOULDING_4,MOULDING_MACHINE_4,27693.454046524752,0.3310231577997911,1,0.0,0.0,79.87277373333563,24,27693.454046524752,27773.326820258088,experiment,FIFO,0.28,0,variant_6
7852,ASSEMBLY_1_4,LINE_4_ASSEMBLY1,27719.692901063925,1.449079580957914,2,26.23885453917319,26.23885453917319,53.633919194162445,31,27693.454046524752,27773.326820258088,experiment,FIFO,0.28,0,variant_6
7852,ASSEMBLY_2_2,ASSEMBLY2_LINE_2,27753.38321613809,1.849280650858418,3,33.690315074163664,59.92916961333685,19.94360411999878,37,27693.454046524752,27773.326820258088,experiment,FIFO,0.28,0,variant_6
7852,SORTING,SORTING_ROBOT_1,27763.8157386746,7.998742720021255,4,10.432522536510078,70.36169214984693,9.511081583488703,38,27693.454046524752,27773.326820258088,experiment,FIFO,0.28,0,variant_6
7852,PACKAGING_2,PACKAGING_LINE_2,27766.389948554963,2.5742098803639237,5,2.5742098803639237,72.93590203021085,6.93687170312478,37,27693.454046524752,27773.326820258088,experiment,FIFO,0.28,0,variant_6
7852,INSPECTION_2_1,INSPECTION_2_1_LINE,27767.778658707328,1.3887101523650927,6,1.3887101523650927,74.32461218257595,5.548161550759687,37,27693.454046524752,27773.326820258088,experiment,FIFO,0.28,0,variant_6
7852,INSPECTION_2_2,INSPECTION_2_2_LINE,27768.94170551023,1.1630468029034091,7,1.1630468029034091,75.48765898547936,4.385114747856278,37,27693.454046524752,27773.326820258088,experiment,FIFO,0.28,0,variant_6
7852,INSPECTION_2_3,INSPECTION_2_3_LINE,27770.519748465904,1.5780429556725721,8,1.5780429556725721,77.06570194115193,2.807071792183706,37,27693.454046524752,27773.326820258088,experiment,FIFO,0.28,0,variant_6
7852,INSPECTION_2_4,INSPECTION_2_4_LINE,27770.565093700807,0.04534523490292486,9,0.04534523490292486,77.11104717605485,2.761726557280781,37,27693.454046524752,27773.326820258088,experiment,FIFO,0.28,0,variant_6
7852,INSPECTION_2_5,INSPECTION_2_5_LINE,27771.583728579088,1.0186348782808636,10,1.0186348782808636,78.12968205433572,1.7430916789999173,37,27693.454046524752,27773.326820258088,experiment,FIFO,0.28,0,variant_6
7852,INSPECTION_2_6,INSPECTION_2_6_LINE,27772.216360276267,0.632631697179022,11,0.632631697179022,78.76231375151474,1.1104599818208953,38,27693.454046524752,27773.326820258088,experiment,FIFO,0.28,0,variant_6
7852,INSPECTION_2_7,INSPECTION_2_7_LINE,27773.326820258088,1.1104599818208953,12,1.1104599818208953,79.87277373333563,0.0,36,27693.454046524752,27773.326820258088,experiment,FIFO,0.28,0,variant_6
7853,MOULDING_3,MOULDING_MACHINE_3,27674.099147175173,2.6311176766757853,1,0.0,0.0,191.58252402070866,28,27674.099147175173,27865.68167119588,experiment,FIFO,0.28,0,variant_2
7853,ASSEMBLY_1_4,LINE_4_ASSEMBLY1,27718.243821482967,0.7378945446798753,2,44.14467430779405,44.14467430779405,147.4378497129146,31,27674.099147175173,27865.68167119588,experiment,FIFO,0.28,0,variant_2
7853,ASSEMBLY_2_1,ASSEMBLY2_LINE_1,27844.064191606645,2.150474295802269,3,125.820370123678,169.96504443147205,21.61747958923661,37,27674.099147175173,27865.68167119588,experiment,FIFO,0.28,0,variant_2
7853,SORTING,SORTING_ROBOT_1,27846.701912423225,1.405087160277617,4,2.637720816579531,172.60276524805158,18.97975877265708,37,27674.099147175173,27865.68167119588,experiment,FIFO,0.28,0,variant_2
7853,PACKAGING_3,PACKAGING_LINE_3,27855.024045236,2.9455914495920297,5,8.322132812776545,180.92489806082813,10.657625959880534,38,27674.099147175173,27865.68167119588,experiment,FIFO,0.28,0,variant_2
7853,INSPECTION_1_1,INSPECTION_1_1_LINE,27855.87827636286,0.8542311268574849,6,0.8542311268574849,181.7791291876856,9.803394833023049,38,27674.099147175173,27865.68167119588,experiment,FIFO,0.28,0,variant_2
7853,INSPECTION_1_2,INSPECTION_1_2_LINE,27856.598954707315,0.7206783444562461,7,0.7206783444562461,182.49980753214186,9.082716488566803,38,27674.099147175173,27865.68167119588,experiment,FIFO,0.28,0,variant_2
7853,INSPECTION_1_3,INSPECTION_1_3_LINE,27857.34159428976,0.7426395824440988,8,0.7426395824440988,183.24244711458596,8.340076906122704,38,27674.099147175173,27865.68167119588,experiment,FIFO,0.28,0,variant_2
7853,INSPECTION_1_4,INSPECTION_1_4_LINE,27858.36021030485,1.0186160150915384,9,1.0186160150915384,184.2610631296775,7.321460891031165,39,27674.099147175173,27865.68167119588,experiment,FIFO,0.28,0,variant_2
7853,INSPECTION_1_5,INSPECTION_1_5_LINE,27861.935776076483,3.5755657716326823,10,3.5755657716326823,187.83662890131018,3.745895119398483,40,27674.099147175173,27865.68167119588,experiment,FIFO,0.28,0,variant_2
7853,INSPECTION_1_6,INSPECTION_1_6_LINE,27862.172261220938,0.2364851444544911,11,0.2364851444544911,188.07311404576467,3.509409974943992,40,27674.099147175173,27865.68167119588,experiment,FIFO,0.28,0,variant_2
7853,INSPECTION_1_7,INSPECTION_1_7_LINE,27865.68167119588,3.509409974943992,12,3.509409974943992,191.58252402070866,0.0,39,27674.099147175173,27865.68167119588,experiment,FIFO,0.28,0,variant_2
7854,MOULDING_1,MOULDING_MACHINE_1,27672.27859981678,0.38281372691562865,1,0.0,0.0,194.29917991568072,27,27672.27859981678,27866.57777973246,experiment,FIFO,0.28,0,variant_4
7854,ASSEMBLY_1_4,LINE_4_ASSEMBLY1,27717.505926938287,40.33768237109689,2,45.227327121509006,45.227327121509006,149.07185279417172,31,27672.27859981678,27866.57777973246,experiment,FIFO,0.28,0,variant_4
7854,ASSEMBLY_2_1,ASSEMBLY2_LINE_1,27841.913717310843,1.6004938020923873,3,124.40779037255561,169.63511749406462,24.66406242161611,37,27672.27859981678,27866.57777973246,experiment,FIFO,0.28,0,variant_4
7854,SORTING,SORTING_ROBOT_1,27843.94010200669,1.204808442205831,4,2.02638469584781,171.66150218991243,22.6376777257683,37,27672.27859981678,27866.57777973246,experiment,FIFO,0.28,0,variant_4
7854,PACKAGING_3,PACKAGING_LINE_3,27852.07845378641,6.2971349028885015,5,8.138351779718505,179.79985396963093,14.499325946049794,35,27672.27859981678,27866.57777973246,experiment,FIFO,0.28,0,variant_4
7854,INSPECTION_2_1,INSPECTION_2_1_LINE,27852.0866631078,0.008209321389585966,6,0.008209321389585966,179.80806329102052,14.491116624660208,35,27672.27859981678,27866.57777973246,experiment,FIFO,0.28,0,variant_4
7854,INSPECTION_2_2,INSPECTION_2_2_LINE,27854.90237383417,0.6152947201117058,7,2.8157107263723447,182.62377401739286,11.675405898287863,38,27672.27859981678,27866.57777973246,experiment,FIFO,0.28,0,variant_4
7854,INSPECTION_2_3,INSPECTION_2_3_LINE,27860.02166838765,3.2915392101058387,8,5.1192945534785395,187.7430685708714,6.556111344809324,40,27672.27859981678,27866.57777973246,experiment,FIFO,0.28,0,variant_4
7854,INSPECTION_2_4,INSPECTION_2_4_LINE,27863.49530038668,3.473631999029749,9,3.473631999029749,191.21670056990115,3.082479345779575,41,27672.27859981678,27866.57777973246,experiment,FIFO,0.28,0,variant_4
7854,INSPECTION_2_5,INSPECTION_2_5_LINE,27864.882056664646,1.3867562779669242,10,1.3867562779669242,192.60345684786807,1.6957230678126507,40,27672.27859981678,27866.57777973246,experiment,FIFO,0.28,0,variant_4
7854,INSPECTION_2_6,INSPECTION_2_6_LINE,27865.71260743376,0.8305507691147795,11,0.8305507691147795,193.43400761698285,0.8651722986978712,39,27672.27859981678,27866.57777973246,experiment,FIFO,0.28,0,variant_4
7854,INSPECTION_2_7,INSPECTION_2_7_LINE,27866.57777973246,0.07190662289940519,12,0.8651722986978712,194.29917991568072,0.0,36,27672.27859981678,27866.57777973246,experiment,FIFO,0.28,0,variant_4
7855,MOULDING_4,MOULDING_MACHINE_4,27695.329861105994,1.8758145812425937,1,0.0,0.0,203.52340110032674,25,27695.329861105994,27898.85326220632,experiment,FIFO,0.28,0,variant_2
7855,ASSEMBLY_1_4,LINE_4_ASSEMBLY1,27723.278726036297,3.5858249723714835,2,27.94886493030208,27.94886493030208,175.57453617002466,30,27695.329861105994,27898.85326220632,experiment,FIFO,0.28,0,variant_2
7855,ASSEMBLY_2_1,ASSEMBLY2_LINE_1,27872.56214769357,26.41350193809558,3,149.28342165727372,177.2322865875758,26.291114512750937,37,27695.329861105994,27898.85326220632,experiment,FIFO,0.28,0,variant_2
7855,SORTING,SORTING_ROBOT_1,27873.106485494805,0.5443378012350877,4,0.5443378012350877,177.7766243888109,25.74677671151585,37,27695.329861105994,27898.85326220632,experiment,FIFO,0.28,0,variant_2
7855,PACKAGING_1,PACKAGING_LINE_1,27893.091045508867,11.860187182457594,5,19.98456001406157,197.76118440287246,5.762216697454278,36,27695.329861105994,27898.85326220632,experiment,FIFO,0.28,0,variant_2
7855,INSPECTION_2_1,INSPECTION_2_1_LINE,27893.535222677685,0.44417716881798697,6,0.44417716881798697,198.20536157169045,5.318039528636291,36,27695.329861105994,27898.85326220632,experiment,FIFO,0.28,0,variant_2
7855,INSPECTION_2_2,INSPECTION_2_2_LINE,27894.163896259328,0.6286735816429427,7,0.6286735816429427,198.8340351533334,4.689365946993348,36,27695.329861105994,27898.85326220632,experiment,FIFO,0.28,0,variant_2
7855,INSPECTION_2_3,INSPECTION_2_3_LINE,27895.400300048204,1.236403788876487,8,1.236403788876487,200.07043894220988,3.4529621581168612,37,27695.329861105994,27898.85326220632,experiment,FIFO,0.28,0,variant_2
7855,INSPECTION_2_4,INSPECTION_2_4_LINE,27895.74077352352,0.3404734753166849,9,0.3404734753166849,200.41091241752656,3.1124886828001763,36,27695.329861105994,27898.85326220632,experiment,FIFO,0.28,0,variant_2
7855,INSPECTION_2_5,INSPECTION_2_5_LINE,27897.73430163805,1.9935281145299086,10,1.9935281145299086,202.40444053205647,1.1189605682702677,38,27695.329861105994,27898.85326220632,experiment,FIFO,0.28,0,variant_2
7855,INSPECTION_2_6,INSPECTION_2_6_LINE,27898.789499819195,1.0551981811440783,11,1.0551981811440783,203.45963871320055,0.06376238712618942,38,27695.329861105994,27898.85326220632,experiment,FIFO,0.28,0,variant_2
7855,INSPECTION_2_7,INSPECTION_2_7_LINE,27898.85326220632,0.06376238712618942,12,0.06376238712618942,203.52340110032674,0.0,37,27695.329861105994,27898.85326220632,experiment,FIFO,0.28,0,variant_2
7856,MOULDING_3,MOULDING_MACHINE_3,27685.00941868717,0.7748836705650319,1,0.0,0.0,151.31939539379164,25,27685.00941868717,27836.32881408096,experiment,FIFO,0.28,0,variant_1
7856,ASSEMBLY_1_1,LINE_1_ASSEMBLY1,27685.548796653984,0.539377966815664,2,0.539377966815664,0.539377966815664,150.78001742697597,25,27685.00941868717,27836.32881408096,experiment,FIFO,0.28,0,variant_1
7856,ASSEMBLY_2_1,ASSEMBLY2_LINE_1,27825.322293350768,6.446460545550508,3,139.7734966967837,140.31287466359936,11.006520730192278,38,27685.00941868717,27836.32881408096,experiment,FIFO,0.28,0,variant_1
7856,SORTING,SORTING_ROBOT_1,27826.150633909525,0.8283405587571906,4,0.8283405587571906,141.14121522235655,10.178180171435088,38,27685.00941868717,27836.32881408096,experiment,FIFO,0.28,0,variant_1
7856,PACKAGING_1,PACKAGING_LINE_1,27828.110930708102,1.960296798577474,5,1.960296798577474,143.10151202093402,8.217883372857614,38,27685.00941868717,27836.32881408096,experiment,FIFO,0.28,0,variant_1
7856,INSPECTION_1_1,INSPECTION_1_1_LINE,27829.99476109153,1.8838303834272665,6,1.8838303834272665,144.9853424043613,6.334052989430347,38,27685.00941868717,27836.32881408096,experiment,FIFO,0.28,0,variant_1
7856,INSPECTION_1_2,INSPECTION_1_2_LINE,27830.581294203945,0.5865331124150543,7,0.5865331124150543,145.57187551677634,5.747519877015293,39,27685.00941868717,27836.32881408096,experiment,FIFO,0.28,0,variant_1
7856,INSPECTION_1_3,INSPECTION_1_3_LINE,27833.8199771247,3.23868292075349,8,3.23868292075349,148.81055843752983,2.5088369562618027,38,27685.00941868717,27836.32881408096,experiment,FIFO,0.28,0,variant_1
7856,INSPECTION_1_4,INSPECTION_1_4_LINE,27834.69105939292,0.8710822682223807,9,0.8710822682223807,149.68164070575222,1.637754688039422,38,27685.00941868717,27836.32881408096,experiment,FIFO,0.28,0,variant_1
7856,INSPECTION_1_5,INSPECTION_1_5_LINE,27834.766697498857,0.07563810593637754,10,0.07563810593637754,149.7572788116886,1.5621165821030445,38,27685.00941868717,27836.32881408096,experiment,FIFO,0.28,0,variant_1
7856,INSPECTION_1_6,INSPECTION_1_6_LINE,27835.52614924736,0.7594517485013057,11,0.7594517485013057,150.5167305601899,0.8026648336017388,38,27685.00941868717,27836.32881408096,experiment,FIFO,0.28,0,variant_1
7856,INSPECTION_1_7,INSPECTION_1_7_LINE,27836.32881408096,0.8026648336017388,12,0.8026648336017388,151.31939539379164,0.0,37,27685.00941868717,27836.32881408096,experiment,FIFO,0.28,0,variant_1
7857,MOULDING_4,MOULDING_MACHINE_4,27699.94587482592,4.6160137199258315,1,0.0,0.0,36.91912748535469,26,27699.94587482592,27736.865002311275,experiment,FIFO,0.28,0,variant_6
7857,ASSEMBLY_1_1,LINE_1_ASSEMBLY1,27700.252286956023,0.3064121301031264,2,0.3064121301031264,0.3064121301031264,36.61271535525157,26,27699.94587482592,27736.865002311275,experiment,FIFO,0.28,0,variant_6
7857,ASSEMBLY_2_2,ASSEMBLY2_LINE_2,27716.884467802352,16.632180846328993,3,16.632180846328993,16.93859297643212,19.980534508922574,31,27699.94587482592,27736.865002311275,experiment,FIFO,0.28,0,variant_6
7857,SORTING,SORTING_ROBOT_1,27717.089004334048,0.20453653169533936,4,0.20453653169533936,17.14312950812746,19.775997977227235,31,27699.94587482592,27736.865002311275,experiment,FIFO,0.28,0,variant_6
7857,PACKAGING_2,PACKAGING_LINE_2,27718.81485961407,1.7258552800230973,5,1.7258552800230973,18.868984788150556,18.050142697204137,31,27699.94587482592,27736.865002311275,experiment,FIFO,0.28,0,variant_6
7857,INSPECTION_1_1,INSPECTION_1_1_LINE,27726.594581352685,2.596368441605591,6,7.779721738614171,26.648706526764727,10.270420958589966,31,27699.94587482592,27736.865002311275,experiment,FIFO,0.28,0,variant_6
7857,INSPECTION_1_2,INSPECTION_1_2_LINE,27730.72938985844,1.5952686503296718,7,4.134808505754336,30.783515032519063,6.13561245283563,31,27699.94587482592,27736.865002311275,experiment,FIFO,0.28,0,variant_6
7857,INSPECTION_1_3,INSPECTION_1_3_LINE,27731.45431619048,0.3834091297503619,8,0.7249263320409227,31.508441364559985,5.410686120794708,31,27699.94587482592,27736.865002311275,experiment,FIFO,0.28,0,variant_6
7857,INSPECTION_1_4,INSPECTION_1_4_LINE,27733.822025349607,1.6640513713027758,9,2.3677091591271164,33.8761505236871,3.0429769616675912,31,27699.94587482592,27736.865002311275,experiment,FIFO,0.28,0,variant_6
7857,INSPECTION_1_5,INSPECTION_1_5_LINE,27734.965251320053,1.1432259704452008,10,1.1432259704452008,35.0193764941323,1.8997509912223904,29,27699.94587482592,27736.865002311275,experiment,FIFO,0.28,0,variant_6
7857,INSPECTION_1_6,INSPECTION_1_6_LINE,27736.740954236684,1.7757029166314169,11,1.7757029166314169,36.79507941076372,0.12404807459097356,30,27699.94587482592,27736.865002311275,experiment,FIFO,0.28,0,variant_6
7857,INSPECTION_1_7,INSPECTION_1_7_LINE,27736.865002311275,0.12404807459097356,12,0.12404807459097356,36.91912748535469,0.0,29,27699.94587482592,27736.865002311275,experiment,FIFO,0.28,0,variant_6
7858,MOULDING_1,MOULDING_MACHINE_1,27702.570902619005,3.1399475264443026,1,0.0,0.0,180.245054162795,27,27702.570902619005,27882.8159567818,experiment,FIFO,0.28,0,variant_3
7858,ASSEMBLY_1_4,LINE_4_ASSEMBLY1,27728.79880909522,5.520083058923774,2,26.22790647621514,26.22790647621514,154.01714768657985,31,27702.570902619005,27882.8159567818,experiment,FIFO,0.28,0,variant_3
7858,ASSEMBLY_2_1,ASSEMBLY2_LINE_1,27875.839481463623,3.277333770052792,3,147.04067236840274,173.26857884461788,6.976475318177108,35,27702.570902619005,27882.8159567818,experiment,FIFO,0.28,0,variant_3
7858,SORTING,SORTING_ROBOT_1,27876.51701670421,0.677535240585712,4,0.677535240585712,173.9461140852036,6.298940077591396,35,27702.570902619005,27882.8159567818,experiment,FIFO,0.28,0,variant_3
7858,PACKAGING_2,PACKAGING_LINE_2,27877.603741755946,1.086725051736721,5,1.086725051736721,175.0328391369403,5.212215025854675,35,27702.570902619005,27882.8159567818,experiment,FIFO,0.28,0,variant_3
7858,INSPECTION_2_1,INSPECTION_2_1_LINE,27877.8844969934,0.28075523745428654,6,0.28075523745428654,175.3135943743946,4.931459788400389,35,27702.570902619005,27882.8159567818,experiment,FIFO,0.28,0,variant_3
7858,INSPECTION_2_2,INSPECTION_2_2_LINE,27879.732265825227,1.8477688318271248,7,1.8477688318271248,177.16136320622172,3.083690956573264,35,27702.570902619005,27882.8159567818,experiment,FIFO,0.28,0,variant_3
7858,INSPECTION_2_3,INSPECTION_2_3_LINE,27880.328294145525,0.5960283202985011,8,0.5960283202985011,177.75739152652022,2.487662636274763,35,27702.570902619005,27882.8159567818,experiment,FIFO,0.28,0,variant_3
7858,INSPECTION_2_4,INSPECTION_2_4_LINE,27881.96292007499,1.634625929465983,9,1.634625929465983,179.3920174559862,0.8530367068087799,36,27702.570902619005,27882.8159567818,experiment,FIFO,0.28,0,variant_3
7858,INSPECTION_2_5,INSPECTION_2_5_LINE,27882.34948051667,0.38656044167873915,10,0.38656044167873915,179.77857789766495,0.4664762651300407,36,27702.570902619005,27882.8159567818,experiment,FIFO,0.28,0,variant_3
7858,INSPECTION_2_6,INSPECTION_2_6_LINE,27882.69134373481,0.34186321813831455,11,0.34186321813831455,180.12044111580326,0.12461304699172615,36,27702.570902619005,27882.8159567818,experiment,FIFO,0.28,0,variant_3
7858,INSPECTION_2_7,INSPECTION_2_7_LINE,27882.8159567818,0.12461304699172615,12,0.12461304699172615,180.245054162795,0.0,35,27702.570902619005,27882.8159567818,experiment,FIFO,0.28,0,variant_3
7859,MOULDING_1,MOULDING_MACHINE_1,27706.759815279453,4.188912660447386,1,0.0,0.0,65.8285128109128,29,27706.759815279453,27772.588328090365,experiment,FIFO,0.28,0,variant_2
7859,ASSEMBLY_1_2,LINE_2_ASSEMBLY1,27707.72169306332,0.9618777838659298,2,0.9618777838659298,0.9618777838659298,64.86663502704687,28,27706.759815279453,27772.588328090365,experiment,FIFO,0.28,0,variant_2
7859,ASSEMBLY_2_2,ASSEMBLY2_LINE_2,27744.03882875309,27.15436095073892,3,36.31713568977284,37.27901347363877,28.549499337274028,30,27706.759815279453,27772.588328090365,experiment,FIFO,0.28,0,variant_2
7859,SORTING,SORTING_ROBOT_1,27749.469005366336,5.430176613244839,4,5.430176613244839,42.70919008688361,23.11932272402919,33,27706.759815279453,27772.588328090365,experiment,FIFO,0.28,0,variant_2
7859,PACKAGING_2,PACKAGING_LINE_2,27757.776225983704,8.30722061736742,5,8.30722061736742,51.01641070425103,14.812102106661769,37,27706.759815279453,27772.588328090365,experiment,FIFO,0.28,0,variant_2
7859,INSPECTION_1_1,INSPECTION_1_1_LINE,27758.60635105536,0.830125071657676,6,0.830125071657676,51.846535775908706,13.981977035004093,37,27706.759815279453,27772.588328090365,experiment,FIFO,0.28,0,variant_2
7859,INSPECTION_1_2,INSPECTION_1_2_LINE,27759.03109651683,0.424745461466955,7,0.424745461466955,52.27128123737566,13.557231573537138,37,27706.759815279453,27772.588328090365,experiment,FIFO,0.28,0,variant_2
7859,INSPECTION_1_3,INSPECTION_1_3_LINE,27760.3758986616,0.05532450185637572,8,1.3448021447729843,53.616083382148645,12.212429428764153,37,27706.759815279453,27772.588328090365,experiment,FIFO,0.28,0,variant_2
7859,INSPECTION_1_4,INSPECTION_1_4_LINE,27762.20051126857,0.08333583076819195,9,1.824612606968003,55.44069598911665,10.38781682179615,38,27706.759815279453,27772.588328090365,experiment,FIFO,0.28,0,variant_2
7859,INSPECTION_1_4,INSPECTION_1_4_LINE,27767.925225431987,5.724714163417957,10,5.724714163417957,61.165410152534605,4.663102658378193,37,27706.759815279453,27772.588328090365,experiment,FIFO,0.28,0,variant_2
7859,INSPECTION_1_5,INSPECTION_1_5_LINE,27770.47917972364,2.5539542916521896,11,2.5539542916521896,63.719364444186795,2.1091483667260036,37,27706.759815279453,27772.588328090365,experiment,FIFO,0.28,0,variant_2
7859,INSPECTION_1_6,INSPECTION_1_6_LINE,27771.685046002232,1.205866278593021,12,1.205866278593021,64.92523072277982,0.9032820881329826,38,27706.759815279453,27772.588328090365,experiment,FIFO,0.28,0,variant_2
7859,INSPECTION_1_7,INSPECTION_1_7_LINE,27772.588328090365,0.9032820881329826,13,0.9032820881329826,65.8285128109128,0.0,37,27706.759815279453,27772.588328090365,experiment,FIFO,0.28,0,variant_2
7860,MOULDING_5,MOULDING_MACHINE_5,27703.09120641905,2.6516978918043606,1,0.0,0.0,251.67055857744708,28,27703.09120641905,27954.761764996496,experiment,FIFO,0.28,0,variant_1
7860,ASSEMBLY_1_1,LINE_1_ASSEMBLY1,27707.319428653747,4.228222234698478,2,4.228222234698478,4.228222234698478,247.4423363427486,28,27703.09120641905,27954.761764996496,experiment,FIFO,0.28,0,variant_1
7860,ASSEMBLY_1_1,LINE_1_ASSEMBLY1,27754.7464346129,47.427005959154485,3,47.427005959154485,51.65522819385296,200.01533038359412,37,27703.09120641905,27954.761764996496,experiment,FIFO,0.28,0,variant_1
7860,ASSEMBLY_2_1,ASSEMBLY2_LINE_1,27902.92103897861,1.1826049815426813,4,148.17460436570764,199.8298325595606,51.84072601788648,38,27703.09120641905,27954.761764996496,experiment,FIFO,0.28,0,variant_1
7860,SORTING,SORTING_ROBOT_1,27939.52007745382,18.825587704941427,5,36.59903847521127,236.42887103477187,15.241687542675209,40,27703.09120641905,27954.761764996496,experiment,FIFO,0.28,0,variant_1
7860,PACKAGING_1,PACKAGING_LINE_1,27948.135770185487,8.615692731666059,6,8.615692731666059,245.04456376643793,6.62599481100915,38,27703.09120641905,27954.761764996496,experiment,FIFO,0.28,0,variant_1
7860,INSPECTION_2_1,INSPECTION_2_1_LINE,27948.85973864398,0.7239684584928909,7,0.7239684584928909,245.76853222493082,5.902026352516259,38,27703.09120641905,27954.761764996496,experiment,FIFO,0.28,0,variant_1
7860,INSPECTION_2_2,INSPECTION_2_2_LINE,27949.45850042117,0.5987617771897931,8,0.5987617771897931,246.36729400212062,5.303264575326466,38,27703.09120641905,27954.761764996496,experiment,FIFO,0.28,0,variant_1
7860,INSPECTION_2_3,INSPECTION_2_3_LINE,27949.703438222165,0.24493780099510332,9,0.24493780099510332,246.61223180311572,5.058326774331363,38,27703.09120641905,27954.761764996496,experiment,FIFO,0.28,0,variant_1
7860,INSPECTION_2_4,INSPECTION_2_4_LINE,27951.68745348458,1.9840152624165057,10,1.9840152624165057,248.59624706553222,3.074311511914857,39,27703.09120641905,27954.761764996496,experiment,FIFO,0.28,0,variant_1
7860,INSPECTION_2_5,INSPECTION_2_5_LINE,27952.81898516841,1.1315316838299623,11,1.1315316838299623,249.7277787493622,1.9427798280848947,39,27703.09120641905,27954.761764996496,experiment,FIFO,0.28,0,variant_1
7860,INSPECTION_2_6,INSPECTION_2_6_LINE,27953.359466228845,0.5404810604341037,12,0.5404810604341037,250.2682598097963,1.402298767650791,39,27703.09120641905,27954.761764996496,experiment,FIFO,0.28,0,variant_1
7860,INSPECTION_2_7,INSPECTION_2_7_LINE,27954.761764996496,1.402298767650791,13,1.402298767650791,251.67055857744708,0.0,38,27703.09120641905,27954.761764996496,experiment,FIFO,0.28,0,variant_1
7861,MOULDING_3,MOULDING_MACHINE_3,27708.83566854884,1.9506153670808999,1,0.0,0.0,157.67020456071987,29,27708.83566854884,27866.50587310956,experiment,FIFO,0.28,0,variant_3
7861,ASSEMBLY_1_5,LINE_5_ASSEMBLY1,27710.976266166224,2.1405976173846284,2,2.1405976173846284,2.1405976173846284,155.52960694333524,28,27708.83566854884,27866.50587310956,experiment,FIFO,0.28,0,variant_3
7861,ASSEMBLY_2_1,ASSEMBLY2_LINE_1,27839.350843728767,6.568431820083788,3,128.37457756254298,130.5151751799276,27.155029380792257,37,27708.83566854884,27866.50587310956,experiment,FIFO,0.28,0,variant_3
7861,SORTING,SORTING_ROBOT_1,27839.87001193346,0.5191682046934147,4,0.5191682046934147,131.03434338462102,26.635861176098842,37,27708.83566854884,27866.50587310956,experiment,FIFO,0.28,0,variant_3
7861,PACKAGING_1,PACKAGING_LINE_1,27846.89552691669,1.3888362313482503,5,7.025514983230096,138.05985836785112,19.610346192868747,37,27708.83566854884,27866.50587310956,experiment,FIFO,0.28,0,variant_3
7861,INSPECTION_2_1,INSPECTION_2_1_LINE,27851.98701832836,4.803959886703524,6,5.091491411669267,143.1513497795204,14.51885478119948,36,27708.83566854884,27866.50587310956,experiment,FIFO,0.28,0,variant_3
7861,INSPECTION_2_2,INSPECTION_2_2_LINE,27854.28707911406,2.3000607856993156,7,2.3000607856993156,145.4514105652197,12.218793995500164,38,27708.83566854884,27866.50587310956,experiment,FIFO,0.28,0,variant_3
7861,INSPECTION_2_3,INSPECTION_2_3_LINE,27856.730129177544,0.27507283352315426,8,2.4430500634844066,147.8944606287041,9.775743932015757,38,27708.83566854884,27866.50587310956,experiment,FIFO,0.28,0,variant_3
7861,INSPECTION_2_4,INSPECTION_2_4_LINE,27857.614770340955,0.8846411634112883,9,0.8846411634112883,148.7791017921154,8.891102768604469,38,27708.83566854884,27866.50587310956,experiment,FIFO,0.28,0,variant_3
7861,INSPECTION_2_5,INSPECTION_2_5_LINE,27857.67677599312,0.06200565216568066,10,0.06200565216568066,148.84110744428108,8.829097116438788,38,27708.83566854884,27866.50587310956,experiment,FIFO,0.28,0,variant_3
7861,INSPECTION_2_6,INSPECTION_2_6_LINE,27859.224653590627,1.547877597506158,11,1.547877597506158,150.38898504178724,7.28121951893263,40,27708.83566854884,27866.50587310956,experiment,FIFO,0.28,0,variant_3
7861,INSPECTION_2_7,INSPECTION_2_7_LINE,27866.50587310956,2.180436771493987,12,7.28121951893263,157.67020456071987,0.0,37,27708.83566854884,27866.50587310956,experiment,FIFO,0.28,0,variant_3
7862,MOULDING_4,MOULDING_MACHINE_4,27712.23256285705,5.255943833526544,1,0.0,0.0,87.71879597514999,28,27712.23256285705,27799.9513588322,experiment,FIFO,0.28,0,variant_2
7862,ASSEMBLY_1_2,LINE_2_ASSEMBLY1,27725.62677523226,13.394212375209463,2,13.394212375209463,13.394212375209463,74.32458359994052,30,27712.23256285705,27799.9513588322,experiment,FIFO,0.28,0,variant_2
7862,ASSEMBLY_2_2,ASSEMBLY2_LINE_2,27776.60936905662,12.11410044479635,3,50.982593824359355,64.37680619956882,23.34198977558117,35,27712.23256285705,27799.9513588322,experiment,FIFO,0.28,0,variant_2
7862,SORTING,SORTING_ROBOT_1,27781.459728437887,0.9380859378361492,4,4.850359381267481,69.2271655808363,18.491630394313688,35,27712.23256285705,27799.9513588322,experiment,FIFO,0.28,0,variant_2
7862,PACKAGING_3,PACKAGING_LINE_3,27788.919715872737,0.34409602027517394,5,7.459987434849609,76.68715301568591,11.03164295946408,37,27712.23256285705,27799.9513588322,experiment,FIFO,0.28,0,variant_2
7862,INSPECTION_1_1,INSPECTION_1_1_LINE,27791.700612944704,2.780897071967047,6,2.780897071967047,79.46805008765295,8.250745887497033,38,27712.23256285705,27799.9513588322,experiment,FIFO,0.28,0,variant_2
7862,INSPECTION_1_2,INSPECTION_1_2_LINE,27793.948857201627,0.40631818032852607,7,2.248244256923499,81.71629434457645,6.0025016305735335,39,27712.23256285705,27799.9513588322,experiment,FIFO,0.28,0,variant_2
7862,INSPECTION_1_3,INSPECTION_1_3_LINE,27797.8523099627,3.903452761071094,8,3.903452761071094,85.61974710564755,2.0990488695024396,38,27712.23256285705,27799.9513588322,experiment,FIFO,0.28,0,variant_2
7862,INSPECTION_1_4,INSPECTION_1_4_LINE,27798.948594562746,1.096284600047511,9,1.096284600047511,86.71603170569506,1.0027642694549286,38,27712.23256285705,27799.9513588322,experiment,FIFO,0.28,0,variant_2
7862,INSPECTION_1_5,INSPECTION_1_5_LINE,27798.97249436989,0.023899807143607177,10,0.023899807143607177,86.73993151283867,0.9788644623113214,38,27712.23256285705,27799.9513588322,experiment,FIFO,0.28,0,variant_2
7862,INSPECTION_1_6,INSPECTION_1_6_LINE,27799.9382627492,0.9657683793120668,11,0.9657683793120668,87.70569989215073,0.013096082999254577,37,27712.23256285705,27799.9513588322,experiment,FIFO,0.28,0,variant_2
7862,INSPECTION_1_7,INSPECTION_1_7_LINE,27799.9513588322,0.013096082999254577,12,0.013096082999254577,87.71879597514999,0.0,36,27712.23256285705,27799.9513588322,experiment,FIFO,0.28,0,variant_2
7863,MOULDING_4,MOULDING_MACHINE_4,27732.395507570003,20.162944712952594,1,0.0,0.0,259.467719677883,31,27732.395507570003,27991.863227247886,experiment,FIFO,0.28,0,variant_5
7863,ASSEMBLY_1_1,LINE_1_ASSEMBLY1,27786.116378746032,30.952987696262426,2,53.720871176028595,53.720871176028595,205.7468485018544,37,27732.395507570003,27991.863227247886,experiment,FIFO,0.28,0,variant_5
7863,ASSEMBLY_2_1,ASSEMBLY2_LINE_1,27924.84768403304,8.411601790019631,3,138.73130528700858,192.45217646303718,67.01554321484582,41,27732.395507570003,27991.863227247886,experiment,FIFO,0.28,0,variant_5
7863,SORTING,SORTING_ROBOT_1,27977.99367950776,2.7464938673692814,4,53.1459954747188,245.59817193775598,13.869547740127018,43,27732.395507570003,27991.863227247886,experiment,FIFO,0.28,0,variant_5
7863,PACKAGING_3,PACKAGING_LINE_3,27983.068120095828,1.6900311359204352,5,5.074440588068683,250.67261252582466,8.795107152058335,41,27732.395507570003,27991.863227247886,experiment,FIFO,0.28,0,variant_5
7863,INSPECTION_1_1,INSPECTION_1_1_LINE,27984.114448865363,1.046328769534739,6,1.046328769534739,251.7189412953594,7.7487783825235965,41,27732.395507570003,27991.863227247886,experiment,FIFO,0.28,0,variant_5
7863,INSPECTION_1_2,INSPECTION_1_2_LINE,27985.153590727263,0.40634388689431944,7,1.0391418619001342,252.75808315725953,6.709636520623462,41,27732.395507570003,27991.863227247886,experiment,FIFO,0.28,0,variant_5
7863,INSPECTION_1_3,INSPECTION_1_3_LINE,27989.03128600895,0.5884719165733259,8,3.87769528168792,256.63577843894745,2.831941238935542,40,27732.395507570003,27991.863227247886,experiment,FIFO,0.28,0,variant_5
7863,INSPECTION_1_4,INSPECTION_1_4_LINE,27989.8187984765,0.7875124675483676,9,0.7875124675483676,257.4232909064958,2.0444287713871745,39,27732.395507570003,27991.863227247886,experiment,FIFO,0.28,0,variant_5
7863,INSPECTION_1_5,INSPECTION_1_5_LINE,27990.52815059658,0.7093521200804389,10,0.7093521200804389,258.13264302657626,1.3350766513067356,39,27732.395507570003,27991.863227247886,experiment,FIFO,0.28,0,variant_5
7863,INSPECTION_1_6,INSPECTION_1_6_LINE,27991.74918504461,1.2210344480299682,11,1.2210344480299682,259.35367747460623,0.1140422032767674,39,27732.395507570003,27991.863227247886,experiment,FIFO,0.28,0,variant_5
7863,INSPECTION_1_7,INSPECTION_1_7_LINE,27991.863227247886,0.1140422032767674,12,0.1140422032767674,259.467719677883,0.0,38,27732.395507570003,27991.863227247886,experiment,FIFO,0.28,0,variant_5
7864,MOULDING_4,MOULDING_MACHINE_4,27748.281419065184,15.885911495181062,1,0.0,0.0,68.1100842599626,32,27748.281419065184,27816.391503325147,experiment,FIFO,0.28,0,variant_6
7864,ASSEMBLY_1_4,LINE_4_ASSEMBLY1,27749.854506306816,1.5730872416315833,2,1.5730872416315833,1.5730872416315833,66.53699701833102,33,27748.281419065184,27816.391503325147,experiment,FIFO,0.28,0,variant_6
7864,ASSEMBLY_2_2,ASSEMBLY2_LINE_2,27805.19381663647,17.074020481901243,3,55.339310329654836,56.91239757128642,11.197686688676185,35,27748.281419065184,27816.391503325147,experiment,FIFO,0.28,0,variant_6
7864,SORTING,SORTING_ROBOT_1,27811.07388419601,5.880067559537565,4,5.880067559537565,62.792465130823985,5.31761912913862,36,27748.281419065184,27816.391503325147,experiment,FIFO,0.28,0,variant_6
7864,PACKAGING_2,PACKAGING_LINE_2,27812.399332912966,1.325448716957908,5,1.325448716957908,64.11791384778189,3.9921704121807124,36,27748.281419065184,27816.391503325147,experiment,FIFO,0.28,0,variant_6
7864,INSPECTION_2_1,INSPECTION_2_1_LINE,27813.48497255121,1.0856396382441744,6,1.0856396382441744,65.20355348602607,2.906530773936538,36,27748.281419065184,27816.391503325147,experiment,FIFO,0.28,0,variant_6
7864,INSPECTION_2_2,INSPECTION_2_2_LINE,27813.54442483166,0.05945228044947726,7,0.05945228044947726,65.26300576647554,2.8470784934870608,36,27748.281419065184,27816.391503325147,experiment,FIFO,0.28,0,variant_6
7864,INSPECTION_2_3,INSPECTION_2_3_LINE,27815.03765202522,1.4932271935613244,8,1.4932271935613244,66.75623296003687,1.3538512999257364,37,27748.281419065184,27816.391503325147,experiment,FIFO,0.28,0,variant_6
7864,INSPECTION_2_4,INSPECTION_2_4_LINE,27815.749238415803,0.7115863905819424,9,0.7115863905819424,67.46781935061881,0.642264909343794,37,27748.281419065184,27816.391503325147,experiment,FIFO,0.28,0,variant_6
7864,INSPECTION_2_5,INSPECTION_2_5_LINE,27815.867140138667,0.11790172286418965,10,0.11790172286418965,67.585721073483,0.5243631864796043,37,27748.281419065184,27816.391503325147,experiment,FIFO,0.28,0,variant_6
7864,INSPECTION_2_6,INSPECTION_2_6_LINE,27816.01169718537,0.14455704670399427,11,0.14455704670399427,67.730278120187,0.37980613977561006,37,27748.281419065184,27816.391503325147,experiment,FIFO,0.28,0,variant_6
7864,INSPECTION_2_7,INSPECTION_2_7_LINE,27816.391503325147,0.37980613977561006,12,0.37980613977561006,68.1100842599626,0.0,36,27748.281419065184,27816.391503325147,experiment,FIFO,0.28,0,variant_6
7865,MOULDING_4,MOULDING_MACHINE_4,27749.246416638263,0.9649975730790175,1,0.0,0.0,186.1204713831139,33,27749.246416638263,27935.366888021377,experiment,FIFO,0.28,0,variant_4
7865,ASSEMBLY_1_5,LINE_5_ASSEMBLY1,27750.623327392983,1.0503533203882398,2,1.3769107547195745,1.3769107547195745,184.74356062839433,33,27749.246416638263,27935.366888021377,experiment,FIFO,0.28,0,variant_4
7865,ASSEMBLY_2_1,ASSEMBLY2_LINE_1,27901.738433997067,1.5380379841881222,3,151.11510660408385,152.49201735880342,33.628454024310486,38,27749.246416638263,27935.366888021377,experiment,FIFO,0.28,0,variant_4
7865,SORTING,SORTING_ROBOT_1,27920.69448974888,3.430014674187987,4,18.956055751812528,171.44807311061595,14.672398272497958,40,27749.246416638263,27935.366888021377,experiment,FIFO,0.28,0,variant_4
7865,PACKAGING_2,PACKAGING_LINE_2,27920.950154227045,0.25566447816527216,5,0.25566447816527216,171.70373758878122,14.416733794332686,40,27749.246416638263,27935.366888021377,experiment,FIFO,0.28,0,variant_4
7865,INSPECTION_2_1,INSPECTION_2_1_LINE,27924.92435784309,0.24311408571884385,6,3.9742036160459975,175.67794120482722,10.442530178286688,41,27749.246416638263,27935.366888021377,experiment,FIFO,0.28,0,variant_4
7865,INSPECTION_2_2,INSPECTION_2_2_LINE,27927.812584998617,2.469754175086564,7,2.8882271555266925,178.5661683603539,7.554303022759996,41,27749.246416638263,27935.366888021377,experiment,FIFO,0.28,0,variant_4
7865,INSPECTION_2_3,INSPECTION_2_3_LINE,27930.3874536845,0.4193245774586103,8,2.574868685882393,181.1410370462363,4.979434336877603,39,27749.246416638263,27935.366888021377,experiment,FIFO,0.28,0,variant_4
7865,INSPECTION_2_4,INSPECTION_2_4_LINE,27933.22401629344,1.618049128599523,9,2.8365626089398575,183.97759965517616,2.142871727937745,38,27749.246416638263,27935.366888021377,experiment,FIFO,0.28,0,variant_4
7865,INSPECTION_2_5,INSPECTION_2_5_LINE,27933.37623915126,0.15222285782147083,10,0.15222285782147083,184.12982251299763,1.9906488701162743,38,27749.246416638263,27935.366888021377,experiment,FIFO,0.28,0,variant_4
7865,INSPECTION_2_6,INSPECTION_2_6_LINE,27934.777492225567,1.401253074305714,11,1.401253074305714,185.53107558730335,0.5893957958105602,38,27749.246416638263,27935.366888021377,experiment,FIFO,0.28,0,variant_4
7865,INSPECTION_2_7,INSPECTION_2_7_LINE,27935.366888021377,0.5893957958105602,12,0.5893957958105602,186.1204713831139,0.0,38,27749.246416638263,27935.366888021377,experiment,FIFO,0.28,0,variant_4
7866,MOULDING_3,MOULDING_MACHINE_3,27712.58545954002,0.47376498437006376,1,0.0,0.0,53.041019716420124,29,27712.58545954002,27765.62647925644,experiment,FIFO,0.28,0,variant_6
7866,ASSEMBLY_1_5,LINE_5_ASSEMBLY1,27714.88180932445,2.2963497844320955,2,2.2963497844320955,2.2963497844320955,50.74466993198803,30,27712.58545954002,27765.62647925644,experiment,FIFO,0.28,0,variant_6
7866,ASSEMBLY_2_2,ASSEMBLY2_LINE_2,27751.53393548723,7.495106734138972,3,36.652126162778586,38.94847594721068,14.092543769209442,33,27712.58545954002,27765.62647925644,experiment,FIFO,0.28,0,variant_6
7866,SORTING,SORTING_ROBOT_1,27755.816995954578,3.5530136702982418,4,4.283060467347241,43.23153641455792,9.809483301862201,38,27712.58545954002,27765.62647925644,experiment,FIFO,0.28,0,variant_6
7866,PACKAGING_2,PACKAGING_LINE_2,27759.785535627285,2.0093096435812186,5,3.9685396727072657,47.20007608726519,5.8409436291549355,37,27712.58545954002,27765.62647925644,experiment,FIFO,0.28,0,variant_6
7866,INSPECTION_2_1,INSPECTION_2_1_LINE,27760.979163236705,1.1936276094202185,6,1.1936276094202185,48.39370369668541,4.647316019734717,38,27712.58545954002,27765.62647925644,experiment,FIFO,0.28,0,variant_6
7866,INSPECTION_2_2,INSPECTION_2_2_LINE,27762.42960977599,1.4504465392856218,7,1.4504465392856218,49.84415023597103,3.196869480449095,38,27712.58545954002,27765.62647925644,experiment,FIFO,0.28,0,variant_6
7866,INSPECTION_2_3,INSPECTION_2_3_LINE,27764.23096071072,1.801350934729271,8,1.801350934729271,51.6455011707003,1.395518545719824,38,27712.58545954002,27765.62647925644,experiment,FIFO,0.28,0,variant_6
7866,INSPECTION_2_4,INSPECTION_2_4_LINE,27764.360494968903,0.12953425818341202,9,0.12953425818341202,51.77503542888371,1.265984287536412,38,27712.58545954002,27765.62647925644,experiment,FIFO,0.28,0,variant_6
7866,INSPECTION_2_5,INSPECTION_2_5_LINE,27764.397493304336,0.03699833543214481,10,0.03699833543214481,51.812033764315856,1.2289859521042672,38,27712.58545954002,27765.62647925644,experiment,FIFO,0.28,0,variant_6
7866,INSPECTION_2_6,INSPECTION_2_6_LINE,27764.615369543622,0.21787623928685207,11,0.21787623928685207,52.02991000360271,1.0111097128174151,38,27712.58545954002,27765.62647925644,experiment,FIFO,0.28,0,variant_6
7866,INSPECTION_2_7,INSPECTION_2_7_LINE,27765.62647925644,1.0111097128174151,12,1.0111097128174151,53.041019716420124,0.0,37,27712.58545954002,27765.62647925644,experiment,FIFO,0.28,0,variant_6
7867,MOULDING_5,MOULDING_MACHINE_5,27715.74676469213,2.9954184038251697,1,0.0,0.0,150.08347163658254,31,27715.74676469213,27865.83023632871,experiment,FIFO,0.28,0,variant_6
7867,ASSEMBLY_1_5,LINE_5_ASSEMBLY1,27719.90855507875,3.7458009668298473,2,4.161790386620851,4.161790386620851,145.9216812499617,31,27715.74676469213,27865.83023632871,experiment,FIFO,0.28,0,variant_6
7867,ASSEMBLY_2_1,ASSEMBLY2_LINE_1,27846.148645755475,2.0844541488295363,3,126.24009067672523,130.40188106334608,19.681590573236463,37,27715.74676469213,27865.83023632871,experiment,FIFO,0.28,0,variant_6
7867,SORTING,SORTING_ROBOT_1,27854.26870418289,4.32758202678815,4,8.120058427415643,138.52193949076172,11.56153214582082,38,27715.74676469213,27865.83023632871,experiment,FIFO,0.28,0,variant_6
7867,PACKAGING_3,PACKAGING_LINE_3,27855.07266738239,0.04862214638706064,5,0.8039631994979572,139.32590269025968,10.757568946322863,38,27715.74676469213,27865.83023632871,experiment,FIFO,0.28,0,variant_6
7867,INSPECTION_1_1,INSPECTION_1_1_LINE,27856.968618129187,1.0903417663284927,6,1.895950746798917,141.2218534370586,8.861618199523946,38,27715.74676469213,27865.83023632871,experiment,FIFO,0.28,0,variant_6
7867,INSPECTION_1_2,INSPECTION_1_2_LINE,27856.98597050524,0.017352376053167973,7,0.017352376053167973,141.23920581311177,8.844265823470778,38,27715.74676469213,27865.83023632871,experiment,FIFO,0.28,0,variant_6
7867,INSPECTION_1_3,INSPECTION_1_3_LINE,27860.780357511667,3.4387632219077204,8,3.7943870064264047,145.03359281953817,5.049878817044373,40,27715.74676469213,27865.83023632871,experiment,FIFO,0.28,0,variant_6
7867,INSPECTION_1_4,INSPECTION_1_4_LINE,27860.793252457104,0.012894945437437855,9,0.012894945437437855,145.0464877649756,5.036983871606935,40,27715.74676469213,27865.83023632871,experiment,FIFO,0.28,0,variant_6
7867,INSPECTION_1_5,INSPECTION_1_5_LINE,27862.411679923363,0.4759038468801009,10,1.6184274662591633,146.66491523123477,3.418556405347772,41,27715.74676469213,27865.83023632871,experiment,FIFO,0.28,0,variant_6
7867,INSPECTION_1_6,INSPECTION_1_6_LINE,27863.86343263905,1.4517527156858705,11,1.4517527156858705,148.11666794692064,1.9668036896619014,41,27715.74676469213,27865.83023632871,experiment,FIFO,0.28,0,variant_6
7867,INSPECTION_1_7,INSPECTION_1_7_LINE,27865.83023632871,0.14856513282938977,12,1.9668036896619014,150.08347163658254,0.0,38,27715.74676469213,27865.83023632871,experiment,FIFO,0.28,0,variant_6
7868,MOULDING_3,MOULDING_MACHINE_3,27714.692519037628,1.620902658884006,1,0.0,0.0,135.4005015005023,30,27714.692519037628,27850.09302053813,experiment,FIFO,0.28,0,variant_3
7868,ASSEMBLY_1_5,LINE_5_ASSEMBLY1,27716.16275411192,1.280944787467888,2,1.4702350742918497,1.4702350742918497,133.93026642621044,31,27714.692519037628,27850.09302053813,experiment,FIFO,0.28,0,variant_3
7868,ASSEMBLY_2_1,ASSEMBLY2_LINE_1,27840.31322350875,0.9623797799831664,3,124.15046939683089,125.62070447112274,9.779797029379552,37,27714.692519037628,27850.09302053813,experiment,FIFO,0.28,0,variant_3
7868,SORTING,SORTING_ROBOT_1,27842.735293564485,2.422070055734366,4,2.422070055734366,128.0427745268571,7.357726973645185,37,27714.692519037628,27850.09302053813,experiment,FIFO,0.28,0,variant_3
7868,PACKAGING_2,PACKAGING_LINE_2,27843.17745964,0.1969120197245502,5,0.44216607551425113,128.48494060237135,6.915560898130934,37,27714.692519037628,27850.09302053813,experiment,FIFO,0.28,0,variant_3
7868,INSPECTION_2_1,INSPECTION_2_1_LINE,27846.2793971698,3.101937529801944,6,3.101937529801944,131.5868781321733,3.81362336832899,37,27714.692519037628,27850.09302053813,experiment,FIFO,0.28,0,variant_3
7868,INSPECTION_2_2,INSPECTION_2_2_LINE,27846.58434679364,0.30494962383818347,7,0.30494962383818347,131.89182775601148,3.5086737444908067,37,27714.692519037628,27850.09302053813,experiment,FIFO,0.28,0,variant_3
7868,INSPECTION_2_3,INSPECTION_2_3_LINE,27848.10676486632,1.5224180726800114,8,1.5224180726800114,133.4142458286915,1.9862556718107953,37,27714.692519037628,27850.09302053813,experiment,FIFO,0.28,0,variant_3
7868,INSPECTION_2_4,INSPECTION_2_4_LINE,27848.720894732047,0.6141298657275911,9,0.6141298657275911,134.02837569441908,1.3721258060832042,36,27714.692519037628,27850.09302053813,experiment,FIFO,0.28,0,variant_3
7868,INSPECTION_2_5,INSPECTION_2_5_LINE,27849.23326129465,0.5123665626015281,10,0.5123665626015281,134.5407422570206,0.8597592434816761,36,27714.692519037628,27850.09302053813,experiment,FIFO,0.28,0,variant_3
7868,INSPECTION_2_6,INSPECTION_2_6_LINE,27849.37513344266,0.1418721480113163,11,0.1418721480113163,134.68261440503193,0.7178870954703598,36,27714.692519037628,27850.09302053813,experiment,FIFO,0.28,0,variant_3
7868,INSPECTION_2_7,INSPECTION_2_7_LINE,27850.09302053813,0.7178870954703598,12,0.7178870954703598,135.4005015005023,0.0,35,27714.692519037628,27850.09302053813,experiment,FIFO,0.28,0,variant_3
7869,MOULDING_5,MOULDING_MACHINE_5,27723.132895265764,7.386130573635455,1,0.0,0.0,76.00160037873866,30,27723.132895265764,27799.134495644503,experiment,FIFO,0.28,0,variant_2
7869,ASSEMBLY_1_5,LINE_5_ASSEMBLY1,27723.71886666163,0.5859713958670909,2,0.5859713958670909,0.5859713958670909,75.41562898287157,30,27723.132895265764,27799.134495644503,experiment,FIFO,0.28,0,variant_2
7869,ASSEMBLY_2_2,ASSEMBLY2_LINE_2,27764.495268611823,11.112052473734366,3,40.77640195019194,41.36237334605903,34.63922703267963,38,27723.132895265764,27799.134495644503,experiment,FIFO,0.28,0,variant_2
7869,SORTING,SORTING_ROBOT_1,27780.19292079687,0.06858770406688564,4,15.697652185048355,57.060025531107385,18.941574847631273,34,27723.132895265764,27799.134495644503,experiment,FIFO,0.28,0,variant_2
7869,PACKAGING_1,PACKAGING_LINE_1,27788.51455299349,8.32163219661743,5,8.32163219661743,65.38165772772481,10.619942651013844,37,27723.132895265764,27799.134495644503,experiment,FIFO,0.28,0,variant_2
7869,INSPECTION_1_1,INSPECTION_1_1_LINE,27788.526428801026,0.011875807536853245,6,0.011875807536853245,65.39353353526167,10.60806684347699,37,27723.132895265764,27799.134495644503,experiment,FIFO,0.28,0,variant_2
7869,INSPECTION_1_2,INSPECTION_1_2_LINE,27793.5425390213,5.016110220272822,7,5.016110220272822,70.40964375553449,5.591956623204169,38,27723.132895265764,27799.134495644503,experiment,FIFO,0.28,0,variant_2
7869,INSPECTION_1_3,INSPECTION_1_3_LINE,27793.81215199652,0.2696129752221168,8,0.2696129752221168,70.6792567307566,5.322343647982052,38,27723.132895265764,27799.134495644503,experiment,FIFO,0.28,0,variant_2
7869,INSPECTION_1_4,INSPECTION_1_4_LINE,27793.840611333173,0.028459336652304046,9,0.028459336652304046,70.70771606740891,5.293884311329748,38,27723.132895265764,27799.134495644503,experiment,FIFO,0.28,0,variant_2
7869,INSPECTION_1_5,INSPECTION_1_5_LINE,27795.46049640161,1.6198850684377248,10,1.6198850684377248,72.32760113584663,3.673999242892023,38,27723.132895265764,27799.134495644503,experiment,FIFO,0.28,0,variant_2
7869,INSPECTION_1_6,INSPECTION_1_6_LINE,27796.83021993752,1.3697235359104525,11,1.3697235359104525,73.69732467175709,2.3042757069815707,38,27723.132895265764,27799.134495644503,experiment,FIFO,0.28,0,variant_2
7869,INSPECTION_1_7,INSPECTION_1_7_LINE,27799.134495644503,2.3042757069815707,12,2.3042757069815707,76.00160037873866,0.0,37,27723.132895265764,27799.134495644503,experiment,FIFO,0.28,0,variant_2
7870,MOULDING_3,MOULDING_MACHINE_3,27719.52726590928,4.8347468716528965,1,0.0,0.0,84.54712278744773,32,27719.52726590928,27804.07438869673,experiment,FIFO,0.28,0,variant_5
7870,ASSEMBLY_1_3,LINE_3_ASSEMBLY1,27728.8311702238,9.30390431451815,2,9.30390431451815,9.30390431451815,75.24321847292958,31,27719.52726590928,27804.07438869673,experiment,FIFO,0.28,0,variant_5
7870,ASSEMBLY_2_2,ASSEMBLY2_LINE_2,27782.64805231797,6.038683261351252,3,53.81688209417189,63.12078640869004,21.426336378757696,35,27719.52726590928,27804.07438869673,experiment,FIFO,0.28,0,variant_5
7870,SORTING,SORTING_ROBOT_1,27785.219543399977,2.571491082006105,4,2.571491082006105,65.69227749069614,18.85484529675159,37,27719.52726590928,27804.07438869673,experiment,FIFO,0.28,0,variant_5
7870,PACKAGING_3,PACKAGING_LINE_3,27794.18639483884,5.266678966105246,5,8.966851438864978,74.65912892956112,9.887993857886613,38,27719.52726590928,27804.07438869673,experiment,FIFO,0.28,0,variant_5
7870,INSPECTION_1_1,INSPECTION_1_1_LINE,27795.19207360413,1.005678765286575,6,1.005678765286575,75.6648076948477,8.882315092600038,38,27719.52726590928,27804.07438869673,experiment,FIFO,0.28,0,variant_5
7870,INSPECTION_1_2,INSPECTION_1_2_LINE,27795.34927654164,0.15720293751292047,7,0.15720293751292047,75.82201063236062,8.725112155087118,38,27719.52726590928,27804.07438869673,experiment,FIFO,0.28,0,variant_5
7870,INSPECTION_1_3,INSPECTION_1_3_LINE,27797.88447439052,0.03216442782286322,8,2.5351978488797613,78.35720848124038,6.189914306207356,38,27719.52726590928,27804.07438869673,experiment,FIFO,0.28,0,variant_5
7870,INSPECTION_1_4,INSPECTION_1_4_LINE,27801.24286595501,2.2942713922639086,9,3.3583915644885565,81.71560004572893,2.8315227417188,37,27719.52726590928,27804.07438869673,experiment,FIFO,0.28,0,variant_5
7870,INSPECTION_1_5,INSPECTION_1_5_LINE,27801.442434792367,0.1995688373572193,10,0.1995688373572193,81.91516888308615,2.6319539043615805,37,27719.52726590928,27804.07438869673,experiment,FIFO,0.28,0,variant_5
7870,INSPECTION_1_6,INSPECTION_1_6_LINE,27803.34307532612,1.900640533753176,11,1.900640533753176,83.81580941683933,0.7313133706084045,37,27719.52726590928,27804.07438869673,experiment,FIFO,0.28,0,variant_5
7870,INSPECTION_1_7,INSPECTION_1_7_LINE,27804.07438869673,0.7313133706084045,12,0.7313133706084045,84.54712278744773,0.0,35,27719.52726590928,27804.07438869673,experiment,FIFO,0.28,0,variant_5
7871,MOULDING_2,MOULDING_MACHINE_2,27720.20888016545,1.5848617378724157,1,0.0,0.0,209.1752051559597,32,27720.20888016545,27929.38408532141,experiment,FIFO,0.28,0,variant_5
7871,ASSEMBLY_1_4,LINE_4_ASSEMBLY1,27735.05712089901,6.258311803791003,2,14.848240733561397,14.848240733561397,194.3269644223983,29,27720.20888016545,27929.38408532141,experiment,FIFO,0.28,0,variant_5
7871,ASSEMBLY_2_1,ASSEMBLY2_LINE_1,27883.20340175521,7.363920291587419,3,148.14628085619916,162.99452158976055,46.18068356619915,35,27720.20888016545,27929.38408532141,experiment,FIFO,0.28,0,variant_5
7871,SORTING,SORTING_ROBOT_1,27886.747163355147,1.6307689509776537,4,3.5437615999362606,166.5382831896968,42.63692196626289,36,27720.20888016545,27929.38408532141,experiment,FIFO,0.28,0,variant_5
7871,PACKAGING_3,PACKAGING_LINE_3,27918.24987920218,1.7924398126888264,5,31.50271584703296,198.04099903672977,11.13420611922993,40,27720.20888016545,27929.38408532141,experiment,FIFO,0.28,0,variant_5
7871,INSPECTION_2_1,INSPECTION_2_1_LINE,27921.283484657004,3.033605454824283,6,3.033605454824283,201.07460449155406,8.100600664405647,40,27720.20888016545,27929.38408532141,experiment,FIFO,0.28,0,variant_5
7871,INSPECTION_2_2,INSPECTION_2_2_LINE,27921.36286559793,0.07938094092605752,7,0.07938094092605752,201.1539854324801,8.02121972347959,40,27720.20888016545,27929.38408532141,experiment,FIFO,0.28,0,variant_5
7871,INSPECTION_2_3,INSPECTION_2_3_LINE,27924.11317789213,2.75031229419983,8,2.75031229419983,203.90429772667994,5.2709074292797595,40,27720.20888016545,27929.38408532141,experiment,FIFO,0.28,0,variant_5
7871,INSPECTION_2_4,INSPECTION_2_4_LINE,27925.95371822447,1.8405403323413339,9,1.8405403323413339,205.74483805902128,3.4303670969384257,42,27720.20888016545,27929.38408532141,experiment,FIFO,0.28,0,variant_5
7871,INSPECTION_2_5,INSPECTION_2_5_LINE,27929.167052376502,3.213334152031166,10,3.213334152031166,208.95817221105244,0.21703294490725966,41,27720.20888016545,27929.38408532141,experiment,FIFO,0.28,0,variant_5
7871,INSPECTION_2_6,INSPECTION_2_6_LINE,27929.24736839731,0.08031602080882294,11,0.08031602080882294,209.03848823186127,0.13671692409843672,41,27720.20888016545,27929.38408532141,experiment,FIFO,0.28,0,variant_5
7871,INSPECTION_2_7,INSPECTION_2_7_LINE,27929.38408532141,0.13671692409843672,12,0.13671692409843672,209.1752051559597,0.0,39,27720.20888016545,27929.38408532141,experiment,FIFO,0.28,0,variant_5
7872,MOULDING_3,MOULDING_MACHINE_3,27725.853451897103,5.1034648620843654,1,0.0,0.0,248.43436174216913,31,27725.853451897103,27974.287813639272,experiment,FIFO,0.28,0,variant_3
7872,ASSEMBLY_1_1,LINE_1_ASSEMBLY1,27755.16339104977,0.41695643686762196,2,29.30993915266663,29.30993915266663,219.1244225895025,38,27725.853451897103,27974.287813639272,experiment,FIFO,0.28,0,variant_3
7872,ASSEMBLY_2_1,ASSEMBLY2_LINE_1,27907.109904453468,4.188865474858176,3,151.9465134036982,181.25645255636482,67.17790918580431,39,27725.853451897103,27974.287813639272,experiment,FIFO,0.28,0,variant_3
7872,SORTING,SORTING_ROBOT_1,27951.76000316963,4.1636842849438835,4,44.650098716163484,225.9065512725283,22.527810469640826,39,27725.853451897103,27974.287813639272,experiment,FIFO,0.28,0,variant_3
7872,PACKAGING_1,PACKAGING_LINE_1,27964.323834424056,12.563831254425168,5,12.563831254425168,238.47038252695347,9.963979215215659,42,27725.853451897103,27974.287813639272,experiment,FIFO,0.28,0,variant_3
7872,INSPECTION_1_1,INSPECTION_1_1_LINE,27966.063698890845,1.7398644667882763,6,1.7398644667882763,240.21024699374175,8.224114748427382,42,27725.853451897103,27974.287813639272,experiment,FIFO,0.28,0,variant_3
7872,INSPECTION_1_2,INSPECTION_1_2_LINE,27966.23852535332,0.1748264624766307,7,0.1748264624766307,240.38507345621838,8.049288285950752,42,27725.853451897103,27974.287813639272,experiment,FIFO,0.28,0,variant_3
7872,INSPECTION_1_3,INSPECTION_1_3_LINE,27966.32532249478,0.08679714145910111,8,0.08679714145910111,240.47187059767748,7.962491144491651,42,27725.853451897103,27974.287813639272,experiment,FIFO,0.28,0,variant_3
7872,INSPECTION_1_4,INSPECTION_1_4_LINE,27968.417899386623,2.0925768918423273,9,2.0925768918423273,242.5644474895198,5.869914252649323,41,27725.853451897103,27974.287813639272,experiment,FIFO,0.28,0,variant_3
7872,INSPECTION_1_5,INSPECTION_1_5_LINE,27969.71752369326,1.29962430663727,10,1.29962430663727,243.86407179615708,4.570289946012053,41,27725.853451897103,27974.287813639272,experiment,FIFO,0.28,0,variant_3
7872,INSPECTION_1_6,INSPECTION_1_6_LINE,27973.95543014151,4.2379064482483955,11,4.2379064482483955,248.10197824440547,0.33238349776365794,42,27725.853451897103,27974.287813639272,experiment,FIFO,0.28,0,variant_3
7872,INSPECTION_1_7,INSPECTION_1_7_LINE,27974.287813639272,0.33238349776365794,12,0.33238349776365794,248.43436174216913,0.0,42,27725.853451897103,27974.287813639272,experiment,FIFO,0.28,0,variant_3
7873,MOULDING_4,MOULDING_MACHINE_4,27752.390758779147,3.144342140883964,1,0.0,0.0,227.71501287678984,34,27752.390758779147,27980.105771655937,experiment,FIFO,0.28,0,variant_4
7873,ASSEMBLY_1_3,LINE_3_ASSEMBLY1,27757.95682050936,5.566061730212823,2,5.566061730212823,5.566061730212823,222.14895114657702,37,27752.390758779147,27980.105771655937,experiment,FIFO,0.28,0,variant_4
7873,ASSEMBLY_2_1,ASSEMBLY2_LINE_1,27916.43608224302,3.639272333970439,3,158.47926173366068,164.0453234638735,63.66968941291634,40,27752.390758779147,27980.105771655937,experiment,FIFO,0.28,0,variant_4
7873,SORTING,SORTING_ROBOT_1,27971.729184113017,7.159054510124406,4,55.29310186999646,219.33842533386996,8.376587542919879,41,27752.390758779147,27980.105771655937,experiment,FIFO,0.28,0,variant_4
7873,PACKAGING_1,PACKAGING_LINE_1,27971.88099664264,0.15181252962429426,5,0.15181252962429426,219.49023786349426,8.224775013295584,41,27752.390758779147,27980.105771655937,experiment,FIFO,0.28,0,variant_4
7873,INSPECTION_1_1,INSPECTION_1_1_LINE,27973.40410687087,1.5231102282268694,6,1.5231102282268694,221.01334809172113,6.701664785068715,42,27752.390758779147,27980.105771655937,experiment,FIFO,0.28,0,variant_4
7873,INSPECTION_1_2,INSPECTION_1_2_LINE,27976.66298125411,3.2588743832420732,7,3.2588743832420732,224.2722224749632,3.4427904018266418,43,27752.390758779147,27980.105771655937,experiment,FIFO,0.28,0,variant_4
7873,INSPECTION_1_3,INSPECTION_1_3_LINE,27977.217500745177,0.5545194910664577,8,0.5545194910664577,224.82674196602966,2.888270910760184,43,27752.390758779147,27980.105771655937,experiment,FIFO,0.28,0,variant_4
7873,INSPECTION_1_4,INSPECTION_1_4_LINE,27977.45198637164,0.2344856264644477,9,0.2344856264644477,225.0612275924941,2.6537852842957363,43,27752.390758779147,27980.105771655937,experiment,FIFO,0.28,0,variant_4
7873,INSPECTION_1_5,INSPECTION_1_5_LINE,27977.804010685824,0.3520243141829269,10,0.3520243141829269,225.41325190667703,2.3017609701128094,43,27752.390758779147,27980.105771655937,experiment,FIFO,0.28,0,variant_4
7873,INSPECTION_1_6,INSPECTION_1_6_LINE,27977.99687808359,0.1928673977672588,11,0.1928673977672588,225.6061193044443,2.1088935723455506,43,27752.390758779147,27980.105771655937,experiment,FIFO,0.28,0,variant_4
7873,INSPECTION_1_6,INSPECTION_1_6_LINE,27978.01416705164,0.01728896804706892,12,0.01728896804706892,225.62340827249136,2.0916046042984817,43,27752.390758779147,27980.105771655937,experiment,FIFO,0.28,0,variant_4
7873,INSPECTION_1_7,INSPECTION_1_7_LINE,27980.105771655937,0.05690141656668857,13,2.0916046042984817,227.71501287678984,0.0,42,27752.390758779147,27980.105771655937,experiment,FIFO,0.28,0,variant_4
7874,MOULDING_2,MOULDING_MACHINE_2,27732.340233499548,6.973238923386816,1,0.0,0.0,71.11073408199445,30,27732.340233499548,27803.450967581542,experiment,FIFO,0.28,0,variant_3
7874,ASSEMBLY_1_4,LINE_4_ASSEMBLY1,27738.679549286982,3.622428387971013,2,6.339315787434316,6.339315787434316,64.77141829456014,29,27732.340233499548,27803.450967581542,experiment,FIFO,0.28,0,variant_3
7874,ASSEMBLY_2_2,ASSEMBLY2_LINE_2,27788.11979615457,5.471743836598762,3,49.44024686758712,55.77956265502144,15.331171426973015,37,27732.340233499548,27803.450967581542,experiment,FIFO,0.28,0,variant_3
7874,SORTING,SORTING_ROBOT_1,27791.41424156248,3.294445407911553,4,3.294445407911553,59.07400806293299,12.036726019061462,38,27732.340233499548,27803.450967581542,experiment,FIFO,0.28,0,variant_3
7874,PACKAGING_1,PACKAGING_LINE_1,27793.000808941066,1.586567378584732,5,1.586567378584732,60.66057544151772,10.45015864047673,38,27732.340233499548,27803.450967581542,experiment,FIFO,0.28,0,variant_3
7874,INSPECTION_2_1,INSPECTION_2_1_LINE,27793.75112846108,0.7503195200151822,6,0.7503195200151822,61.410894961532904,9.699839120461547,38,27732.340233499548,27803.450967581542,experiment,FIFO,0.28,0,variant_3
7874,INSPECTION_2_2,INSPECTION_2_2_LINE,27795.155560618576,1.404432157494739,7,1.404432157494739,62.81532711902764,8.295406962966808,38,27732.340233499548,27803.450967581542,experiment,FIFO,0.28,0,variant_3
7874,INSPECTION_2_3,INSPECTION_2_3_LINE,27796.18488655872,1.02932594014419,8,1.02932594014419,63.84465305917183,7.266081022822618,38,27732.340233499548,27803.450967581542,experiment,FIFO,0.28,0,variant_3
7874,INSPECTION_2_4,INSPECTION_2_4_LINE,27797.864692816005,1.4079912852503185,9,1.679806257285236,65.52445931645707,5.586274765537382,38,27732.340233499548,27803.450967581542,experiment,FIFO,0.28,0,variant_3
7874,INSPECTION_2_5,INSPECTION_2_5_LINE,27799.971864574127,2.1071717581216944,10,2.1071717581216944,67.63163107457876,3.479103007415688,36,27732.340233499548,27803.450967581542,experiment,FIFO,0.28,0,variant_3
7874,INSPECTION_2_6,INSPECTION_2_6_LINE,27800.12703069996,0.15516612583451206,11,0.15516612583451206,67.78679720041328,3.323936881581176,36,27732.340233499548,27803.450967581542,experiment,FIFO,0.28,0,variant_3
7874,INSPECTION_2_7,INSPECTION_2_7_LINE,27803.450967581542,3.323936881581176,12,3.323936881581176,71.11073408199445,0.0,36,27732.340233499548,27803.450967581542,experiment,FIFO,0.28,0,variant_3
7875,MOULDING_3,MOULDING_MACHINE_3,27736.72762705975,5.907275950929034,1,0.0,0.0,204.71501425058887,30,27736.72762705975,27941.44264131034,experiment,FIFO,0.28,0,variant_2
7875,ASSEMBLY_1_4,LINE_4_ASSEMBLY1,27742.502230623923,3.8226813369401498,2,5.774603564172139,5.774603564172139,198.94041068641673,30,27736.72762705975,27941.44264131034,experiment,FIFO,0.28,0,variant_2
7875,ASSEMBLY_2_1,ASSEMBLY2_LINE_1,27899.70995896465,16.506557209439052,3,157.20772834072704,162.98233190489918,41.73268234568968,38,27736.72762705975,27941.44264131034,experiment,FIFO,0.28,0,variant_2
7875,SORTING,SORTING_ROBOT_1,27914.121446185025,2.9386206920935365,4,14.41148722037542,177.3938191252746,27.32119512531426,40,27736.72762705975,27941.44264131034,experiment,FIFO,0.28,0,variant_2
7875,PACKAGING_3,PACKAGING_LINE_3,27931.535622946423,1.642891779236379,5,17.414176761398267,194.80799588667287,9.907018363915995,39,27736.72762705975,27941.44264131034,experiment,FIFO,0.28,0,variant_2
7875,INSPECTION_1_1,INSPECTION_1_1_LINE,27933.473318582248,1.9376956358246389,6,1.9376956358246389,196.7456915224975,7.969322728091356,38,27736.72762705975,27941.44264131034,experiment,FIFO,0.28,0,variant_2
7875,INSPECTION_1_2,INSPECTION_1_2_LINE,27933.832850948023,0.3595323657755216,7,0.3595323657755216,197.10522388827303,7.6097903623158345,38,27736.72762705975,27941.44264131034,experiment,FIFO,0.28,0,variant_2
7875,INSPECTION_1_3,INSPECTION_1_3_LINE,27936.77861267593,2.9457617279076658,8,2.9457617279076658,200.0509856161807,4.664028634408169,39,27736.72762705975,27941.44264131034,experiment,FIFO,0.28,0,variant_2
7875,INSPECTION_1_4,INSPECTION_1_4_LINE,27937.864615711504,1.086003035572503,9,1.086003035572503,201.1369886517532,3.5780255988356657,39,27736.72762705975,27941.44264131034,experiment,FIFO,0.28,0,variant_2
7875,INSPECTION_1_5,INSPECTION_1_5_LINE,27940.60103998273,2.736424271224678,10,2.736424271224678,203.87341292297788,0.8416013276109879,40,27736.72762705975,27941.44264131034,experiment,FIFO,0.28,0,variant_2
7875,INSPECTION_1_6,INSPECTION_1_6_LINE,27940.7999068972,0.1988669144702726,11,0.1988669144702726,204.07227983744815,0.6427344131407153,40,27736.72762705975,27941.44264131034,experiment,FIFO,0.28,0,variant_2
7875,INSPECTION_1_7,INSPECTION_1_7_LINE,27941.44264131034,0.6427344131407153,12,0.6427344131407153,204.71501425058887,0.0,39,27736.72762705975,27941.44264131034,experiment,FIFO,0.28,0,variant_2
7876,MOULDING_5,MOULDING_MACHINE_5,27752.99535065938,16.974033448110276,1,0.0,0.0,227.05351957998937,36,27752.99535065938,27980.04887023937,experiment,FIFO,0.28,0,variant_2
7876,ASSEMBLY_1_4,LINE_4_ASSEMBLY1,27757.6322516984,4.636901039018994,2,4.636901039018994,4.636901039018994,222.41661854097038,37,27752.99535065938,27980.04887023937,experiment,FIFO,0.28,0,variant_2
7876,ASSEMBLY_2_1,ASSEMBLY2_LINE_1,27912.79680990905,3.594034719011688,3,155.16455821065028,159.80145924966928,67.25206033032009,40,27752.99535065938,27980.04887023937,experiment,FIFO,0.28,0,variant_2
7876,SORTING,SORTING_ROBOT_1,27964.570129602893,4.965733185974386,4,51.773319693842495,211.57477894351177,15.478740636477596,42,27752.99535065938,27980.04887023937,experiment,FIFO,0.28,0,variant_2
7876,PACKAGING_3,PACKAGING_LINE_3,27965.766012004828,1.1958824019347958,5,1.1958824019347958,212.77066134544657,14.2828582345428,42,27752.99535065938,27980.04887023937,experiment,FIFO,0.28,0,variant_2
7876,INSPECTION_1_1,INSPECTION_1_1_LINE,27967.28170474764,1.2180058567937522,6,1.5156927428106428,214.2863540882572,12.767165491732158,41,27752.99535065938,27980.04887023937,experiment,FIFO,0.28,0,variant_2
7876,INSPECTION_1_2,INSPECTION_1_2_LINE,27968.36023187871,1.0785271310705866,7,1.0785271310705866,215.3648812193278,11.688638360661571,41,27752.99535065938,27980.04887023937,experiment,FIFO,0.28,0,variant_2
7876,INSPECTION_1_3,INSPECTION_1_3_LINE,27968.435040880697,0.07480900198788731,8,0.07480900198788731,215.4396902213157,11.613829358673684,41,27752.99535065938,27980.04887023937,experiment,FIFO,0.28,0,variant_2
7876,INSPECTION_1_4,INSPECTION_1_4_LINE,27969.40530575408,0.9702648733837123,9,0.9702648733837123,216.4099550946994,10.643564485289971,41,27752.99535065938,27980.04887023937,experiment,FIFO,0.28,0,variant_2
7876,INSPECTION_1_5,INSPECTION_1_5_LINE,27970.06038371498,0.3428600217193889,10,0.6550779608987796,217.06503305559818,9.988486524391192,41,27752.99535065938,27980.04887023937,experiment,FIFO,0.28,0,variant_2
7876,INSPECTION_1_6,INSPECTION_1_6_LINE,27977.356228593573,3.400798452064919,11,7.295844878593925,224.3608779341921,2.6926416457972664,43,27752.99535065938,27980.04887023937,experiment,FIFO,0.28,0,variant_2
7876,INSPECTION_1_7,INSPECTION_1_7_LINE,27980.04887023937,2.6926416457972664,12,2.6926416457972664,227.05351957998937,0.0,43,27752.99535065938,27980.04887023937,experiment,FIFO,0.28,0,variant_2
7877,MOULDING_2,MOULDING_MACHINE_2,27740.589785939974,3.508346377308044,1,0.0,0.0,260.51249389210716,30,27740.589785939974,28001.10227983208,experiment,FIFO,0.28,0,variant_3
7877,ASSEMBLY_1_1,LINE_1_ASSEMBLY1,27793.524055115216,7.407676369184628,2,52.93426917524266,52.93426917524266,207.5782247168645,38,27740.589785939974,28001.10227983208,experiment,FIFO,0.28,0,variant_3
7877,ASSEMBLY_2_1,ASSEMBLY2_LINE_1,27931.13247710773,1.0299888406007085,3,137.6084219925142,190.54269116775686,69.9698027243503,39,27740.589785939974,28001.10227983208,experiment,FIFO,0.28,0,variant_3
7877,SORTING,SORTING_ROBOT_1,27987.2751350746,1.2876673579012277,4,56.14265796686959,246.68534913462645,13.82714475748071,40,27740.589785939974,28001.10227983208,experiment,FIFO,0.28,0,variant_3
7877,PACKAGING_3,PACKAGING_LINE_3,27988.85973961109,1.5846045364887686,5,1.5846045364887686,248.26995367111522,12.242540220991941,40,27740.589785939974,28001.10227983208,experiment,FIFO,0.28,0,variant_3
7877,INSPECTION_1_1,INSPECTION_1_1_LINE,27993.30249032559,4.1167650954885175,6,4.442750714501017,252.71270438561623,7.799789506490924,39,27740.589785939974,28001.10227983208,experiment,FIFO,0.28,0,variant_3
7877,INSPECTION_1_2,INSPECTION_1_2_LINE,27994.49715051497,1.194660189379647,7,1.194660189379647,253.90736457499588,6.6051293171112775,39,27740.589785939974,28001.10227983208,experiment,FIFO,0.28,0,variant_3
7877,INSPECTION_1_3,INSPECTION_1_3_LINE,27996.32323346788,1.8260829529099283,8,1.8260829529099283,255.7334475279058,4.779046364201349,37,27740.589785939974,28001.10227983208,experiment,FIFO,0.28,0,variant_3
7877,INSPECTION_1_4,INSPECTION_1_4_LINE,27996.86381143265,0.5405779647699092,9,0.5405779647699092,256.2740254926757,4.23846839943144,37,27740.589785939974,28001.10227983208,experiment,FIFO,0.28,0,variant_3
7877,INSPECTION_1_5,INSPECTION_1_5_LINE,27999.3087135136,1.0495168109009683,10,2.4449020809515787,258.7189275736273,1.7935663184798614,37,27740.589785939974,28001.10227983208,experiment,FIFO,0.28,0,variant_3
7877,INSPECTION_1_6,INSPECTION_1_6_LINE,28001.057494223965,1.7487807103643718,11,1.7487807103643718,260.46770828399167,0.044785608115489595,38,27740.589785939974,28001.10227983208,experiment,FIFO,0.28,0,variant_3
7877,INSPECTION_1_7,INSPECTION_1_7_LINE,28001.10227983208,0.044785608115489595,12,0.044785608115489595,260.51249389210716,0.0,37,27740.589785939974,28001.10227983208,experiment,FIFO,0.28,0,variant_3
7878,MOULDING_1,MOULDING_MACHINE_1,27747.54304831212,3.303719544750493,1,0.0,0.0,184.90109583805315,31,27747.54304831212,27932.444144150173,experiment,FIFO,0.28,0,variant_6
7878,ASSEMBLY_1_5,LINE_5_ASSEMBLY1,27749.572974072595,2.0299257604747254,2,2.0299257604747254,2.0299257604747254,182.87117007757843,33,27747.54304831212,27932.444144150173,experiment,FIFO,0.28,0,variant_6
7878,ASSEMBLY_2_1,ASSEMBLY2_LINE_1,27900.20039601288,0.49043704822906875,3,150.62742194028397,152.6573477007587,32.24374813729446,38,27747.54304831212,27932.444144150173,experiment,FIFO,0.28,0,variant_6
7878,SORTING,SORTING_ROBOT_1,27917.26447507469,3.1430288896663114,4,17.064079061812663,169.72142676257135,15.179669075481797,40,27747.54304831212,27932.444144150173,experiment,FIFO,0.28,0,variant_6
7878,PACKAGING_2,PACKAGING_LINE_2,27918.671099361727,1.406624287035811,5,1.406624287035811,171.12805104960717,13.773044788445986,39,27747.54304831212,27932.444144150173,experiment,FIFO,0.28,0,variant_6
7878,INSPECTION_2_1,INSPECTION_2_1_LINE,27924.68124375737,3.3977591003676935,6,6.010144395644602,177.13819544525177,7.762900392801384,41,27747.54304831212,27932.444144150173,experiment,FIFO,0.28,0,variant_6
7878,INSPECTION_2_2,INSPECTION_2_2_LINE,27925.34283082353,0.6615870661589724,7,0.6615870661589724,177.79978251141074,7.101313326642412,41,27747.54304831212,27932.444144150173,experiment,FIFO,0.28,0,variant_6
7878,INSPECTION_2_3,INSPECTION_2_3_LINE,27929.96812910704,4.625298283510347,8,4.625298283510347,182.4250807949211,2.4760150431320653,39,27747.54304831212,27932.444144150173,experiment,FIFO,0.28,0,variant_6
7878,INSPECTION_2_4,INSPECTION_2_4_LINE,27931.60596716484,1.6378380577989446,9,1.6378380577989446,184.06291885272003,0.8381769853331207,39,27747.54304831212,27932.444144150173,experiment,FIFO,0.28,0,variant_6
7878,INSPECTION_2_5,INSPECTION_2_5_LINE,27931.779814102487,0.17384693764688564,10,0.17384693764688564,184.23676579036692,0.664330047686235,39,27747.54304831212,27932.444144150173,experiment,FIFO,0.28,0,variant_6
7878,INSPECTION_2_6,INSPECTION_2_6_LINE,27931.808174233603,0.02836013111664215,11,0.02836013111664215,184.26512592148356,0.6359699165695929,39,27747.54304831212,27932.444144150173,experiment,FIFO,0.28,0,variant_6
7878,INSPECTION_2_7,INSPECTION_2_7_LINE,27932.444144150173,0.6359699165695929,12,0.6359699165695929,184.90109583805315,0.0,38,27747.54304831212,27932.444144150173,experiment,FIFO,0.28,0,variant_6
7879,MOULDING_2,MOULDING_MACHINE_2,27752.59534988608,7.167581269186485,1,0.0,0.0,104.13945548318588,35,27752.59534988608,27856.734805369266,experiment,FIFO,0.28,0,variant_4
7879,ASSEMBLY_1_1,LINE_1_ASSEMBLY1,27793.909311695257,0.38525658004073193,2,41.31396180917727,41.31396180917727,62.82549367400861,39,27752.59534988608,27856.734805369266,experiment,FIFO,0.28,0,variant_4
7879,ASSEMBLY_2_2,ASSEMBLY2_LINE_2,27842.72003776512,5.511092748492956,3,48.81072606986345,90.12468787904072,14.014767604145163,37,27752.59534988608,27856.734805369266,experiment,FIFO,0.28,0,variant_4
7879,SORTING,SORTING_ROBOT_1,27845.296825262947,1.3567232562563731,4,2.5767874978264445,92.70147537686717,11.437980106318719,37,27752.59534988608,27856.734805369266,experiment,FIFO,0.28,0,variant_4
7879,PACKAGING_2,PACKAGING_LINE_2,27847.31277108002,2.0159458170746802,5,2.0159458170746802,94.71742119394185,9.422034289244039,37,27752.59534988608,27856.734805369266,experiment,FIFO,0.28,0,variant_4
7879,INSPECTION_1_1,INSPECTION_1_1_LINE,27850.19910195949,2.886330879468005,6,2.886330879468005,97.60375207340985,6.535703409776033,35,27752.59534988608,27856.734805369266,experiment,FIFO,0.28,0,variant_4
7879,INSPECTION_1_2,INSPECTION_1_2_LINE,27851.22241416665,1.0233122071585967,7,1.0233122071585967,98.62706428056845,5.512391202617437,36,27752.59534988608,27856.734805369266,experiment,FIFO,0.28,0,variant_4
7879,INSPECTION_1_3,INSPECTION_1_3_LINE,27851.40913663661,0.1867224699599319,8,0.1867224699599319,98.81378675052838,5.325668732657505,36,27752.59534988608,27856.734805369266,experiment,FIFO,0.28,0,variant_4
7879,INSPECTION_1_4,INSPECTION_1_4_LINE,27852.725704775698,1.3165681390892132,9,1.3165681390892132,100.13035488961759,4.0091005935682915,36,27752.59534988608,27856.734805369266,experiment,FIFO,0.28,0,variant_4
7879,INSPECTION_1_5,INSPECTION_1_5_LINE,27853.04539495176,0.3196901760638866,10,0.3196901760638866,100.45004506568148,3.689410417504405,36,27752.59534988608,27856.734805369266,experiment,FIFO,0.28,0,variant_4
7879,INSPECTION_1_6,INSPECTION_1_6_LINE,27854.14873694594,1.1033419941777538,11,1.1033419941777538,101.55338705985923,2.586068423326651,38,27752.59534988608,27856.734805369266,experiment,FIFO,0.28,0,variant_4
7879,INSPECTION_1_7,INSPECTION_1_7_LINE,27856.734805369266,2.586068423326651,12,2.586068423326651,104.13945548318588,0.0,37,27752.59534988608,27856.734805369266,experiment,FIFO,0.28,0,variant_4
7880,MOULDING_3,MOULDING_MACHINE_3,27753.07900326558,2.6351518241463054,1,0.0,0.0,111.24643307248698,37,27753.07900326558,27864.325436338066,experiment,FIFO,0.28,0,variant_3
7880,ASSEMBLY_1_4,LINE_4_ASSEMBLY1,27782.22927931985,24.597027621450252,2,29.15027605427167,29.15027605427167,82.09615701821531,35,27753.07900326558,27864.325436338066,experiment,FIFO,0.28,0,variant_3
7880,ASSEMBLY_2_2,ASSEMBLY2_LINE_2,27834.191258151448,1.8827227631081769,3,51.96197883159766,81.11225488586933,30.134178186617646,38,27753.07900326558,27864.325436338066,experiment,FIFO,0.28,0,variant_3
7880,SORTING,SORTING_ROBOT_1,27837.00301951902,1.8633896436003852,4,2.8117613675713073,83.92401625344064,27.32241681904634,37,27753.07900326558,27864.325436338066,experiment,FIFO,0.28,0,variant_3
7880,PACKAGING_3,PACKAGING_LINE_3,27845.78131888352,1.4201936100798775,5,8.778299364501436,92.70231561794208,18.544117454544903,37,27753.07900326558,27864.325436338066,experiment,FIFO,0.28,0,variant_3
7880,INSPECTION_2_1,INSPECTION_2_1_LINE,27847.183058441657,0.5305738337883668,6,1.401739558135887,94.10405517607796,17.142377896409016,37,27753.07900326558,27864.325436338066,experiment,FIFO,0.28,0,variant_3
7880,INSPECTION_2_2,INSPECTION_2_2_LINE,27847.44099271645,0.25793427479220554,7,0.25793427479220554,94.36198945087017,16.88444362161681,37,27753.07900326558,27864.325436338066,experiment,FIFO,0.28,0,variant_3
7880,INSPECTION_2_3,INSPECTION_2_3_LINE,27856.45505634402,0.3207249165971007,8,9.014063627571886,103.37605307844206,7.870379994044924,38,27753.07900326558,27864.325436338066,experiment,FIFO,0.28,0,variant_3
7880,INSPECTION_2_4,INSPECTION_2_4_LINE,27856.64400192508,0.18894558105967008,9,0.18894558105967008,103.56499865950173,7.681434412985254,38,27753.07900326558,27864.325436338066,experiment,FIFO,0.28,0,variant_3
7880,INSPECTION_2_5,INSPECTION_2_5_LINE,27857.581563703792,0.9375617787118244,10,0.9375617787118244,104.50256043821355,6.74387263427343,38,27753.07900326558,27864.325436338066,experiment,FIFO,0.28,0,variant_3
7880,INSPECTION_2_6,INSPECTION_2_6_LINE,27857.64957551843,0.06801181463742978,11,0.06801181463742978,104.57057225285098,6.675860819636,38,27753.07900326558,27864.325436338066,experiment,FIFO,0.28,0,variant_3
7880,INSPECTION_2_7,INSPECTION_2_7_LINE,27864.325436338066,6.675860819636,12,6.675860819636,111.24643307248698,0.0,40,27753.07900326558,27864.325436338066,experiment,FIFO,0.28,0,variant_3
7881,MOULDING_1,MOULDING_MACHINE_1,27754.98484092745,2.982918481586239,1,0.0,0.0,225.19043383792814,38,27754.98484092745,27980.175274765377,experiment,FIFO,0.28,0,variant_2
7881,ASSEMBLY_1_5,LINE_5_ASSEMBLY1,27755.502684018524,0.5178430910746101,2,0.5178430910746101,0.5178430910746101,224.67259074685353,38,27754.98484092745,27980.175274765377,experiment,FIFO,0.28,0,variant_2
7881,ASSEMBLY_2_1,ASSEMBLY2_LINE_1,27909.20277519004,2.092870736571058,3,153.70009117151494,154.21793426258955,70.97249957533859,39,27754.98484092745,27980.175274765377,experiment,FIFO,0.28,0,variant_2
7881,SORTING,SORTING_ROBOT_1,27959.60439641692,6.8101879964488035,4,50.4016212268798,204.61955548946935,20.57087834845879,39,27754.98484092745,27980.175274765377,experiment,FIFO,0.28,0,variant_2
7881,PACKAGING_2,PACKAGING_LINE_2,27970.01250608341,10.408109666492237,5,10.408109666492237,215.02766515596159,10.162768681966554,41,27754.98484092745,27980.175274765377,experiment,FIFO,0.28,0,variant_2
7881,INSPECTION_2_1,INSPECTION_2_1_LINE,27971.915186320428,1.9026802370171936,6,1.9026802370171936,216.93034539297878,8.26008844494936,41,27754.98484092745,27980.175274765377,experiment,FIFO,0.28,0,variant_2
7881,INSPECTION_2_2,INSPECTION_2_2_LINE,27974.3166597354,2.401473414971406,7,2.401473414971406,219.33181880795019,5.858615029977955,42,27754.98484092745,27980.175274765377,experiment,FIFO,0.28,0,variant_2
7881,INSPECTION_2_3,INSPECTION_2_3_LINE,27974.696008231727,0.3793484963280207,8,0.3793484963280207,219.7111673042782,5.479266533649934,42,27754.98484092745,27980.175274765377,experiment,FIFO,0.28,0,variant_2
7881,INSPECTION_2_4,INSPECTION_2_4_LINE,27977.268448566243,2.5724403345157043,9,2.5724403345157043,222.2836076387939,2.9068261991342297,43,27754.98484092745,27980.175274765377,experiment,FIFO,0.28,0,variant_2
7881,INSPECTION_2_5,INSPECTION_2_5_LINE,27979.5647475213,2.296298955057864,10,2.296298955057864,224.57990659385177,0.6105272440763656,44,27754.98484092745,27980.175274765377,experiment,FIFO,0.28,0,variant_2
7881,INSPECTION_2_6,INSPECTION_2_6_LINE,27979.85562227233,0.29087475103006,11,0.29087475103006,224.87078134488183,0.3196524930463056,44,27754.98484092745,27980.175274765377,experiment,FIFO,0.28,0,variant_2
7881,INSPECTION_2_7,INSPECTION_2_7_LINE,27980.175274765377,0.3196524930463056,12,0.3196524930463056,225.19043383792814,0.0,41,27754.98484092745,27980.175274765377,experiment,FIFO,0.28,0,variant_2
7882,MOULDING_4,MOULDING_MACHINE_4,27763.4216343533,6.897492719461297,1,0.0,0.0,110.62328908432028,38,27763.4216343533,27874.04492343762,experiment,FIFO,0.28,0,variant_1
7882,ASSEMBLY_1_1,LINE_1_ASSEMBLY1,27799.47234772832,5.563036033061508,2,36.05071337501795,36.05071337501795,74.57257570930233,36,27763.4216343533,27874.04492343762,experiment,FIFO,0.28,0,variant_1
7882,ASSEMBLY_2_2,ASSEMBLY2_LINE_2,27854.533583529912,0.07659181302369689,3,55.061235801593284,91.11194917661123,19.511339907709043,38,27763.4216343533,27874.04492343762,experiment,FIFO,0.28,0,variant_1
7882,SORTING,SORTING_ROBOT_1,27860.665386372464,1.5993648252624553,4,6.131802842552133,97.24375201916337,13.37953706515691,40,27763.4216343533,27874.04492343762,experiment,FIFO,0.28,0,variant_1
7882,PACKAGING_3,PACKAGING_LINE_3,27862.34429123314,1.6789048606769938,5,1.6789048606769938,98.92265687984036,11.700632204479916,41,27763.4216343533,27874.04492343762,experiment,FIFO,0.28,0,variant_1
7882,INSPECTION_2_1,INSPECTION_2_1_LINE,27862.47849991421,0.13420868106913986,6,0.13420868106913986,99.0568655609095,11.566423523410776,41,27763.4216343533,27874.04492343762,experiment,FIFO,0.28,0,variant_1
7882,INSPECTION_2_2,INSPECTION_2_2_LINE,27863.85640705596,1.3779071417484374,7,1.3779071417484374,100.43477270265794,10.188516381662339,41,27763.4216343533,27874.04492343762,experiment,FIFO,0.28,0,variant_1
7882,INSPECTION_2_3,INSPECTION_2_3_LINE,27864.62309316088,0.7666861049219733,8,0.7666861049219733,101.20145880757991,9.421830276740366,40,27763.4216343533,27874.04492343762,experiment,FIFO,0.28,0,variant_1
7882,INSPECTION_2_4,INSPECTION_2_4_LINE,27870.30416664428,3.9237739093368873,9,5.681073483399814,106.88253229097973,3.7407567933405517,37,27763.4216343533,27874.04492343762,experiment,FIFO,0.28,0,variant_1
7882,INSPECTION_2_5,INSPECTION_2_5_LINE,27870.405183047787,0.10101640350694652,10,0.10101640350694652,106.98354869448667,3.639740389833605,37,27763.4216343533,27874.04492343762,experiment,FIFO,0.28,0,variant_1
7882,INSPECTION_2_6,INSPECTION_2_6_LINE,27871.91106712183,0.604529687880131,11,1.5058840740421147,108.48943276852879,2.1338563157914905,37,27763.4216343533,27874.04492343762,experiment,FIFO,0.28,0,variant_1
7882,INSPECTION_2_7,INSPECTION_2_7_LINE,27874.04492343762,0.044598145213967655,12,2.1338563157914905,110.62328908432028,0.0,36,27763.4216343533,27874.04492343762,experiment,FIFO,0.28,0,variant_1
7883,MOULDING_3,MOULDING_MACHINE_3,27760.778989354083,3.306654662515939,1,0.0,0.0,91.24184102255822,38,27760.778989354083,27852.02083037664,experiment,FIFO,0.28,0,variant_5
7883,ASSEMBLY_1_3,LINE_3_ASSEMBLY1,27767.30961303111,6.530623677026597,2,6.530623677026597,6.530623677026597,84.71121734553162,37,27760.778989354083,27852.02083037664,experiment,FIFO,0.28,0,variant_5
7883,ASSEMBLY_2_2,ASSEMBLY2_LINE_2,27832.30853538834,27.114718751869077,3,64.99892235723019,71.52954603425678,19.712294988301437,39,27760.778989354083,27852.02083037664,experiment,FIFO,0.28,0,variant_5
7883,SORTING,SORTING_ROBOT_1,27834.5015258913,2.192990502961038,4,2.192990502961038,73.72253653721782,17.5193044853404,38,27760.778989354083,27852.02083037664,experiment,FIFO,0.28,0,variant_5
7883,PACKAGING_3,PACKAGING_LINE_3,27844.36112527344,9.859599382140004,5,9.859599382140004,83.58213591935782,7.659705103200395,37,27760.778989354083,27852.02083037664,experiment,FIFO,0.28,0,variant_5
7883,INSPECTION_1_1,INSPECTION_1_1_LINE,27844.965178047663,0.6040527742225095,6,0.6040527742225095,84.18618869358033,7.055652328977885,37,27760.778989354083,27852.02083037664,experiment,FIFO,0.28,0,variant_5
7883,INSPECTION_1_2,INSPECTION_1_2_LINE,27846.464923488336,1.4997454406729958,7,1.4997454406729958,85.68593413425333,5.555906888304889,37,27760.778989354083,27852.02083037664,experiment,FIFO,0.28,0,variant_5
7883,INSPECTION_1_3,INSPECTION_1_3_LINE,27847.652333565915,1.1874100775785337,8,1.1874100775785337,86.87334421183186,4.368496810726356,37,27760.778989354083,27852.02083037664,experiment,FIFO,0.28,0,variant_5
7883,INSPECTION_1_4,INSPECTION_1_4_LINE,27847.710197936827,0.05786437091228436,9,0.05786437091228436,86.93120858274415,4.310632439814071,37,27760.778989354083,27852.02083037664,experiment,FIFO,0.28,0,variant_5
7883,INSPECTION_1_5,INSPECTION_1_5_LINE,27849.19129712095,1.4810991841222858,10,1.4810991841222858,88.41230776686643,2.8295332556917856,36,27760.778989354083,27852.02083037664,experiment,FIFO,0.28,0,variant_5
7883,INSPECTION_1_6,INSPECTION_1_6_LINE,27849.75677004149,0.5654729205416515,11,0.5654729205416515,88.97778068740809,2.264060335150134,36,27760.778989354083,27852.02083037664,experiment,FIFO,0.28,0,variant_5
7883,INSPECTION_1_7,INSPECTION_1_7_LINE,27852.02083037664,2.264060335150134,12,2.264060335150134,91.24184102255822,0.0,35,27760.778989354083,27852.02083037664,experiment,FIFO,0.28,0,variant_5
7884,MOULDING_3,MOULDING_MACHINE_3,27771.66523135852,4.246579527996801,1,0.0,0.0,98.94008288042096,38,27771.66523135852,27870.60531423894,experiment,FIFO,0.28,0,variant_1
7884,ASSEMBLY_1_5,LINE_5_ASSEMBLY1,27784.371425347705,12.706193989186431,2,12.706193989186431,12.706193989186431,86.23388889123453,37,27771.66523135852,27870.60531423894,experiment,FIFO,0.28,0,variant_1
7884,ASSEMBLY_2_2,ASSEMBLY2_LINE_2,27837.208945016628,3.017686865179712,3,52.83751966892305,65.54371365810948,33.39636922231148,37,27771.66523135852,27870.60531423894,experiment,FIFO,0.28,0,variant_1
7884,SORTING,SORTING_ROBOT_1,27838.818696568927,1.6097515522997128,4,1.6097515522997128,67.1534652104092,31.786617670011765,37,27771.66523135852,27870.60531423894,experiment,FIFO,0.28,0,variant_1
7884,PACKAGING_1,PACKAGING_LINE_1,27845.506690685343,6.6879941164152115,5,6.6879941164152115,73.8414593268244,25.098623553596553,37,27771.66523135852,27870.60531423894,experiment,FIFO,0.28,0,variant_1
7884,INSPECTION_2_1,INSPECTION_2_1_LINE,27846.65248460787,0.3730874380671594,6,1.1457939225256268,74.98725324935003,23.952829631070927,37,27771.66523135852,27870.60531423894,experiment,FIFO,0.28,0,variant_1
7884,INSPECTION_2_2,INSPECTION_2_2_LINE,27846.685803321783,0.03331871391492314,7,0.03331871391492314,75.02057196326496,23.919510917156003,37,27771.66523135852,27870.60531423894,experiment,FIFO,0.28,0,variant_1
7884,INSPECTION_2_3,INSPECTION_2_3_LINE,27856.134331427424,8.027566561104322,8,9.448528105640435,84.46910006890539,14.470982811515569,38,27771.66523135852,27870.60531423894,experiment,FIFO,0.28,0,variant_1
7884,INSPECTION_2_3,INSPECTION_2_3_LINE,27862.496772014903,2.475103627253702,9,6.362440587479796,90.83154065638519,8.108542224035773,41,27771.66523135852,27870.60531423894,experiment,FIFO,0.28,0,variant_1
7884,INSPECTION_2_4,INSPECTION_2_4_LINE,27866.363080323543,2.8677799368633714,10,3.866308308639418,94.6978489650246,4.242233915396355,38,27771.66523135852,27870.60531423894,experiment,FIFO,0.28,0,variant_1
7884,INSPECTION_2_5,INSPECTION_2_5_LINE,27867.77360498235,1.4105246588078444,11,1.4105246588078444,96.10837362383245,2.8317092565885105,37,27771.66523135852,27870.60531423894,experiment,FIFO,0.28,0,variant_1
7884,INSPECTION_2_6,INSPECTION_2_6_LINE,27870.34505292652,2.571447944170359,12,2.571447944170359,98.67982156800281,0.26026131241815165,37,27771.66523135852,27870.60531423894,experiment,FIFO,0.28,0,variant_1
7884,INSPECTION_2_7,INSPECTION_2_7_LINE,27870.60531423894,0.26026131241815165,13,0.26026131241815165,98.94008288042096,0.0,36,27771.66523135852,27870.60531423894,experiment,FIFO,0.28,0,variant_1
7885,MOULDING_4,MOULDING_MACHINE_4,27782.91988143346,8.034244799011503,1,0.0,0.0,215.7470761555087,36,27782.91988143346,27998.66695758897,experiment,FIFO,0.28,0,variant_4
7885,ASSEMBLY_1_3,LINE_3_ASSEMBLY1,27786.321549595337,3.401668161877751,2,3.401668161877751,3.401668161877751,212.34540799363094,37,27782.91988143346,27998.66695758897,experiment,FIFO,0.28,0,variant_4
7885,ASSEMBLY_2_1,ASSEMBLY2_LINE_1,27929.16693340894,4.319249375897925,3,142.84538381360107,146.24705197547883,69.50002418002987,41,27782.91988143346,27998.66695758897,experiment,FIFO,0.28,0,variant_4
7885,SORTING,SORTING_ROBOT_1,27981.964729981268,2.4064765303483,4,52.79779657232939,199.04484854780821,16.70222760770048,41,27782.91988143346,27998.66695758897,experiment,FIFO,0.28,0,variant_4
7885,PACKAGING_1,PACKAGING_LINE_1,27987.79936601072,5.834636029452668,5,5.834636029452668,204.87948457726088,10.867591578247811,40,27782.91988143346,27998.66695758897,experiment,FIFO,0.28,0,variant_4
7885,INSPECTION_1_1,INSPECTION_1_1_LINE,27989.1857252301,1.38635921938112,6,1.38635921938112,206.265843796642,9.481232358866691,40,27782.91988143346,27998.66695758897,experiment,FIFO,0.28,0,variant_4
7885,INSPECTION_1_2,INSPECTION_1_2_LINE,27991.050695519905,1.8649702898037503,7,1.8649702898037503,208.13081408644575,7.616262069062941,39,27782.91988143346,27998.66695758897,experiment,FIFO,0.28,0,variant_4
7885,INSPECTION_1_3,INSPECTION_1_3_LINE,27993.647920063868,1.0239599430606177,8,2.5972245439625112,210.72803863040826,5.01903752510043,39,27782.91988143346,27998.66695758897,experiment,FIFO,0.28,0,variant_4
7885,INSPECTION_1_4,INSPECTION_1_4_LINE,27996.24887065824,1.5891537148308998,9,2.600950594372989,213.32898922478125,2.4180869307274406,37,27782.91988143346,27998.66695758897,experiment,FIFO,0.28,0,variant_4
7885,INSPECTION_1_5,INSPECTION_1_5_LINE,27998.2591967027,2.0103260444593616,10,2.0103260444593616,215.33931526924061,0.40776088626807905,37,27782.91988143346,27998.66695758897,experiment,FIFO,0.28,0,variant_4
7885,INSPECTION_1_6,INSPECTION_1_6_LINE,27998.40155175257,0.14235504986936576,11,0.14235504986936576,215.48167031910998,0.2654058363987133,37,27782.91988143346,27998.66695758897,experiment,FIFO,0.28,0,variant_4
7885,INSPECTION_1_7,INSPECTION_1_7_LINE,27998.66695758897,0.2654058363987133,12,0.2654058363987133,215.7470761555087,0.0,36,27782.91988143346,27998.66695758897,experiment,FIFO,0.28,0,variant_4
7886,MOULDING_2,MOULDING_MACHINE_2,27781.20646669769,4.266570698913711,1,0.0,0.0,221.98143422435896,35,27781.20646669769,28003.18790092205,experiment,FIFO,0.28,0,variant_5
7886,ASSEMBLY_1_5,LINE_5_ASSEMBLY1,27794.30794528457,9.936519936865807,2,13.101478586879239,13.101478586879239,208.87995563747972,38,27781.20646669769,28003.18790092205,experiment,FIFO,0.28,0,variant_5
7886,ASSEMBLY_2_1,ASSEMBLY2_LINE_1,27934.928632770378,3.7961556626469246,3,140.62068748580714,153.72216607268638,68.25926815167259,38,27781.20646669769,28003.18790092205,experiment,FIFO,0.28,0,variant_5
7886,SORTING,SORTING_ROBOT_1,27994.960496575502,6.862617473692808,4,60.031863805124885,213.75402987781126,8.2274043465477,38,27781.20646669769,28003.18790092205,experiment,FIFO,0.28,0,variant_5
7886,PACKAGING_3,PACKAGING_LINE_3,27995.83616646991,0.8756698944089294,5,0.8756698944089294,214.6296997722202,7.351734452138771,37,27781.20646669769,28003.18790092205,experiment,FIFO,0.28,0,variant_5
7886,INSPECTION_2_1,INSPECTION_2_1_LINE,27996.5283954886,0.692229018688522,6,0.692229018688522,215.32192879090871,6.659505433450249,37,27781.20646669769,28003.18790092205,experiment,FIFO,0.28,0,variant_5
7886,INSPECTION_2_2,INSPECTION_2_2_LINE,27997.97662488634,1.4482293977416703,7,1.4482293977416703,216.77015818865038,5.211276035708579,37,27781.20646669769,28003.18790092205,experiment,FIFO,0.28,0,variant_5
7886,INSPECTION_2_3,INSPECTION_2_3_LINE,27998.0249085609,0.04828367455775151,8,0.04828367455775151,216.81844186320814,5.1629923611508275,37,27781.20646669769,28003.18790092205,experiment,FIFO,0.28,0,variant_5
7886,INSPECTION_2_4,INSPECTION_2_4_LINE,27998.47759322468,0.452684663781838,9,0.452684663781838,217.27112652698997,4.7103076973689895,37,27781.20646669769,28003.18790092205,experiment,FIFO,0.28,0,variant_5
7886,INSPECTION_2_5,INSPECTION_2_5_LINE,28000.37049402547,1.8929008007871744,10,1.8929008007871744,219.16402732777715,2.817406896581815,38,27781.20646669769,28003.18790092205,experiment,FIFO,0.28,0,variant_5
7886,INSPECTION_2_6,INSPECTION_2_6_LINE,28000.599170675338,0.2286766498691577,11,0.2286766498691577,219.3927039776463,2.5887302467126574,38,27781.20646669769,28003.18790092205,experiment,FIFO,0.28,0,variant_5
7886,INSPECTION_2_7,INSPECTION_2_7_LINE,28003.18790092205,2.5887302467126574,12,2.5887302467126574,221.98143422435896,0.0,35,27781.20646669769,28003.18790092205,experiment,FIFO,0.28,0,variant_5
7887,MOULDING_1,MOULDING_MACHINE_1,27783.87881665223,0.31349520326330094,1,0.0,0.0,75.72250574016289,37,27783.87881665223,27859.601322392395,experiment,FIFO,0.28,0,variant_1
7887,ASSEMBLY_1_5,LINE_5_ASSEMBLY1,27794.47106164413,0.16311635955935344,2,10.592244991898042,10.592244991898042,65.13026074826485,38,27783.87881665223,27859.601322392395,experiment,FIFO,0.28,0,variant_1
7887,ASSEMBLY_2_2,ASSEMBLY2_LINE_2,27845.856402682297,3.1363649171762518,3,51.3853410381671,61.97758603006514,13.744919710097747,37,27783.87881665223,27859.601322392395,experiment,FIFO,0.28,0,variant_1
7887,SORTING,SORTING_ROBOT_1,27849.941122156102,3.239209732877498,4,4.084719473805308,66.06230550387045,9.66020023629244,36,27783.87881665223,27859.601322392395,experiment,FIFO,0.28,0,variant_1
7887,PACKAGING_2,PACKAGING_LINE_2,27850.601157614765,0.6600354586626054,5,0.6600354586626054,66.72234096253305,9.000164777629834,36,27783.87881665223,27859.601322392395,experiment,FIFO,0.28,0,variant_1
7887,INSPECTION_1_1,INSPECTION_1_1_LINE,27850.7303570671,0.12919945233443286,6,0.12919945233443286,66.85154041486749,8.870965325295401,36,27783.87881665223,27859.601322392395,experiment,FIFO,0.28,0,variant_1
7887,INSPECTION_1_2,INSPECTION_1_2_LINE,27853.130243902226,1.907829735577252,7,2.399886835126381,69.25142724999387,6.47107849016902,36,27783.87881665223,27859.601322392395,experiment,FIFO,0.28,0,variant_1
7887,INSPECTION_1_3,INSPECTION_1_3_LINE,27854.17854751637,1.0483036141449702,8,1.0483036141449702,70.29973086413884,5.42277487602405,38,27783.87881665223,27859.601322392395,experiment,FIFO,0.28,0,variant_1
7887,INSPECTION_1_4,INSPECTION_1_4_LINE,27855.33402960256,1.155482086189295,9,1.155482086189295,71.45521295032813,4.267292789834755,38,27783.87881665223,27859.601322392395,experiment,FIFO,0.28,0,variant_1
7887,INSPECTION_1_5,INSPECTION_1_5_LINE,27855.355092715035,0.021063112475530943,10,0.021063112475530943,71.47627606280366,4.246229677359224,38,27783.87881665223,27859.601322392395,experiment,FIFO,0.28,0,variant_1
7887,INSPECTION_1_6,INSPECTION_1_6_LINE,27855.587085017632,0.23199230259706383,11,0.23199230259706383,71.70826836540073,4.0142373747621605,38,27783.87881665223,27859.601322392395,experiment,FIFO,0.28,0,variant_1
7887,INSPECTION_1_7,INSPECTION_1_7_LINE,27859.601322392395,2.8665170231288357,12,4.0142373747621605,75.72250574016289,0.0,39,27783.87881665223,27859.601322392395,experiment,FIFO,0.28,0,variant_1
7888,MOULDING_4,MOULDING_MACHINE_4,27791.243505227427,1.389048751683731,1,0.0,0.0,204.6592622189346,38,27791.243505227427,27995.90276744636,experiment,FIFO,0.28,0,variant_4
7888,ASSEMBLY_1_3,LINE_3_ASSEMBLY1,27792.695708030533,1.4522028031060472,2,1.4522028031060472,1.4522028031060472,203.20705941582855,38,27791.243505227427,27995.90276744636,experiment,FIFO,0.28,0,variant_4
7888,ASSEMBLY_2_1,ASSEMBLY2_LINE_1,27930.10248826713,0.9355548581916082,3,137.40678023659711,138.85898303970316,65.80027917923144,39,27791.243505227427,27995.90276744636,experiment,FIFO,0.28,0,variant_4
7888,SORTING,SORTING_ROBOT_1,27982.38869615897,0.4239661777028232,4,52.286207891840604,191.14519093154377,13.514071287390834,41,27791.243505227427,27995.90276744636,experiment,FIFO,0.28,0,variant_4
7888,PACKAGING_3,PACKAGING_LINE_3,27986.98423282202,3.885258676506055,5,4.595536663047824,195.7407275945916,8.91853462434301,40,27791.243505227427,27995.90276744636,experiment,FIFO,0.28,0,variant_4
7888,INSPECTION_1_1,INSPECTION_1_1_LINE,27987.27373414997,0.2895013279521663,6,0.2895013279521663,196.03022892254376,8.629033296390844,40,27791.243505227427,27995.90276744636,experiment,FIFO,0.28,0,variant_4
7888,INSPECTION_1_2,INSPECTION_1_2_LINE,27987.6098903332,0.3361561832280131,7,0.3361561832280131,196.36638510577177,8.292877113162831,40,27791.243505227427,27995.90276744636,experiment,FIFO,0.28,0,variant_4
7888,INSPECTION_1_3,INSPECTION_1_3_LINE,27992.623960120807,1.7873041777165781,8,5.014069787608605,201.38045489338037,3.278807325554226,39,27791.243505227427,27995.90276744636,experiment,FIFO,0.28,0,variant_4
7888,INSPECTION_1_4,INSPECTION_1_4_LINE,27994.65971694341,2.035756822602707,9,2.035756822602707,203.41621171598308,1.2430505029515189,39,27791.243505227427,27995.90276744636,experiment,FIFO,0.28,0,variant_4
7888,INSPECTION_1_5,INSPECTION_1_5_LINE,27995.03032151035,0.37060456693870947,10,0.37060456693870947,203.7868162829218,0.8724459360128094,38,27791.243505227427,27995.90276744636,experiment,FIFO,0.28,0,variant_4
7888,INSPECTION_1_6,INSPECTION_1_6_LINE,27995.13542053856,0.10509902821286232,11,0.10509902821286232,203.89191531113465,0.7673469077999471,38,27791.243505227427,27995.90276744636,experiment,FIFO,0.28,0,variant_4
7888,INSPECTION_1_7,INSPECTION_1_7_LINE,27995.90276744636,0.7673469077999471,12,0.7673469077999471,204.6592622189346,0.0,36,27791.243505227427,27995.90276744636,experiment,FIFO,0.28,0,variant_4
7889,MOULDING_5,MOULDING_MACHINE_5,27793.88551479242,3.4301339199373615,1,0.0,0.0,80.11481049998838,39,27793.88551479242,27874.000325292407,experiment,FIFO,0.28,0,variant_3
7889,ASSEMBLY_1_3,LINE_3_ASSEMBLY1,27797.0906816277,3.2051668352796696,2,3.2051668352796696,3.2051668352796696,76.90964366470871,38,27793.88551479242,27874.000325292407,experiment,FIFO,0.28,0,variant_3
7889,ASSEMBLY_2_2,ASSEMBLY2_LINE_2,27854.45699171689,8.600589034591394,3,57.36631008918994,60.57147692446961,19.543333575518773,38,27793.88551479242,27874.000325292407,experiment,FIFO,0.28,0,variant_3
7889,SORTING,SORTING_ROBOT_1,27859.0660215472,4.609029830313375,4,4.609029830313375,65.18050675478298,14.934303745205398,40,27793.88551479242,27874.000325292407,experiment,FIFO,0.28,0,variant_3
7889,PACKAGING_2,PACKAGING_LINE_2,27861.02792560733,1.9619040601282904,5,1.9619040601282904,67.14241081491127,12.972399685077107,40,27793.88551479242,27874.000325292407,experiment,FIFO,0.28,0,variant_3
7889,INSPECTION_2_1,INSPECTION_2_1_LINE,27861.890845090536,0.8629194832064968,6,0.8629194832064968,68.00533029811777,12.10948020187061,40,27793.88551479242,27874.000325292407,experiment,FIFO,0.28,0,variant_3
7889,INSPECTION_2_2,INSPECTION_2_2_LINE,27862.384848253445,0.49400316290848423,7,0.49400316290848423,68.49933346102625,11.615477038962126,41,27793.88551479242,27874.000325292407,experiment,FIFO,0.28,0,variant_3
7889,INSPECTION_2_3,INSPECTION_2_3_LINE,27863.605315487184,1.1085434722808714,8,1.2204672337393276,69.71980069476558,10.395009805222799,41,27793.88551479242,27874.000325292407,experiment,FIFO,0.28,0,variant_3
7889,INSPECTION_2_4,INSPECTION_2_4_LINE,27866.380392734944,0.017312411400780547,9,2.7750772477593273,72.49487794252491,7.619932557463471,38,27793.88551479242,27874.000325292407,experiment,FIFO,0.28,0,variant_3
7889,INSPECTION_2_5,INSPECTION_2_5_LINE,27868.127879464537,0.3542744821861561,10,1.74748672959322,74.24236467211813,5.872445827870251,37,27793.88551479242,27874.000325292407,experiment,FIFO,0.28,0,variant_3
7889,INSPECTION_2_6,INSPECTION_2_6_LINE,27871.30653743395,0.9614845074283949,11,3.1786579694125976,77.42102264153073,2.693787858457654,36,27793.88551479242,27874.000325292407,experiment,FIFO,0.28,0,variant_3
7889,INSPECTION_2_7,INSPECTION_2_7_LINE,27874.000325292407,2.693787858457654,12,2.693787858457654,80.11481049998838,0.0,37,27793.88551479242,27874.000325292407,experiment,FIFO,0.28,0,variant_3
7890,MOULDING_4,MOULDING_MACHINE_4,27810.64286626821,17.60620149571696,1,0.0,0.0,220.12828434180483,36,27810.64286626821,28030.771150610013,experiment,FIFO,0.28,0,variant_3
7890,ASSEMBLY_1_3,LINE_3_ASSEMBLY1,27828.7076000714,15.026513012420764,2,18.064733803192212,18.064733803192212,202.06355053861262,38,27810.64286626821,28030.771150610013,experiment,FIFO,0.28,0,variant_3
7890,ASSEMBLY_2_1,ASSEMBLY2_LINE_1,27947.11933464915,7.100206964620156,3,118.41173457774858,136.4764683809408,83.65181596086404,38,27810.64286626821,28030.771150610013,experiment,FIFO,0.28,0,variant_3
7890,SORTING,SORTING_ROBOT_1,28020.10069814353,4.324581869153917,4,72.9813634943821,209.45783187532288,10.670452466481947,34,27810.64286626821,28030.771150610013,experiment,FIFO,0.28,0,variant_3
7890,PACKAGING_3,PACKAGING_LINE_3,28024.3155075873,4.2148094437689,5,4.2148094437689,213.67264131909178,6.455643022713048,34,27810.64286626821,28030.771150610013,experiment,FIFO,0.28,0,variant_3
7890,INSPECTION_1_1,INSPECTION_1_1_LINE,28026.307055866146,1.9915482788455847,6,1.9915482788455847,215.66418959793737,4.464094743867463,35,27810.64286626821,28030.771150610013,experiment,FIFO,0.28,0,variant_3
7890,INSPECTION_1_2,INSPECTION_1_2_LINE,28026.60822418142,0.30116831527266186,7,0.30116831527266186,215.96535791321003,4.162926428594801,35,27810.64286626821,28030.771150610013,experiment,FIFO,0.28,0,variant_3
7890,INSPECTION_1_3,INSPECTION_1_3_LINE,28028.22173988836,1.613515706940234,8,1.613515706940234,217.57887362015026,2.549410721654567,37,27810.64286626821,28030.771150610013,experiment,FIFO,0.28,0,variant_3
7890,INSPECTION_1_4,INSPECTION_1_4_LINE,28029.905312705687,1.6835728173282405,9,1.6835728173282405,219.2624464374785,0.8658379043263267,37,27810.64286626821,28030.771150610013,experiment,FIFO,0.28,0,variant_3
7890,INSPECTION_1_5,INSPECTION_1_5_LINE,28030.32327246485,0.41795975916465977,10,0.41795975916465977,219.68040619664316,0.4478781451616669,37,27810.64286626821,28030.771150610013,experiment,FIFO,0.28,0,variant_3
7890,INSPECTION_1_6,INSPECTION_1_6_LINE,28030.477166633784,0.153894168932311,11,0.153894168932311,219.83430036557547,0.2939839762293559,37,27810.64286626821,28030.771150610013,experiment,FIFO,0.28,0,variant_3
7890,INSPECTION_1_7,INSPECTION_1_7_LINE,28030.771150610013,0.2939839762293559,12,0.2939839762293559,220.12828434180483,0.0,36,27810.64286626821,28030.771150610013,experiment,FIFO,0.28,0,variant_3
7891,MOULDING_1,MOULDING_MACHINE_1,27799.624781143808,0.5063112621173786,1,0.0,0.0,216.5871848472707,37,27799.624781143808,28016.21196599108,experiment,FIFO,0.28,0,variant_4
7891,ASSEMBLY_1_3,LINE_3_ASSEMBLY1,27813.68108705898,14.056305915171833,2,14.056305915171833,14.056305915171833,202.53087893209886,36,27799.624781143808,28016.21196599108,experiment,FIFO,0.28,0,variant_4
7891,ASSEMBLY_2_1,ASSEMBLY2_LINE_1,27938.241301291622,3.312668521244632,3,124.56021423264247,138.6165201478143,77.97066469945639,39,27799.624781143808,28016.21196599108,experiment,FIFO,0.28,0,variant_4
7891,SORTING,SORTING_ROBOT_1,28002.4874912622,6.813501804255793,4,64.24618997057769,202.862710118392,13.724474728878704,36,27799.624781143808,28016.21196599108,experiment,FIFO,0.28,0,variant_4
7891,PACKAGING_3,PACKAGING_LINE_3,28005.66872023999,3.1812289777917613,5,3.1812289777917613,206.04393909618375,10.543245751086943,35,27799.624781143808,28016.21196599108,experiment,FIFO,0.28,0,variant_4
7891,INSPECTION_1_1,INSPECTION_1_1_LINE,28006.39075515989,0.7220349198978511,6,0.7220349198978511,206.7659740160816,9.821210831189092,35,27799.624781143808,28016.21196599108,experiment,FIFO,0.28,0,variant_4
7891,INSPECTION_1_2,INSPECTION_1_2_LINE,28009.866299937905,3.475544778015319,7,3.475544778015319,210.24151879409692,6.3456660531737725,36,27799.624781143808,28016.21196599108,experiment,FIFO,0.28,0,variant_4
7891,INSPECTION_1_3,INSPECTION_1_3_LINE,28013.58484794682,3.7185480089137855,8,3.7185480089137855,213.9600668030107,2.627118044259987,36,27799.624781143808,28016.21196599108,experiment,FIFO,0.28,0,variant_4
7891,INSPECTION_1_4,INSPECTION_1_4_LINE,28013.879123843195,0.2942758963763481,9,0.2942758963763481,214.25434269938705,2.332842147883639,36,27799.624781143808,28016.21196599108,experiment,FIFO,0.28,0,variant_4
7891,INSPECTION_1_5,INSPECTION_1_5_LINE,28014.43034115296,0.5512173097667983,10,0.5512173097667983,214.80556000915385,1.7816248381168407,36,27799.624781143808,28016.21196599108,experiment,FIFO,0.28,0,variant_4
7891,INSPECTION_1_6,INSPECTION_1_6_LINE,28015.55188319327,1.1215420403095777,11,1.1215420403095777,215.92710204946343,0.660082797807263,37,27799.624781143808,28016.21196599108,experiment,FIFO,0.28,0,variant_4
7891,INSPECTION_1_7,INSPECTION_1_7_LINE,28016.21196599108,0.660082797807263,12,0.660082797807263,216.5871848472707,0.0,36,27799.624781143808,28016.21196599108,experiment,FIFO,0.28,0,variant_4
7892,MOULDING_1,MOULDING_MACHINE_1,27800.966567276824,1.0421264764590887,1,0.0,0.0,73.84153454868647,37,27800.966567276824,27874.80810182551,experiment,FIFO,0.28,0,variant_3
7892,ASSEMBLY_1_1,LINE_1_ASSEMBLY1,27808.469088037564,7.502520760739571,2,7.502520760739571,7.502520760739571,66.3390137879469,35,27800.966567276824,27874.80810182551,experiment,FIFO,0.28,0,variant_3
7892,ASSEMBLY_2_2,ASSEMBLY2_LINE_2,27860.27414938496,5.7405658550487715,3,51.805061347396986,59.30758210813656,14.53395244054991,40,27800.966567276824,27874.80810182551,experiment,FIFO,0.28,0,variant_3
7892,SORTING,SORTING_ROBOT_1,27862.455553905565,1.7901675331013394,4,2.1814045206047012,61.48898662874126,12.35254791994521,41,27800.966567276824,27874.80810182551,experiment,FIFO,0.28,0,variant_3
7892,PACKAGING_3,PACKAGING_LINE_3,27862.6071333237,0.15157941813595244,5,0.15157941813595244,61.64056604687721,12.200968501809257,41,27800.966567276824,27874.80810182551,experiment,FIFO,0.28,0,variant_3
7892,INSPECTION_2_1,INSPECTION_2_1_LINE,27863.72306748477,1.1159341610691627,6,1.1159341610691627,62.756500207946374,11.085034340740094,41,27800.966567276824,27874.80810182551,experiment,FIFO,0.28,0,variant_3
7892,INSPECTION_2_2,INSPECTION_2_2_LINE,27864.316360551187,0.45995349522854667,7,0.5932930664166634,63.34979327436304,10.49174127432343,41,27800.966567276824,27874.80810182551,experiment,FIFO,0.28,0,variant_3
7892,INSPECTION_2_3,INSPECTION_2_3_LINE,27864.899954854445,0.2768616935645696,8,0.5835943032579962,63.93338757762103,9.908146971065435,40,27800.966567276824,27874.80810182551,experiment,FIFO,0.28,0,variant_3
7892,INSPECTION_2_4,INSPECTION_2_4_LINE,27870.6053511872,0.3011845429209643,9,5.705396332756209,69.63878391037724,4.202750638309226,36,27800.966567276824,27874.80810182551,experiment,FIFO,0.28,0,variant_3
7892,INSPECTION_2_5,INSPECTION_2_5_LINE,27871.91937702638,1.3140258391795214,10,1.3140258391795214,70.95280974955676,2.8887247991297045,37,27800.966567276824,27874.80810182551,experiment,FIFO,0.28,0,variant_3
7892,INSPECTION_2_6,INSPECTION_2_6_LINE,27871.99442585421,0.07504882782814093,11,0.07504882782814093,71.0278585773849,2.8136759713015635,37,27800.966567276824,27874.80810182551,experiment,FIFO,0.28,0,variant_3
7892,INSPECTION_2_7,INSPECTION_2_7_LINE,27874.80810182551,0.7631783878896385,12,2.8136759713015635,73.84153454868647,0.0,36,27800.966567276824,27874.80810182551,experiment,FIFO,0.28,0,variant_3
7893,MOULDING_4,MOULDING_MACHINE_4,27814.10786624392,3.464999975712999,1,0.0,0.0,203.4290836463042,37,27814.10786624392,28017.536949890226,experiment,FIFO,0.28,0,variant_2
7893,ASSEMBLY_1_4,LINE_4_ASSEMBLY1,27821.152982890537,7.045116646615497,2,7.045116646615497,7.045116646615497,196.3839669996887,36,27814.10786624392,28017.536949890226,experiment,FIFO,0.28,0,variant_2
7893,ASSEMBLY_2_1,ASSEMBLY2_LINE_1,27940.01912768453,1.777826392906718,3,118.86614479399213,125.91126144060763,77.51782220569658,40,27814.10786624392,28017.536949890226,experiment,FIFO,0.28,0,variant_2
7893,SORTING,SORTING_ROBOT_1,28005.266050214883,2.7785589526829426,4,65.24692253035391,191.15818397096155,12.270899675342662,34,27814.10786624392,28017.536949890226,experiment,FIFO,0.28,0,variant_2
7893,PACKAGING_1,PACKAGING_LINE_1,28012.044181561763,6.7781313468804,5,6.7781313468804,197.93631531784195,5.492768328462262,36,27814.10786624392,28017.536949890226,experiment,FIFO,0.28,0,variant_2
7893,INSPECTION_1_1,INSPECTION_1_1_LINE,28013.44731824625,1.403136684486526,6,1.403136684486526,199.33945200232847,4.089631643975736,36,27814.10786624392,28017.536949890226,experiment,FIFO,0.28,0,variant_2
7893,INSPECTION_1_2,INSPECTION_1_2_LINE,28013.53668282804,0.08936458178868634,7,0.08936458178868634,199.42881658411716,4.000267062187049,36,27814.10786624392,28017.536949890226,experiment,FIFO,0.28,0,variant_2
7893,INSPECTION_1_3,INSPECTION_1_3_LINE,28015.217351202,1.63250325518311,8,1.6806683739632717,201.10948495808043,2.3195986882237776,37,27814.10786624392,28017.536949890226,experiment,FIFO,0.28,0,variant_2
7893,INSPECTION_1_4,INSPECTION_1_4_LINE,28016.390869594787,1.1735183927848993,9,1.1735183927848993,202.28300335086533,1.1460802954388782,36,27814.10786624392,28017.536949890226,experiment,FIFO,0.28,0,variant_2
7893,INSPECTION_1_5,INSPECTION_1_5_LINE,28016.935120637507,0.5442510427201341,10,0.5442510427201341,202.82725439358546,0.6018292527187441,35,27814.10786624392,28017.536949890226,experiment,FIFO,0.28,0,variant_2
7893,INSPECTION_1_6,INSPECTION_1_6_LINE,28017.017706758183,0.08258612067584181,11,0.08258612067584181,202.9098405142613,0.5192431320429023,35,27814.10786624392,28017.536949890226,experiment,FIFO,0.28,0,variant_2
7893,INSPECTION_1_7,INSPECTION_1_7_LINE,28017.536949890226,0.5192431320429023,12,0.5192431320429023,203.4290836463042,0.0,34,27814.10786624392,28017.536949890226,experiment,FIFO,0.28,0,variant_2
7894,MOULDING_1,MOULDING_MACHINE_1,27809.23656625457,0.5552415198399103,1,0.0,0.0,65.91293203459645,36,27809.23656625457,27875.149498289167,experiment,FIFO,0.28,0,variant_2
7894,ASSEMBLY_1_1,LINE_1_ASSEMBLY1,27810.63991403315,1.4033477785778814,2,1.4033477785778814,1.4033477785778814,64.50958425601857,35,27809.23656625457,27875.149498289167,experiment,FIFO,0.28,0,variant_2
7894,ASSEMBLY_2_2,ASSEMBLY2_LINE_2,27862.09171324873,1.8175638637694647,3,51.45179921558156,52.85514699415944,13.057785040437011,40,27809.23656625457,27875.149498289167,experiment,FIFO,0.28,0,variant_2
7894,SORTING,SORTING_ROBOT_1,27866.29611336118,3.840559455613402,4,4.2044001124486385,57.05954710660808,8.853384927988373,38,27809.23656625457,27875.149498289167,experiment,FIFO,0.28,0,variant_2
7894,PACKAGING_2,PACKAGING_LINE_2,27868.34022630746,2.0441129462815297,5,2.0441129462815297,59.10366005288961,6.809271981706843,37,27809.23656625457,27875.149498289167,experiment,FIFO,0.28,0,variant_2
7894,INSPECTION_2_1,INSPECTION_2_1_LINE,27868.65810526944,0.31787896197783994,6,0.31787896197783994,59.42153901486745,6.491393019729003,37,27809.23656625457,27875.149498289167,experiment,FIFO,0.28,0,variant_2
7894,INSPECTION_2_2,INSPECTION_2_2_LINE,27870.07291879333,1.4148135238901887,7,1.4148135238901887,60.83635253875764,5.076579495838814,37,27809.23656625457,27875.149498289167,experiment,FIFO,0.28,0,variant_2
7894,INSPECTION_2_3,INSPECTION_2_3_LINE,27870.235203183485,0.1622843901568558,8,0.1622843901568558,60.99863692891449,4.914295105681958,37,27809.23656625457,27875.149498289167,experiment,FIFO,0.28,0,variant_2
7894,INSPECTION_2_4,INSPECTION_2_4_LINE,27871.610644308705,1.0052931215032004,9,1.3754411252193677,62.37407805413386,3.5388539804625907,36,27809.23656625457,27875.149498289167,experiment,FIFO,0.28,0,variant_2
7894,INSPECTION_2_5,INSPECTION_2_5_LINE,27873.264988408137,1.3456113817555888,10,1.6543440994319099,64.02842215356577,1.8845098810306808,38,27809.23656625457,27875.149498289167,experiment,FIFO,0.28,0,variant_2
7894,INSPECTION_2_6,INSPECTION_2_6_LINE,27873.42925463551,0.16426622737344587,11,0.16426622737344587,64.19268838093922,1.720243653657235,38,27809.23656625457,27875.149498289167,experiment,FIFO,0.28,0,variant_2
7894,INSPECTION_2_7,INSPECTION_2_7_LINE,27875.149498289167,0.3413964636565652,12,1.720243653657235,65.91293203459645,0.0,35,27809.23656625457,27875.149498289167,experiment,FIFO,0.28,0,variant_2
7895,MOULDING_5,MOULDING_MACHINE_5,27821.620077237003,9.463668331998633,1,0.0,0.0,68.24952474568636,37,27821.620077237003,27889.86960198269,experiment,FIFO,0.28,0,variant_6
7895,ASSEMBLY_1_4,LINE_4_ASSEMBLY1,27826.69720987358,5.077132636575698,2,5.077132636575698,5.077132636575698,63.17239210911066,38,27821.620077237003,27889.86960198269,experiment,FIFO,0.28,0,variant_6
7895,ASSEMBLY_2_2,ASSEMBLY2_LINE_2,27867.348686926267,5.256973677536735,3,40.65147705268828,45.728609689263976,22.520915056422382,36,27821.620077237003,27889.86960198269,experiment,FIFO,0.28,0,variant_6
7895,SORTING,SORTING_ROBOT_1,27871.96066098084,4.611974054572784,4,4.611974054572784,50.34058374383676,17.9089410018496,37,27821.620077237003,27889.86960198269,experiment,FIFO,0.28,0,variant_6
7895,PACKAGING_1,PACKAGING_LINE_1,27881.23085832641,9.270197345569613,5,9.270197345569613,59.61078108940637,8.638743656279985,35,27821.620077237003,27889.86960198269,experiment,FIFO,0.28,0,variant_6
7895,INSPECTION_2_1,INSPECTION_2_1_LINE,27882.129937223686,0.8990788972769224,6,0.8990788972769224,60.509859986683296,7.7396647590030625,36,27821.620077237003,27889.86960198269,experiment,FIFO,0.28,0,variant_6
7895,INSPECTION_2_2,INSPECTION_2_2_LINE,27882.534667381253,0.40473015756651876,7,0.40473015756651876,60.914590144249814,7.334934601436544,36,27821.620077237003,27889.86960198269,experiment,FIFO,0.28,0,variant_6
7895,INSPECTION_2_3,INSPECTION_2_3_LINE,27883.28684677852,0.7521793972664454,8,0.7521793972664454,61.66676954151626,6.582755204170098,35,27821.620077237003,27889.86960198269,experiment,FIFO,0.28,0,variant_6
7895,INSPECTION_2_4,INSPECTION_2_4_LINE,27883.90624017322,0.6193933946997277,9,0.6193933946997277,62.28616293621599,5.963361809470371,35,27821.620077237003,27889.86960198269,experiment,FIFO,0.28,0,variant_6
7895,INSPECTION_2_5,INSPECTION_2_5_LINE,27884.115607808108,0.20936763488862198,10,0.20936763488862198,62.49553057110461,5.753994174581749,35,27821.620077237003,27889.86960198269,experiment,FIFO,0.28,0,variant_6
7895,INSPECTION_2_6,INSPECTION_2_6_LINE,27885.99292264438,1.8773148362706706,11,1.8773148362706706,64.37284540737528,3.876679338311078,36,27821.620077237003,27889.86960198269,experiment,FIFO,0.28,0,variant_6
7895,INSPECTION_2_7,INSPECTION_2_7_LINE,27889.86960198269,3.876679338311078,12,3.876679338311078,68.24952474568636,0.0,35,27821.620077237003,27889.86960198269,experiment,FIFO,0.28,0,variant_6
7896,MOULDING_1,MOULDING_MACHINE_1,27824.3564718376,1.626805263080314,1,0.0,0.0,90.2139507183856,38,27824.3564718376,27914.570422555986,experiment,FIFO,0.28,0,variant_2
7896,ASSEMBLY_1_2,LINE_2_ASSEMBLY1,27829.60721826004,5.250746422439988,2,5.250746422439988,5.250746422439988,84.96320429594562,38,27824.3564718376,27914.570422555986,experiment,FIFO,0.28,0,variant_2
7896,ASSEMBLY_2_2,ASSEMBLY2_LINE_2,27878.35927399316,11.010587066892185,3,48.75205573311905,54.00280215555904,36.211148562826565,35,27824.3564718376,27914.570422555986,experiment,FIFO,0.28,0,variant_2
7896,SORTING,SORTING_ROBOT_1,27878.54504733855,0.18577334539077128,4,0.18577334539077128,54.18857550094981,36.025375217435794,35,27824.3564718376,27914.570422555986,experiment,FIFO,0.28,0,variant_2
7896,PACKAGING_3,PACKAGING_LINE_3,27906.732240423145,28.187193084595492,5,28.187193084595492,82.3757685855453,7.838182132840302,38,27824.3564718376,27914.570422555986,experiment,FIFO,0.28,0,variant_2
7896,INSPECTION_1_1,INSPECTION_1_1_LINE,27907.87003200366,1.1377915805132943,6,1.1377915805132943,83.5135601660586,6.700390552327008,39,27824.3564718376,27914.570422555986,experiment,FIFO,0.28,0,variant_2
7896,INSPECTION_1_2,INSPECTION_1_2_LINE,27908.77363008946,0.9035980858025141,7,0.9035980858025141,84.41715825186111,5.796792466524494,39,27824.3564718376,27914.570422555986,experiment,FIFO,0.28,0,variant_2
7896,INSPECTION_1_3,INSPECTION_1_3_LINE,27908.99727404616,0.2236439566986519,8,0.2236439566986519,84.64080220855976,5.573148509825842,39,27824.3564718376,27914.570422555986,experiment,FIFO,0.28,0,variant_2
7896,INSPECTION_1_4,INSPECTION_1_4_LINE,27910.73249594077,1.7352218946107314,9,1.7352218946107314,86.3760241031705,3.8379266152151104,40,27824.3564718376,27914.570422555986,experiment,FIFO,0.28,0,variant_2
7896,INSPECTION_1_5,INSPECTION_1_5_LINE,27911.479094106067,0.7465981652967457,10,0.7465981652967457,87.12262226846724,3.0913284499183646,40,27824.3564718376,27914.570422555986,experiment,FIFO,0.28,0,variant_2
7896,INSPECTION_1_6,INSPECTION_1_6_LINE,27911.48444094428,0.0053468382138817105,11,0.0053468382138817105,87.12796910668112,3.085981611704483,40,27824.3564718376,27914.570422555986,experiment,FIFO,0.28,0,variant_2
7896,INSPECTION_1_7,INSPECTION_1_7_LINE,27914.570422555986,3.085981611704483,12,3.085981611704483,90.2139507183856,0.0,39,27824.3564718376,27914.570422555986,experiment,FIFO,0.28,0,variant_2
7897,MOULDING_1,MOULDING_MACHINE_1,27830.05929306681,4.926217178384832,1,0.0,0.0,65.52406945351322,39,27830.05929306681,27895.583362520323,experiment,FIFO,0.28,0,variant_2
7897,ASSEMBLY_1_3,LINE_3_ASSEMBLY1,27841.86597815517,11.80668508835879,2,11.80668508835879,11.80668508835879,53.71738436515443,37,27830.05929306681,27895.583362520323,experiment,FIFO,0.28,0,variant_2
7897,ASSEMBLY_2_2,ASSEMBLY2_LINE_2,27878.397790279272,0.03851628611300839,3,36.53181212410345,48.338497212462244,17.185572241050977,35,27830.05929306681,27895.583362520323,experiment,FIFO,0.28,0,variant_2
7897,SORTING,SORTING_ROBOT_1,27879.6316806601,1.0866333215490158,4,1.2338903808267787,49.57238759328902,15.951681860224198,35,27830.05929306681,27895.583362520323,experiment,FIFO,0.28,0,variant_2
7897,PACKAGING_2,PACKAGING_LINE_2,27883.493784118084,3.862103457984631,5,3.862103457984631,53.43449105127365,12.089578402239567,35,27830.05929306681,27895.583362520323,experiment,FIFO,0.28,0,variant_2
7897,INSPECTION_2_1,INSPECTION_2_1_LINE,27883.947635551096,0.4538514330124599,6,0.4538514330124599,53.88834248428611,11.635726969227107,35,27830.05929306681,27895.583362520323,experiment,FIFO,0.28,0,variant_2
7897,INSPECTION_2_2,INSPECTION_2_2_LINE,27885.40101673121,1.4533811801156844,7,1.4533811801156844,55.3417236644018,10.182345789111423,35,27830.05929306681,27895.583362520323,experiment,FIFO,0.28,0,variant_2
7897,INSPECTION_2_3,INSPECTION_2_3_LINE,27887.057109003927,1.6560922727148863,8,1.6560922727148863,56.997815937116684,8.526253516396537,36,27830.05929306681,27895.583362520323,experiment,FIFO,0.28,0,variant_2
7897,INSPECTION_2_4,INSPECTION_2_4_LINE,27888.443171466635,1.3860624627086509,9,1.3860624627086509,58.383878399825335,7.140191053687886,36,27830.05929306681,27895.583362520323,experiment,FIFO,0.28,0,variant_2
7897,INSPECTION_2_5,INSPECTION_2_5_LINE,27890.47165257277,2.0284811061355867,10,2.0284811061355867,60.41235950596092,5.111709947552299,35,27830.05929306681,27895.583362520323,experiment,FIFO,0.28,0,variant_2
7897,INSPECTION_2_6,INSPECTION_2_6_LINE,27892.816783799302,2.345131226531521,11,2.345131226531521,62.75749073249244,2.766578721020778,36,27830.05929306681,27895.583362520323,experiment,FIFO,0.28,0,variant_2
7897,INSPECTION_2_7,INSPECTION_2_7_LINE,27895.583362520323,2.766578721020778,12,2.766578721020778,65.52406945351322,0.0,36,27830.05929306681,27895.583362520323,experiment,FIFO,0.28,0,variant_2
7898,MOULDING_1,MOULDING_MACHINE_1,27850.51876969609,20.45947662927938,1,0.0,0.0,192.022266880831,36,27850.51876969609,28042.54103657692,experiment,FIFO,0.28,0,variant_2
7898,ASSEMBLY_1_2,LINE_2_ASSEMBLY1,27861.112399326823,10.59362963073363,2,10.59362963073363,10.59362963073363,181.42863725009738,40,27850.51876969609,28042.54103657692,experiment,FIFO,0.28,0,variant_2
7898,ASSEMBLY_2_1,ASSEMBLY2_LINE_1,27959.972854008647,12.853519359498023,3,98.8604546818242,109.45408431255782,82.56818256827319,39,27850.51876969609,28042.54103657692,experiment,FIFO,0.28,0,variant_2
7898,SORTING,SORTING_ROBOT_1,28032.93350017395,3.584783298865659,4,72.96064616530202,182.41473047785985,9.607536402971164,36,27850.51876969609,28042.54103657692,experiment,FIFO,0.28,0,variant_2
7898,PACKAGING_2,PACKAGING_LINE_2,28034.424903294585,1.4914031206353684,5,1.4914031206353684,183.90613359849522,8.116133282335795,37,27850.51876969609,28042.54103657692,experiment,FIFO,0.28,0,variant_2
7898,INSPECTION_1_1,INSPECTION_1_1_LINE,28035.48399131393,1.0590880193449266,6,1.0590880193449266,184.96522161784014,7.057045262990869,37,27850.51876969609,28042.54103657692,experiment,FIFO,0.28,0,variant_2
7898,INSPECTION_1_2,INSPECTION_1_2_LINE,28035.743919759458,0.25992844552820316,7,0.25992844552820316,185.22515006336835,6.7971168174626655,37,27850.51876969609,28042.54103657692,experiment,FIFO,0.28,0,variant_2
7898,INSPECTION_1_3,INSPECTION_1_3_LINE,28035.93498835104,0.19106859158273437,8,0.19106859158273437,185.41621865495108,6.606048225879931,37,27850.51876969609,28042.54103657692,experiment,FIFO,0.28,0,variant_2
7898,INSPECTION_1_4,INSPECTION_1_4_LINE,28039.469841474485,3.5348531234449183,9,3.5348531234449183,188.951071778396,3.071195102435013,37,27850.51876969609,28042.54103657692,experiment,FIFO,0.28,0,variant_2
7898,INSPECTION_1_5,INSPECTION_1_5_LINE,28040.87177826072,1.401936786234728,10,1.401936786234728,190.35300856463073,1.6692583162002848,37,27850.51876969609,28042.54103657692,experiment,FIFO,0.28,0,variant_2
7898,INSPECTION_1_6,INSPECTION_1_6_LINE,28042.24032137524,1.3685431145204348,11,1.3685431145204348,191.72155167915116,0.30071520167985,38,27850.51876969609,28042.54103657692,experiment,FIFO,0.28,0,variant_2
7898,INSPECTION_1_7,INSPECTION_1_7_LINE,28042.54103657692,0.30071520167985,12,0.30071520167985,192.022266880831,0.0,37,27850.51876969609,28042.54103657692,experiment,FIFO,0.28,0,variant_2
7899,MOULDING_1,MOULDING_MACHINE_1,27853.629957205583,3.1111875094939023,1,0.0,0.0,64.93491041255402,38,27853.629957205583,27918.564867618137,experiment,FIFO,0.28,0,variant_5
7899,ASSEMBLY_1_4,LINE_4_ASSEMBLY1,27864.35738178495,5.108636015927914,2,10.727424579366925,10.727424579366925,54.20748583318709,40,27853.629957205583,27918.564867618137,experiment,FIFO,0.28,0,variant_5
7899,ASSEMBLY_2_2,ASSEMBLY2_LINE_2,27888.534892690142,0.02330995742158848,3,24.17751090519232,34.904935484559246,30.029974927994772,36,27853.629957205583,27918.564867618137,experiment,FIFO,0.28,0,variant_5
7899,SORTING,SORTING_ROBOT_1,27905.91623707604,6.452566938038217,4,17.381344385896227,52.28627987045547,12.648630542098545,38,27853.629957205583,27918.564867618137,experiment,FIFO,0.28,0,variant_5
7899,PACKAGING_1,PACKAGING_LINE_1,27909.78722997432,3.870992898282566,5,3.870992898282566,56.15727276873804,8.777637643815979,39,27853.629957205583,27918.564867618137,experiment,FIFO,0.28,0,variant_5
7899,INSPECTION_1_1,INSPECTION_1_1_LINE,27911.92323649461,2.1360065202898113,6,2.1360065202898113,58.29327928902785,6.641631123526167,40,27853.629957205583,27918.564867618137,experiment,FIFO,0.28,0,variant_5
7899,INSPECTION_1_2,INSPECTION_1_2_LINE,27911.936103543685,0.012867049073975068,7,0.012867049073975068,58.306146338101826,6.628764074452192,40,27853.629957205583,27918.564867618137,experiment,FIFO,0.28,0,variant_5
7899,INSPECTION_1_3,INSPECTION_1_3_LINE,27912.684109461665,0.7480059179797536,8,0.7480059179797536,59.05415225608158,5.880758156472439,40,27853.629957205583,27918.564867618137,experiment,FIFO,0.28,0,variant_5
7899,INSPECTION_1_4,INSPECTION_1_4_LINE,27912.748997422303,0.0648879606378614,9,0.0648879606378614,59.11904021671944,5.815870195834577,40,27853.629957205583,27918.564867618137,experiment,FIFO,0.28,0,variant_5
7899,INSPECTION_1_5,INSPECTION_1_5_LINE,27912.96540958292,0.21641216061834712,10,0.21641216061834712,59.33545237733779,5.59945803521623,40,27853.629957205583,27918.564867618137,experiment,FIFO,0.28,0,variant_5
7899,INSPECTION_1_6,INSPECTION_1_6_LINE,27913.015696692662,0.05028710974147543,11,0.05028710974147543,59.38573948707926,5.549170925474755,40,27853.629957205583,27918.564867618137,experiment,FIFO,0.28,0,variant_5
7899,INSPECTION_1_7,INSPECTION_1_7_LINE,27918.564867618137,3.994445062151499,12,5.549170925474755,64.93491041255402,0.0,39,27853.629957205583,27918.564867618137,experiment,FIFO,0.28,0,variant_5
7900,MOULDING_1,MOULDING_MACHINE_1,27858.08848187025,4.458524664667493,1,0.0,0.0,68.06459787532003,39,27858.08848187025,27926.15307974557,experiment,FIFO,0.28,0,variant_2
7900,ASSEMBLY_1_5,LINE_5_ASSEMBLY1,27883.7674904788,25.67900860854934,2,25.67900860854934,25.67900860854934,42.385589266770694,35,27858.08848187025,27926.15307974557,experiment,FIFO,0.28,0,variant_2
7900,ASSEMBLY_2_2,ASSEMBLY2_LINE_2,27893.24289901689,0.22331526270863833,3,9.475408538088232,35.15441714663757,32.91018072868246,36,27858.08848187025,27926.15307974557,experiment,FIFO,0.28,0,variant_2
7900,SORTING,SORTING_ROBOT_1,27911.18282549293,4.226702243751788,4,17.939926476043183,53.09434362268075,14.970254252639279,40,27858.08848187025,27926.15307974557,experiment,FIFO,0.28,0,variant_2
7900,PACKAGING_1,PACKAGING_LINE_1,27915.612239105343,1.1725454550833092,5,4.429413612411736,57.52375723509249,10.540840640227543,40,27858.08848187025,27926.15307974557,experiment,FIFO,0.28,0,variant_2
7900,INSPECTION_2_1,INSPECTION_2_1_LINE,27916.549429221683,0.699792402148887,6,0.9371901163394796,58.46094735143197,9.603650523888064,40,27858.08848187025,27926.15307974557,experiment,FIFO,0.28,0,variant_2
7900,INSPECTION_2_2,INSPECTION_2_2_LINE,27916.60901464962,0.059585427938145585,7,0.059585427938145585,58.520532779370114,9.544065095949918,40,27858.08848187025,27926.15307974557,experiment,FIFO,0.28,0,variant_2
7900,INSPECTION_2_3,INSPECTION_2_3_LINE,27917.04259342766,0.4335787780401006,8,0.4335787780401006,58.954111557410215,9.110486317909817,40,27858.08848187025,27926.15307974557,experiment,FIFO,0.28,0,variant_2
7900,INSPECTION_2_4,INSPECTION_2_4_LINE,27917.91678964173,0.8741962140702526,9,0.8741962140702526,59.82830777148047,8.236290103839565,40,27858.08848187025,27926.15307974557,experiment,FIFO,0.28,0,variant_2
7900,INSPECTION_2_5,INSPECTION_2_5_LINE,27924.09200500376,6.175215362029121,10,6.175215362029121,66.00352313350959,2.061074741810444,40,27858.08848187025,27926.15307974557,experiment,FIFO,0.28,0,variant_2
7900,INSPECTION_2_6,INSPECTION_2_6_LINE,27925.598288042955,1.5062830391943862,11,1.5062830391943862,67.50980617270397,0.5547917026160576,42,27858.08848187025,27926.15307974557,experiment,FIFO,0.28,0,variant_2
7900,INSPECTION_2_7,INSPECTION_2_7_LINE,27926.15307974557,0.5547917026160576,12,0.5547917026160576,68.06459787532003,0.0,41,27858.08848187025,27926.15307974557,experiment,FIFO,0.28,0,variant_2
7901,MOULDING_1,MOULDING_MACHINE_1,27859.894577442858,1.8060955726068642,1,0.0,0.0,69.39342770382791,40,27859.894577442858,27929.288005146685,experiment,FIFO,0.28,0,variant_5
7901,ASSEMBLY_1_2,LINE_2_ASSEMBLY1,27867.912036804388,6.6742749516088224,2,8.0174593615302,8.0174593615302,61.37596834229771,37,27859.894577442858,27929.288005146685,experiment,FIFO,0.28,0,variant_5
7901,ASSEMBLY_2_2,ASSEMBLY2_LINE_2,27889.108646859822,0.5737541696798871,3,21.196610055434576,29.214069416964776,40.179358286863135,36,27859.894577442858,27929.288005146685,experiment,FIFO,0.28,0,variant_5
7901,SORTING,SORTING_ROBOT_1,27906.72731977822,0.811082702181011,4,17.61867291839735,46.83274233536213,22.560685368465784,38,27859.894577442858,27929.288005146685,experiment,FIFO,0.28,0,variant_5
7901,PACKAGING_1,PACKAGING_LINE_1,27914.24460080447,4.457370830150467,5,7.5172810262520215,54.35002336161415,15.043404342213762,40,27859.894577442858,27929.288005146685,experiment,FIFO,0.28,0,variant_5
7901,PACKAGING_1,PACKAGING_LINE_1,27923.07364922848,7.461410123138194,6,8.82904842400967,63.17907178562382,6.214355918204092,41,27859.894577442858,27929.288005146685,experiment,FIFO,0.28,0,variant_5
7901,INSPECTION_1_1,INSPECTION_1_1_LINE,27925.437409554088,2.363760325606563,7,2.363760325606563,65.54283211123038,3.8505955925975286,41,27859.894577442858,27929.288005146685,experiment,FIFO,0.28,0,variant_5
7901,INSPECTION_1_2,INSPECTION_1_2_LINE,27926.019900669533,0.5824911154450092,8,0.5824911154450092,66.12532322667539,3.2681044771525194,42,27859.894577442858,27929.288005146685,experiment,FIFO,0.28,0,variant_5
7901,INSPECTION_1_3,INSPECTION_1_3_LINE,27926.22996619177,0.21006552223843755,9,0.21006552223843755,66.33538874891383,3.058038954914082,41,27859.894577442858,27929.288005146685,experiment,FIFO,0.28,0,variant_5
7901,INSPECTION_1_4,INSPECTION_1_4_LINE,27926.80502124594,0.5750550541670236,10,0.5750550541670236,66.91044380308085,2.482983900747058,41,27859.894577442858,27929.288005146685,experiment,FIFO,0.28,0,variant_5
7901,INSPECTION_1_5,INSPECTION_1_5_LINE,27927.73508271484,0.9300614689018403,11,0.9300614689018403,67.84050527198269,1.552922431845218,42,27859.894577442858,27929.288005146685,experiment,FIFO,0.28,0,variant_5
7901,INSPECTION_1_6,INSPECTION_1_6_LINE,27928.108713217724,0.3736305028833158,12,0.3736305028833158,68.21413577486601,1.1792919289619022,41,27859.894577442858,27929.288005146685,experiment,FIFO,0.28,0,variant_5
7901,INSPECTION_1_7,INSPECTION_1_7_LINE,27929.288005146685,1.1792919289619022,13,1.1792919289619022,69.39342770382791,0.0,40,27859.894577442858,27929.288005146685,experiment,FIFO,0.28,0,variant_5
7902,MOULDING_3,MOULDING_MACHINE_3,27852.548749748,3.579131997877994,1,0.0,0.0,75.24862322638364,36,27852.548749748,27927.797372974383,experiment,FIFO,0.28,0,variant_3
7902,ASSEMBLY_1_4,LINE_4_ASSEMBLY1,27859.248745769022,6.699996021023253,2,6.699996021023253,6.699996021023253,68.54862720536039,40,27852.548749748,27927.797372974383,experiment,FIFO,0.28,0,variant_3
7902,ASSEMBLY_2_2,ASSEMBLY2_LINE_2,27880.544292596165,2.14650231689302,3,21.29554682714297,27.995542848166224,47.25308037821742,35,27852.548749748,27927.797372974383,experiment,FIFO,0.28,0,variant_3
7902,SORTING,SORTING_ROBOT_1,27885.11639440417,4.572101808003936,4,4.572101808003936,32.56764465617016,42.68097857021348,35,27852.548749748,27927.797372974383,experiment,FIFO,0.28,0,variant_3
7902,PACKAGING_3,PACKAGING_LINE_3,27916.45743938949,9.725198966345488,5,31.341044985321787,63.90868964149195,11.339933584891696,40,27852.548749748,27927.797372974383,experiment,FIFO,0.28,0,variant_3
7902,INSPECTION_1_1,INSPECTION_1_1_LINE,27917.10158961124,0.6441502217494417,6,0.6441502217494417,64.55283986324139,10.695783363142255,40,27852.548749748,27927.797372974383,experiment,FIFO,0.28,0,variant_3
7902,INSPECTION_1_2,INSPECTION_1_2_LINE,27918.590171261407,1.4885816501664522,7,1.4885816501664522,66.04142151340784,9.207201712975802,39,27852.548749748,27927.797372974383,experiment,FIFO,0.28,0,variant_3
7902,INSPECTION_1_3,INSPECTION_1_3_LINE,27918.84191209587,0.2517408344647265,8,0.2517408344647265,66.29316234787257,8.955460878511076,40,27852.548749748,27927.797372974383,experiment,FIFO,0.28,0,variant_3
7902,INSPECTION_1_4,INSPECTION_1_4_LINE,27920.40821266393,1.5663005680580682,9,1.5663005680580682,67.85946291593064,7.389160310453008,40,27852.548749748,27927.797372974383,experiment,FIFO,0.28,0,variant_3
7902,INSPECTION_1_5,INSPECTION_1_5_LINE,27921.169385446192,0.7611727822622925,10,0.7611727822622925,68.62063569819293,6.627987528190715,40,27852.548749748,27927.797372974383,experiment,FIFO,0.28,0,variant_3
7902,INSPECTION_1_5,INSPECTION_1_5_LINE,27923.030735817825,1.861350371633307,11,1.861350371633307,70.48198606982623,4.766637156557408,41,27852.548749748,27927.797372974383,experiment,FIFO,0.28,0,variant_3
7902,INSPECTION_1_6,INSPECTION_1_6_LINE,27926.130295954645,3.099560136819491,12,3.099560136819491,73.58154620664573,1.667077019737917,42,27852.548749748,27927.797372974383,experiment,FIFO,0.28,0,variant_3
7902,INSPECTION_1_7,INSPECTION_1_7_LINE,27927.797372974383,1.667077019737917,13,1.667077019737917,75.24862322638364,0.0,41,27852.548749748,27927.797372974383,experiment,FIFO,0.28,0,variant_3
7903,MOULDING_4,MOULDING_MACHINE_4,27853.17526963165,3.05890684203041,1,0.0,0.0,89.2319146265254,37,27853.17526963165,27942.407184258176,experiment,FIFO,0.28,0,variant_6
7903,ASSEMBLY_1_2,LINE_2_ASSEMBLY1,27861.23776185278,0.12536252595600672,2,8.062492221128196,8.062492221128196,81.1694224053972,40,27853.17526963165,27942.407184258176,experiment,FIFO,0.28,0,variant_6
7903,ASSEMBLY_2_2,ASSEMBLY2_LINE_2,27888.51158273272,7.967290136555675,3,27.273820879941923,35.33631310107012,53.89560152545528,36,27853.17526963165,27942.407184258176,experiment,FIFO,0.28,0,variant_6
7903,SORTING,SORTING_ROBOT_1,27899.463670138,10.952087405279599,4,10.952087405279599,46.28840050634972,42.94351412017568,38,27853.17526963165,27942.407184258176,experiment,FIFO,0.28,0,variant_6
7903,PACKAGING_3,PACKAGING_LINE_3,27929.892731167187,11.64285196500714,5,30.429061029186414,76.71746153553613,12.514453090989264,39,27853.17526963165,27942.407184258176,experiment,FIFO,0.28,0,variant_6
7903,INSPECTION_2_1,INSPECTION_2_1_LINE,27932.21859955673,2.325868389543757,6,2.325868389543757,79.04332992507989,10.188584701445507,39,27853.17526963165,27942.407184258176,experiment,FIFO,0.28,0,variant_6
7903,INSPECTION_2_2,INSPECTION_2_2_LINE,27934.066265468984,1.847665912253433,7,1.847665912253433,80.89099583733332,8.340918789192074,38,27853.17526963165,27942.407184258176,experiment,FIFO,0.28,0,variant_6
7903,INSPECTION_2_3,INSPECTION_2_3_LINE,27935.94851034958,1.8822448805949534,8,1.8822448805949534,82.77324071792827,6.45867390859712,38,27853.17526963165,27942.407184258176,experiment,FIFO,0.28,0,variant_6
7903,INSPECTION_2_4,INSPECTION_2_4_LINE,27936.80500375066,0.8564934010792058,9,0.8564934010792058,83.62973411900748,5.6021805075179145,39,27853.17526963165,27942.407184258176,experiment,FIFO,0.28,0,variant_6
7903,INSPECTION_2_5,INSPECTION_2_5_LINE,27938.596486522245,1.7914827715867432,10,1.7914827715867432,85.42121689059422,3.8106977359311713,39,27853.17526963165,27942.407184258176,experiment,FIFO,0.28,0,variant_6
7903,INSPECTION_2_6,INSPECTION_2_6_LINE,27938.812167662003,0.21568113975808956,11,0.21568113975808956,85.63689803035231,3.595016596173082,40,27853.17526963165,27942.407184258176,experiment,FIFO,0.28,0,variant_6
7903,INSPECTION_2_7,INSPECTION_2_7_LINE,27942.407184258176,3.595016596173082,12,3.595016596173082,89.2319146265254,0.0,38,27853.17526963165,27942.407184258176,experiment,FIFO,0.28,0,variant_6
7904,MOULDING_3,MOULDING_MACHINE_3,27856.91154000177,4.362790253770072,1,0.0,0.0,188.42303915035154,38,27856.91154000177,28045.33457915212,experiment,FIFO,0.28,0,variant_5
7904,ASSEMBLY_1_4,LINE_4_ASSEMBLY1,27867.004757094503,2.6473753095524444,2,10.09321709273354,10.09321709273354,178.329822057618,36,27856.91154000177,28045.33457915212,experiment,FIFO,0.28,0,variant_5
7904,ASSEMBLY_2_1,ASSEMBLY2_LINE_1,27971.35728096679,10.006136460204289,3,104.35252387228684,114.44574096502038,73.97729818533116,41,27856.91154000177,28045.33457915212,experiment,FIFO,0.28,0,variant_5
7904,SORTING,SORTING_ROBOT_1,28037.42209189584,2.0772640647774097,4,66.06481092905233,180.5105518940727,7.912487256278837,38,27856.91154000177,28045.33457915212,experiment,FIFO,0.28,0,variant_5
7904,PACKAGING_2,PACKAGING_LINE_2,28038.180884829508,0.7587929336659727,5,0.7587929336659727,181.26934482773868,7.153694322612864,38,27856.91154000177,28045.33457915212,experiment,FIFO,0.28,0,variant_5
7904,INSPECTION_2_1,INSPECTION_2_1_LINE,28039.91320748936,1.732322659852798,6,1.732322659852798,183.00166748759148,5.421371662760066,37,27856.91154000177,28045.33457915212,experiment,FIFO,0.28,0,variant_5
7904,INSPECTION_2_2,INSPECTION_2_2_LINE,28041.174206569103,1.26099907974276,7,1.26099907974276,184.26266656733424,4.160372583017306,37,27856.91154000177,28045.33457915212,experiment,FIFO,0.28,0,variant_5
7904,INSPECTION_2_3,INSPECTION_2_3_LINE,28041.88672144734,0.7125148782361066,8,0.7125148782361066,184.97518144557034,3.4478577047811996,38,27856.91154000177,28045.33457915212,experiment,FIFO,0.28,0,variant_5
7904,INSPECTION_2_4,INSPECTION_2_4_LINE,28042.102188036253,0.2154665889138414,9,0.2154665889138414,185.19064803448418,3.232391115867358,38,27856.91154000177,28045.33457915212,experiment,FIFO,0.28,0,variant_5
7904,INSPECTION_2_5,INSPECTION_2_5_LINE,28042.54094872656,0.4387606903073902,10,0.4387606903073902,185.62940872479157,2.793630425559968,38,27856.91154000177,28045.33457915212,experiment,FIFO,0.28,0,variant_5
7904,INSPECTION_2_6,INSPECTION_2_6_LINE,28043.29904891993,0.7581001933685911,11,0.7581001933685911,186.38750891816017,2.035530232191377,37,27856.91154000177,28045.33457915212,experiment,FIFO,0.28,0,variant_5
7904,INSPECTION_2_7,INSPECTION_2_7_LINE,28045.33457915212,2.035530232191377,12,2.035530232191377,188.42303915035154,0.0,35,27856.91154000177,28045.33457915212,experiment,FIFO,0.28,0,variant_5
7905,MOULDING_2,MOULDING_MACHINE_2,27858.40653583748,4.760744866038294,1,0.0,0.0,200.03265431756154,40,27858.40653583748,28058.43919015504,experiment,FIFO,0.28,0,variant_3
7905,ASSEMBLY_1_3,LINE_3_ASSEMBLY1,27864.006997227483,5.600461390004057,2,5.600461390004057,5.600461390004057,194.43219292755748,41,27858.40653583748,28058.43919015504,experiment,FIFO,0.28,0,variant_3
7905,ASSEMBLY_2_1,ASSEMBLY2_LINE_1,27961.351144506585,1.3782904979379964,3,97.34414727910189,102.94460866910595,97.08804564845559,39,27858.40653583748,28058.43919015504,experiment,FIFO,0.28,0,variant_3
7905,SORTING,SORTING_ROBOT_1,28033.711343702613,0.7778435286636523,4,72.36019919602768,175.30480786513363,24.72784645242791,36,27858.40653583748,28058.43919015504,experiment,FIFO,0.28,0,variant_3
7905,PACKAGING_3,PACKAGING_LINE_3,28040.81328781626,7.101944113648642,5,7.101944113648642,182.40675197878227,17.62590233877927,37,27858.40653583748,28058.43919015504,experiment,FIFO,0.28,0,variant_3
7905,INSPECTION_2_1,INSPECTION_2_1_LINE,28043.6602712534,2.846983437138988,6,2.846983437138988,185.25373541592126,14.778918901640282,37,27858.40653583748,28058.43919015504,experiment,FIFO,0.28,0,variant_3
7905,INSPECTION_2_2,INSPECTION_2_2_LINE,28047.33855012921,3.678278875810065,7,3.678278875810065,188.93201429173132,11.100640025830216,34,27858.40653583748,28058.43919015504,experiment,FIFO,0.28,0,variant_3
7905,INSPECTION_2_3,INSPECTION_2_3_LINE,28050.900556511653,3.5620063824426325,8,3.5620063824426325,192.49402067417395,7.538633643387584,34,27858.40653583748,28058.43919015504,experiment,FIFO,0.28,0,variant_3
7905,INSPECTION_2_4,INSPECTION_2_4_LINE,28051.286271382472,0.3857148708193563,9,0.3857148708193563,192.8797355449933,7.152918772568228,34,27858.40653583748,28058.43919015504,experiment,FIFO,0.28,0,variant_3
7905,INSPECTION_2_5,INSPECTION_2_5_LINE,28052.373869552343,1.0875981698700343,10,1.0875981698700343,193.96733371486334,6.065320602698193,34,27858.40653583748,28058.43919015504,experiment,FIFO,0.28,0,variant_3
7905,INSPECTION_2_6,INSPECTION_2_6_LINE,28057.60701831058,5.233148758237803,11,5.233148758237803,199.20048247310115,0.8321718444603903,36,27858.40653583748,28058.43919015504,experiment,FIFO,0.28,0,variant_3
7905,INSPECTION_2_7,INSPECTION_2_7_LINE,28058.43919015504,0.8321718444603903,12,0.8321718444603903,200.03265431756154,0.0,36,27858.40653583748,28058.43919015504,experiment,FIFO,0.28,0,variant_3
7906,MOULDING_5,MOULDING_MACHINE_5,27862.223370610383,1.9187584881037765,1,0.0,0.0,104.72837977297604,41,27862.223370610383,27966.95175038336,experiment,FIFO,0.28,0,variant_2
7906,ASSEMBLY_1_2,LINE_2_ASSEMBLY1,27888.710173381813,20.798136577424884,2,26.48680277142921,26.48680277142921,78.24157700154683,36,27862.223370610383,27966.95175038336,experiment,FIFO,0.28,0,variant_2
7906,ASSEMBLY_2_2,ASSEMBLY2_LINE_2,27908.598404124423,3.3491194113921665,3,19.888230742610176,46.37503351403939,58.353346258936654,39,27862.223370610383,27966.95175038336,experiment,FIFO,0.28,0,variant_2
7906,SORTING,SORTING_ROBOT_1,27952.79420842047,1.0342052508385677,4,44.195804296046845,90.57083781008623,14.157541962889809,39,27862.223370610383,27966.95175038336,experiment,FIFO,0.28,0,variant_2
7906,PACKAGING_2,PACKAGING_LINE_2,27958.206104652345,5.411896231875289,5,5.411896231875289,95.98273404196152,8.74564573101452,39,27862.223370610383,27966.95175038336,experiment,FIFO,0.28,0,variant_2
7906,INSPECTION_1_1,INSPECTION_1_1_LINE,27958.2087167158,0.0026120634538528975,6,0.0026120634538528975,95.98534610541537,8.743033667560667,39,27862.223370610383,27966.95175038336,experiment,FIFO,0.28,0,variant_2
7906,INSPECTION_1_2,INSPECTION_1_2_LINE,27959.19278185404,0.984065138240112,7,0.984065138240112,96.96941124365549,7.758968529320555,39,27862.223370610383,27966.95175038336,experiment,FIFO,0.28,0,variant_2
7906,INSPECTION_1_3,INSPECTION_1_3_LINE,27959.19321567159,0.0004338175494922325,8,0.0004338175494922325,96.96984506120498,7.758534711771063,39,27862.223370610383,27966.95175038336,experiment,FIFO,0.28,0,variant_2
7906,INSPECTION_1_4,INSPECTION_1_4_LINE,27961.1971886223,2.0039729507116135,9,2.0039729507116135,98.97381801191659,5.754561761059449,39,27862.223370610383,27966.95175038336,experiment,FIFO,0.28,0,variant_2
7906,INSPECTION_1_5,INSPECTION_1_5_LINE,27963.806815597647,2.609626975347055,10,2.609626975347055,101.58344498726365,3.144934785712394,42,27862.223370610383,27966.95175038336,experiment,FIFO,0.28,0,variant_2
7906,INSPECTION_1_6,INSPECTION_1_6_LINE,27964.552155746493,0.7453401488455711,11,0.7453401488455711,102.32878513610922,2.399594636866823,42,27862.223370610383,27966.95175038336,experiment,FIFO,0.28,0,variant_2
7906,INSPECTION_1_7,INSPECTION_1_7_LINE,27966.95175038336,2.399594636866823,12,2.399594636866823,104.72837977297604,0.0,41,27862.223370610383,27966.95175038336,experiment,FIFO,0.28,0,variant_2
7907,MOULDING_4,MOULDING_MACHINE_4,27867.73418001083,5.94584387890427,1,0.0,0.0,118.88163058543068,37,27867.73418001083,27986.61581059626,experiment,FIFO,0.28,0,variant_3
7907,ASSEMBLY_1_5,LINE_5_ASSEMBLY1,27894.509551147738,10.742060668937484,2,26.77537113690778,26.77537113690778,92.1062594485229,36,27867.73418001083,27986.61581059626,experiment,FIFO,0.28,0,variant_3
7907,ASSEMBLY_2_2,ASSEMBLY2_LINE_2,27921.385549157665,12.787145033242268,3,26.87599800992757,53.65136914683535,65.23026143859533,40,27867.73418001083,27986.61581059626,experiment,FIFO,0.28,0,variant_3
7907,SORTING,SORTING_ROBOT_1,27972.194058284364,0.4648741713463096,4,50.80850912669848,104.45987827353383,14.421752311896853,41,27867.73418001083,27986.61581059626,experiment,FIFO,0.28,0,variant_3
7907,PACKAGING_2,PACKAGING_LINE_2,27975.42518432261,3.231126038244838,5,3.231126038244838,107.69100431177867,11.190626273652015,42,27867.73418001083,27986.61581059626,experiment,FIFO,0.28,0,variant_3
7907,INSPECTION_2_1,INSPECTION_2_1_LINE,27977.05021275152,1.6250284289126284,6,1.6250284289126284,109.3160327406913,9.565597844739386,43,27867.73418001083,27986.61581059626,experiment,FIFO,0.28,0,variant_3
7907,INSPECTION_2_2,INSPECTION_2_2_LINE,27979.23503561348,2.1848228619601286,7,2.1848228619601286,111.50085560265143,7.380774982779258,44,27867.73418001083,27986.61581059626,experiment,FIFO,0.28,0,variant_3
7907,INSPECTION_2_3,INSPECTION_2_3_LINE,27980.96203425128,1.7269986377978057,8,1.7269986377978057,113.22785424044923,5.653776344981452,41,27867.73418001083,27986.61581059626,experiment,FIFO,0.28,0,variant_3
7907,INSPECTION_2_4,INSPECTION_2_4_LINE,27981.286360745155,0.3243264938755601,9,0.3243264938755601,113.55218073432479,5.329449851105892,41,27867.73418001083,27986.61581059626,experiment,FIFO,0.28,0,variant_3
7907,INSPECTION_2_5,INSPECTION_2_5_LINE,27981.85588538656,0.5695246414070425,10,0.5695246414070425,114.12170537573184,4.759925209698849,41,27867.73418001083,27986.61581059626,experiment,FIFO,0.28,0,variant_3
7907,INSPECTION_2_6,INSPECTION_2_6_LINE,27986.40962638937,4.553741002808238,11,4.553741002808238,118.67544637854007,0.20618420689061168,41,27867.73418001083,27986.61581059626,experiment,FIFO,0.28,0,variant_3
7907,INSPECTION_2_7,INSPECTION_2_7_LINE,27986.61581059626,0.20618420689061168,12,0.20618420689061168,118.88163058543068,0.0,40,27867.73418001083,27986.61581059626,experiment,FIFO,0.28,0,variant_3
7908,MOULDING_1,MOULDING_MACHINE_1,27871.716036132693,1.4919279716050369,1,0.0,0.0,51.36585079733777,37,27871.716036132693,27923.08188693003,experiment,FIFO,0.28,0,variant_5
7908,ASSEMBLY_1_3,LINE_3_ASSEMBLY1,27874.02184474237,2.305808609675296,2,2.305808609675296,2.305808609675296,49.060042187662475,37,27871.716036132693,27923.08188693003,experiment,FIFO,0.28,0,variant_5
7908,ASSEMBLY_2_2,ASSEMBLY2_LINE_2,27893.01958375418,3.9109368943572917,3,18.997739011811063,21.30354762148636,30.06230317585141,36,27871.716036132693,27923.08188693003,experiment,FIFO,0.28,0,variant_5
7908,SORTING,SORTING_ROBOT_1,27906.95612324918,0.22880347095997422,4,13.936539495000034,35.24008711648639,16.125763680851378,38,27871.716036132693,27923.08188693003,experiment,FIFO,0.28,0,variant_5
7908,PACKAGING_1,PACKAGING_LINE_1,27914.43969365026,0.19509284578816732,5,7.483570401080215,42.72365751756661,8.642193279771163,40,27871.716036132693,27923.08188693003,experiment,FIFO,0.28,0,variant_5
7908,INSPECTION_2_1,INSPECTION_2_1_LINE,27915.849636819534,1.4099431692739017,6,1.4099431692739017,44.13360068684051,7.232250110497262,40,27871.716036132693,27923.08188693003,experiment,FIFO,0.28,0,variant_5
7908,INSPECTION_2_2,INSPECTION_2_2_LINE,27915.950097967067,0.10046114753276925,7,0.10046114753276925,44.23406183437328,7.131788962964492,40,27871.716036132693,27923.08188693003,experiment,FIFO,0.28,0,variant_5
7908,INSPECTION_2_3,INSPECTION_2_3_LINE,27916.22583650057,0.27573853350259014,8,0.27573853350259014,44.50980036787587,6.856050429461902,40,27871.716036132693,27923.08188693003,experiment,FIFO,0.28,0,variant_5
7908,INSPECTION_2_4,INSPECTION_2_4_LINE,27916.851941377605,0.6261048770356865,9,0.6261048770356865,45.135905244911555,6.229945552426216,40,27871.716036132693,27923.08188693003,experiment,FIFO,0.28,0,variant_5
7908,INSPECTION_2_5,INSPECTION_2_5_LINE,27917.16405786501,0.31211648740645614,10,0.31211648740645614,45.44802173231801,5.91782906501976,40,27871.716036132693,27923.08188693003,experiment,FIFO,0.28,0,variant_5
7908,INSPECTION_2_6,INSPECTION_2_6_LINE,27917.176683729227,0.01262586421580636,11,0.01262586421580636,45.46064759653382,5.905203200803953,40,27871.716036132693,27923.08188693003,experiment,FIFO,0.28,0,variant_5
7908,INSPECTION_2_7,INSPECTION_2_7_LINE,27923.08188693003,5.905203200803953,12,5.905203200803953,51.36585079733777,0.0,40,27871.716036132693,27923.08188693003,experiment,FIFO,0.28,0,variant_5
7909,MOULDING_2,MOULDING_MACHINE_2,27873.2078429329,0.6223745504357794,1,0.0,0.0,171.20511705832905,38,27873.2078429329,28044.41295999123,experiment,FIFO,0.28,0,variant_3
7909,ASSEMBLY_1_2,LINE_2_ASSEMBLY1,27890.394819586647,1.68464620483428,2,17.18697665374566,17.18697665374566,154.0181404045834,35,27873.2078429329,28044.41295999123,experiment,FIFO,0.28,0,variant_3
7909,ASSEMBLY_2_1,ASSEMBLY2_LINE_1,27981.214331040857,9.857050074067956,3,90.81951145421044,108.0064881079561,63.19862895037295,41,27873.2078429329,28044.41295999123,experiment,FIFO,0.28,0,variant_3
7909,SORTING,SORTING_ROBOT_1,28039.11326809529,1.6911761994488188,4,57.89893705443319,165.9054251623893,5.299691895939759,37,27873.2078429329,28044.41295999123,experiment,FIFO,0.28,0,variant_3
7909,PACKAGING_2,PACKAGING_LINE_2,28039.17182181114,0.058553715847665444,5,0.058553715847665444,165.96397887823696,5.2411381800920935,37,27873.2078429329,28044.41295999123,experiment,FIFO,0.28,0,variant_3
7909,INSPECTION_1_1,INSPECTION_1_1_LINE,28039.284315297788,0.11249348664932768,6,0.11249348664932768,166.07647236488629,5.128644693442766,37,27873.2078429329,28044.41295999123,experiment,FIFO,0.28,0,variant_3
7909,INSPECTION_1_2,INSPECTION_1_2_LINE,28040.167447644868,0.8831323470803909,7,0.8831323470803909,166.95960471196668,4.245512346362375,37,27873.2078429329,28044.41295999123,experiment,FIFO,0.28,0,variant_3
7909,INSPECTION_1_3,INSPECTION_1_3_LINE,28040.556928567905,0.3894809230368992,8,0.3894809230368992,167.34908563500358,3.8560314233254758,37,27873.2078429329,28044.41295999123,experiment,FIFO,0.28,0,variant_3
7909,INSPECTION_1_4,INSPECTION_1_4_LINE,28041.93553119692,1.3786026290144946,9,1.3786026290144946,168.72768826401807,2.477428794310981,38,27873.2078429329,28044.41295999123,experiment,FIFO,0.28,0,variant_3
7909,INSPECTION_1_5,INSPECTION_1_5_LINE,28043.72250343492,1.7869722380019084,10,1.7869722380019084,170.51466050201998,0.6904565563090728,37,27873.2078429329,28044.41295999123,experiment,FIFO,0.28,0,variant_3
7909,INSPECTION_1_6,INSPECTION_1_6_LINE,28043.781345645188,0.05884221026644809,11,0.05884221026644809,170.57350271228643,0.6316143460426247,37,27873.2078429329,28044.41295999123,experiment,FIFO,0.28,0,variant_3
7909,INSPECTION_1_7,INSPECTION_1_7_LINE,28044.41295999123,0.6316143460426247,12,0.6316143460426247,171.20511705832905,0.0,36,27873.2078429329,28044.41295999123,experiment,FIFO,0.28,0,variant_3
7910,MOULDING_3,MOULDING_MACHINE_3,27874.567071543494,1.0527958649217908,1,0.0,0.0,88.24979160821385,37,27874.567071543494,27962.816863151707,experiment,FIFO,0.28,0,variant_2
7910,ASSEMBLY_1_1,LINE_1_ASSEMBLY1,27886.565579762908,11.998508219414362,2,11.998508219414362,11.998508219414362,76.2512833887995,36,27874.567071543494,27962.816863151707,experiment,FIFO,0.28,0,variant_2
7910,ASSEMBLY_2_2,ASSEMBLY2_LINE_2,27905.24928471303,12.006385696142388,3,18.683704950122774,30.682213169537135,57.56757843867672,38,27874.567071543494,27962.816863151707,experiment,FIFO,0.28,0,variant_2
7910,SORTING,SORTING_ROBOT_1,27947.596318884687,8.076241430866503,4,42.34703417165656,73.0292473411937,15.22054426702016,38,27874.567071543494,27962.816863151707,experiment,FIFO,0.28,0,variant_2
7910,PACKAGING_3,PACKAGING_LINE_3,27955.334554355697,7.73823547100983,5,7.73823547100983,80.76748281220353,7.482308796010329,38,27874.567071543494,27962.816863151707,experiment,FIFO,0.28,0,variant_2
7910,INSPECTION_2_1,INSPECTION_2_1_LINE,27956.10174264987,0.7671882941722288,6,0.7671882941722288,81.53467110637575,6.715120501838101,39,27874.567071543494,27962.816863151707,experiment,FIFO,0.28,0,variant_2
7910,INSPECTION_2_2,INSPECTION_2_2_LINE,27957.21211227774,1.1103696278696589,7,1.1103696278696589,82.64504073424541,5.604750873968442,39,27874.567071543494,27962.816863151707,experiment,FIFO,0.28,0,variant_2
7910,INSPECTION_2_3,INSPECTION_2_3_LINE,27957.217190597054,0.005078319314634427,8,0.005078319314634427,82.65011905356005,5.599672554653807,39,27874.567071543494,27962.816863151707,experiment,FIFO,0.28,0,variant_2
7910,INSPECTION_2_4,INSPECTION_2_4_LINE,27957.220877031108,0.003686434054543497,9,0.003686434054543497,82.65380548761459,5.595986120599264,39,27874.567071543494,27962.816863151707,experiment,FIFO,0.28,0,variant_2
7910,INSPECTION_2_5,INSPECTION_2_5_LINE,27957.74943852072,0.5285614896129118,10,0.5285614896129118,83.1823669772275,5.067424630986352,39,27874.567071543494,27962.816863151707,experiment,FIFO,0.28,0,variant_2
7910,INSPECTION_2_6,INSPECTION_2_6_LINE,27958.57154891755,0.8221103968280659,11,0.8221103968280659,84.00447737405557,4.245314234158286,39,27874.567071543494,27962.816863151707,experiment,FIFO,0.28,0,variant_2
7910,INSPECTION_2_7,INSPECTION_2_7_LINE,27962.816863151707,4.245314234158286,12,4.245314234158286,88.24979160821385,0.0,41,27874.567071543494,27962.816863151707,experiment,FIFO,0.28,0,variant_2
7911,MOULDING_5,MOULDING_MACHINE_5,27881.261285314475,3.926921309073805,1,0.0,0.0,177.91351685221525,36,27881.261285314475,28059.17480216669,experiment,FIFO,0.28,0,variant_6
7911,ASSEMBLY_1_2,LINE_2_ASSEMBLY1,27897.259677074868,6.864857488220878,2,15.998391760393133,15.998391760393133,161.91512509182212,38,27881.261285314475,28059.17480216669,experiment,FIFO,0.28,0,variant_6
7911,ASSEMBLY_2_1,ASSEMBLY2_LINE_1,27981.785214979587,0.5708839387298212,3,84.52553790471939,100.52392966511252,77.38958718710273,41,27881.261285314475,28059.17480216669,experiment,FIFO,0.28,0,variant_6
7911,SORTING,SORTING_ROBOT_1,28040.224531748143,1.111263652852358,4,58.43931676855573,158.96324643366825,18.950270418547007,37,27881.261285314475,28059.17480216669,experiment,FIFO,0.28,0,variant_6
7911,PACKAGING_2,PACKAGING_LINE_2,28043.832213845497,3.6076820973539725,5,3.6076820973539725,162.57092853102222,15.342588321193034,37,27881.261285314475,28059.17480216669,experiment,FIFO,0.28,0,variant_6
7911,INSPECTION_2_1,INSPECTION_2_1_LINE,28046.04821328684,2.2159994413414097,6,2.2159994413414097,164.78692797236363,13.126588879851624,35,27881.261285314475,28059.17480216669,experiment,FIFO,0.28,0,variant_6
7911,INSPECTION_2_2,INSPECTION_2_2_LINE,28047.41798040521,0.0794302760004939,7,1.3697671183726925,166.15669509073632,11.756821761478932,34,27881.261285314475,28059.17480216669,experiment,FIFO,0.28,0,variant_6
7911,INSPECTION_2_3,INSPECTION_2_3_LINE,28051.16594792328,0.26539141162720625,8,3.747967518069345,169.90466260880567,8.008854243409587,34,27881.261285314475,28059.17480216669,experiment,FIFO,0.28,0,variant_6
7911,INSPECTION_2_4,INSPECTION_2_4_LINE,28051.84434183284,0.5580704503663583,9,0.6783939095585083,170.58305651836417,7.330460333851079,34,27881.261285314475,28059.17480216669,experiment,FIFO,0.28,0,variant_6
7911,INSPECTION_2_5,INSPECTION_2_5_LINE,28056.231824921048,3.8579553687050065,10,4.387483088208683,174.97053960657286,2.942977245642396,36,27881.261285314475,28059.17480216669,experiment,FIFO,0.28,0,variant_6
7911,INSPECTION_2_6,INSPECTION_2_6_LINE,28058.131531541458,0.5245132308773464,11,1.899706620410143,176.870246226983,1.0432706252322532,36,27881.261285314475,28059.17480216669,experiment,FIFO,0.28,0,variant_6
7911,INSPECTION_2_7,INSPECTION_2_7_LINE,28059.17480216669,0.7356120116492093,12,1.0432706252322532,177.91351685221525,0.0,35,27881.261285314475,28059.17480216669,experiment,FIFO,0.28,0,variant_6
7912,MOULDING_4,MOULDING_MACHINE_4,27895.2111087756,12.335863705477095,1,0.0,0.0,94.39783767361223,37,27895.2111087756,27989.60894644921,experiment,FIFO,0.28,0,variant_4
7912,ASSEMBLY_1_5,LINE_5_ASSEMBLY1,27901.64073146951,2.080677512829425,2,6.429622693911369,6.429622693911369,87.96821497970086,38,27895.2111087756,27989.60894644921,experiment,FIFO,0.28,0,variant_4
7912,ASSEMBLY_2_2,ASSEMBLY2_LINE_2,27922.289376585963,0.903827428297518,3,20.648645116452826,27.078267810364196,67.31956986324803,41,27895.2111087756,27989.60894644921,experiment,FIFO,0.28,0,variant_4
7912,SORTING,SORTING_ROBOT_1,27975.24718564039,3.05312735602638,4,52.957809054427344,80.03607686479154,14.36176080882069,42,27895.2111087756,27989.60894644921,experiment,FIFO,0.28,0,variant_4
7912,PACKAGING_3,PACKAGING_LINE_3,27981.378088959907,6.130903319517529,5,6.130903319517529,86.16698018430907,8.230857489303162,41,27895.2111087756,27989.60894644921,experiment,FIFO,0.28,0,variant_4
7912,INSPECTION_1_1,INSPECTION_1_1_LINE,27982.919167671105,1.5410787111977697,6,1.5410787111977697,87.70805889550684,6.689778778105392,41,27895.2111087756,27989.60894644921,experiment,FIFO,0.28,0,variant_4
7912,INSPECTION_1_2,INSPECTION_1_2_LINE,27984.74724684037,1.8280791692632192,7,1.8280791692632192,89.53613806477006,4.861699608842173,41,27895.2111087756,27989.60894644921,experiment,FIFO,0.28,0,variant_4
7912,INSPECTION_1_3,INSPECTION_1_3_LINE,27988.442814092377,3.695567252008914,8,3.695567252008914,93.23170531677897,1.166132356833259,40,27895.2111087756,27989.60894644921,experiment,FIFO,0.28,0,variant_4
7912,INSPECTION_1_4,INSPECTION_1_4_LINE,27988.47806703296,0.03525294058272266,9,0.03525294058272266,93.2669582573617,1.1308794162505365,40,27895.2111087756,27989.60894644921,experiment,FIFO,0.28,0,variant_4
7912,INSPECTION_1_5,INSPECTION_1_5_LINE,27988.989496959435,0.5114299264751025,10,0.5114299264751025,93.7783881838368,0.6194494897754339,40,27895.2111087756,27989.60894644921,experiment,FIFO,0.28,0,variant_4
7912,INSPECTION_1_6,INSPECTION_1_6_LINE,27989.45233862613,0.46284166669647675,11,0.46284166669647675,94.24122985053327,0.15660782307895715,40,27895.2111087756,27989.60894644921,experiment,FIFO,0.28,0,variant_4
7912,INSPECTION_1_7,INSPECTION_1_7_LINE,27989.60894644921,0.15660782307895715,12,0.15660782307895715,94.39783767361223,0.0,39,27895.2111087756,27989.60894644921,experiment,FIFO,0.28,0,variant_4
7913,MOULDING_3,MOULDING_MACHINE_3,27885.58696498949,1.862206394853274,1,0.0,0.0,115.92708506872077,36,27885.58696498949,28001.51405005821,experiment,FIFO,0.28,0,variant_5
7913,ASSEMBLY_1_1,LINE_1_ASSEMBLY1,27908.686399209106,22.120819446197856,2,23.09943421961725,23.09943421961725,92.82765084910352,39,27885.58696498949,28001.51405005821,experiment,FIFO,0.28,0,variant_5
7913,ASSEMBLY_2_2,ASSEMBLY2_LINE_2,27932.675131914228,2.282609249374218,3,23.988732705121947,47.0881669247392,68.83891814398157,38,27885.58696498949,28001.51405005821,experiment,FIFO,0.28,0,variant_5
7913,SORTING,SORTING_ROBOT_1,27988.09787910181,0.82274402720941,4,55.42274718758199,102.51091411232119,13.416170956399583,40,27885.58696498949,28001.51405005821,experiment,FIFO,0.28,0,variant_5
7913,PACKAGING_1,PACKAGING_LINE_1,27989.011851715182,0.9139726133726072,5,0.9139726133726072,103.4248867256938,12.502198343026976,40,27885.58696498949,28001.51405005821,experiment,FIFO,0.28,0,variant_5
7913,INSPECTION_1_1,INSPECTION_1_1_LINE,27993.97054627008,0.6680559444903338,6,4.958694554898102,108.3835812805919,7.543503788128874,39,27885.58696498949,28001.51405005821,experiment,FIFO,0.28,0,variant_5
7913,INSPECTION_1_2,INSPECTION_1_2_LINE,27996.147339498635,1.65018898366543,7,2.176793228554743,110.56037450914664,5.3667105595741305,37,27885.58696498949,28001.51405005821,experiment,FIFO,0.28,0,variant_5
7913,INSPECTION_1_3,INSPECTION_1_3_LINE,27996.743322731163,0.42008926328344387,8,0.5959832325279422,111.15635774167458,4.770727327046188,37,27885.58696498949,28001.51405005821,experiment,FIFO,0.28,0,variant_5
7913,INSPECTION_1_4,INSPECTION_1_4_LINE,27998.81190147736,1.948090044708806,9,2.0685787461952714,113.22493648786985,2.702148580850917,36,27885.58696498949,28001.51405005821,experiment,FIFO,0.28,0,variant_5
7913,INSPECTION_1_5,INSPECTION_1_5_LINE,28000.706016216795,1.397302703193418,10,1.8941147394361906,115.11905122730604,0.8080338414147263,38,27885.58696498949,28001.51405005821,experiment,FIFO,0.28,0,variant_5
7913,INSPECTION_1_6,INSPECTION_1_6_LINE,28001.081663135326,0.024168911360902712,11,0.3756469185318565,115.4946981458379,0.43238692288286984,38,27885.58696498949,28001.51405005821,experiment,FIFO,0.28,0,variant_5
7913,INSPECTION_1_7,INSPECTION_1_7_LINE,28001.51405005821,0.41177022612828296,12,0.43238692288286984,115.92708506872077,0.0,36,27885.58696498949,28001.51405005821,experiment,FIFO,0.28,0,variant_5
7914,MOULDING_1,MOULDING_MACHINE_1,27892.792857086508,2.7227677356277127,1,0.0,0.0,154.05504201771328,36,27892.792857086508,28046.84789910422,experiment,FIFO,0.28,0,variant_3
7914,ASSEMBLY_1_5,LINE_5_ASSEMBLY1,27899.56005395668,5.050502808942838,2,6.767196870172484,6.767196870172484,147.2878451475408,38,27892.792857086508,28046.84789910422,experiment,FIFO,0.28,0,variant_3
7914,ASSEMBLY_2_1,ASSEMBLY2_LINE_1,27989.107886803977,7.322671824389545,3,89.54783284729638,96.31502971746886,57.740012300244416,40,27892.792857086508,28046.84789910422,experiment,FIFO,0.28,0,variant_3
7914,SORTING,SORTING_ROBOT_1,28040.273307429863,0.04877568172014435,4,51.16542062588633,147.4804503433552,6.574591674358089,37,27892.792857086508,28046.84789910422,experiment,FIFO,0.28,0,variant_3
7914,PACKAGING_3,PACKAGING_LINE_3,28041.59470302762,0.7814152113569435,5,1.321395597755327,148.8018459411105,5.253196076602762,38,27892.792857086508,28046.84789910422,experiment,FIFO,0.28,0,variant_3
7914,INSPECTION_1_1,INSPECTION_1_1_LINE,28042.004440636312,0.40973760869383113,6,0.40973760869383113,149.21158354980435,4.843458467908931,38,27892.792857086508,28046.84789910422,experiment,FIFO,0.28,0,variant_3
7914,INSPECTION_1_2,INSPECTION_1_2_LINE,28042.0328318192,0.028391182888299227,7,0.028391182888299227,149.23997473269264,4.815067285020632,38,27892.792857086508,28046.84789910422,experiment,FIFO,0.28,0,variant_3
7914,INSPECTION_1_3,INSPECTION_1_3_LINE,28042.24750810532,0.21467628611935652,8,0.21467628611935652,149.454651018812,4.6003909989012755,38,27892.792857086508,28046.84789910422,experiment,FIFO,0.28,0,variant_3
7914,INSPECTION_1_4,INSPECTION_1_4_LINE,28042.37218553556,0.12467743024171796,9,0.12467743024171796,149.57932844905372,4.4757135686595575,38,27892.792857086508,28046.84789910422,experiment,FIFO,0.28,0,variant_3
7914,INSPECTION_1_5,INSPECTION_1_5_LINE,28043.99649120133,0.2739877664098458,10,1.6243056657694979,151.20363411482322,2.8514079028900596,37,27892.792857086508,28046.84789910422,experiment,FIFO,0.28,0,variant_3
7914,INSPECTION_1_6,INSPECTION_1_6_LINE,28045.411048454345,1.414557253014209,11,1.414557253014209,152.61819136783743,1.4368506498758506,35,27892.792857086508,28046.84789910422,experiment,FIFO,0.28,0,variant_3
7914,INSPECTION_1_7,INSPECTION_1_7_LINE,28046.84789910422,1.4368506498758506,12,1.4368506498758506,154.05504201771328,0.0,34,27892.792857086508,28046.84789910422,experiment,FIFO,0.28,0,variant_3
7915,MOULDING_3,MOULDING_MACHINE_3,27896.6495656884,5.322974267986865,1,0.0,0.0,183.16343567315198,37,27896.6495656884,28079.813001361552,experiment,FIFO,0.28,0,variant_1
7915,ASSEMBLY_1_2,LINE_2_ASSEMBLY1,27901.20722743022,3.947550355351268,2,4.5576617418191745,4.5576617418191745,178.6057739313328,38,27896.6495656884,28079.813001361552,experiment,FIFO,0.28,0,variant_1
7915,ASSEMBLY_2_1,ASSEMBLY2_LINE_1,28019.016206375924,29.908319571946777,3,117.80897894570444,122.36664068752361,60.79679498562837,34,27896.6495656884,28079.813001361552,experiment,FIFO,0.28,0,variant_1
7915,SORTING,SORTING_ROBOT_1,28063.905861151256,0.8960612357659556,4,44.88965477533202,167.25629546285563,15.907140210296348,37,27896.6495656884,28079.813001361552,experiment,FIFO,0.28,0,variant_1
7915,PACKAGING_3,PACKAGING_LINE_3,28074.65849908052,8.759418925434147,5,10.752637929264893,178.00893339212053,5.154502281031455,38,27896.6495656884,28079.813001361552,experiment,FIFO,0.28,0,variant_1
7915,INSPECTION_1_1,INSPECTION_1_1_LINE,28074.76599461337,0.10749553285131697,6,0.10749553285131697,178.11642892497184,5.047006748180138,38,27896.6495656884,28079.813001361552,experiment,FIFO,0.28,0,variant_1
7915,INSPECTION_1_2,INSPECTION_1_2_LINE,28074.949526290675,0.18353167730310815,7,0.18353167730310815,178.29996060227495,4.86347507087703,38,27896.6495656884,28079.813001361552,experiment,FIFO,0.28,0,variant_1
7915,INSPECTION_1_3,INSPECTION_1_3_LINE,28075.9288209385,0.9792946478264639,8,0.9792946478264639,179.27925525010141,3.884180423050566,37,27896.6495656884,28079.813001361552,experiment,FIFO,0.28,0,variant_1
7915,INSPECTION_1_4,INSPECTION_1_4_LINE,28076.86730600765,0.9384850691494648,9,0.9384850691494648,180.21774031925088,2.945695353901101,36,27896.6495656884,28079.813001361552,experiment,FIFO,0.28,0,variant_1
7915,INSPECTION_1_5,INSPECTION_1_5_LINE,28077.63107362872,0.7637676210688369,10,0.7637676210688369,180.98150794031972,2.181927732832264,36,27896.6495656884,28079.813001361552,experiment,FIFO,0.28,0,variant_1
7915,INSPECTION_1_6,INSPECTION_1_6_LINE,28078.45889258281,0.8278189540906169,11,0.8278189540906169,181.80932689441033,1.3541087787416473,36,27896.6495656884,28079.813001361552,experiment,FIFO,0.28,0,variant_1
7915,INSPECTION_1_7,INSPECTION_1_7_LINE,28079.813001361552,1.3541087787416473,12,1.3541087787416473,183.16343567315198,0.0,35,27896.6495656884,28079.813001361552,experiment,FIFO,0.28,0,variant_1
7916,MOULDING_1,MOULDING_MACHINE_1,27896.828630862605,3.657800247434352,1,0.0,0.0,97.86480808966371,38,27896.828630862605,27994.69343895227,experiment,FIFO,0.28,0,variant_3
7916,ASSEMBLY_1_5,LINE_5_ASSEMBLY1,27902.596069098723,0.955337629213318,2,5.767438236118323,5.767438236118323,92.09736985354539,38,27896.828630862605,27994.69343895227,experiment,FIFO,0.28,0,variant_3
7916,ASSEMBLY_2_2,ASSEMBLY2_LINE_2,27925.976855499583,3.687478913619998,3,23.380786400859506,29.14822463697783,68.71658345268588,42,27896.828630862605,27994.69343895227,experiment,FIFO,0.28,0,variant_3
7916,SORTING,SORTING_ROBOT_1,27979.55825345092,1.5645739431602124,4,53.58139795133684,82.72962258831467,15.135185501349042,44,27896.828630862605,27994.69343895227,experiment,FIFO,0.28,0,variant_3
7916,PACKAGING_3,PACKAGING_LINE_3,27983.098974145512,0.030854049684421625,5,3.540720694592892,86.27034328290756,11.59446480675615,41,27896.828630862605,27994.69343895227,experiment,FIFO,0.28,0,variant_3
7916,INSPECTION_1_1,INSPECTION_1_1_LINE,27984.75558297168,0.6411341063176224,6,1.6566088261679397,87.9269521090755,9.93785598058821,41,27896.828630862605,27994.69343895227,experiment,FIFO,0.28,0,variant_3
7916,INSPECTION_1_2,INSPECTION_1_2_LINE,27985.1746677146,0.02107698733743746,7,0.41908474291994935,88.34603685199545,9.518771237668261,41,27896.828630862605,27994.69343895227,experiment,FIFO,0.28,0,variant_3
7916,INSPECTION_1_3,INSPECTION_1_3_LINE,27990.83665594309,1.8053699341398897,8,5.661988228490372,94.00802508048582,3.8567830091778887,39,27896.828630862605,27994.69343895227,experiment,FIFO,0.28,0,variant_3
7916,INSPECTION_1_4,INSPECTION_1_4_LINE,27991.170506770173,0.33385082708264235,9,0.33385082708264235,94.34187590756846,3.5229321820952464,39,27896.828630862605,27994.69343895227,experiment,FIFO,0.28,0,variant_3
7916,INSPECTION_1_5,INSPECTION_1_5_LINE,27991.675778079825,0.5052713096520165,10,0.5052713096520165,94.84714721722048,3.01766087244323,39,27896.828630862605,27994.69343895227,experiment,FIFO,0.28,0,variant_3
7916,INSPECTION_1_6,INSPECTION_1_6_LINE,27993.705790923857,1.9566058792479453,11,2.0300128440321714,96.87716006125265,0.9876480284110585,39,27896.828630862605,27994.69343895227,experiment,FIFO,0.28,0,variant_3
7916,INSPECTION_1_7,INSPECTION_1_7_LINE,27994.69343895227,0.9876480284110585,12,0.9876480284110585,97.86480808966371,0.0,38,27896.828630862605,27994.69343895227,experiment,FIFO,0.28,0,variant_3
7917,MOULDING_4,MOULDING_MACHINE_4,27899.41004968,2.321584920911846,1,0.0,0.0,95.82613079899602,38,27899.41004968,27995.236180478994,experiment,FIFO,0.28,0,variant_4
7917,ASSEMBLY_1_2,LINE_2_ASSEMBLY1,27905.79663008394,4.589402653720754,2,6.38658040394148,6.38658040394148,89.43955039505454,38,27899.41004968,27995.236180478994,experiment,FIFO,0.28,0,variant_4
7917,ASSEMBLY_2_2,ASSEMBLY2_LINE_2,27930.392522664853,4.415667165270861,3,24.59589258091364,30.98247298485512,64.8436578141409,39,27899.41004968,27995.236180478994,experiment,FIFO,0.28,0,variant_4
7917,SORTING,SORTING_ROBOT_1,27985.9874677167,3.598771557728469,4,55.59494505184557,86.57741803670069,9.248712762295327,41,27899.41004968,27995.236180478994,experiment,FIFO,0.28,0,variant_4
7917,PACKAGING_2,PACKAGING_LINE_2,27987.042893506463,1.0554257897638308,5,1.0554257897638308,87.63284382646452,8.193286972531496,40,27899.41004968,27995.236180478994,experiment,FIFO,0.28,0,variant_4
7917,INSPECTION_2_1,INSPECTION_2_1_LINE,27987.33464029123,0.29174678476556437,6,0.29174678476556437,87.92459061123009,7.9015401877659315,40,27899.41004968,27995.236180478994,experiment,FIFO,0.28,0,variant_4
7917,INSPECTION_2_2,INSPECTION_2_2_LINE,27988.055383259107,0.7207429678783228,7,0.7207429678783228,88.64533357910841,7.180797219887609,40,27899.41004968,27995.236180478994,experiment,FIFO,0.28,0,variant_4
7917,INSPECTION_2_3,INSPECTION_2_3_LINE,27988.818093437563,0.7627101784564729,8,0.7627101784564729,89.40804375756488,6.418087041431136,40,27899.41004968,27995.236180478994,experiment,FIFO,0.28,0,variant_4
7917,INSPECTION_2_4,INSPECTION_2_4_LINE,27989.09009668928,0.27200325171725126,9,0.27200325171725126,89.68004700928213,6.1460837897138845,40,27899.41004968,27995.236180478994,experiment,FIFO,0.28,0,variant_4
7917,INSPECTION_2_5,INSPECTION_2_5_LINE,27989.212602852564,0.1225061632831057,10,0.1225061632831057,89.80255317256524,6.023577626430779,40,27899.41004968,27995.236180478994,experiment,FIFO,0.28,0,variant_4
7917,INSPECTION_2_6,INSPECTION_2_6_LINE,27992.226590624123,3.0139877715591865,11,3.0139877715591865,92.81654094412443,3.0095898548715923,39,27899.41004968,27995.236180478994,experiment,FIFO,0.28,0,variant_4
7917,INSPECTION_2_6,INSPECTION_2_6_LINE,27992.33174298379,0.10515235966886394,12,0.10515235966886394,92.92169330379329,2.9044374952027283,39,27899.41004968,27995.236180478994,experiment,FIFO,0.28,0,variant_4
7917,INSPECTION_2_7,INSPECTION_2_7_LINE,27995.236180478994,2.9044374952027283,13,2.9044374952027283,95.82613079899602,0.0,37,27899.41004968,27995.236180478994,experiment,FIFO,0.28,0,variant_4
7918,MOULDING_4,MOULDING_MACHINE_4,27907.059188983683,0.5112173550551233,1,0.0,0.0,186.88682857297317,39,27907.059188983683,28093.946017556656,experiment,FIFO,0.28,0,variant_6
7918,ASSEMBLY_1_1,LINE_1_ASSEMBLY1,27919.73675274357,11.050353534465103,2,12.677563759887562,12.677563759887562,174.2092648130856,40,27907.059188983683,28093.946017556656,experiment,FIFO,0.28,0,variant_6
7918,ASSEMBLY_2_1,ASSEMBLY2_LINE_1,28035.35839203493,15.356309931405121,3,115.62163929135932,128.29920305124688,58.587625521726295,37,27907.059188983683,28093.946017556656,experiment,FIFO,0.28,0,variant_6
7918,SORTING,SORTING_ROBOT_1,28069.56606041216,2.822386147479847,4,34.2076683772284,162.50687142847528,24.379957144497894,39,27907.059188983683,28093.946017556656,experiment,FIFO,0.28,0,variant_6
7918,PACKAGING_3,PACKAGING_LINE_3,28086.25662208314,4.468432570196455,5,16.69056167098097,179.19743309945625,7.6893954735169245,36,27907.059188983683,28093.946017556656,experiment,FIFO,0.28,0,variant_6
7918,INSPECTION_2_1,INSPECTION_2_1_LINE,28087.438239723742,1.1816176406027807,6,1.1816176406027807,180.37905074005903,6.507777832914144,36,27907.059188983683,28093.946017556656,experiment,FIFO,0.28,0,variant_6
7918,INSPECTION_2_2,INSPECTION_2_2_LINE,28087.921281042552,0.48304131881013745,7,0.48304131881013745,180.86209205886917,6.024736514104006,37,27907.059188983683,28093.946017556656,experiment,FIFO,0.28,0,variant_6
7918,INSPECTION_2_3,INSPECTION_2_3_LINE,28087.95432014028,0.03303909772876068,8,0.03303909772876068,180.89513115659793,5.991697416375246,37,27907.059188983683,28093.946017556656,experiment,FIFO,0.28,0,variant_6
7918,INSPECTION_2_4,INSPECTION_2_4_LINE,28088.17216643776,0.21784629747708095,9,0.21784629747708095,181.112977454075,5.773851118898165,36,27907.059188983683,28093.946017556656,experiment,FIFO,0.28,0,variant_6
7918,INSPECTION_2_5,INSPECTION_2_5_LINE,28089.206566624667,1.034400186908897,10,1.034400186908897,182.1473776409839,4.739450931989268,36,27907.059188983683,28093.946017556656,experiment,FIFO,0.28,0,variant_6
7918,INSPECTION_2_6,INSPECTION_2_6_LINE,28091.38213047738,2.1755638527138217,11,2.1755638527138217,184.32294149369773,2.563887079275446,37,27907.059188983683,28093.946017556656,experiment,FIFO,0.28,0,variant_6
7918,INSPECTION_2_7,INSPECTION_2_7_LINE,28093.946017556656,2.563887079275446,12,2.563887079275446,186.88682857297317,0.0,37,27907.059188983683,28093.946017556656,experiment,FIFO,0.28,0,variant_6
7919,MOULDING_4,MOULDING_MACHINE_4,27910.143831601763,1.1541780364423175,1,0.0,0.0,164.80748378715725,40,27910.143831601763,28074.95131538892,experiment,FIFO,0.28,0,variant_5
7919,ASSEMBLY_1_3,LINE_3_ASSEMBLY1,27919.27220106879,9.128369467027369,2,9.128369467027369,9.128369467027369,155.67911432012988,40,27910.143831601763,28074.95131538892,experiment,FIFO,0.28,0,variant_5
7919,ASSEMBLY_2_1,ASSEMBLY2_LINE_1,28020.002082103525,0.985875727601524,3,100.72988103473472,109.85825050176209,54.94923328539517,34,27910.143831601763,28074.95131538892,experiment,FIFO,0.28,0,variant_5
7919,SORTING,SORTING_ROBOT_1,28064.728225874256,0.8223647230006463,4,44.72614377073114,154.58439427249323,10.223089514664025,37,27910.143831601763,28074.95131538892,experiment,FIFO,0.28,0,variant_5
7919,PACKAGING_1,PACKAGING_LINE_1,28064.76589067281,0.03766479855403304,5,0.03766479855403304,154.62205907104726,10.185424716109992,37,27910.143831601763,28074.95131538892,experiment,FIFO,0.28,0,variant_5
7919,INSPECTION_1_1,INSPECTION_1_1_LINE,28066.10076680325,0.961741596704087,6,1.3348761304405343,155.9569352014878,8.850548585669458,37,27910.143831601763,28074.95131538892,experiment,FIFO,0.28,0,variant_5
7919,INSPECTION_1_2,INSPECTION_1_2_LINE,28067.26370195511,0.24784278924562386,7,1.162935151860438,157.11987035334823,7.68761343380902,37,27910.143831601763,28074.95131538892,experiment,FIFO,0.28,0,variant_5
7919,INSPECTION_1_3,INSPECTION_1_3_LINE,28071.17163690824,3.6677511731759296,8,3.907934953127551,161.02780530647578,3.7796784806814685,39,27910.143831601763,28074.95131538892,experiment,FIFO,0.28,0,variant_5
7919,INSPECTION_1_4,INSPECTION_1_4_LINE,28073.00240243223,1.830765523991431,9,1.830765523991431,162.85857083046722,1.9489129566900374,37,27910.143831601763,28074.95131538892,experiment,FIFO,0.28,0,variant_5
7919,INSPECTION_1_5,INSPECTION_1_5_LINE,28074.22691444176,1.2245120095285529,10,1.2245120095285529,164.08308283999577,0.7244009471614845,38,27910.143831601763,28074.95131538892,experiment,FIFO,0.28,0,variant_5
7919,INSPECTION_1_6,INSPECTION_1_6_LINE,28074.441170656628,0.21425621486923774,11,0.21425621486923774,164.297339054865,0.5101447322922468,38,27910.143831601763,28074.95131538892,experiment,FIFO,0.28,0,variant_5
7919,INSPECTION_1_7,INSPECTION_1_7_LINE,28074.95131538892,0.5101447322922468,12,0.5101447322922468,164.80748378715725,0.0,37,27910.143831601763,28074.95131538892,experiment,FIFO,0.28,0,variant_5
7920,MOULDING_1,MOULDING_MACHINE_1,27915.06685221744,4.601307047298178,1,0.0,0.0,192.9549382604855,40,27915.06685221744,28108.021790477924,experiment,FIFO,0.28,0,variant_2
7920,ASSEMBLY_1_3,LINE_3_ASSEMBLY1,27920.60406570463,1.3318646358384285,2,5.537213487190456,5.537213487190456,187.41772477329505,40,27915.06685221744,28108.021790477924,experiment,FIFO,0.28,0,variant_2
7920,ASSEMBLY_2_1,ASSEMBLY2_LINE_1,28037.691348756973,2.3329567220425815,3,117.08728305234399,122.62449653953445,70.33044172095106,38,27915.06685221744,28108.021790477924,experiment,FIFO,0.28,0,variant_2
7920,SORTING,SORTING_ROBOT_1,28076.97540144274,5.454646757851151,4,39.284052685768984,161.90854922530343,31.046389035182074,36,27915.06685221744,28108.021790477924,experiment,FIFO,0.28,0,variant_2
7920,PACKAGING_3,PACKAGING_LINE_3,28098.832205376708,12.057708379139513,5,21.856803933966148,183.76535315926958,9.189585101215926,35,27915.06685221744,28108.021790477924,experiment,FIFO,0.28,0,variant_2
7920,INSPECTION_2_1,INSPECTION_2_1_LINE,28099.624068078658,0.7918627019498672,6,0.7918627019498672,184.55721586121945,8.397722399266058,35,27915.06685221744,28108.021790477924,experiment,FIFO,0.28,0,variant_2
7920,INSPECTION_2_2,INSPECTION_2_2_LINE,28100.80737664209,1.1833085634316376,7,1.1833085634316376,185.74052442465108,7.214413835834421,35,27915.06685221744,28108.021790477924,experiment,FIFO,0.28,0,variant_2
7920,INSPECTION_2_3,INSPECTION_2_3_LINE,28101.05871977029,0.25134312820227933,8,0.25134312820227933,185.99186755285336,6.963070707632141,35,27915.06685221744,28108.021790477924,experiment,FIFO,0.28,0,variant_2
7920,INSPECTION_2_4,INSPECTION_2_4_LINE,28102.947084972988,1.88836520269615,9,1.88836520269615,187.8802327555495,5.0747055049359915,36,27915.06685221744,28108.021790477924,experiment,FIFO,0.28,0,variant_2
7920,INSPECTION_2_5,INSPECTION_2_5_LINE,28105.667222357475,2.720137384487316,10,2.720137384487316,190.60037014003683,2.3545681204486755,35,27915.06685221744,28108.021790477924,experiment,FIFO,0.28,0,variant_2
7920,INSPECTION_2_6,INSPECTION_2_6_LINE,28107.741632932764,2.074410575289221,11,2.074410575289221,192.67478071532605,0.28015754515945446,35,27915.06685221744,28108.021790477924,experiment,FIFO,0.28,0,variant_2
7920,INSPECTION_2_7,INSPECTION_2_7_LINE,28108.021790477924,0.28015754515945446,12,0.28015754515945446,192.9549382604855,0.0,34,27915.06685221744,28108.021790477924,experiment,FIFO,0.28,0,variant_2
7921,MOULDING_4,MOULDING_MACHINE_4,27924.57419041521,11.924078652140452,1,0.0,0.0,97.73639442790954,41,27924.57419041521,28022.31058484312,experiment,FIFO,0.28,0,variant_2
7921,ASSEMBLY_1_1,LINE_1_ASSEMBLY1,27930.40696900955,5.832778594340198,2,5.832778594340198,5.832778594340198,91.90361583356935,39,27924.57419041521,28022.31058484312,experiment,FIFO,0.28,0,variant_2
7921,ASSEMBLY_2_2,ASSEMBLY2_LINE_2,27946.707730249167,5.99887609635698,3,16.300761239617714,22.13353983395791,75.60285459395163,38,27924.57419041521,28022.31058484312,experiment,FIFO,0.28,0,variant_2
7921,SORTING,SORTING_ROBOT_1,28015.776116274377,6.097930257677945,4,69.0683860252102,91.20192585916811,6.534468568741431,37,27924.57419041521,28022.31058484312,experiment,FIFO,0.28,0,variant_2
7921,PACKAGING_1,PACKAGING_LINE_1,28016.87532967125,1.0992133968720736,5,1.0992133968720736,92.30113925604019,5.435255171869358,35,27924.57419041521,28022.31058484312,experiment,FIFO,0.28,0,variant_2
7921,INSPECTION_2_1,INSPECTION_2_1_LINE,28018.56308532965,1.6877556584004196,6,1.6877556584004196,93.9888949144406,3.747499513468938,34,27924.57419041521,28022.31058484312,experiment,FIFO,0.28,0,variant_2
7921,INSPECTION_2_2,INSPECTION_2_2_LINE,28019.044102218453,0.4810168888034241,7,0.4810168888034241,94.46991180324403,3.266482624665514,34,27924.57419041521,28022.31058484312,experiment,FIFO,0.28,0,variant_2
7921,INSPECTION_2_3,INSPECTION_2_3_LINE,28019.932948674774,0.8888464563206071,8,0.8888464563206071,95.35875825956464,2.3776361683449068,34,27924.57419041521,28022.31058484312,experiment,FIFO,0.28,0,variant_2
7921,INSPECTION_2_4,INSPECTION_2_4_LINE,28021.113751338733,1.1808026639591844,9,1.1808026639591844,96.53956092352382,1.1968335043857223,35,27924.57419041521,28022.31058484312,experiment,FIFO,0.28,0,variant_2
7921,INSPECTION_2_5,INSPECTION_2_5_LINE,28021.753980733905,0.640229395172355,10,0.640229395172355,97.17979031869618,0.5566041092133673,35,27924.57419041521,28022.31058484312,experiment,FIFO,0.28,0,variant_2
7921,INSPECTION_2_6,INSPECTION_2_6_LINE,28022.220336675287,0.46635594138206216,11,0.46635594138206216,97.64614626007824,0.09024816783130518,35,27924.57419041521,28022.31058484312,experiment,FIFO,0.28,0,variant_2
7921,INSPECTION_2_7,INSPECTION_2_7_LINE,28022.31058484312,0.09024816783130518,12,0.09024816783130518,97.73639442790954,0.0,34,27924.57419041521,28022.31058484312,experiment,FIFO,0.28,0,variant_2
7922,MOULDING_1,MOULDING_MACHINE_1,27918.83143260878,3.7645803913401323,1,0.0,0.0,170.9825716831947,40,27918.83143260878,28089.814004291973,experiment,FIFO,0.28,0,variant_4
7922,ASSEMBLY_1_4,LINE_4_ASSEMBLY1,27925.7780872766,6.946654667823168,2,6.946654667823168,6.946654667823168,164.03591701537152,42,27918.83143260878,28089.814004291973,experiment,FIFO,0.28,0,variant_4
7922,ASSEMBLY_2_1,ASSEMBLY2_LINE_1,28038.19650547634,0.5051567193659139,3,112.41841819973706,119.36507286756023,51.61749881563446,38,27918.83143260878,28089.814004291973,experiment,FIFO,0.28,0,variant_4
7922,SORTING,SORTING_ROBOT_1,28077.46400300737,0.4886015646297892,4,39.26749753103286,158.6325703985931,12.350001284601603,36,27918.83143260878,28089.814004291973,experiment,FIFO,0.28,0,variant_4
7922,PACKAGING_2,PACKAGING_LINE_2,28081.610747173552,4.146744166180724,5,4.146744166180724,162.7793145647738,8.20325711842088,36,27918.83143260878,28089.814004291973,experiment,FIFO,0.28,0,variant_4
7922,INSPECTION_1_1,INSPECTION_1_1_LINE,28083.792613849266,2.181866675713536,6,2.181866675713536,164.96118124048735,6.021390442707343,36,27918.83143260878,28089.814004291973,experiment,FIFO,0.28,0,variant_4
7922,INSPECTION_1_2,INSPECTION_1_2_LINE,28084.73870882467,0.9460949754029571,7,0.9460949754029571,165.9072762158903,5.075295467304386,36,27918.83143260878,28089.814004291973,experiment,FIFO,0.28,0,variant_4
7922,INSPECTION_1_3,INSPECTION_1_3_LINE,28085.54839617011,0.809687345441489,8,0.809687345441489,166.7169635613318,4.265608121862897,36,27918.83143260878,28089.814004291973,experiment,FIFO,0.28,0,variant_4
7922,INSPECTION_1_4,INSPECTION_1_4_LINE,28087.46370830153,1.9153121314193413,9,1.9153121314193413,168.63227569275114,2.3502959904435556,36,27918.83143260878,28089.814004291973,experiment,FIFO,0.28,0,variant_4
7922,INSPECTION_1_5,INSPECTION_1_5_LINE,28089.515528149022,2.0518198474928795,10,2.0518198474928795,170.68409554024402,0.29847614295067615,36,27918.83143260878,28089.814004291973,experiment,FIFO,0.28,0,variant_4
7922,INSPECTION_1_6,INSPECTION_1_6_LINE,28089.6727222136,0.15719406457719742,11,0.15719406457719742,170.8412896048212,0.14128207837347873,37,27918.83143260878,28089.814004291973,experiment,FIFO,0.28,0,variant_4
7922,INSPECTION_1_7,INSPECTION_1_7_LINE,28089.814004291973,0.14128207837347873,12,0.14128207837347873,170.9825716831947,0.0,36,27918.83143260878,28089.814004291973,experiment,FIFO,0.28,0,variant_4
7923,MOULDING_1,MOULDING_MACHINE_1,27925.44673049752,6.615297888740315,1,0.0,0.0,79.10881638545106,42,27925.44673049752,28004.55554688297,experiment,FIFO,0.28,0,variant_2
7923,ASSEMBLY_1_4,LINE_4_ASSEMBLY1,27926.458060288896,0.6799730122947949,2,1.0113297913776478,1.0113297913776478,78.09748659407342,41,27925.44673049752,28004.55554688297,experiment,FIFO,0.28,0,variant_2
7923,ASSEMBLY_2_2,ASSEMBLY2_LINE_2,27937.191283624088,4.516151709860424,3,10.733223335191724,11.744553126569372,67.36426325888169,39,27925.44673049752,28004.55554688297,experiment,FIFO,0.28,0,variant_2
7923,SORTING,SORTING_ROBOT_1,27995.673989457944,0.713492882441642,4,58.482705833856016,70.22725896042539,8.881557425025676,37,27925.44673049752,28004.55554688297,experiment,FIFO,0.28,0,variant_2
7923,PACKAGING_3,PACKAGING_LINE_3,27996.5939118814,0.7577454114871216,5,0.919922423454409,71.1471813838798,7.961635001571267,37,27925.44673049752,28004.55554688297,experiment,FIFO,0.28,0,variant_2
7923,INSPECTION_1_1,INSPECTION_1_1_LINE,27997.19813388792,0.6042220065210131,6,0.6042220065210131,71.75140339040081,7.357412995050254,37,27925.44673049752,28004.55554688297,experiment,FIFO,0.28,0,variant_2
7923,INSPECTION_1_2,INSPECTION_1_2_LINE,27997.77332467542,0.5751907875019242,7,0.5751907875019242,72.32659417790273,6.78222220754833,37,27925.44673049752,28004.55554688297,experiment,FIFO,0.28,0,variant_2
7923,INSPECTION_1_3,INSPECTION_1_3_LINE,27997.95563847528,0.18231379985809326,8,0.18231379985809326,72.50890797776083,6.599908407690236,37,27925.44673049752,28004.55554688297,experiment,FIFO,0.28,0,variant_2
7923,INSPECTION_1_4,INSPECTION_1_4_LINE,28000.897774148863,2.085872671505058,9,2.9421356735838344,75.45104365134466,3.657772734106402,38,27925.44673049752,28004.55554688297,experiment,FIFO,0.28,0,variant_2
7923,INSPECTION_1_5,INSPECTION_1_5_LINE,28001.58059406493,0.6828199160663644,10,0.6828199160663644,76.13386356741103,2.9749528180400375,36,27925.44673049752,28004.55554688297,experiment,FIFO,0.28,0,variant_2
7923,INSPECTION_1_6,INSPECTION_1_6_LINE,28003.536944422416,1.9563503574863716,11,1.9563503574863716,78.0902139248974,1.0186024605536659,35,27925.44673049752,28004.55554688297,experiment,FIFO,0.28,0,variant_2
7923,INSPECTION_1_7,INSPECTION_1_7_LINE,28004.55554688297,1.0186024605536659,12,1.0186024605536659,79.10881638545106,0.0,34,27925.44673049752,28004.55554688297,experiment,FIFO,0.28,0,variant_2
7924,MOULDING_4,MOULDING_MACHINE_4,27938.755589244112,14.181398828903184,1,0.0,0.0,100.05010541078082,40,27938.755589244112,28038.805694654893,experiment,FIFO,0.28,0,variant_6
7924,ASSEMBLY_1_1,LINE_1_ASSEMBLY1,27941.960777529523,3.2051882854102587,2,3.2051882854102587,3.2051882854102587,96.84491712537056,39,27938.755589244112,28038.805694654893,experiment,FIFO,0.28,0,variant_6
7924,ASSEMBLY_2_2,ASSEMBLY2_LINE_2,27947.26643778101,0.5587075318435382,3,5.305660251488007,8.510848536898266,91.53925687388255,38,27938.755589244112,28038.805694654893,experiment,FIFO,0.28,0,variant_6
7924,SORTING,SORTING_ROBOT_1,28029.348716875083,9.248018731552293,4,82.08227909407287,90.59312763097114,9.456977779809677,37,27938.755589244112,28038.805694654893,experiment,FIFO,0.28,0,variant_6
7924,PACKAGING_3,PACKAGING_LINE_3,28030.004875645835,0.6561587707510625,5,0.6561587707510625,91.2492864017222,8.800819009058614,37,27938.755589244112,28038.805694654893,experiment,FIFO,0.28,0,variant_6
7924,INSPECTION_2_1,INSPECTION_2_1_LINE,28034.24904007536,4.244164429524972,6,4.244164429524972,95.49345083124717,4.556654579533642,37,27938.755589244112,28038.805694654893,experiment,FIFO,0.28,0,variant_6
7924,INSPECTION_2_2,INSPECTION_2_2_LINE,28034.96370249429,0.7146624189299473,7,0.7146624189299473,96.20811325017712,3.841992160603695,37,27938.755589244112,28038.805694654893,experiment,FIFO,0.28,0,variant_6
7924,INSPECTION_2_3,INSPECTION_2_3_LINE,28035.27628166031,0.31257916602044133,8,0.31257916602044133,96.52069241619756,3.5294129945832537,37,27938.755589244112,28038.805694654893,experiment,FIFO,0.28,0,variant_6
7924,INSPECTION_2_4,INSPECTION_2_4_LINE,28036.83858895604,1.5623072957314434,9,1.5623072957314434,98.082999711929,1.9671056988518103,38,27938.755589244112,28038.805694654893,experiment,FIFO,0.28,0,variant_6
7924,INSPECTION_2_5,INSPECTION_2_5_LINE,28037.05412639385,0.21553743780896184,10,0.21553743780896184,98.29853714973797,1.7515682610428485,38,27938.755589244112,28038.805694654893,experiment,FIFO,0.28,0,variant_6
7924,INSPECTION_2_6,INSPECTION_2_6_LINE,28038.6226252076,1.5684988137509208,11,1.5684988137509208,99.86703596348889,0.18306944729192764,38,27938.755589244112,28038.805694654893,experiment,FIFO,0.28,0,variant_6
7924,INSPECTION_2_7,INSPECTION_2_7_LINE,28038.805694654893,0.18306944729192764,12,0.18306944729192764,100.05010541078082,0.0,37,27938.755589244112,28038.805694654893,experiment,FIFO,0.28,0,variant_6
7925,MOULDING_3,MOULDING_MACHINE_3,27921.42663908641,2.0476138760095637,1,0.0,0.0,164.80225834074008,41,27921.42663908641,28086.22889742715,experiment,FIFO,0.28,0,variant_1
7925,ASSEMBLY_1_3,LINE_3_ASSEMBLY1,27929.72361969004,8.2969806036308,2,8.2969806036308,8.2969806036308,156.50527773710928,39,27921.42663908641,28086.22889742715,experiment,FIFO,0.28,0,variant_1
7925,ASSEMBLY_2_1,ASSEMBLY2_LINE_1,28041.3921311487,3.1956256723606202,3,111.66851145865803,119.96549206228883,44.83676627845125,38,27921.42663908641,28086.22889742715,experiment,FIFO,0.28,0,variant_1
7925,SORTING,SORTING_ROBOT_1,28077.482987687345,0.01898467997307307,4,36.09085653864531,156.05634860093414,8.745909739805938,36,27921.42663908641,28086.22889742715,experiment,FIFO,0.28,0,variant_1
7925,PACKAGING_1,PACKAGING_LINE_1,28079.26084721137,1.7778595240270079,5,1.7778595240270079,157.83420812496115,6.968050215778931,36,27921.42663908641,28086.22889742715,experiment,FIFO,0.28,0,variant_1
7925,INSPECTION_1_1,INSPECTION_1_1_LINE,28081.120706326856,1.8598591154841415,6,1.8598591154841415,159.6940672404453,5.108191100294789,36,27921.42663908641,28086.22889742715,experiment,FIFO,0.28,0,variant_1
7925,INSPECTION_1_2,INSPECTION_1_2_LINE,28082.707177579945,1.5864712530892575,7,1.5864712530892575,161.28053849353455,3.5217198472055316,36,27921.42663908641,28086.22889742715,experiment,FIFO,0.28,0,variant_1
7925,INSPECTION_1_3,INSPECTION_1_3_LINE,28082.906742456376,0.19956487643139553,8,0.19956487643139553,161.48010336996595,3.322154970774136,36,27921.42663908641,28086.22889742715,experiment,FIFO,0.28,0,variant_1
7925,INSPECTION_1_4,INSPECTION_1_4_LINE,28083.16842338074,0.2616809243627358,9,0.2616809243627358,161.74178429432868,3.0604740464114,36,27921.42663908641,28086.22889742715,experiment,FIFO,0.28,0,variant_1
7925,INSPECTION_1_5,INSPECTION_1_5_LINE,28085.77946554446,2.6110421637204126,10,2.6110421637204126,164.3528264580491,0.44943188269098755,36,27921.42663908641,28086.22889742715,experiment,FIFO,0.28,0,variant_1
7925,INSPECTION_1_6,INSPECTION_1_6_LINE,28086.073999348395,0.29453380393533735,11,0.29453380393533735,164.64736026198443,0.1548980787556502,36,27921.42663908641,28086.22889742715,experiment,FIFO,0.28,0,variant_1
7925,INSPECTION_1_7,INSPECTION_1_7_LINE,28086.22889742715,0.1548980787556502,12,0.1548980787556502,164.80225834074008,0.0,36,27921.42663908641,28086.22889742715,experiment,FIFO,0.28,0,variant_1
7926,MOULDING_5,MOULDING_MACHINE_5,27927.57783088093,7.398175244463346,1,0.0,0.0,89.0871266533577,42,27927.57783088093,28016.66495753429,experiment,FIFO,0.28,0,variant_5
7926,ASSEMBLY_1_5,LINE_5_ASSEMBLY1,27929.83127318974,2.25344230880728,2,2.25344230880728,2.25344230880728,86.83368434455042,39,27927.57783088093,28016.66495753429,experiment,FIFO,0.28,0,variant_5
7926,ASSEMBLY_2_2,ASSEMBLY2_LINE_2,27940.70885415281,3.51757052872199,3,10.877580963071523,13.131023271878803,75.9561033814789,40,27927.57783088093,28016.66495753429,experiment,FIFO,0.28,0,variant_5
7926,SORTING,SORTING_ROBOT_1,28009.6781860167,4.412135801816476,4,68.96933186388924,82.10035513576804,6.986771517589659,36,27927.57783088093,28016.66495753429,experiment,FIFO,0.28,0,variant_5
7926,PACKAGING_3,PACKAGING_LINE_3,28010.64913529329,0.9709492765905452,5,0.9709492765905452,83.07130441235859,6.015822240999114,36,27927.57783088093,28016.66495753429,experiment,FIFO,0.28,0,variant_5
7926,INSPECTION_2_1,INSPECTION_2_1_LINE,28011.4590905628,0.8099552695093735,6,0.8099552695093735,83.88125968186796,5.2058669714897405,36,27927.57783088093,28016.66495753429,experiment,FIFO,0.28,0,variant_5
7926,INSPECTION_2_2,INSPECTION_2_2_LINE,28011.58247312312,0.12338256031944184,7,0.12338256031944184,84.0046422421874,5.082484411170299,36,27927.57783088093,28016.66495753429,experiment,FIFO,0.28,0,variant_5
7926,INSPECTION_2_3,INSPECTION_2_3_LINE,28013.743579402333,2.1611062792144367,8,2.1611062792144367,86.16574852140184,2.921378131955862,36,27927.57783088093,28016.66495753429,experiment,FIFO,0.28,0,variant_5
7926,INSPECTION_2_4,INSPECTION_2_4_LINE,28015.538284602106,1.7947051997725794,9,1.7947051997725794,87.96045372117442,1.1266729321832827,37,27927.57783088093,28016.66495753429,experiment,FIFO,0.28,0,variant_5
7926,INSPECTION_2_5,INSPECTION_2_5_LINE,28015.887827514733,0.34954291262693005,10,0.34954291262693005,88.30999663380135,0.7771300195563526,37,27927.57783088093,28016.66495753429,experiment,FIFO,0.28,0,variant_5
7926,INSPECTION_2_6,INSPECTION_2_6_LINE,28016.09233835749,0.2045108427555533,11,0.2045108427555533,88.5145074765569,0.5726191768007993,37,27927.57783088093,28016.66495753429,experiment,FIFO,0.28,0,variant_5
7926,INSPECTION_2_7,INSPECTION_2_7_LINE,28016.66495753429,0.5726191768007993,12,0.5726191768007993,89.0871266533577,0.0,35,27927.57783088093,28016.66495753429,experiment,FIFO,0.28,0,variant_5
7927,MOULDING_5,MOULDING_MACHINE_5,27935.115679495044,7.53784861411259,1,0.0,0.0,176.5256929329953,39,27935.115679495044,28111.64137242804,experiment,FIFO,0.28,0,variant_3
7927,ASSEMBLY_1_2,LINE_2_ASSEMBLY1,27992.13950548823,57.02382599318662,2,57.02382599318662,57.02382599318662,119.50186693980868,38,27935.115679495044,28111.64137242804,experiment,FIFO,0.28,0,variant_3
7927,ASSEMBLY_2_1,ASSEMBLY2_LINE_1,28076.74812601681,3.718312916727882,3,84.6086205285792,141.63244652176581,34.893246411229484,36,27935.115679495044,28111.64137242804,experiment,FIFO,0.28,0,variant_3
7927,SORTING,SORTING_ROBOT_1,28101.569062541188,3.2766597558038484,4,24.82093652437834,166.45338304614415,10.072309886851144,35,27935.115679495044,28111.64137242804,experiment,FIFO,0.28,0,variant_3
7927,PACKAGING_2,PACKAGING_LINE_2,28103.162791007253,1.5937284660649311,5,1.5937284660649311,168.04711151220909,8.478581420786213,36,27935.115679495044,28111.64137242804,experiment,FIFO,0.28,0,variant_3
7927,INSPECTION_2_1,INSPECTION_2_1_LINE,28103.19632651456,0.03353550730753341,6,0.03353550730753341,168.08064701951662,8.44504591347868,36,27935.115679495044,28111.64137242804,experiment,FIFO,0.28,0,variant_3
7927,INSPECTION_2_2,INSPECTION_2_2_LINE,28105.87705723431,2.6807307197486807,7,2.6807307197486807,170.7613777392653,5.764315193729999,35,27935.115679495044,28111.64137242804,experiment,FIFO,0.28,0,variant_3
7927,INSPECTION_2_3,INSPECTION_2_3_LINE,28106.114917807383,0.23786057307370356,8,0.23786057307370356,170.999238312339,5.5264546206562954,35,27935.115679495044,28111.64137242804,experiment,FIFO,0.28,0,variant_3
7927,INSPECTION_2_4,INSPECTION_2_4_LINE,28107.40082450889,1.285906701508793,9,1.285906701508793,172.2851450138478,4.240547919147502,35,27935.115679495044,28111.64137242804,experiment,FIFO,0.28,0,variant_3
7927,INSPECTION_2_5,INSPECTION_2_5_LINE,28108.993967115148,1.5931426062561513,10,1.5931426062561513,173.87828762010395,2.647405312891351,35,27935.115679495044,28111.64137242804,experiment,FIFO,0.28,0,variant_3
7927,INSPECTION_2_6,INSPECTION_2_6_LINE,28109.746535737155,0.7525686220069474,11,0.7525686220069474,174.6308562421109,1.8948366908844037,36,27935.115679495044,28111.64137242804,experiment,FIFO,0.28,0,variant_3
7927,INSPECTION_2_7,INSPECTION_2_7_LINE,28111.64137242804,1.8948366908844037,12,1.8948366908844037,176.5256929329953,0.0,34,27935.115679495044,28111.64137242804,experiment,FIFO,0.28,0,variant_3
7928,MOULDING_1,MOULDING_MACHINE_1,27936.40895427922,5.905346546860528,1,0.0,0.0,158.9882352403074,39,27936.40895427922,28095.39718951953,experiment,FIFO,0.28,0,variant_1
7928,ASSEMBLY_1_4,LINE_4_ASSEMBLY1,27946.64383528071,10.234881001488247,2,10.234881001488247,10.234881001488247,148.75335423881916,38,27936.40895427922,28095.39718951953,experiment,FIFO,0.28,0,variant_1
7928,ASSEMBLY_2_1,ASSEMBLY2_LINE_1,28045.087862453227,3.695731304527726,3,98.44402717251796,108.67890817400621,50.309327066301194,36,27936.40895427922,28095.39718951953,experiment,FIFO,0.28,0,variant_1
7928,SORTING,SORTING_ROBOT_1,28084.173668465053,6.6906807777086215,4,39.08580601182621,147.76471418583242,11.223521054474986,36,27936.40895427922,28095.39718951953,experiment,FIFO,0.28,0,variant_1
7928,PACKAGING_1,PACKAGING_LINE_1,28086.686303708168,2.512635243114346,5,2.512635243114346,150.27734942894676,8.71088581136064,36,27936.40895427922,28095.39718951953,experiment,FIFO,0.28,0,variant_1
7928,INSPECTION_2_1,INSPECTION_2_1_LINE,28087.860809327805,0.42256960406302824,6,1.1745056196377845,151.45185504858455,7.536380191722856,37,27936.40895427922,28095.39718951953,experiment,FIFO,0.28,0,variant_1
7928,INSPECTION_2_2,INSPECTION_2_2_LINE,28088.00586786076,0.08458681820775382,7,0.14505853295486304,151.5969135815394,7.391321658767993,37,27936.40895427922,28095.39718951953,experiment,FIFO,0.28,0,variant_1
7928,INSPECTION_2_3,INSPECTION_2_3_LINE,28088.45822517874,0.45235731797947665,8,0.45235731797947665,152.0492708995189,6.938964340788516,36,27936.40895427922,28095.39718951953,experiment,FIFO,0.28,0,variant_1
7928,INSPECTION_2_4,INSPECTION_2_4_LINE,28088.927563205463,0.4693380267235625,9,0.4693380267235625,152.51860892624245,6.4696263140649535,36,27936.40895427922,28095.39718951953,experiment,FIFO,0.28,0,variant_1
7928,INSPECTION_2_5,INSPECTION_2_5_LINE,28089.70095452342,0.4943878987542121,10,0.7733913179581577,153.2920002442006,5.696234996106796,37,27936.40895427922,28095.39718951953,experiment,FIFO,0.28,0,variant_1
7928,INSPECTION_2_6,INSPECTION_2_6_LINE,28091.926421568754,0.5442910913734522,11,2.225467045333062,155.51746728953367,3.470767950773734,37,27936.40895427922,28095.39718951953,experiment,FIFO,0.28,0,variant_1
7928,INSPECTION_2_7,INSPECTION_2_7_LINE,28094.67850357843,0.7324860217740934,12,2.752082009676087,158.26954929920976,0.7186859410976467,37,27936.40895427922,28095.39718951953,experiment,FIFO,0.28,0,variant_1
7928,INSPECTION_2_7,INSPECTION_2_7_LINE,28095.39718951953,0.7186859410976467,13,0.7186859410976467,158.9882352403074,0.0,36,27936.40895427922,28095.39718951953,experiment,FIFO,0.28,0,variant_1
7929,MOULDING_5,MOULDING_MACHINE_5,27962.32849190604,24.238195276127954,1,0.0,0.0,158.34404772363268,41,27962.32849190604,28120.67253962967,experiment,FIFO,0.28,0,variant_4
7929,ASSEMBLY_1_4,LINE_4_ASSEMBLY1,27967.60356642224,5.27507451620113,2,5.27507451620113,5.27507451620113,153.06897320743155,41,27962.32849190604,28120.67253962967,experiment,FIFO,0.28,0,variant_4
7929,ASSEMBLY_2_1,ASSEMBLY2_LINE_1,28050.97163236668,3.7382177965955634,3,83.36806594443988,88.643140460641,69.70090726299168,34,27962.32849190604,28120.67253962967,experiment,FIFO,0.28,0,variant_4
7929,SORTING,SORTING_ROBOT_1,28094.563874432028,0.6773551454753033,4,43.59224206534782,132.23538252598883,26.10866519764386,37,27962.32849190604,28120.67253962967,experiment,FIFO,0.28,0,variant_4
7929,PACKAGING_3,PACKAGING_LINE_3,28108.169677550548,2.641861621508724,5,13.60580311852027,145.8411856445091,12.502862079123588,34,27962.32849190604,28120.67253962967,experiment,FIFO,0.28,0,variant_4
7929,INSPECTION_2_1,INSPECTION_2_1_LINE,28109.001293621848,0.8316160713002319,6,0.8316160713002319,146.67280171580933,11.671246007823356,35,27962.32849190604,28120.67253962967,experiment,FIFO,0.28,0,variant_4
7929,INSPECTION_2_2,INSPECTION_2_2_LINE,28112.09622011808,3.0949264962328016,7,3.0949264962328016,149.76772821204213,8.576319511590555,34,27962.32849190604,28120.67253962967,experiment,FIFO,0.28,0,variant_4
7929,INSPECTION_2_3,INSPECTION_2_3_LINE,28114.555339212016,2.459119093935442,8,2.459119093935442,152.22684730597757,6.117200417655113,34,27962.32849190604,28120.67253962967,experiment,FIFO,0.28,0,variant_4
7929,INSPECTION_2_4,INSPECTION_2_4_LINE,28115.859349092178,1.3040098801611748,9,1.3040098801611748,153.53085718613875,4.813190537493938,34,27962.32849190604,28120.67253962967,experiment,FIFO,0.28,0,variant_4
7929,INSPECTION_2_5,INSPECTION_2_5_LINE,28119.788063308275,3.9287142160974327,10,3.9287142160974327,157.45957140223618,0.8844763213965052,33,27962.32849190604,28120.67253962967,experiment,FIFO,0.28,0,variant_4
7929,INSPECTION_2_6,INSPECTION_2_6_LINE,28120.252827672568,0.46476436429293244,11,0.46476436429293244,157.9243357665291,0.4197119571035728,33,27962.32849190604,28120.67253962967,experiment,FIFO,0.28,0,variant_4
7929,INSPECTION_2_7,INSPECTION_2_7_LINE,28120.67253962967,0.4197119571035728,12,0.4197119571035728,158.34404772363268,0.0,32,27962.32849190604,28120.67253962967,experiment,FIFO,0.28,0,variant_4
7930,MOULDING_5,MOULDING_MACHINE_5,27963.35612646409,1.0276345580496127,1,0.0,0.0,107.95475595351309,42,27963.35612646409,28071.3108824176,experiment,FIFO,0.28,0,variant_5
7930,ASSEMBLY_1_4,LINE_4_ASSEMBLY1,27976.90435321402,9.30078679178041,2,13.548226749931928,13.548226749931928,94.40652920358116,43,27963.35612646409,28071.3108824176,experiment,FIFO,0.28,0,variant_5
7930,ASSEMBLY_2_2,ASSEMBLY2_LINE_2,27996.282411497177,19.37805828315686,3,19.37805828315686,32.92628503308879,75.0284709204243,37,27963.35612646409,28071.3108824176,experiment,FIFO,0.28,0,variant_5
7930,SORTING,SORTING_ROBOT_1,28047.937299833047,7.663992403184238,4,51.654888335870055,84.58117336895884,23.373582584554242,34,27963.35612646409,28071.3108824176,experiment,FIFO,0.28,0,variant_5
7930,PACKAGING_3,PACKAGING_LINE_3,28049.13093248832,1.193632655271358,5,1.193632655271358,85.7748060242302,22.179949929282884,34,27963.35612646409,28071.3108824176,experiment,FIFO,0.28,0,variant_5
7930,INSPECTION_2_1,INSPECTION_2_1_LINE,28051.211336807344,2.080404319025547,6,2.080404319025547,87.85521034325575,20.099545610257337,34,27963.35612646409,28071.3108824176,experiment,FIFO,0.28,0,variant_5
7930,INSPECTION_2_2,INSPECTION_2_2_LINE,28054.19387095855,2.982534151204163,7,2.982534151204163,90.83774449445991,17.117011459053174,35,27963.35612646409,28071.3108824176,experiment,FIFO,0.28,0,variant_5
7930,INSPECTION_2_3,INSPECTION_2_3_LINE,28054.56627166808,0.37240070953339455,8,0.37240070953339455,91.2101452039933,16.74461074951978,35,27963.35612646409,28071.3108824176,experiment,FIFO,0.28,0,variant_5
7930,INSPECTION_2_4,INSPECTION_2_4_LINE,28057.363614189308,2.7973425212258007,9,2.7973425212258007,94.00748772521911,13.947268228293979,36,27963.35612646409,28071.3108824176,experiment,FIFO,0.28,0,variant_5
7930,INSPECTION_2_5,INSPECTION_2_5_LINE,28064.36172860393,6.9981144146222505,10,6.9981144146222505,101.00560213984136,6.949153813671728,37,27963.35612646409,28071.3108824176,experiment,FIFO,0.28,0,variant_5
7930,INSPECTION_2_6,INSPECTION_2_6_LINE,28066.09355838093,1.7318297769998026,11,1.7318297769998026,102.73743191684116,5.217324036671926,37,27963.35612646409,28071.3108824176,experiment,FIFO,0.28,0,variant_5
7930,INSPECTION_2_7,INSPECTION_2_7_LINE,28071.3108824176,5.217324036671926,12,5.217324036671926,107.95475595351309,0.0,38,27963.35612646409,28071.3108824176,experiment,FIFO,0.28,0,variant_5
7931,MOULDING_3,MOULDING_MACHINE_3,27950.134561154005,8.697191095106973,1,0.0,0.0,159.66519767688806,39,27950.134561154005,28109.799758830894,experiment,FIFO,0.28,0,variant_5
7931,ASSEMBLY_1_4,LINE_4_ASSEMBLY1,27950.62513732345,0.49057616944628535,2,0.49057616944628535,0.49057616944628535,159.17462150744177,39,27950.134561154005,28109.799758830894,experiment,FIFO,0.28,0,variant_5
7931,ASSEMBLY_2_1,ASSEMBLY2_LINE_1,28045.93057743372,0.8427149804920191,3,95.30544011026723,95.79601627971351,63.86918139717454,35,27950.134561154005,28109.799758830894,experiment,FIFO,0.28,0,variant_5
7931,SORTING,SORTING_ROBOT_1,28093.87639946564,9.702731000586937,4,47.945822031921125,143.74183831163464,15.923359365253418,38,27950.134561154005,28109.799758830894,experiment,FIFO,0.28,0,variant_5
7931,PACKAGING_3,PACKAGING_LINE_3,28102.427782882743,3.5955775060356245,5,8.551383417103352,152.293221728738,7.371975948150066,35,27950.134561154005,28109.799758830894,experiment,FIFO,0.28,0,variant_5
7931,INSPECTION_1_1,INSPECTION_1_1_LINE,28103.28686887345,0.8590859907053527,6,0.8590859907053527,153.15230771944334,6.512889957444713,36,27950.134561154005,28109.799758830894,experiment,FIFO,0.28,0,variant_5
7931,INSPECTION_1_2,INSPECTION_1_2_LINE,28103.574772697808,0.28790382435909123,7,0.28790382435909123,153.44021154380243,6.224986133085622,36,27950.134561154005,28109.799758830894,experiment,FIFO,0.28,0,variant_5
7931,INSPECTION_1_3,INSPECTION_1_3_LINE,28105.75131590625,2.176543208443036,8,2.176543208443036,155.61675475224547,4.048442924642586,35,27950.134561154005,28109.799758830894,experiment,FIFO,0.28,0,variant_5
7931,INSPECTION_1_4,INSPECTION_1_4_LINE,28107.900829370603,2.1495134643519123,9,2.1495134643519123,157.76626821659738,1.8989294602906739,35,27950.134561154005,28109.799758830894,experiment,FIFO,0.28,0,variant_5
7931,INSPECTION_1_5,INSPECTION_1_5_LINE,28109.705917556654,1.8050881860508525,10,1.8050881860508525,159.57135640264823,0.09384127423982136,36,27950.134561154005,28109.799758830894,experiment,FIFO,0.28,0,variant_5
7931,INSPECTION_1_6,INSPECTION_1_6_LINE,28109.71571358566,0.0097960290077026,11,0.0097960290077026,159.58115243165594,0.08404524523211876,36,27950.134561154005,28109.799758830894,experiment,FIFO,0.28,0,variant_5
7931,INSPECTION_1_7,INSPECTION_1_7_LINE,28109.76186939801,0.04615581234975252,12,0.04615581234975252,159.6273082440057,0.037889432882366236,36,27950.134561154005,28109.799758830894,experiment,FIFO,0.28,0,variant_5
7931,INSPECTION_1_7,INSPECTION_1_7_LINE,28109.799758830894,0.037889432882366236,13,0.037889432882366236,159.66519767688806,0.0,35,27950.134561154005,28109.799758830894,experiment,FIFO,0.28,0,variant_5
7932,MOULDING_5,MOULDING_MACHINE_5,27972.933328436266,9.577201972177136,1,0.0,0.0,92.83668756286716,42,27972.933328436266,28065.770015999133,experiment,FIFO,0.28,0,variant_2
7932,ASSEMBLY_1_5,LINE_5_ASSEMBLY1,27981.81806895664,8.88474052037418,2,8.88474052037418,8.88474052037418,83.95194704249298,41,27972.933328436266,28065.770015999133,experiment,FIFO,0.28,0,variant_2
7932,ASSEMBLY_2_2,ASSEMBLY2_LINE_2,28006.33156339664,2.93567203108978,3,24.513494440001523,33.3982349603757,59.43845260249145,35,27972.933328436266,28065.770015999133,experiment,FIFO,0.28,0,variant_2
7932,SORTING,SORTING_ROBOT_1,28056.31284989644,3.2345262831950095,4,49.98128649979844,83.37952146017415,9.457166102693009,36,27972.933328436266,28065.770015999133,experiment,FIFO,0.28,0,variant_2
7932,PACKAGING_3,PACKAGING_LINE_3,28056.797653366502,0.4848034700626158,5,0.4848034700626158,83.86432493023676,8.972362632630393,36,27972.933328436266,28065.770015999133,experiment,FIFO,0.28,0,variant_2
7932,INSPECTION_1_1,INSPECTION_1_1_LINE,28063.35996573212,6.562312365618709,6,6.562312365618709,90.42663729585547,2.410050267011684,37,27972.933328436266,28065.770015999133,experiment,FIFO,0.28,0,variant_2
7932,INSPECTION_1_2,INSPECTION_1_2_LINE,28063.52426793929,0.16430220716938493,7,0.16430220716938493,90.59093950302486,2.245748059842299,37,27972.933328436266,28065.770015999133,experiment,FIFO,0.28,0,variant_2
7932,INSPECTION_1_3,INSPECTION_1_3_LINE,28064.268854483053,0.7445865437621251,8,0.7445865437621251,91.33552604678698,1.501161516080174,37,27972.933328436266,28065.770015999133,experiment,FIFO,0.28,0,variant_2
7932,INSPECTION_1_4,INSPECTION_1_4_LINE,28064.342936083765,0.074081600712816,9,0.074081600712816,91.4096076474998,1.427079915367358,37,27972.933328436266,28065.770015999133,experiment,FIFO,0.28,0,variant_2
7932,INSPECTION_1_5,INSPECTION_1_5_LINE,28065.12866178508,0.7857257013129129,10,0.7857257013129129,92.19533334881271,0.641354214054445,37,27972.933328436266,28065.770015999133,experiment,FIFO,0.28,0,variant_2
7932,INSPECTION_1_6,INSPECTION_1_6_LINE,28065.17884733669,0.05018555161223048,11,0.05018555161223048,92.24551890042494,0.5911686624422146,37,27972.933328436266,28065.770015999133,experiment,FIFO,0.28,0,variant_2
7932,INSPECTION_1_7,INSPECTION_1_7_LINE,28065.770015999133,0.5911686624422146,12,0.5911686624422146,92.83668756286716,0.0,37,27972.933328436266,28065.770015999133,experiment,FIFO,0.28,0,variant_2
7933,MOULDING_3,MOULDING_MACHINE_3,27955.72813891164,5.593577757634193,1,0.0,0.0,162.30148282810114,39,27955.72813891164,28118.02962173974,experiment,FIFO,0.28,0,variant_5
7933,ASSEMBLY_1_4,LINE_4_ASSEMBLY1,27961.006363028235,5.278224116595084,2,5.278224116595084,5.278224116595084,157.02325871150606,39,27955.72813891164,28118.02962173974,experiment,FIFO,0.28,0,variant_5
7933,ASSEMBLY_2_1,ASSEMBLY2_LINE_1,28047.233414570084,1.3028371363652695,3,86.2270515418495,91.50527565844459,70.79620716965655,34,27955.72813891164,28118.02962173974,experiment,FIFO,0.28,0,variant_5
7933,SORTING,SORTING_ROBOT_1,28093.886519286552,0.010119820912223076,4,46.65310471646808,138.15838037491267,24.143102453188476,38,27955.72813891164,28118.02962173974,experiment,FIFO,0.28,0,variant_5
7933,PACKAGING_3,PACKAGING_LINE_3,28105.52781592904,3.100033046295721,5,11.64129664248685,149.79967701739952,12.501805810701626,35,27955.72813891164,28118.02962173974,experiment,FIFO,0.28,0,variant_5
7933,INSPECTION_1_1,INSPECTION_1_1_LINE,28106.08685916952,0.5590432404824242,6,0.5590432404824242,150.35872025788194,11.942762570219202,35,27955.72813891164,28118.02962173974,experiment,FIFO,0.28,0,variant_5
7933,INSPECTION_1_2,INSPECTION_1_2_LINE,28106.37608318081,0.2892240112887521,7,0.2892240112887521,150.6479442691707,11.65353855893045,35,27955.72813891164,28118.02962173974,experiment,FIFO,0.28,0,variant_5
7933,INSPECTION_1_3,INSPECTION_1_3_LINE,28108.508798369687,2.1327151888763183,8,2.1327151888763183,152.780659458047,9.520823370054131,34,27955.72813891164,28118.02962173974,experiment,FIFO,0.28,0,variant_5
7933,INSPECTION_1_4,INSPECTION_1_4_LINE,28112.51865568045,4.009857310764346,9,4.009857310764346,156.79051676881136,5.510966059289785,34,27955.72813891164,28118.02962173974,experiment,FIFO,0.28,0,variant_5
7933,INSPECTION_1_5,INSPECTION_1_5_LINE,28112.67332787091,0.15467219045967795,10,0.15467219045967795,156.94518895927104,5.356293868830107,34,27955.72813891164,28118.02962173974,experiment,FIFO,0.28,0,variant_5
7933,INSPECTION_1_6,INSPECTION_1_6_LINE,28113.26827840528,0.5949505343705823,11,0.5949505343705823,157.54013949364162,4.761343334459525,34,27955.72813891164,28118.02962173974,experiment,FIFO,0.28,0,variant_5
7933,INSPECTION_1_7,INSPECTION_1_7_LINE,28118.02962173974,4.761343334459525,12,4.761343334459525,162.30148282810114,0.0,34,27955.72813891164,28118.02962173974,experiment,FIFO,0.28,0,variant_5
7934,MOULDING_2,MOULDING_MACHINE_2,27961.80330520429,6.94703362938526,1,0.0,0.0,109.56468035983926,40,27961.80330520429,28071.367985564128,experiment,FIFO,0.28,0,variant_4
7934,ASSEMBLY_1_1,LINE_1_ASSEMBLY1,27962.510893618884,0.7075884145961027,2,0.7075884145961027,0.7075884145961027,108.85709194524316,41,27961.80330520429,28071.367985564128,experiment,FIFO,0.28,0,variant_4
7934,ASSEMBLY_2_2,ASSEMBLY2_LINE_2,27963.78089742692,1.270003808036563,3,1.270003808036563,1.9775922226326657,107.58708813720659,42,27961.80330520429,28071.367985564128,experiment,FIFO,0.28,0,variant_4
7934,SORTING,SORTING_ROBOT_1,28035.344827831064,1.6334841284515278,4,71.56393040414332,73.54152262677599,36.02315773306327,37,27961.80330520429,28071.367985564128,experiment,FIFO,0.28,0,variant_4
7934,PACKAGING_1,PACKAGING_LINE_1,28049.47999037064,14.135162539576413,5,14.135162539576413,87.6766851663524,21.88799519348686,34,27961.80330520429,28071.367985564128,experiment,FIFO,0.28,0,variant_4
7934,INSPECTION_2_1,INSPECTION_2_1_LINE,28052.52579434236,1.3144575350161176,6,3.045803971719579,90.72248913807198,18.84219122176728,34,27961.80330520429,28071.367985564128,experiment,FIFO,0.28,0,variant_4
7934,INSPECTION_2_2,INSPECTION_2_2_LINE,28056.3133496318,2.1194786732521607,7,3.7875552894402063,94.51004442751218,15.054635932327074,36,27961.80330520429,28071.367985564128,experiment,FIFO,0.28,0,variant_4
7934,INSPECTION_2_3,INSPECTION_2_3_LINE,28057.160403964128,0.8470543323273887,8,0.8470543323273887,95.35709875983957,14.207581599999685,36,27961.80330520429,28071.367985564128,experiment,FIFO,0.28,0,variant_4
7934,INSPECTION_2_4,INSPECTION_2_4_LINE,28060.268171446216,2.904557256908447,9,3.107767482088093,98.46486624192767,11.099814117911592,36,27961.80330520429,28071.367985564128,experiment,FIFO,0.28,0,variant_4
7934,INSPECTION_2_5,INSPECTION_2_5_LINE,28064.73298749493,0.37125889099843334,10,4.464816048712237,102.9296822906399,6.634998069199355,37,27961.80330520429,28071.367985564128,experiment,FIFO,0.28,0,variant_4
7934,INSPECTION_2_6,INSPECTION_2_6_LINE,28068.47490955957,2.3813511786393065,11,3.7419220646406757,106.67160435528058,2.8930760045586794,37,27961.80330520429,28071.367985564128,experiment,FIFO,0.28,0,variant_4
7934,INSPECTION_2_7,INSPECTION_2_7_LINE,28071.367985564128,0.0571031465260603,12,2.8930760045586794,109.56468035983926,0.0,37,27961.80330520429,28071.367985564128,experiment,FIFO,0.28,0,variant_4
7935,MOULDING_3,MOULDING_MACHINE_3,27962.540020378623,4.35254889319549,1,0.0,0.0,110.74778814326783,42,27962.540020378623,28073.28780852189,experiment,FIFO,0.28,0,variant_1
7935,ASSEMBLY_1_2,LINE_2_ASSEMBLY1,27995.391941191465,3.2524357032343687,2,32.851920812841854,32.851920812841854,77.89586733042597,37,27962.540020378623,28073.28780852189,experiment,FIFO,0.28,0,variant_1
7935,ASSEMBLY_2_2,ASSEMBLY2_LINE_2,28007.336116549835,1.0045531531941378,3,11.944175358370558,44.79609617121241,65.95169197205541,36,27962.540020378623,28073.28780852189,experiment,FIFO,0.28,0,variant_1
7935,SORTING,SORTING_ROBOT_1,28061.28419721972,4.971347323280497,4,53.9480806698848,98.74417684109721,12.003611302170611,36,27962.540020378623,28073.28780852189,experiment,FIFO,0.28,0,variant_1
7935,PACKAGING_1,PACKAGING_LINE_1,28062.49550058713,1.2113033674104372,5,1.2113033674104372,99.95548020850765,10.792307934760174,37,27962.540020378623,28073.28780852189,experiment,FIFO,0.28,0,variant_1
7935,INSPECTION_1_1,INSPECTION_1_1_LINE,28065.139025206547,1.779059474425594,6,2.6435246194159845,102.59900482792364,8.14878331534419,37,27962.540020378623,28073.28780852189,experiment,FIFO,0.28,0,variant_1
7935,INSPECTION_1_2,INSPECTION_1_2_LINE,28067.015859165866,1.8768339593189012,7,1.8768339593189012,104.47583878724254,6.271949356025289,37,27962.540020378623,28073.28780852189,experiment,FIFO,0.28,0,variant_1
7935,INSPECTION_1_3,INSPECTION_1_3_LINE,28067.503885735063,0.4880265691972454,8,0.4880265691972454,104.96386535643978,5.783922786828043,37,27962.540020378623,28073.28780852189,experiment,FIFO,0.28,0,variant_1
7935,INSPECTION_1_4,INSPECTION_1_4_LINE,28069.560723314466,2.0568375794027816,9,2.0568375794027816,107.02070293584256,3.7270852074252616,39,27962.540020378623,28073.28780852189,experiment,FIFO,0.28,0,variant_1
7935,INSPECTION_1_5,INSPECTION_1_5_LINE,28071.662010062373,2.1012867479075794,10,2.1012867479075794,109.12198968375014,1.6257984595176822,37,27962.540020378623,28073.28780852189,experiment,FIFO,0.28,0,variant_1
7935,INSPECTION_1_6,INSPECTION_1_6_LINE,28071.685139072288,0.023129009914555354,11,0.023129009914555354,109.1451186936647,1.6026694496031268,37,27962.540020378623,28073.28780852189,experiment,FIFO,0.28,0,variant_1
7935,INSPECTION_1_7,INSPECTION_1_7_LINE,28073.28780852189,1.6026694496031268,12,1.6026694496031268,110.74778814326783,0.0,36,27962.540020378623,28073.28780852189,experiment,FIFO,0.28,0,variant_1
7936,MOULDING_4,MOULDING_MACHINE_4,27975.56923385491,14.669126634638815,1,0.0,0.0,143.64319622923358,43,27975.56923385491,28119.212430084142,experiment,FIFO,0.28,0,variant_6
7936,ASSEMBLY_1_5,LINE_5_ASSEMBLY1,27991.283527641044,9.465458684404439,2,15.714293786135386,15.714293786135386,127.9289024430982,39,27975.56923385491,28119.212430084142,experiment,FIFO,0.28,0,variant_6
7936,ASSEMBLY_2_1,ASSEMBLY2_LINE_1,28073.02981310008,19.702855286046542,3,81.74628545903761,97.460579245173,46.18261698406059,37,27975.56923385491,28119.212430084142,experiment,FIFO,0.28,0,variant_6
7936,SORTING,SORTING_ROBOT_1,28098.292402785384,0.11378627036538091,4,25.262589685302373,122.72316893047537,20.920027298758214,35,27975.56923385491,28119.212430084142,experiment,FIFO,0.28,0,variant_6
7936,PACKAGING_3,PACKAGING_LINE_3,28111.205187518008,0.932227284542023,5,12.91278473262355,135.63595366309892,8.007242566134664,35,27975.56923385491,28119.212430084142,experiment,FIFO,0.28,0,variant_6
7936,INSPECTION_1_1,INSPECTION_1_1_LINE,28112.93857212239,1.7333846043839003,6,1.7333846043839003,137.36933826748282,6.273857961750764,34,27975.56923385491,28119.212430084142,experiment,FIFO,0.28,0,variant_6
7936,INSPECTION_1_2,INSPECTION_1_2_LINE,28113.084451877963,0.14587975557151367,7,0.14587975557151367,137.51521802305433,6.12797820617925,34,27975.56923385491,28119.212430084142,experiment,FIFO,0.28,0,variant_6
7936,INSPECTION_1_3,INSPECTION_1_3_LINE,28114.03269176597,0.9482398880063556,8,0.9482398880063556,138.4634579110607,5.179738318172895,34,27975.56923385491,28119.212430084142,experiment,FIFO,0.28,0,variant_6
7936,INSPECTION_1_4,INSPECTION_1_4_LINE,28114.709335014795,0.6766432488257124,9,0.6766432488257124,139.1401011598864,4.503095069347182,34,27975.56923385491,28119.212430084142,experiment,FIFO,0.28,0,variant_6
7936,INSPECTION_1_4,INSPECTION_1_4_LINE,28115.760603194583,1.051268179788167,10,1.051268179788167,140.19136933967457,3.4518268895590154,34,27975.56923385491,28119.212430084142,experiment,FIFO,0.28,0,variant_6
7936,INSPECTION_1_5,INSPECTION_1_5_LINE,28117.597990498496,1.837387303912692,11,1.837387303912692,142.02875664358726,1.6144395856463234,35,27975.56923385491,28119.212430084142,experiment,FIFO,0.28,0,variant_6
7936,INSPECTION_1_6,INSPECTION_1_6_LINE,28118.17719182222,0.5792013237223728,12,0.5792013237223728,142.60795796730963,1.0352382619239506,34,27975.56923385491,28119.212430084142,experiment,FIFO,0.28,0,variant_6
7936,INSPECTION_1_7,INSPECTION_1_7_LINE,28119.212430084142,1.0352382619239506,13,1.0352382619239506,143.64319622923358,0.0,33,27975.56923385491,28119.212430084142,experiment,FIFO,0.28,0,variant_6
7937,MOULDING_3,MOULDING_MACHINE_3,27974.082990331222,0.9982193146461213,1,0.0,0.0,86.76473560828163,43,27974.082990331222,28060.847725939504,experiment,FIFO,0.28,0,variant_6
7937,ASSEMBLY_1_1,LINE_1_ASSEMBLY1,27977.080322128862,2.997331797640072,2,2.997331797640072,2.997331797640072,83.76740381064155,43,27974.082990331222,28060.847725939504,experiment,FIFO,0.28,0,variant_6
7937,ASSEMBLY_2_2,ASSEMBLY2_LINE_2,28003.39589136555,7.11347986837427,3,26.315569236689043,29.312901034329116,57.45183457395251,35,27974.082990331222,28060.847725939504,experiment,FIFO,0.28,0,variant_6
7937,SORTING,SORTING_ROBOT_1,28053.078323613245,5.141023780197429,4,49.682432247693214,78.99533328202233,7.769402326259296,35,27974.082990331222,28060.847725939504,experiment,FIFO,0.28,0,variant_6
7937,PACKAGING_2,PACKAGING_LINE_2,28053.86631492475,0.7879913115066302,5,0.7879913115066302,79.78332459352896,6.981411014752666,35,27974.082990331222,28060.847725939504,experiment,FIFO,0.28,0,variant_6
7937,INSPECTION_1_1,INSPECTION_1_1_LINE,28056.62744980517,2.761134880420286,6,2.761134880420286,82.54445947394925,4.22027613433238,36,27974.082990331222,28060.847725939504,experiment,FIFO,0.28,0,variant_6
7937,INSPECTION_1_2,INSPECTION_1_2_LINE,28056.97218775191,0.34473794673976954,7,0.34473794673976954,82.88919742068902,3.8755381875926105,36,27974.082990331222,28060.847725939504,experiment,FIFO,0.28,0,variant_6
7937,INSPECTION_1_3,INSPECTION_1_3_LINE,28057.051494670257,0.07930691834553727,8,0.07930691834553727,82.96850433903455,3.796231269247073,36,27974.082990331222,28060.847725939504,experiment,FIFO,0.28,0,variant_6
7937,INSPECTION_1_4,INSPECTION_1_4_LINE,28058.214179609808,1.1626849395506724,9,1.1626849395506724,84.13118927858523,2.633546329696401,37,27974.082990331222,28060.847725939504,experiment,FIFO,0.28,0,variant_6
7937,INSPECTION_1_5,INSPECTION_1_5_LINE,28058.664818372366,0.4506387625588104,10,0.4506387625588104,84.58182804114404,2.1829075671375904,36,27974.082990331222,28060.847725939504,experiment,FIFO,0.28,0,variant_6
7937,INSPECTION_1_6,INSPECTION_1_6_LINE,28059.05329282768,0.38847445531428093,11,0.38847445531428093,84.97030249645832,1.7944331118233094,36,27974.082990331222,28060.847725939504,experiment,FIFO,0.28,0,variant_6
7937,INSPECTION_1_7,INSPECTION_1_7_LINE,28060.847725939504,1.7944331118233094,12,1.7944331118233094,86.76473560828163,0.0,36,27974.082990331222,28060.847725939504,experiment,FIFO,0.28,0,variant_6
7938,MOULDING_4,MOULDING_MACHINE_4,27978.11125730988,1.6052333902116516,1,0.0,0.0,143.76594159890738,44,27978.11125730988,28121.877198908787,experiment,FIFO,0.28,0,variant_1
7938,ASSEMBLY_1_1,LINE_1_ASSEMBLY1,27981.232227516983,3.1209702071028005,2,3.1209702071028005,3.1209702071028005,140.64497139180457,41,27978.11125730988,28121.877198908787,experiment,FIFO,0.28,0,variant_1
7938,ASSEMBLY_2_1,ASSEMBLY2_LINE_1,28053.326957814035,2.355325447355426,3,72.09473029705259,75.2157005041554,68.55024109475198,35,27978.11125730988,28121.877198908787,experiment,FIFO,0.28,0,variant_1
7938,SORTING,SORTING_ROBOT_1,28095.667125959924,1.1032515278966457,4,42.34016814588904,117.55586865004443,26.210072948862944,36,27978.11125730988,28121.877198908787,experiment,FIFO,0.28,0,variant_1
7938,PACKAGING_3,PACKAGING_LINE_3,28110.272960233466,2.1032826829177793,5,14.605834273541404,132.16170292358584,11.60423867532154,35,27978.11125730988,28121.877198908787,experiment,FIFO,0.28,0,variant_1
7938,INSPECTION_2_1,INSPECTION_2_1_LINE,28110.92260377724,0.6496435437729815,6,0.6496435437729815,132.81134646735882,10.954595131548558,35,27978.11125730988,28121.877198908787,experiment,FIFO,0.28,0,variant_1
7938,INSPECTION_2_2,INSPECTION_2_2_LINE,28112.78169770332,0.6854775852407329,7,1.8590939260830055,134.67044039344182,9.095501205465553,34,27978.11125730988,28121.877198908787,experiment,FIFO,0.28,0,variant_1
7938,INSPECTION_2_3,INSPECTION_2_3_LINE,28114.887509399898,0.3321701878812746,8,2.1058116965759837,136.7762520900178,6.989689508889569,34,27978.11125730988,28121.877198908787,experiment,FIFO,0.28,0,variant_1
7938,INSPECTION_2_4,INSPECTION_2_4_LINE,28119.0653023283,3.205953236123605,9,4.177792928403505,140.9540450184213,2.8118965804860636,34,27978.11125730988,28121.877198908787,experiment,FIFO,0.28,0,variant_1
7938,INSPECTION_2_5,INSPECTION_2_5_LINE,28119.909011241387,0.12094793311189278,10,0.8437089130857203,141.79775393150703,1.9681876674003433,33,27978.11125730988,28121.877198908787,experiment,FIFO,0.28,0,variant_1
7938,INSPECTION_2_6,INSPECTION_2_6_LINE,28121.17912402456,0.9262963519904588,11,1.2701127831714984,143.06786671467853,0.6980748842288449,31,27978.11125730988,28121.877198908787,experiment,FIFO,0.28,0,variant_1
7938,INSPECTION_2_7,INSPECTION_2_7_LINE,28121.877198908787,0.6980748842288449,12,0.6980748842288449,143.76594159890738,0.0,30,27978.11125730988,28121.877198908787,experiment,FIFO,0.28,0,variant_1
7939,MOULDING_1,MOULDING_MACHINE_1,27992.149687687845,9.21752486312107,1,0.0,0.0,145.57021412902031,39,27992.149687687845,28137.719901816865,experiment,FIFO,0.28,0,variant_2
7939,ASSEMBLY_1_4,LINE_4_ASSEMBLY1,27999.37402973396,7.224342046116362,2,7.224342046116362,7.224342046116362,138.34587208290395,37,27992.149687687845,28137.719901816865,experiment,FIFO,0.28,0,variant_2
7939,ASSEMBLY_2_1,ASSEMBLY2_LINE_1,28082.163500966966,5.415374950156547,3,82.78947123300532,90.01381327912168,55.55640084989864,36,27992.149687687845,28137.719901816865,experiment,FIFO,0.28,0,variant_2
7939,SORTING,SORTING_ROBOT_1,28109.72664652533,0.7426185080694268,4,27.56314555836434,117.57695883748602,27.993255291534297,36,27992.149687687845,28137.719901816865,experiment,FIFO,0.28,0,variant_2
7939,PACKAGING_1,PACKAGING_LINE_1,28118.327712788046,2.7671303211136546,5,8.601066262715904,126.17802510020192,19.392189028818393,34,27992.149687687845,28137.719901816865,experiment,FIFO,0.28,0,variant_2
7939,INSPECTION_1_1,INSPECTION_1_1_LINE,28119.94261685673,0.3337742104231438,6,1.614904068683245,127.79292916888517,17.777284960135148,33,27992.149687687845,28137.719901816865,experiment,FIFO,0.28,0,variant_2
7939,INSPECTION_1_2,INSPECTION_1_2_LINE,28124.897654168468,4.731317672296427,7,4.955037311738124,132.7479664806233,12.822247648397024,30,27992.149687687845,28137.719901816865,experiment,FIFO,0.28,0,variant_2
7939,INSPECTION_1_3,INSPECTION_1_3_LINE,28127.54259022077,2.6449360523038195,8,2.6449360523038195,135.3929025329271,10.177311596093205,30,27992.149687687845,28137.719901816865,experiment,FIFO,0.28,0,variant_2
7939,INSPECTION_1_4,INSPECTION_1_4_LINE,28132.833185603657,5.290595382884931,9,5.290595382884931,140.68349791581204,4.886716213208274,32,27992.149687687845,28137.719901816865,experiment,FIFO,0.28,0,variant_2
7939,INSPECTION_1_5,INSPECTION_1_5_LINE,28133.205618396205,0.37243279254835215,10,0.37243279254835215,141.0559307083604,4.514283420659922,32,27992.149687687845,28137.719901816865,experiment,FIFO,0.28,0,variant_2
7939,INSPECTION_1_6,INSPECTION_1_6_LINE,28136.887885739223,3.682267343017884,11,3.682267343017884,144.73819805137828,0.832016077642038,34,27992.149687687845,28137.719901816865,experiment,FIFO,0.28,0,variant_2
7939,INSPECTION_1_6,INSPECTION_1_6_LINE,28137.43610234395,0.5482166047258943,12,0.5482166047258943,145.28641465610417,0.2837994729161437,34,27992.149687687845,28137.719901816865,experiment,FIFO,0.28,0,variant_2
7939,INSPECTION_1_7,INSPECTION_1_7_LINE,28137.719901816865,0.2837994729161437,13,0.2837994729161437,145.57021412902031,0.0,33,27992.149687687845,28137.719901816865,experiment,FIFO,0.28,0,variant_2
7940,MOULDING_4,MOULDING_MACHINE_4,28014.75700897723,27.22849956238133,1,0.0,0.0,152.7975178279703,37,28014.75700897723,28167.5545268052,experiment,FIFO,0.28,0,variant_5
7940,ASSEMBLY_1_3,LINE_3_ASSEMBLY1,28030.09002609424,13.448793167401163,2,15.333017117009149,15.333017117009149,137.46450071096115,37,28014.75700897723,28167.5545268052,experiment,FIFO,0.28,0,variant_5
7940,ASSEMBLY_2_1,ASSEMBLY2_LINE_1,28136.45517159159,6.795268194346136,3,106.36514549735148,121.69816261436063,31.09935521360967,34,28014.75700897723,28167.5545268052,experiment,FIFO,0.28,0,variant_5
7940,SORTING,SORTING_ROBOT_1,28141.86922198889,2.3983025283414463,4,5.414050397299434,127.11221301166006,25.685304816310236,34,28014.75700897723,28167.5545268052,experiment,FIFO,0.28,0,variant_5
7940,PACKAGING_1,PACKAGING_LINE_1,28149.25160042673,7.382378437840089,5,7.382378437840089,134.49459144950015,18.302926378470147,28,28014.75700897723,28167.5545268052,experiment,FIFO,0.28,0,variant_5
7940,INSPECTION_2_1,INSPECTION_2_1_LINE,28155.836438102586,0.7664532595408673,6,6.584837675854942,141.0794291253551,11.718088702615205,29,28014.75700897723,28167.5545268052,experiment,FIFO,0.28,0,variant_5
7940,INSPECTION_2_2,INSPECTION_2_2_LINE,28159.582199224296,0.33240019737786497,7,3.7457611217105296,144.82519024706562,7.972327580904675,27,28014.75700897723,28167.5545268052,experiment,FIFO,0.28,0,variant_5
7940,INSPECTION_2_3,INSPECTION_2_3_LINE,28160.65283113165,0.6960501833673334,8,1.0706319073542545,145.89582215441988,6.901695673550421,26,28014.75700897723,28167.5545268052,experiment,FIFO,0.28,0,variant_5
7940,INSPECTION_2_4,INSPECTION_2_4_LINE,28161.99325879472,0.32341335570890806,9,1.3404276630681125,147.236249817488,5.5612680104823085,27,28014.75700897723,28167.5545268052,experiment,FIFO,0.28,0,variant_5
7940,INSPECTION_2_5,INSPECTION_2_5_LINE,28163.47843558747,0.6311780092655681,10,1.4851767927502806,148.72142661023827,4.076091217732028,27,28014.75700897723,28167.5545268052,experiment,FIFO,0.28,0,variant_5
7940,INSPECTION_2_6,INSPECTION_2_6_LINE,28166.69813119139,0.3513966555437946,11,3.219695603922446,151.9411222141607,0.8563956138095818,25,28014.75700897723,28167.5545268052,experiment,FIFO,0.28,0,variant_5
7940,INSPECTION_2_7,INSPECTION_2_7_LINE,28167.5545268052,0.20339674821661902,12,0.8563956138095818,152.7975178279703,0.0,24,28014.75700897723,28167.5545268052,experiment,FIFO,0.28,0,variant_5
7941,MOULDING_2,MOULDING_MACHINE_2,27999.092759306903,5.762717856086965,1,0.0,0.0,160.79913965629748,37,27999.092759306903,28159.8918989632,experiment,FIFO,0.28,0,variant_1
7941,ASSEMBLY_1_1,LINE_1_ASSEMBLY1,28005.900890949768,6.808131642865192,2,6.808131642865192,6.808131642865192,153.9910080134323,35,27999.092759306903,28159.8918989632,experiment,FIFO,0.28,0,variant_1
7941,ASSEMBLY_2_1,ASSEMBLY2_LINE_1,28124.786563162743,42.62306219577658,3,118.8856722129749,125.69380385584009,35.1053358004574,29,27999.092759306903,28159.8918989632,experiment,FIFO,0.28,0,variant_1
7941,SORTING,SORTING_ROBOT_1,28134.79755766397,1.3175147859183198,4,10.010994501226378,135.70479835706647,25.09434129923102,33,27999.092759306903,28159.8918989632,experiment,FIFO,0.28,0,variant_1
7941,PACKAGING_2,PACKAGING_LINE_2,28143.48319096492,5.054334199958248,5,8.685633300949121,144.3904316580156,16.408707998281898,34,27999.092759306903,28159.8918989632,experiment,FIFO,0.28,0,variant_1
7941,INSPECTION_2_1,INSPECTION_2_1_LINE,28149.558997421416,6.075806456497958,6,6.075806456497958,150.46623811451354,10.33290154178394,28,27999.092759306903,28159.8918989632,experiment,FIFO,0.28,0,variant_1
7941,INSPECTION_2_2,INSPECTION_2_2_LINE,28151.32751311861,1.7685156971929246,7,1.7685156971929246,152.23475381170647,8.564385844591015,29,27999.092759306903,28159.8918989632,experiment,FIFO,0.28,0,variant_1
7941,INSPECTION_2_2,INSPECTION_2_2_LINE,28155.173624138577,3.4043205910966208,8,3.8461110199677933,156.08086483167426,4.718274824623222,29,27999.092759306903,28159.8918989632,experiment,FIFO,0.28,0,variant_1
7941,INSPECTION_2_3,INSPECTION_2_3_LINE,28156.68702548163,1.5134013430542836,9,1.5134013430542836,157.59426617472855,3.2048734815689386,29,27999.092759306903,28159.8918989632,experiment,FIFO,0.28,0,variant_1
7941,INSPECTION_2_4,INSPECTION_2_4_LINE,28158.468313002297,1.7812875206655008,10,1.7812875206655008,159.37555369539405,1.4235859609034378,29,27999.092759306903,28159.8918989632,experiment,FIFO,0.28,0,variant_1
7941,INSPECTION_2_5,INSPECTION_2_5_LINE,28158.491654890648,0.023341888350842055,11,0.023341888350842055,159.3988955837449,1.4002440725525958,29,27999.092759306903,28159.8918989632,experiment,FIFO,0.28,0,variant_1
7941,INSPECTION_2_6,INSPECTION_2_6_LINE,28159.202572261525,0.7109173708777234,12,0.7109173708777234,160.1098129546226,0.6893267016748723,27,27999.092759306903,28159.8918989632,experiment,FIFO,0.28,0,variant_1
7941,INSPECTION_2_7,INSPECTION_2_7_LINE,28159.8918989632,0.6893267016748723,13,0.6893267016748723,160.79913965629748,0.0,26,27999.092759306903,28159.8918989632,experiment,FIFO,0.28,0,variant_1
7942,MOULDING_1,MOULDING_MACHINE_1,27995.993413405715,2.2018335057946388,1,0.0,0.0,159.64324065299297,37,27995.993413405715,28155.636654058708,experiment,FIFO,0.28,0,variant_5
7942,ASSEMBLY_1_3,LINE_3_ASSEMBLY1,28016.64123292684,20.647819521123893,2,20.647819521123893,20.647819521123893,138.99542113186908,36,27995.993413405715,28155.636654058708,experiment,FIFO,0.28,0,variant_5
7942,ASSEMBLY_2_1,ASSEMBLY2_LINE_1,28129.659903397245,1.7525003692717291,3,113.0186704704065,133.6664899915304,25.976750661462574,30,27995.993413405715,28155.636654058708,experiment,FIFO,0.28,0,variant_5
7942,SORTING,SORTING_ROBOT_1,28138.099027035103,1.8718991690875555,4,8.439123637857847,142.10561362938824,17.537627023604728,33,27995.993413405715,28155.636654058708,experiment,FIFO,0.28,0,variant_5
7942,PACKAGING_2,PACKAGING_LINE_2,28146.91428022451,3.326892330271221,5,8.815253189408395,150.92086681879664,8.722373834196333,31,27995.993413405715,28155.636654058708,experiment,FIFO,0.28,0,variant_5
7942,INSPECTION_2_1,INSPECTION_2_1_LINE,28150.54449403713,0.98549661571451,6,3.6302138126193313,154.55108063141597,5.092160021577001,29,27995.993413405715,28155.636654058708,experiment,FIFO,0.28,0,variant_5
7942,INSPECTION_2_2,INSPECTION_2_2_LINE,28151.76930354748,0.4417904288711725,7,1.224809510349587,155.77589014176556,3.8673505112274142,29,27995.993413405715,28155.636654058708,experiment,FIFO,0.28,0,variant_5
7942,INSPECTION_2_3,INSPECTION_2_3_LINE,28151.92769597593,0.1583924284495879,8,0.1583924284495879,155.93428257021515,3.7089580827778263,29,27995.993413405715,28155.636654058708,experiment,FIFO,0.28,0,variant_5
7942,INSPECTION_2_4,INSPECTION_2_4_LINE,28151.954219938903,0.026523962973442394,9,0.026523962973442394,155.9608065331886,3.682434119804384,29,27995.993413405715,28155.636654058708,experiment,FIFO,0.28,0,variant_5
7942,INSPECTION_2_5,INSPECTION_2_5_LINE,28153.806108624656,1.8518886857527832,10,1.8518886857527832,157.81269521894137,1.8305454340516008,29,27995.993413405715,28155.636654058708,experiment,FIFO,0.28,0,variant_5
7942,INSPECTION_2_6,INSPECTION_2_6_LINE,28154.51560719845,0.7094985737930983,11,0.7094985737930983,158.52219379273447,1.1210468602585024,29,27995.993413405715,28155.636654058708,experiment,FIFO,0.28,0,variant_5
7942,INSPECTION_2_7,INSPECTION_2_7_LINE,28155.636654058708,1.1210468602585024,12,1.1210468602585024,159.64324065299297,0.0,28,27995.993413405715,28155.636654058708,experiment,FIFO,0.28,0,variant_5
7943,MOULDING_5,MOULDING_MACHINE_5,27999.952619627657,0.3906561349358526,1,0.0,0.0,158.9464011132186,38,27999.952619627657,28158.899020740875,experiment,FIFO,0.28,0,variant_2
7943,ASSEMBLY_1_1,LINE_1_ASSEMBLY1,28007.9401212078,2.039230258033058,2,7.987501580144453,7.987501580144453,150.95889953307415,36,27999.952619627657,28158.899020740875,experiment,FIFO,0.28,0,variant_2
7943,ASSEMBLY_2_1,ASSEMBLY2_LINE_1,28127.907403027973,3.120839865230664,3,119.9672818201725,127.95478340031696,30.991617712901643,30,27999.952619627657,28158.899020740875,experiment,FIFO,0.28,0,variant_2
7943,SORTING,SORTING_ROBOT_1,28136.227127866016,1.4295702020463068,4,8.31972483804202,136.27450823835898,22.671892874859623,34,27999.952619627657,28158.899020740875,experiment,FIFO,0.28,0,variant_2
7943,PACKAGING_2,PACKAGING_LINE_2,28143.58738789424,0.10419692932191538,5,7.3602600282247295,143.6347682665837,15.311632846634893,34,27999.952619627657,28158.899020740875,experiment,FIFO,0.28,0,variant_2
7943,INSPECTION_1_1,INSPECTION_1_1_LINE,28149.656482198327,6.06909430408632,6,6.06909430408632,149.70386257067003,9.242538542548573,28,27999.952619627657,28158.899020740875,experiment,FIFO,0.28,0,variant_2
7943,INSPECTION_1_2,INSPECTION_1_2_LINE,28151.182213100044,1.5257309017179068,7,1.5257309017179068,151.22959347238793,7.716807640830666,29,27999.952619627657,28158.899020740875,experiment,FIFO,0.28,0,variant_2
7943,INSPECTION_1_3,INSPECTION_1_3_LINE,28151.78524550028,0.6030324002349516,8,0.6030324002349516,151.83262587262288,7.113775240595714,29,27999.952619627657,28158.899020740875,experiment,FIFO,0.28,0,variant_2
7943,INSPECTION_1_4,INSPECTION_1_4_LINE,28152.079294434163,0.29404893388345954,9,0.29404893388345954,152.12667480650634,6.819726306712255,29,27999.952619627657,28158.899020740875,experiment,FIFO,0.28,0,variant_2
7943,INSPECTION_1_5,INSPECTION_1_5_LINE,28152.11143238397,0.03213794980547391,10,0.03213794980547391,152.15881275631182,6.787588356906781,29,27999.952619627657,28158.899020740875,experiment,FIFO,0.28,0,variant_2
7943,INSPECTION_1_6,INSPECTION_1_6_LINE,28152.34708567691,0.2356532929406967,11,0.2356532929406967,152.39446604925251,6.551935063966084,29,27999.952619627657,28158.899020740875,experiment,FIFO,0.28,0,variant_2
7943,INSPECTION_1_7,INSPECTION_1_7_LINE,28158.899020740875,6.551935063966084,12,6.551935063966084,158.9464011132186,0.0,28,27999.952619627657,28158.899020740875,experiment,FIFO,0.28,0,variant_2
7944,MOULDING_3,MOULDING_MACHINE_3,28005.570845144608,4.585212082667567,1,0.0,0.0,70.64695571805714,35,28005.570845144608,28076.217800862665,experiment,FIFO,0.28,0,variant_3
7944,ASSEMBLY_1_4,LINE_4_ASSEMBLY1,28012.236148801127,6.6653036565185175,2,6.6653036565185175,6.6653036565185175,63.981652061538625,36,28005.570845144608,28076.217800862665,experiment,FIFO,0.28,0,variant_3
7944,ASSEMBLY_2_2,ASSEMBLY2_LINE_2,28016.81101184755,4.5748630464222515,3,4.5748630464222515,11.240166702940769,59.406789015116374,35,28005.570845144608,28076.217800862665,experiment,FIFO,0.28,0,variant_3
7944,SORTING,SORTING_ROBOT_1,28063.00979991549,1.7256026957693393,4,46.19878806794077,57.43895477088154,13.208000947175606,37,28005.570845144608,28076.217800862665,experiment,FIFO,0.28,0,variant_3
7944,PACKAGING_3,PACKAGING_LINE_3,28065.899080155086,2.889280239596701,5,2.889280239596701,60.32823501047824,10.318720707578905,37,28005.570845144608,28076.217800862665,experiment,FIFO,0.28,0,variant_3
7944,INSPECTION_1_1,INSPECTION_1_1_LINE,28066.185325625906,0.08455882265479886,6,0.2862454708192672,60.614480481297505,10.032475236759637,37,28005.570845144608,28076.217800862665,experiment,FIFO,0.28,0,variant_3
7944,INSPECTION_1_2,INSPECTION_1_2_LINE,28069.26635293574,2.0026509806302784,7,3.0810273098359175,63.69550779113342,6.95144792692372,39,28005.570845144608,28076.217800862665,experiment,FIFO,0.28,0,variant_3
7944,INSPECTION_1_3,INSPECTION_1_3_LINE,28072.52933147056,1.3576945623208303,8,3.262978534818103,66.95848632595153,3.688469392105617,37,28005.570845144608,28076.217800862665,experiment,FIFO,0.28,0,variant_3
7944,INSPECTION_1_4,INSPECTION_1_4_LINE,28074.48096456006,1.4785621278315375,9,1.9516330895021383,68.91011941545366,1.7368363026034785,38,28005.570845144608,28076.217800862665,experiment,FIFO,0.28,0,variant_3
7944,INSPECTION_1_5,INSPECTION_1_5_LINE,28075.012819652704,0.5318550926422176,10,0.5318550926422176,69.44197450809588,1.204981209961261,37,28005.570845144608,28076.217800862665,experiment,FIFO,0.28,0,variant_3
7944,INSPECTION_1_6,INSPECTION_1_6_LINE,28076.015100219018,1.002280566313857,11,1.002280566313857,70.44425507440974,0.20270064364740392,37,28005.570845144608,28076.217800862665,experiment,FIFO,0.28,0,variant_3
7944,INSPECTION_1_7,INSPECTION_1_7_LINE,28076.217800862665,0.20270064364740392,12,0.20270064364740392,70.64695571805714,0.0,36,28005.570845144608,28076.217800862665,experiment,FIFO,0.28,0,variant_3
7945,MOULDING_3,MOULDING_MACHINE_3,28006.42784197388,0.8569968292722479,1,0.0,0.0,183.3608521542301,36,28006.42784197388,28189.78869412811,experiment,FIFO,0.28,0,variant_6
7945,ASSEMBLY_1_2,LINE_2_ASSEMBLY1,28056.668972658925,50.24113068504448,2,50.24113068504448,50.24113068504448,133.1197214691856,36,28006.42784197388,28189.78869412811,experiment,FIFO,0.28,0,variant_6
7945,ASSEMBLY_2_1,ASSEMBLY2_LINE_1,28157.680257647746,7.90223403235359,3,101.01128498882099,151.25241567386547,32.10843648036462,29,28006.42784197388,28189.78869412811,experiment,FIFO,0.28,0,variant_6
7945,SORTING,SORTING_ROBOT_1,28178.974665288733,1.4406149095848377,4,21.29440764098763,172.5468233148531,10.814028839376988,24,28006.42784197388,28189.78869412811,experiment,FIFO,0.28,0,variant_6
7945,PACKAGING_1,PACKAGING_LINE_1,28183.27750508232,4.302839793585008,5,4.302839793585008,176.8496631084381,6.51118904579198,25,28006.42784197388,28189.78869412811,experiment,FIFO,0.28,0,variant_6
7945,INSPECTION_2_1,INSPECTION_2_1_LINE,28183.591136394258,0.313631311939389,6,0.313631311939389,177.1632944203775,6.197557733852591,26,28006.42784197388,28189.78869412811,experiment,FIFO,0.28,0,variant_6
7945,INSPECTION_2_2,INSPECTION_2_2_LINE,28183.79187217705,0.2007357827933447,7,0.2007357827933447,177.36403020317084,5.996821951059246,26,28006.42784197388,28189.78869412811,experiment,FIFO,0.28,0,variant_6
7945,INSPECTION_2_3,INSPECTION_2_3_LINE,28184.505775800106,0.6562731501653616,8,0.713903623054648,178.0779338262255,5.282918328004598,26,28006.42784197388,28189.78869412811,experiment,FIFO,0.28,0,variant_6
7945,INSPECTION_2_4,INSPECTION_2_4_LINE,28185.55217251343,0.16783440574727138,9,1.046396713325521,179.124330539551,4.236521614679077,26,28006.42784197388,28189.78869412811,experiment,FIFO,0.28,0,variant_6
7945,INSPECTION_2_5,INSPECTION_2_5_LINE,28186.71713317351,0.9864376912082662,10,1.1649606600803963,180.2892911996314,3.071560954598681,25,28006.42784197388,28189.78869412811,experiment,FIFO,0.28,0,variant_6
7945,INSPECTION_2_6,INSPECTION_2_6_LINE,28187.42997014969,0.7128369761776412,11,0.7128369761776412,181.00212817580905,2.3587239784210396,25,28006.42784197388,28189.78869412811,experiment,FIFO,0.28,0,variant_6
7945,INSPECTION_2_7,INSPECTION_2_7_LINE,28189.78869412811,2.3587239784210396,12,2.3587239784210396,183.3608521542301,0.0,23,28006.42784197388,28189.78869412811,experiment,FIFO,0.28,0,variant_6
7946,MOULDING_1,MOULDING_MACHINE_1,28020.703069870626,2.131326724844257,1,0.0,0.0,76.5148892157049,35,28020.703069870626,28097.21795908633,experiment,FIFO,0.28,0,variant_2
7946,ASSEMBLY_1_3,LINE_3_ASSEMBLY1,28034.42385807059,4.333831976349757,2,13.720788199963863,13.720788199963863,62.794101015741035,37,28020.703069870626,28097.21795908633,experiment,FIFO,0.28,0,variant_2
7946,ASSEMBLY_2_2,ASSEMBLY2_LINE_2,28035.458668141448,1.0348100708579295,3,1.0348100708579295,14.755598270821793,61.759290944883105,37,28020.703069870626,28097.21795908633,experiment,FIFO,0.28,0,variant_2
7946,SORTING,SORTING_ROBOT_1,28071.52075468489,1.954694272732013,4,36.062086543443,50.817684814264794,25.697204401440104,37,28020.703069870626,28097.21795908633,experiment,FIFO,0.28,0,variant_2
7946,PACKAGING_3,PACKAGING_LINE_3,28086.77449699757,0.5178749144288304,5,15.253742312677787,66.07142712694258,10.443462088762317,36,28020.703069870626,28097.21795908633,experiment,FIFO,0.28,0,variant_2
7946,INSPECTION_2_1,INSPECTION_2_1_LINE,28090.00505566933,2.1442463415260136,6,3.230558671762992,69.30198579870557,7.212903416999325,37,28020.703069870626,28097.21795908633,experiment,FIFO,0.28,0,variant_2
7946,INSPECTION_2_2,INSPECTION_2_2_LINE,28090.37509768407,0.3700420147397381,7,0.3700420147397381,69.67202781344531,6.842861402259587,37,28020.703069870626,28097.21795908633,experiment,FIFO,0.28,0,variant_2
7946,INSPECTION_2_3,INSPECTION_2_3_LINE,28091.57827168909,1.2031740050188091,8,1.2031740050188091,70.87520181846412,5.6396873972407775,37,28020.703069870626,28097.21795908633,experiment,FIFO,0.28,0,variant_2
7946,INSPECTION_2_4,INSPECTION_2_4_LINE,28091.893743643508,0.31547195441817166,9,0.31547195441817166,71.19067377288229,5.324215442822606,37,28020.703069870626,28097.21795908633,experiment,FIFO,0.28,0,variant_2
7946,INSPECTION_2_5,INSPECTION_2_5_LINE,28094.303848540272,2.4101048967640963,10,2.4101048967640963,73.60077866964639,2.9141105460585095,37,28020.703069870626,28097.21795908633,experiment,FIFO,0.28,0,variant_2
7946,INSPECTION_2_6,INSPECTION_2_6_LINE,28094.918280068458,0.6144315281853778,11,0.6144315281853778,74.21521019783177,2.2996790178731317,37,28020.703069870626,28097.21795908633,experiment,FIFO,0.28,0,variant_2
7946,INSPECTION_2_7,INSPECTION_2_7_LINE,28097.21795908633,1.8207695668024826,12,2.2996790178731317,76.5148892157049,0.0,35,28020.703069870626,28097.21795908633,experiment,FIFO,0.28,0,variant_2
7947,MOULDING_5,MOULDING_MACHINE_5,28026.29994762881,1.5979023651125317,1,0.0,0.0,78.05875143379308,35,28026.29994762881,28104.358699062603,experiment,FIFO,0.28,0,variant_1
7947,ASSEMBLY_1_5,LINE_5_ASSEMBLY1,28048.542594367045,22.242646738235635,2,22.242646738235635,22.242646738235635,55.81610469555744,34,28026.29994762881,28104.358699062603,experiment,FIFO,0.28,0,variant_1
7947,ASSEMBLY_2_2,ASSEMBLY2_LINE_2,28063.890673147027,15.348078779981734,3,15.348078779981734,37.59072551821737,40.46802591557571,37,28026.29994762881,28104.358699062603,experiment,FIFO,0.28,0,variant_1
7947,SORTING,SORTING_ROBOT_1,28098.17861651502,2.511490555094497,4,34.28794336799183,71.8786688862092,6.180082547583879,35,28026.29994762881,28104.358699062603,experiment,FIFO,0.28,0,variant_1
7947,PACKAGING_1,PACKAGING_LINE_1,28098.306988521843,0.12837200682406547,5,0.12837200682406547,72.00704089303326,6.051710540759814,35,28026.29994762881,28104.358699062603,experiment,FIFO,0.28,0,variant_1
7947,INSPECTION_1_1,INSPECTION_1_1_LINE,28100.497413757403,2.1904252355598146,6,2.1904252355598146,74.19746612859308,3.861285305199999,35,28026.29994762881,28104.358699062603,experiment,FIFO,0.28,0,variant_1
7947,INSPECTION_1_2,INSPECTION_1_2_LINE,28100.727883103307,0.23046934590456658,7,0.23046934590456658,74.42793547449764,3.6308159592954325,35,28026.29994762881,28104.358699062603,experiment,FIFO,0.28,0,variant_1
7947,INSPECTION_1_3,INSPECTION_1_3_LINE,28100.96757565075,0.239692547442246,8,0.239692547442246,74.66762802193989,3.3911234118531866,35,28026.29994762881,28104.358699062603,experiment,FIFO,0.28,0,variant_1
7947,INSPECTION_1_4,INSPECTION_1_4_LINE,28102.2188942358,1.2513185850511945,9,1.2513185850511945,75.91894660699108,2.139804826801992,35,28026.29994762881,28104.358699062603,experiment,FIFO,0.28,0,variant_1
7947,INSPECTION_1_5,INSPECTION_1_5_LINE,28102.583561269133,0.3646670333328075,10,0.3646670333328075,76.28361364032389,1.7751377934691845,36,28026.29994762881,28104.358699062603,experiment,FIFO,0.28,0,variant_1
7947,INSPECTION_1_6,INSPECTION_1_6_LINE,28102.828191303342,0.24463003420896712,11,0.24463003420896712,76.52824367453286,1.5305077592602174,36,28026.29994762881,28104.358699062603,experiment,FIFO,0.28,0,variant_1
7947,INSPECTION_1_7,INSPECTION_1_7_LINE,28104.358699062603,1.5305077592602174,12,1.5305077592602174,78.05875143379308,0.0,35,28026.29994762881,28104.358699062603,experiment,FIFO,0.28,0,variant_1
7948,MOULDING_3,MOULDING_MACHINE_3,28027.567835721864,2.272027804174286,1,0.0,0.0,60.49374472281488,36,28027.567835721864,28088.06158044468,experiment,FIFO,0.28,0,variant_1
7948,ASSEMBLY_1_4,LINE_4_ASSEMBLY1,28030.01439055685,2.4465548349871824,2,2.4465548349871824,2.4465548349871824,58.0471898878277,37,28027.567835721864,28088.06158044468,experiment,FIFO,0.28,0,variant_1
7948,ASSEMBLY_2_2,ASSEMBLY2_LINE_2,28031.23380030713,1.2194097502797376,3,1.2194097502797376,3.66596458526692,56.82778013754796,36,28027.567835721864,28088.06158044468,experiment,FIFO,0.28,0,variant_1
7948,SORTING,SORTING_ROBOT_1,28066.74367426468,2.0154483904225344,4,35.509873957547825,39.175838542814745,21.317906180000136,37,28027.567835721864,28088.06158044468,experiment,FIFO,0.28,0,variant_1
7948,PACKAGING_3,PACKAGING_LINE_3,28081.788189512943,7.129690432422649,5,15.04451524826436,54.220353791079106,6.273390931735776,36,28027.567835721864,28088.06158044468,experiment,FIFO,0.28,0,variant_1
7948,INSPECTION_2_1,INSPECTION_2_1_LINE,28082.09686727826,0.30867776531522395,6,0.30867776531522395,54.52903155639433,5.964713166420552,36,28027.567835721864,28088.06158044468,experiment,FIFO,0.28,0,variant_1
7948,INSPECTION_2_2,INSPECTION_2_2_LINE,28083.04332377022,0.946456491961726,7,0.946456491961726,55.475488048356056,5.018256674458826,36,28027.567835721864,28088.06158044468,experiment,FIFO,0.28,0,variant_1
7948,INSPECTION_2_3,INSPECTION_2_3_LINE,28083.71484549561,0.6715217253913579,8,0.6715217253913579,56.14700977374741,4.346734949067468,36,28027.567835721864,28088.06158044468,experiment,FIFO,0.28,0,variant_1
7948,INSPECTION_2_4,INSPECTION_2_4_LINE,28084.6058319652,0.8909864695888245,9,0.8909864695888245,57.03799624333624,3.4557484794786433,36,28027.567835721864,28088.06158044468,experiment,FIFO,0.28,0,variant_1
7948,INSPECTION_2_5,INSPECTION_2_5_LINE,28086.444245853087,1.8384138878864178,10,1.8384138878864178,58.876410131222656,1.6173345915922255,36,28027.567835721864,28088.06158044468,experiment,FIFO,0.28,0,variant_1
7948,INSPECTION_2_6,INSPECTION_2_6_LINE,28086.57756547745,0.13331962436495814,11,0.13331962436495814,59.009729755587614,1.4840149672272673,36,28027.567835721864,28088.06158044468,experiment,FIFO,0.28,0,variant_1
7948,INSPECTION_2_7,INSPECTION_2_7_LINE,28088.06158044468,1.4840149672272673,12,1.4840149672272673,60.49374472281488,0.0,36,28027.567835721864,28088.06158044468,experiment,FIFO,0.28,0,variant_1
7949,MOULDING_5,MOULDING_MACHINE_5,28027.71279601201,0.7375321471881762,1,0.0,0.0,141.003904878482,37,28027.71279601201,28168.71670089049,experiment,FIFO,0.28,0,variant_6
7949,ASSEMBLY_1_4,LINE_4_ASSEMBLY1,28032.097237581576,2.082847024725197,2,4.384441569567571,4.384441569567571,136.61946330891442,36,28027.71279601201,28168.71670089049,experiment,FIFO,0.28,0,variant_6
7949,ASSEMBLY_2_1,ASSEMBLY2_LINE_1,28140.57390542779,4.118733836199681,3,108.4766678462147,112.86110941578227,28.142795462699723,34,28027.71279601201,28168.71670089049,experiment,FIFO,0.28,0,variant_6
7949,SORTING,SORTING_ROBOT_1,28147.709426542828,2.997304282267578,4,7.135521115036681,119.99663053081895,21.007274347663042,29,28027.71279601201,28168.71670089049,experiment,FIFO,0.28,0,variant_6
7949,PACKAGING_3,PACKAGING_LINE_3,28152.64823188961,3.497503746591974,5,4.93880534678101,124.93543587759996,16.068469000882033,29,28027.71279601201,28168.71670089049,experiment,FIFO,0.28,0,variant_6
7949,INSPECTION_2_1,INSPECTION_2_1_LINE,28158.24464768558,2.408209582994459,6,5.596415795971552,130.5318516735715,10.47205320491048,29,28027.71279601201,28168.71670089049,experiment,FIFO,0.28,0,variant_6
7949,INSPECTION_2_2,INSPECTION_2_2_LINE,28160.15192091308,0.5697216887820105,7,1.9072732274980808,132.4391249010696,8.5647799774124,26,28027.71279601201,28168.71670089049,experiment,FIFO,0.28,0,variant_6
7949,INSPECTION_2_3,INSPECTION_2_3_LINE,28163.07381751452,2.4209863828691596,8,2.9218966014414036,135.361021502511,5.642883375970996,27,28027.71279601201,28168.71670089049,experiment,FIFO,0.28,0,variant_6
7949,INSPECTION_2_4,INSPECTION_2_4_LINE,28167.03727935984,3.9634618453201256,9,3.9634618453201256,139.32448334783112,1.6794215306508704,25,28027.71279601201,28168.71670089049,experiment,FIFO,0.28,0,variant_6
7949,INSPECTION_2_5,INSPECTION_2_5_LINE,28167.88266861309,0.845389253248868,10,0.845389253248868,140.16987260108,0.8340322774020024,25,28027.71279601201,28168.71670089049,experiment,FIFO,0.28,0,variant_6
7949,INSPECTION_2_6,INSPECTION_2_6_LINE,28168.544588729303,0.6619201162138779,11,0.6619201162138779,140.83179271729387,0.17211216118812445,25,28027.71279601201,28168.71670089049,experiment,FIFO,0.28,0,variant_6
7949,INSPECTION_2_7,INSPECTION_2_7_LINE,28168.71670089049,0.17211216118812445,12,0.17211216118812445,141.003904878482,0.0,24,28027.71279601201,28168.71670089049,experiment,FIFO,0.28,0,variant_6
7950,MOULDING_5,MOULDING_MACHINE_5,28034.103525332383,4.4610318606610235,1,0.0,0.0,146.94938180919053,37,28034.103525332383,28181.052907141573,experiment,FIFO,0.28,0,variant_2
7950,ASSEMBLY_1_1,LINE_1_ASSEMBLY1,28055.057215215733,20.953689883350307,2,20.953689883350307,20.953689883350307,125.99569192584022,36,28034.103525332383,28181.052907141573,experiment,FIFO,0.28,0,variant_2
7950,ASSEMBLY_2_1,ASSEMBLY2_LINE_1,28149.778023615392,8.234829639182863,3,94.72080839965929,115.6744982830096,31.27488352618093,28,28034.103525332383,28181.052907141573,experiment,FIFO,0.28,0,variant_2
7950,SORTING,SORTING_ROBOT_1,28164.92831834251,3.1613678931498725,4,15.150294727118307,130.8247930101279,16.12458879906262,26,28034.103525332383,28181.052907141573,experiment,FIFO,0.28,0,variant_2
7950,PACKAGING_3,PACKAGING_LINE_3,28174.03545136951,9.107133026998781,5,9.107133026998781,139.9319260371267,7.01745577206384,25,28034.103525332383,28181.052907141573,experiment,FIFO,0.28,0,variant_2
7950,INSPECTION_2_1,INSPECTION_2_1_LINE,28175.791031578872,1.7555802093629609,6,1.7555802093629609,141.68750624648965,5.2618755627008795,25,28034.103525332383,28181.052907141573,experiment,FIFO,0.28,0,variant_2
7950,INSPECTION_2_2,INSPECTION_2_2_LINE,28175.987690395898,0.19665881702530896,7,0.19665881702530896,141.88416506351496,5.065216745675571,25,28034.103525332383,28181.052907141573,experiment,FIFO,0.28,0,variant_2
7950,INSPECTION_2_3,INSPECTION_2_3_LINE,28176.524677641617,0.5369872457195015,8,0.5369872457195015,142.42115230923446,4.528229499956069,25,28034.103525332383,28181.052907141573,experiment,FIFO,0.28,0,variant_2
7950,INSPECTION_2_4,INSPECTION_2_4_LINE,28177.03280184185,0.508124200234306,9,0.508124200234306,142.92927650946876,4.020105299721763,24,28034.103525332383,28181.052907141573,experiment,FIFO,0.28,0,variant_2
7950,INSPECTION_2_5,INSPECTION_2_5_LINE,28178.787198694,1.7543968521495117,10,1.7543968521495117,144.68367336161828,2.2657084475722513,24,28034.103525332383,28181.052907141573,experiment,FIFO,0.28,0,variant_2
7950,INSPECTION_2_6,INSPECTION_2_6_LINE,28179.349456270586,0.5622575765846705,11,0.5622575765846705,145.24593093820295,1.7034508709875809,24,28034.103525332383,28181.052907141573,experiment,FIFO,0.28,0,variant_2
7950,INSPECTION_2_7,INSPECTION_2_7_LINE,28181.052907141573,0.6139714912824275,12,1.7034508709875809,146.94938180919053,0.0,22,28034.103525332383,28181.052907141573,experiment,FIFO,0.28,0,variant_2
7951,MOULDING_4,MOULDING_MACHINE_4,28036.82809811693,4.492755233648495,1,0.0,0.0,84.13923631541911,38,28036.82809811693,28120.96733443235,experiment,FIFO,0.28,0,variant_2
7951,ASSEMBLY_1_5,LINE_5_ASSEMBLY1,28058.73105275186,10.188458384815021,2,21.90295463493021,21.90295463493021,62.2362816804889,36,28036.82809811693,28120.96733443235,experiment,FIFO,0.28,0,variant_2
7951,ASSEMBLY_2_2,ASSEMBLY2_LINE_2,28079.67305368493,1.7206414580286946,3,20.94200093307154,42.84495556800175,41.29428074741736,36,28036.82809811693,28120.96733443235,experiment,FIFO,0.28,0,variant_2
7951,SORTING,SORTING_ROBOT_1,28108.98402801726,0.95405346467669,4,29.31097433232935,72.1559299003311,11.983306415088009,35,28036.82809811693,28120.96733443235,experiment,FIFO,0.28,0,variant_2
7951,PACKAGING_3,PACKAGING_LINE_3,28114.040837652643,2.835650134635216,5,5.056809635381796,77.2127395357129,6.926496779706213,34,28036.82809811693,28120.96733443235,experiment,FIFO,0.28,0,variant_2
7951,INSPECTION_1_1,INSPECTION_1_1_LINE,28114.09648148116,0.05564382851662231,6,0.05564382851662231,77.26838336422952,6.87085295118959,34,28036.82809811693,28120.96733443235,experiment,FIFO,0.28,0,variant_2
7951,INSPECTION_1_2,INSPECTION_1_2_LINE,28116.09987090553,2.003389424371562,7,2.003389424371562,79.27177278860108,4.867463526818028,35,28036.82809811693,28120.96733443235,experiment,FIFO,0.28,0,variant_2
7951,INSPECTION_1_3,INSPECTION_1_3_LINE,28116.589257389907,0.48938648437615484,8,0.48938648437615484,79.76115927297724,4.378077042441873,35,28036.82809811693,28120.96733443235,experiment,FIFO,0.28,0,variant_2
7951,INSPECTION_1_4,INSPECTION_1_4_LINE,28117.704587406966,1.1153300170590228,9,1.1153300170590228,80.87648929003626,3.2627470253828506,35,28036.82809811693,28120.96733443235,experiment,FIFO,0.28,0,variant_2
7951,INSPECTION_1_5,INSPECTION_1_5_LINE,28117.865935860234,0.16134845326814684,10,0.16134845326814684,81.03783774330441,3.1013985721147037,35,28036.82809811693,28120.96733443235,experiment,FIFO,0.28,0,variant_2
7951,INSPECTION_1_6,INSPECTION_1_6_LINE,28119.586108278287,1.4089164560682548,11,1.7201724180522433,82.75801016135665,1.3812261540624604,33,28036.82809811693,28120.96733443235,experiment,FIFO,0.28,0,variant_2
7951,INSPECTION_1_7,INSPECTION_1_7_LINE,28120.798381881665,1.2122736033779802,12,1.2122736033779802,83.97028376473463,0.16895255068448023,32,28036.82809811693,28120.96733443235,experiment,FIFO,0.28,0,variant_2
7951,INSPECTION_1_7,INSPECTION_1_7_LINE,28120.96733443235,0.16895255068448023,13,0.16895255068448023,84.13923631541911,0.0,31,28036.82809811693,28120.96733443235,experiment,FIFO,0.28,0,variant_2
7952,MOULDING_1,MOULDING_MACHINE_1,28041.28988164888,6.409210315960081,1,0.0,0.0,139.14905400140924,38,28041.28988164888,28180.43893565029,experiment,FIFO,0.28,0,variant_1
7952,ASSEMBLY_1_4,LINE_4_ASSEMBLY1,28044.18413877841,2.8942571295301605,2,2.8942571295301605,2.8942571295301605,136.25479687187908,37,28041.28988164888,28180.43893565029,experiment,FIFO,0.28,0,variant_1
7952,ASSEMBLY_2_1,ASSEMBLY2_LINE_1,28141.54319397621,0.9692885484182625,3,97.35905519779772,100.25331232732788,38.895741674081364,34,28041.28988164888,28180.43893565029,experiment,FIFO,0.28,0,variant_1
7952,SORTING,SORTING_ROBOT_1,28161.76695044936,14.057523906532879,4,20.223756473151298,120.47706880047917,18.671985200930067,27,28041.28988164888,28180.43893565029,experiment,FIFO,0.28,0,variant_1
7952,PACKAGING_1,PACKAGING_LINE_1,28168.7283084899,6.961358040538471,5,6.961358040538471,127.43842684101764,11.710627160391596,24,28041.28988164888,28180.43893565029,experiment,FIFO,0.28,0,variant_1
7952,INSPECTION_2_1,INSPECTION_2_1_LINE,28170.86098910132,2.132680611419346,6,2.132680611419346,129.571107452437,9.57794654897225,24,28041.28988164888,28180.43893565029,experiment,FIFO,0.28,0,variant_1
7952,INSPECTION_2_2,INSPECTION_2_2_LINE,28172.218862738984,1.3578736376657616,7,1.3578736376657616,130.92898109010275,8.220072911306488,24,28041.28988164888,28180.43893565029,experiment,FIFO,0.28,0,variant_1
7952,INSPECTION_2_3,INSPECTION_2_3_LINE,28172.29516879744,0.07630605845406535,8,0.07630605845406535,131.00528714855682,8.143766852852423,24,28041.28988164888,28180.43893565029,experiment,FIFO,0.28,0,variant_1
7952,INSPECTION_2_4,INSPECTION_2_4_LINE,28173.079401818573,0.7842330211351509,9,0.7842330211351509,131.78952016969197,7.359533831717272,24,28041.28988164888,28180.43893565029,experiment,FIFO,0.28,0,variant_1
7952,INSPECTION_2_5,INSPECTION_2_5_LINE,28175.29937946311,2.219977644537721,10,2.219977644537721,134.0094978142297,5.139556187179551,25,28041.28988164888,28180.43893565029,experiment,FIFO,0.28,0,variant_1
7952,INSPECTION_2_5,INSPECTION_2_5_LINE,28176.04203809731,0.7426586341971415,11,0.7426586341971415,134.75215644842683,4.396897552982409,25,28041.28988164888,28180.43893565029,experiment,FIFO,0.28,0,variant_1
7952,INSPECTION_2_6,INSPECTION_2_6_LINE,28176.147109655783,0.10507155847517424,12,0.10507155847517424,134.857228006902,4.291825994507235,25,28041.28988164888,28180.43893565029,experiment,FIFO,0.28,0,variant_1
7952,INSPECTION_2_7,INSPECTION_2_7_LINE,28177.1640971981,1.0169875423162011,13,1.0169875423162011,135.8742155492182,3.274838452191034,24,28041.28988164888,28180.43893565029,experiment,FIFO,0.28,0,variant_1
7952,INSPECTION_2_7,INSPECTION_2_7_LINE,28180.43893565029,3.274838452191034,14,3.274838452191034,139.14905400140924,0.0,23,28041.28988164888,28180.43893565029,experiment,FIFO,0.28,0,variant_1
7953,MOULDING_1,MOULDING_MACHINE_1,28052.67536711,11.38548546111997,1,0.0,0.0,85.94103651032128,35,28052.67536711,28138.616403620323,experiment,FIFO,0.28,0,variant_1
7953,ASSEMBLY_1_4,LINE_4_ASSEMBLY1,28059.40267063008,6.7273035200778395,2,6.7273035200778395,6.7273035200778395,79.21373299024344,35,28052.67536711,28138.616403620323,experiment,FIFO,0.28,0,variant_1
7953,ASSEMBLY_2_2,ASSEMBLY2_LINE_2,28083.537630618703,3.864576933770877,3,24.13495998862345,30.86226350870129,55.07877300161999,36,28052.67536711,28138.616403620323,experiment,FIFO,0.28,0,variant_1
7953,SORTING,SORTING_ROBOT_1,28114.615459783538,4.8888132582069375,4,31.07782916483484,61.94009267353613,24.000943836785154,34,28052.67536711,28138.616403620323,experiment,FIFO,0.28,0,variant_1
7953,PACKAGING_2,PACKAGING_LINE_2,28130.659763968702,16.044304185164947,5,16.044304185164947,77.98439685870107,7.956639651620208,31,28052.67536711,28138.616403620323,experiment,FIFO,0.28,0,variant_1
7953,INSPECTION_2_1,INSPECTION_2_1_LINE,28131.644338205453,0.9845742367506318,6,0.9845742367506318,78.9689710954517,6.972065414869576,32,28052.67536711,28138.616403620323,experiment,FIFO,0.28,0,variant_1
7953,INSPECTION_2_2,INSPECTION_2_2_LINE,28132.29701001168,0.6526718062268628,7,0.6526718062268628,79.62164290167857,6.319393608642713,32,28052.67536711,28138.616403620323,experiment,FIFO,0.28,0,variant_1
7953,INSPECTION_2_3,INSPECTION_2_3_LINE,28132.42475143498,0.127741423300904,8,0.127741423300904,79.74938432497947,6.191652185341809,32,28052.67536711,28138.616403620323,experiment,FIFO,0.28,0,variant_1
7953,INSPECTION_2_4,INSPECTION_2_4_LINE,28137.679295494243,5.254544059262116,9,5.254544059262116,85.00392838424159,0.9371081260796927,34,28052.67536711,28138.616403620323,experiment,FIFO,0.28,0,variant_1
7953,INSPECTION_2_5,INSPECTION_2_5_LINE,28137.93922675517,0.25993126092726015,10,0.25993126092726015,85.26385964516885,0.6771768651524326,33,28052.67536711,28138.616403620323,experiment,FIFO,0.28,0,variant_1
7953,INSPECTION_2_6,INSPECTION_2_6_LINE,28138.5638427751,0.6246160199298174,11,0.6246160199298174,85.88847566509867,0.05256084522261517,33,28052.67536711,28138.616403620323,experiment,FIFO,0.28,0,variant_1
7953,INSPECTION_2_7,INSPECTION_2_7_LINE,28138.616403620323,0.05256084522261517,12,0.05256084522261517,85.94103651032128,0.0,32,28052.67536711,28138.616403620323,experiment,FIFO,0.28,0,variant_1
7954,MOULDING_2,MOULDING_MACHINE_2,28059.53063770542,12.666471011329122,1,0.0,0.0,62.38133086646485,36,28059.53063770542,28121.911968571883,experiment,FIFO,0.28,0,variant_4
7954,ASSEMBLY_1_2,LINE_2_ASSEMBLY1,28075.50816283809,15.977525132671872,2,15.977525132671872,15.977525132671872,46.40380573379298,37,28059.53063770542,28121.911968571883,experiment,FIFO,0.28,0,variant_4
7954,ASSEMBLY_2_2,ASSEMBLY2_LINE_2,28090.430965751948,5.124538499316259,3,14.922802913857595,30.900328046529467,31.481002819935384,37,28059.53063770542,28121.911968571883,experiment,FIFO,0.28,0,variant_4
7954,SORTING,SORTING_ROBOT_1,28115.61396641173,0.22654449534456944,4,25.1830006597811,56.08332870631057,6.298002160154283,34,28059.53063770542,28121.911968571883,experiment,FIFO,0.28,0,variant_4
7954,PACKAGING_3,PACKAGING_LINE_3,28116.17305176692,0.5590853551912005,5,0.5590853551912005,56.64241406150177,5.7389168049630825,35,28059.53063770542,28121.911968571883,experiment,FIFO,0.28,0,variant_4
7954,INSPECTION_2_1,INSPECTION_2_1_LINE,28118.784210071248,2.611158304327546,6,2.611158304327546,59.253572365829314,3.1277585006355366,34,28059.53063770542,28121.911968571883,experiment,FIFO,0.28,0,variant_4
7954,INSPECTION_2_2,INSPECTION_2_2_LINE,28119.44846504677,0.6642549755233631,7,0.6642549755233631,59.91782734135268,2.4635035251121735,33,28059.53063770542,28121.911968571883,experiment,FIFO,0.28,0,variant_4
7954,INSPECTION_2_3,INSPECTION_2_3_LINE,28120.539812057432,1.0913470106606837,8,1.0913470106606837,61.00917435201336,1.3721565144514898,33,28059.53063770542,28121.911968571883,experiment,FIFO,0.28,0,variant_4
7954,INSPECTION_2_4,INSPECTION_2_4_LINE,28121.06953755164,0.529725494208833,9,0.529725494208833,61.53889984622219,0.8424310202426568,31,28059.53063770542,28121.911968571883,experiment,FIFO,0.28,0,variant_4
7954,INSPECTION_2_5,INSPECTION_2_5_LINE,28121.20412968431,0.13459213266833103,10,0.13459213266833103,61.673491978890524,0.7078388875743258,31,28059.53063770542,28121.911968571883,experiment,FIFO,0.28,0,variant_4
7954,INSPECTION_2_6,INSPECTION_2_6_LINE,28121.390737010228,0.18660732591888518,11,0.18660732591888518,61.86009930480941,0.5212315616554406,31,28059.53063770542,28121.911968571883,experiment,FIFO,0.28,0,variant_4
7954,INSPECTION_2_7,INSPECTION_2_7_LINE,28121.911968571883,0.034769663096085424,12,0.5212315616554406,62.38133086646485,0.0,29,28059.53063770542,28121.911968571883,experiment,FIFO,0.28,0,variant_4
7955,MOULDING_1,MOULDING_MACHINE_1,28054.97711461265,2.3017475026499596,1,0.0,0.0,72.46581502968911,36,28054.97711461265,28127.44292964234,experiment,FIFO,0.28,0,variant_2
7955,ASSEMBLY_1_1,LINE_1_ASSEMBLY1,28055.242656599607,0.18544138387369458,2,0.26554198695521336,0.26554198695521336,72.2002730427339,36,28054.97711461265,28127.44292964234,experiment,FIFO,0.28,0,variant_2
7955,ASSEMBLY_2_2,ASSEMBLY2_LINE_2,28077.952412226903,14.061739079876133,3,22.709755627296545,22.975297614251758,49.49051741543735,36,28054.97711461265,28127.44292964234,experiment,FIFO,0.28,0,variant_2
7955,SORTING,SORTING_ROBOT_1,28108.029974552584,6.460912011396431,4,30.077562325681356,53.052859939933114,19.412955089755997,34,28054.97711461265,28127.44292964234,experiment,FIFO,0.28,0,variant_2
7955,PACKAGING_1,PACKAGING_LINE_1,28115.560582466933,7.530607914348366,5,7.530607914348366,60.58346785428148,11.88234717540763,34,28054.97711461265,28127.44292964234,experiment,FIFO,0.28,0,variant_2
7955,INSPECTION_1_1,INSPECTION_1_1_LINE,28119.608842646307,4.048260179373756,6,4.048260179373756,64.63172803365524,7.834086996033875,33,28054.97711461265,28127.44292964234,experiment,FIFO,0.28,0,variant_2
7955,INSPECTION_1_2,INSPECTION_1_2_LINE,28120.16633649617,0.5574938498648407,7,0.5574938498648407,65.18922188352008,7.276593146169034,33,28054.97711461265,28127.44292964234,experiment,FIFO,0.28,0,variant_2
7955,INSPECTION_1_3,INSPECTION_1_3_LINE,28121.916375421497,1.750038925325498,8,1.750038925325498,66.93926080884557,5.526554220843536,29,28054.97711461265,28127.44292964234,experiment,FIFO,0.28,0,variant_2
7955,INSPECTION_1_4,INSPECTION_1_4_LINE,28124.48008102697,2.563705605472933,9,2.563705605472933,69.50296641431851,2.9628486153706035,29,28054.97711461265,28127.44292964234,experiment,FIFO,0.28,0,variant_2
7955,INSPECTION_1_5,INSPECTION_1_5_LINE,28127.10456753689,2.624486509921553,10,2.624486509921553,72.12745292424006,0.33836210544905043,31,28054.97711461265,28127.44292964234,experiment,FIFO,0.28,0,variant_2
7955,INSPECTION_1_6,INSPECTION_1_6_LINE,28127.34121671818,0.2366491812899767,11,0.2366491812899767,72.36410210553004,0.10171292415907374,31,28054.97711461265,28127.44292964234,experiment,FIFO,0.28,0,variant_2
7955,INSPECTION_1_7,INSPECTION_1_7_LINE,28127.44292964234,0.10171292415907374,12,0.10171292415907374,72.46581502968911,0.0,30,28054.97711461265,28127.44292964234,experiment,FIFO,0.28,0,variant_2
7956,MOULDING_5,MOULDING_MACHINE_5,28065.258795174283,12.870125840952824,1,0.0,0.0,147.8477296796591,38,28065.258795174283,28213.10652485394,experiment,FIFO,0.28,0,variant_4
7956,ASSEMBLY_1_5,LINE_5_ASSEMBLY1,28070.09237886232,4.833583688036015,2,4.833583688036015,4.833583688036015,143.01414599162308,39,28065.258795174283,28213.10652485394,experiment,FIFO,0.28,0,variant_4
7956,ASSEMBLY_2_1,ASSEMBLY2_LINE_1,28187.65997376908,15.646207896377746,3,117.56759490676268,122.4011785947987,25.446551084860403,24,28065.258795174283,28213.10652485394,experiment,FIFO,0.28,0,variant_4
7956,SORTING,SORTING_ROBOT_1,28197.9515800828,10.291606313719967,4,10.291606313719967,132.69278490851866,15.154944771140435,24,28065.258795174283,28213.10652485394,experiment,FIFO,0.28,0,variant_4
7956,PACKAGING_1,PACKAGING_LINE_1,28202.000534311017,4.0489542282157345,5,4.0489542282157345,136.7417391367344,11.105990542924701,23,28065.258795174283,28213.10652485394,experiment,FIFO,0.28,0,variant_4
7956,INSPECTION_2_1,INSPECTION_2_1_LINE,28202.30342534145,0.3028910304346937,6,0.3028910304346937,137.0446301671691,10.803099512490007,22,28065.258795174283,28213.10652485394,experiment,FIFO,0.28,0,variant_4
7956,INSPECTION_2_2,INSPECTION_2_2_LINE,28202.384655508107,0.0812301666555868,7,0.0812301666555868,137.12586033382468,10.72186934583442,22,28065.258795174283,28213.10652485394,experiment,FIFO,0.28,0,variant_4
7956,INSPECTION_2_3,INSPECTION_2_3_LINE,28206.376904394023,3.9922488859156147,8,3.9922488859156147,141.1181092197403,6.729620459918806,22,28065.258795174283,28213.10652485394,experiment,FIFO,0.28,0,variant_4
7956,INSPECTION_2_4,INSPECTION_2_4_LINE,28208.851763228948,2.4748588349248166,9,2.4748588349248166,143.5929680546651,4.254761624993989,22,28065.258795174283,28213.10652485394,experiment,FIFO,0.28,0,variant_4
7956,INSPECTION_2_5,INSPECTION_2_5_LINE,28209.84819731217,0.9964340832229936,10,0.9964340832229936,144.5894021378881,3.2583275417709956,22,28065.258795174283,28213.10652485394,experiment,FIFO,0.28,0,variant_4
7956,INSPECTION_2_6,INSPECTION_2_6_LINE,28210.406095938248,0.5578986260770762,11,0.5578986260770762,145.14730076396518,2.7004289156939194,22,28065.258795174283,28213.10652485394,experiment,FIFO,0.28,0,variant_4
7956,INSPECTION_2_7,INSPECTION_2_7_LINE,28213.10652485394,2.7004289156939194,12,2.7004289156939194,147.8477296796591,0.0,22,28065.258795174283,28213.10652485394,experiment,FIFO,0.28,0,variant_4
7957,MOULDING_1,MOULDING_MACHINE_1,28058.132411943025,1.27227445171593,1,0.0,0.0,88.80460700553886,37,28058.132411943025,28146.937018948563,experiment,FIFO,0.28,0,variant_1
7957,ASSEMBLY_1_1,LINE_1_ASSEMBLY1,28061.179583593403,3.0471716503780044,2,3.0471716503780044,3.0471716503780044,85.75743535516085,36,28058.132411943025,28146.937018948563,experiment,FIFO,0.28,0,variant_1
7957,ASSEMBLY_2_2,ASSEMBLY2_LINE_2,28085.30642725263,1.7687966339290142,3,24.126843659229053,27.174015309607057,61.6305916959318,36,28058.132411943025,28146.937018948563,experiment,FIFO,0.28,0,variant_1
7957,SORTING,SORTING_ROBOT_1,28115.387421916384,0.7719621328469657,4,30.08099466375279,57.25500997335985,31.54959703217901,34,28058.132411943025,28146.937018948563,experiment,FIFO,0.28,0,variant_1
7957,PACKAGING_2,PACKAGING_LINE_2,28131.6877962304,1.028032261696353,5,16.300374314014334,73.55538428737418,15.249222718164674,32,28058.132411943025,28146.937018948563,experiment,FIFO,0.28,0,variant_1
7957,INSPECTION_1_1,INSPECTION_1_1_LINE,28132.09744564292,0.4096494125224126,6,0.4096494125224126,73.9650336998966,14.839573305642261,32,28058.132411943025,28146.937018948563,experiment,FIFO,0.28,0,variant_1
7957,INSPECTION_1_2,INSPECTION_1_2_LINE,28132.29518726016,0.19774161723762518,7,0.19774161723762518,74.16277531713422,14.641831688404636,32,28058.132411943025,28146.937018948563,experiment,FIFO,0.28,0,variant_1
7957,INSPECTION_1_3,INSPECTION_1_3_LINE,28133.65095456685,1.3557673066898133,8,1.3557673066898133,75.51854262382403,13.286064381714823,32,28058.132411943025,28146.937018948563,experiment,FIFO,0.28,0,variant_1
7957,INSPECTION_1_4,INSPECTION_1_4_LINE,28136.82254424185,0.2217576868206379,9,3.171589675002906,78.69013229882694,10.114474706711917,34,28058.132411943025,28146.937018948563,experiment,FIFO,0.28,0,variant_1
7957,INSPECTION_1_5,INSPECTION_1_5_LINE,28143.189487015014,0.11523221025345265,10,6.366942773162009,85.05707507198895,3.747531933549908,34,28058.132411943025,28146.937018948563,experiment,FIFO,0.28,0,variant_1
7957,INSPECTION_1_6,INSPECTION_1_6_LINE,28146.478026447923,0.8086822115037648,11,3.2885394329096016,88.34561450489855,0.4589925006403064,32,28058.132411943025,28146.937018948563,experiment,FIFO,0.28,0,variant_1
7957,INSPECTION_1_7,INSPECTION_1_7_LINE,28146.937018948563,0.27658990604322753,12,0.4589925006403064,88.80460700553886,0.0,30,28058.132411943025,28146.937018948563,experiment,FIFO,0.28,0,variant_1
7958,MOULDING_1,MOULDING_MACHINE_1,28060.474933009144,0.5408226415966055,1,0.0,0.0,139.97983220162132,37,28060.474933009144,28200.454765210765,experiment,FIFO,0.28,0,variant_2
7958,ASSEMBLY_1_3,LINE_3_ASSEMBLY1,28064.17314342692,3.6982104177768633,2,3.6982104177768633,3.6982104177768633,136.28162178384446,37,28060.474933009144,28200.454765210765,experiment,FIFO,0.28,0,variant_2
7958,ASSEMBLY_2_1,ASSEMBLY2_LINE_1,28162.1182922858,4.438034638053068,3,97.94514885887838,101.64335927665525,38.336472924966074,27,28060.474933009144,28200.454765210765,experiment,FIFO,0.28,0,variant_2
7958,SORTING,SORTING_ROBOT_1,28179.37188019675,0.39721490801821346,4,17.253587910952774,118.89694718760802,21.0828850140133,24,28060.474933009144,28200.454765210765,experiment,FIFO,0.28,0,variant_2
7958,PACKAGING_3,PACKAGING_LINE_3,28180.37171546452,0.4656577448149619,5,0.9998352677685034,119.89678245537652,20.083049746244797,24,28060.474933009144,28200.454765210765,experiment,FIFO,0.28,0,variant_2
7958,INSPECTION_1_1,INSPECTION_1_1_LINE,28183.81921028528,2.8240593777045433,6,3.4474948207607667,123.34427727613729,16.63555492548403,26,28060.474933009144,28200.454765210765,experiment,FIFO,0.28,0,variant_2
7958,INSPECTION_1_2,INSPECTION_1_2_LINE,28184.87185087428,1.0526405889977468,7,1.0526405889977468,124.39691786513504,15.582914336486283,26,28060.474933009144,28200.454765210765,experiment,FIFO,0.28,0,variant_2
7958,INSPECTION_1_3,INSPECTION_1_3_LINE,28185.87622669412,0.21514845923593384,8,1.0043758198407886,125.40129368497583,14.578538516645494,26,28060.474933009144,28200.454765210765,experiment,FIFO,0.28,0,variant_2
7958,INSPECTION_1_4,INSPECTION_1_4_LINE,28189.58261429124,0.416492371030472,9,3.7063875971216476,129.10768128209747,10.872150919523847,24,28060.474933009144,28200.454765210765,experiment,FIFO,0.28,0,variant_2
7958,INSPECTION_1_5,INSPECTION_1_5_LINE,28193.90230920297,0.40849335038728896,10,4.319694911730039,133.4273761938275,6.552456007793808,24,28060.474933009144,28200.454765210765,experiment,FIFO,0.28,0,variant_2
7958,INSPECTION_1_6,INSPECTION_1_6_LINE,28196.83325897816,2.9309497751892195,11,2.9309497751892195,136.35832596901673,3.621506232604588,25,28060.474933009144,28200.454765210765,experiment,FIFO,0.28,0,variant_2
7958,INSPECTION_1_7,INSPECTION_1_7_LINE,28200.454765210765,3.553682788795413,12,3.621506232604588,139.97983220162132,0.0,23,28060.474933009144,28200.454765210765,experiment,FIFO,0.28,0,variant_2
7959,MOULDING_2,MOULDING_MACHINE_2,28061.782110694112,1.487972346625611,1,0.0,0.0,140.42336181408245,37,28061.782110694112,28202.205472508194,experiment,FIFO,0.28,0,variant_4
7959,ASSEMBLY_1_5,LINE_5_ASSEMBLY1,28065.03328952656,3.251178832448204,2,3.251178832448204,3.251178832448204,137.17218298163425,37,28061.782110694112,28202.205472508194,experiment,FIFO,0.28,0,variant_4
7959,ASSEMBLY_2_1,ASSEMBLY2_LINE_1,28172.013765872704,9.8954735869047,3,106.9804763461434,110.23165517859161,30.191706635490846,24,28061.782110694112,28202.205472508194,experiment,FIFO,0.28,0,variant_4
7959,SORTING,SORTING_ROBOT_1,28179.871285304263,0.49940510751184775,4,7.857519431559922,118.08917461015153,22.334187203930924,24,28061.782110694112,28202.205472508194,experiment,FIFO,0.28,0,variant_4
7959,PACKAGING_1,PACKAGING_LINE_1,28186.792383133743,3.5148780514246027,5,6.9210978294795495,125.01027243963108,15.413089374451374,25,28061.782110694112,28202.205472508194,experiment,FIFO,0.28,0,variant_4
7959,INSPECTION_1_1,INSPECTION_1_1_LINE,28187.25816784996,0.4657847162161488,6,0.4657847162161488,125.47605715584723,14.947304658235225,25,28061.782110694112,28202.205472508194,experiment,FIFO,0.28,0,variant_4
7959,INSPECTION_1_2,INSPECTION_1_2_LINE,28187.27246040288,0.014292552921688184,7,0.014292552921688184,125.49034970876892,14.933012105313537,25,28061.782110694112,28202.205472508194,experiment,FIFO,0.28,0,variant_4
7959,INSPECTION_1_3,INSPECTION_1_3_LINE,28187.309076375408,0.03661597252721549,8,0.03661597252721549,125.52696568129613,14.896396132786322,25,28061.782110694112,28202.205472508194,experiment,FIFO,0.28,0,variant_4
7959,INSPECTION_1_4,INSPECTION_1_4_LINE,28191.6278780752,2.0452637839589443,9,4.318801699791948,129.84576738108808,10.577594432994374,24,28061.782110694112,28202.205472508194,experiment,FIFO,0.28,0,variant_4
7959,INSPECTION_1_5,INSPECTION_1_5_LINE,28194.30391152776,0.4016023247895646,10,2.6760334525606595,132.52180083364874,7.901560980433715,24,28061.782110694112,28202.205472508194,experiment,FIFO,0.28,0,variant_4
7959,INSPECTION_1_6,INSPECTION_1_6_LINE,28198.69917082752,1.8659118493596907,11,4.395259299759346,136.91706013340809,3.506301680674369,24,28061.782110694112,28202.205472508194,experiment,FIFO,0.28,0,variant_4
7959,INSPECTION_1_7,INSPECTION_1_7_LINE,28202.205472508194,1.7507072974294715,12,3.506301680674369,140.42336181408245,0.0,22,28061.782110694112,28202.205472508194,experiment,FIFO,0.28,0,variant_4
7960,MOULDING_3,MOULDING_MACHINE_3,28073.92175142752,8.380983206046949,1,0.0,0.0,71.85465412124177,38,28073.92175142752,28145.77640554876,experiment,FIFO,0.28,0,variant_5
7960,ASSEMBLY_1_4,LINE_4_ASSEMBLY1,28087.05300876623,13.131257338711293,2,13.131257338711293,13.131257338711293,58.72339678253047,36,28073.92175142752,28145.77640554876,experiment,FIFO,0.28,0,variant_5
7960,ASSEMBLY_2_2,ASSEMBLY2_LINE_2,28103.94264796,0.6442275239896844,3,16.889639193770563,30.020896532481856,41.83375758875991,36,28073.92175142752,28145.77640554876,experiment,FIFO,0.28,0,variant_5
7960,SORTING,SORTING_ROBOT_1,28117.897817691137,1.666735041890206,4,13.955169731136266,43.97606626361812,27.878587857623643,35,28073.92175142752,28145.77640554876,experiment,FIFO,0.28,0,variant_5
7960,PACKAGING_3,PACKAGING_LINE_3,28119.750265743623,1.8524480524865794,5,1.8524480524865794,45.8285143161047,26.026139805137063,33,28073.92175142752,28145.77640554876,experiment,FIFO,0.28,0,variant_5
7960,INSPECTION_1_1,INSPECTION_1_1_LINE,28120.510653718906,0.5680368621760863,6,0.7603879752823559,46.58890229138706,25.265751829854707,33,28073.92175142752,28145.77640554876,experiment,FIFO,0.28,0,variant_5
7960,INSPECTION_1_2,INSPECTION_1_2_LINE,28125.177938172743,0.28028400427501765,7,4.6672844538370555,51.25618674522411,20.598467376017652,30,28073.92175142752,28145.77640554876,experiment,FIFO,0.28,0,variant_5
7960,INSPECTION_1_3,INSPECTION_1_3_LINE,28128.520829910525,0.9782396897535364,8,3.342891737782338,54.59907848300645,17.255575638235314,30,28073.92175142752,28145.77640554876,experiment,FIFO,0.28,0,variant_5
7960,INSPECTION_1_4,INSPECTION_1_4_LINE,28136.2423693822,3.409183778541774,9,7.721539471673168,62.32061795467962,9.534036166562146,34,28073.92175142752,28145.77640554876,experiment,FIFO,0.28,0,variant_5
7960,INSPECTION_1_5,INSPECTION_1_5_LINE,28142.995698645183,6.753329262985062,10,6.753329262985062,69.07394721766468,2.7807069035770837,34,28073.92175142752,28145.77640554876,experiment,FIFO,0.28,0,variant_5
7960,INSPECTION_1_6,INSPECTION_1_6_LINE,28144.798074106824,1.8023754616406222,11,1.8023754616406222,70.8763226793053,0.9783314419364615,34,28073.92175142752,28145.77640554876,experiment,FIFO,0.28,0,variant_5
7960,INSPECTION_1_7,INSPECTION_1_7_LINE,28145.77640554876,0.9783314419364615,12,0.9783314419364615,71.85465412124177,0.0,33,28073.92175142752,28145.77640554876,experiment,FIFO,0.28,0,variant_5
7961,MOULDING_4,MOULDING_MACHINE_4,28068.675646014875,2.334775247501966,1,0.0,0.0,95.5497298629598,38,28068.675646014875,28164.225375877835,experiment,FIFO,0.28,0,variant_3
7961,ASSEMBLY_1_5,LINE_5_ASSEMBLY1,28077.687342153287,7.594963290968735,2,9.011696138411935,9.011696138411935,86.53803372454786,36,28068.675646014875,28164.225375877835,experiment,FIFO,0.28,0,variant_3
7961,ASSEMBLY_2_2,ASSEMBLY2_LINE_2,28103.29842043601,12.867454684062977,3,25.61107828272361,34.622774421135546,60.92695544182425,36,28068.675646014875,28164.225375877835,experiment,FIFO,0.28,0,variant_3
7961,SORTING,SORTING_ROBOT_1,28116.231082649247,0.6171162375176209,4,12.932662213235744,47.55543663437129,47.9942932285885,35,28068.675646014875,28164.225375877835,experiment,FIFO,0.28,0,variant_3
7961,SORTING,SORTING_ROBOT_1,28132.22563065477,0.9579365303616214,5,15.994548005524848,63.54998463989614,31.999745223063655,32,28068.675646014875,28164.225375877835,experiment,FIFO,0.28,0,variant_3
7961,PACKAGING_3,PACKAGING_LINE_3,28147.791264632982,15.565633978210826,6,15.565633978210826,79.11561861810696,16.43411124485283,28,28068.675646014875,28164.225375877835,experiment,FIFO,0.28,0,variant_3
7961,INSPECTION_2_1,INSPECTION_2_1_LINE,28152.273735844137,1.7292418070064741,7,4.482471211154916,83.59808982926188,11.951640033697913,29,28068.675646014875,28164.225375877835,experiment,FIFO,0.28,0,variant_3
7961,INSPECTION_2_2,INSPECTION_2_2_LINE,28155.33900147712,0.16537733854420367,8,3.0652656329839374,86.66335546224582,8.886374400713976,29,28068.675646014875,28164.225375877835,experiment,FIFO,0.28,0,variant_3
7961,INSPECTION_2_3,INSPECTION_2_3_LINE,28159.026671191503,2.3396457098715473,9,3.6876697143816273,90.35102517662745,5.1987046863323485,28,28068.675646014875,28164.225375877835,experiment,FIFO,0.28,0,variant_3
7961,INSPECTION_2_4,INSPECTION_2_4_LINE,28159.54855672442,0.5218855329185317,10,0.5218855329185317,90.87291070954598,4.676819153413817,27,28068.675646014875,28164.225375877835,experiment,FIFO,0.28,0,variant_3
7961,INSPECTION_2_5,INSPECTION_2_5_LINE,28161.40260271254,1.8540459881187417,11,1.8540459881187417,92.72695669766472,2.822773165295075,27,28068.675646014875,28164.225375877835,experiment,FIFO,0.28,0,variant_3
7961,INSPECTION_2_6,INSPECTION_2_6_LINE,28162.67517252648,1.2725698139402084,12,1.2725698139402084,93.99952651160493,1.5502033513548668,27,28068.675646014875,28164.225375877835,experiment,FIFO,0.28,0,variant_3
7961,INSPECTION_2_7,INSPECTION_2_7_LINE,28164.225375877835,1.5502033513548668,13,1.5502033513548668,95.5497298629598,0.0,26,28068.675646014875,28164.225375877835,experiment,FIFO,0.28,0,variant_3
7962,MOULDING_5,MOULDING_MACHINE_5,28068.76584046728,0.9924663972306007,1,0.0,0.0,150.78682807024234,39,28068.76584046728,28219.552668537523,experiment,FIFO,0.28,0,variant_5
7962,ASSEMBLY_1_5,LINE_5_ASSEMBLY1,28090.44352669772,12.756184544432472,2,21.677686230439576,21.677686230439576,129.10914183980276,37,28068.76584046728,28219.552668537523,experiment,FIFO,0.28,0,variant_5
7962,ASSEMBLY_2_1,ASSEMBLY2_LINE_1,28193.922160147424,0.3116245709134091,3,103.47863344970392,125.1563196801435,25.63050839009884,24,28068.76584046728,28219.552668537523,experiment,FIFO,0.28,0,variant_5
7962,SORTING,SORTING_ROBOT_1,28208.024511191645,0.5282724604439863,4,14.102351044220995,139.2586707243645,11.528157345877844,22,28068.76584046728,28219.552668537523,experiment,FIFO,0.28,0,variant_5
7962,PACKAGING_1,PACKAGING_LINE_1,28210.08778606322,2.063274871576141,5,2.063274871576141,141.32194559594063,9.464882474301703,22,28068.76584046728,28219.552668537523,experiment,FIFO,0.28,0,variant_5
7962,INSPECTION_2_1,INSPECTION_2_1_LINE,28210.23595831708,0.14817225385922939,6,0.14817225385922939,141.47011784979986,9.316710220442474,22,28068.76584046728,28219.552668537523,experiment,FIFO,0.28,0,variant_5
7962,INSPECTION_2_2,INSPECTION_2_2_LINE,28210.67732804097,0.4413697238887835,7,0.4413697238887835,141.91148757368865,8.87534049655369,22,28068.76584046728,28219.552668537523,experiment,FIFO,0.28,0,variant_5
7962,INSPECTION_2_3,INSPECTION_2_3_LINE,28210.959878492,0.28255045103287557,8,0.28255045103287557,142.19403802472152,8.592790045520815,22,28068.76584046728,28219.552668537523,experiment,FIFO,0.28,0,variant_5
7962,INSPECTION_2_3,INSPECTION_2_3_LINE,28211.62634065063,0.6664621586278372,9,0.6664621586278372,142.86050018334936,7.926327886892977,22,28068.76584046728,28219.552668537523,experiment,FIFO,0.28,0,variant_5
7962,INSPECTION_2_3,INSPECTION_2_3_LINE,28212.975593922303,1.3492532716736605,10,1.3492532716736605,144.20975345502302,6.577074615219317,23,28068.76584046728,28219.552668537523,experiment,FIFO,0.28,0,variant_5
7962,INSPECTION_2_4,INSPECTION_2_4_LINE,28214.85894908413,0.8879480304822209,11,1.88335516182633,146.09310861684935,4.693719453392987,22,28068.76584046728,28219.552668537523,experiment,FIFO,0.28,0,variant_5
7962,INSPECTION_2_5,INSPECTION_2_5_LINE,28215.73564581013,0.4603724347143725,12,0.8766967260016827,146.96980534285103,3.817022727391304,22,28068.76584046728,28219.552668537523,experiment,FIFO,0.28,0,variant_5
7962,INSPECTION_2_6,INSPECTION_2_6_LINE,28216.11347154245,0.09684243090305245,13,0.377825732317433,147.34763107516847,3.439196995073871,21,28068.76584046728,28219.552668537523,experiment,FIFO,0.28,0,variant_5
7962,INSPECTION_2_7,INSPECTION_2_7_LINE,28219.552668537523,3.439196995073871,14,3.439196995073871,150.78682807024234,0.0,21,28068.76584046728,28219.552668537523,experiment,FIFO,0.28,0,variant_5
7963,MOULDING_3,MOULDING_MACHINE_3,28080.7682911287,6.846539701182337,1,0.0,0.0,66.77449784697092,36,28080.7682911287,28147.542788975672,experiment,FIFO,0.28,0,variant_1
7963,ASSEMBLY_1_5,LINE_5_ASSEMBLY1,28093.71736715261,3.2738404548908875,2,12.949076023909583,12.949076023909583,53.82542182306133,38,28080.7682911287,28147.542788975672,experiment,FIFO,0.28,0,variant_1
7963,ASSEMBLY_2_2,ASSEMBLY2_LINE_2,28107.20812954267,1.4062223946675658,3,13.49076239005808,26.439838413967664,40.33465943300325,35,28080.7682911287,28147.542788975672,experiment,FIFO,0.28,0,variant_1
7963,SORTING,SORTING_ROBOT_1,28123.8504103035,1.940128530437505,4,16.642280760832364,43.08211917480003,23.69237867217089,29,28080.7682911287,28147.542788975672,experiment,FIFO,0.28,0,variant_1
7963,PACKAGING_2,PACKAGING_LINE_2,28132.433153228085,0.7453569976860308,5,8.582742924583727,51.664862099383754,15.109635747587163,32,28080.7682911287,28147.542788975672,experiment,FIFO,0.28,0,variant_1
7963,INSPECTION_1_1,INSPECTION_1_1_LINE,28135.115013549075,2.6818603209903813,6,2.6818603209903813,54.346722420374135,12.427775426596781,33,28080.7682911287,28147.542788975672,experiment,FIFO,0.28,0,variant_1
7963,INSPECTION_1_2,INSPECTION_1_2_LINE,28135.660511775182,0.5454982261071564,7,0.5454982261071564,54.89222064648129,11.882277200489625,33,28080.7682911287,28147.542788975672,experiment,FIFO,0.28,0,variant_1
7963,INSPECTION_1_3,INSPECTION_1_3_LINE,28138.1212012168,2.4606894416174327,8,2.4606894416174327,57.352910088098724,9.421587758872192,33,28080.7682911287,28147.542788975672,experiment,FIFO,0.28,0,variant_1
7963,INSPECTION_1_4,INSPECTION_1_4_LINE,28138.443030633887,0.32182941708742874,9,0.32182941708742874,57.67473950518615,9.099758341784764,33,28080.7682911287,28147.542788975672,experiment,FIFO,0.28,0,variant_1
7963,INSPECTION_1_5,INSPECTION_1_5_LINE,28144.463268963493,1.2737819484791544,10,6.02023832960549,63.69497783479164,3.079520012179273,34,28080.7682911287,28147.542788975672,experiment,FIFO,0.28,0,variant_1
7963,INSPECTION_1_6,INSPECTION_1_6_LINE,28146.86191833622,0.3838918882975122,11,2.3986493727279594,66.0936272075196,0.6808706394513138,31,28080.7682911287,28147.542788975672,experiment,FIFO,0.28,0,variant_1
7963,INSPECTION_1_7,INSPECTION_1_7_LINE,28147.542788975672,0.6057700271085196,12,0.6808706394513138,66.77449784697092,0.0,29,28080.7682911287,28147.542788975672,experiment,FIFO,0.28,0,variant_1
7964,MOULDING_2,MOULDING_MACHINE_2,28073.44062050182,0.20571317380381515,1,0.0,0.0,142.63174981117845,37,28073.44062050182,28216.072370313,experiment,FIFO,0.28,0,variant_4
7964,ASSEMBLY_1_1,LINE_1_ASSEMBLY1,28077.03460389127,3.5939833894481126,2,3.5939833894481126,3.5939833894481126,139.03776642173034,36,28073.44062050182,28216.072370313,experiment,FIFO,0.28,0,variant_4
7964,ASSEMBLY_2_1,ASSEMBLY2_LINE_1,28193.61053557651,5.95056180742904,3,116.57593168524181,120.16991507468992,22.461834736488527,24,28073.44062050182,28216.072370313,experiment,FIFO,0.28,0,variant_4
7964,SORTING,SORTING_ROBOT_1,28207.4962387312,5.100779885229713,4,13.885703154690418,134.05561822938034,8.576131581798109,22,28073.44062050182,28216.072370313,experiment,FIFO,0.28,0,variant_4
7964,PACKAGING_2,PACKAGING_LINE_2,28207.780713472835,0.28447474163476727,5,0.28447474163476727,134.3400929710151,8.291656840163341,22,28073.44062050182,28216.072370313,experiment,FIFO,0.28,0,variant_4
7964,INSPECTION_2_1,INSPECTION_2_1_LINE,28208.453596898235,0.6728834253990499,6,0.6728834253990499,135.01297639641416,7.618773414764291,22,28073.44062050182,28216.072370313,experiment,FIFO,0.28,0,variant_4
7964,INSPECTION_2_2,INSPECTION_2_2_LINE,28208.683589300505,0.22999240226999973,7,0.22999240226999973,135.24296879868416,7.388781012494292,22,28073.44062050182,28216.072370313,experiment,FIFO,0.28,0,variant_4
7964,INSPECTION_2_3,INSPECTION_2_3_LINE,28210.523987346845,1.8403980463408516,8,1.8403980463408516,137.083366845025,5.54838296615344,22,28073.44062050182,28216.072370313,experiment,FIFO,0.28,0,variant_4
7964,INSPECTION_2_4,INSPECTION_2_4_LINE,28213.971001053647,3.447013706801954,9,3.447013706801954,140.53038055182697,2.101369259351486,21,28073.44062050182,28216.072370313,experiment,FIFO,0.28,0,variant_4
7964,INSPECTION_2_5,INSPECTION_2_5_LINE,28215.275273375417,1.3042723217695311,10,1.3042723217695311,141.8346528735965,0.797096937581955,22,28073.44062050182,28216.072370313,experiment,FIFO,0.28,0,variant_4
7964,INSPECTION_2_6,INSPECTION_2_6_LINE,28216.016629111546,0.741355736128753,11,0.741355736128753,142.57600860972525,0.05574120145320194,22,28073.44062050182,28216.072370313,experiment,FIFO,0.28,0,variant_4
7964,INSPECTION_2_7,INSPECTION_2_7_LINE,28216.072370313,0.05574120145320194,12,0.05574120145320194,142.63174981117845,0.0,21,28073.44062050182,28216.072370313,experiment,FIFO,0.28,0,variant_4
7965,MOULDING_1,MOULDING_MACHINE_1,28089.642833419835,15.391094900274766,1,0.0,0.0,138.6439912674541,37,28089.642833419835,28228.28682468729,experiment,FIFO,0.28,0,variant_6
7965,ASSEMBLY_1_2,LINE_2_ASSEMBLY1,28094.39372054634,2.704741677003767,2,4.750887126505404,4.750887126505404,133.8931041409487,37,28089.642833419835,28228.28682468729,experiment,FIFO,0.28,0,variant_6
7965,ASSEMBLY_2_1,ASSEMBLY2_LINE_1,28206.905376200208,12.08740512114673,3,112.51165565386691,117.26254278037231,21.381448487081798,22,28089.642833419835,28228.28682468729,experiment,FIFO,0.28,0,variant_6
7965,SORTING,SORTING_ROBOT_1,28214.51259842255,0.7163238351313339,4,7.607222222341079,124.8697650027134,13.774226264740719,22,28089.642833419835,28228.28682468729,experiment,FIFO,0.28,0,variant_6
7965,PACKAGING_3,PACKAGING_LINE_3,28216.12366782092,1.6110693983719102,5,1.6110693983719102,126.4808344010853,12.163156866368809,21,28089.642833419835,28228.28682468729,experiment,FIFO,0.28,0,variant_6
7965,INSPECTION_1_1,INSPECTION_1_1_LINE,28220.28678059816,0.6207619157685258,6,4.163112777237984,130.6439471783233,8.000044089130824,21,28089.642833419835,28228.28682468729,experiment,FIFO,0.28,0,variant_6
7965,INSPECTION_1_2,INSPECTION_1_2_LINE,28222.21134794145,1.9245673432924377,7,1.9245673432924377,132.56851452161573,6.075476745838387,21,28089.642833419835,28228.28682468729,experiment,FIFO,0.28,0,variant_6
7965,INSPECTION_1_3,INSPECTION_1_3_LINE,28223.48788636232,1.2765384208687465,8,1.2765384208687465,133.84505294248447,4.79893832496964,20,28089.642833419835,28228.28682468729,experiment,FIFO,0.28,0,variant_6
7965,INSPECTION_1_4,INSPECTION_1_4_LINE,28223.687908973272,0.20002261095214635,9,0.20002261095214635,134.04507555343662,4.598915714017494,20,28089.642833419835,28228.28682468729,experiment,FIFO,0.28,0,variant_6
7965,INSPECTION_1_5,INSPECTION_1_5_LINE,28227.290327699782,3.6024187265102228,10,3.6024187265102228,137.64749427994684,0.9964969875072711,18,28089.642833419835,28228.28682468729,experiment,FIFO,0.28,0,variant_6
7965,INSPECTION_1_6,INSPECTION_1_6_LINE,28228.064038622306,0.7737109225236054,11,0.7737109225236054,138.42120520247045,0.2227860649836657,18,28089.642833419835,28228.28682468729,experiment,FIFO,0.28,0,variant_6
7965,INSPECTION_1_7,INSPECTION_1_7_LINE,28228.28682468729,0.2227860649836657,12,0.2227860649836657,138.6439912674541,0.0,17,28089.642833419835,28228.28682468729,experiment,FIFO,0.28,0,variant_6
7966,MOULDING_1,MOULDING_MACHINE_1,28089.973810586765,0.33097716693009716,1,0.0,0.0,75.8489487053157,37,28089.973810586765,28165.82275929208,experiment,FIFO,0.28,0,variant_2
7966,ASSEMBLY_1_2,LINE_2_ASSEMBLY1,28113.63762777732,19.243907230978948,2,23.663817190554255,23.663817190554255,52.18513151476145,34,28089.973810586765,28165.82275929208,experiment,FIFO,0.28,0,variant_2
7966,ASSEMBLY_2_2,ASSEMBLY2_LINE_2,28120.058628850435,6.421001073114894,3,6.421001073114894,30.08481826366915,45.76413044164656,33,28089.973810586765,28165.82275929208,experiment,FIFO,0.28,0,variant_2
7966,SORTING,SORTING_ROBOT_1,28132.50119821248,0.2755675577100192,4,12.442569362046925,42.527387625716074,33.32156107959963,32,28089.973810586765,28165.82275929208,experiment,FIFO,0.28,0,variant_2
7966,PACKAGING_3,PACKAGING_LINE_3,28148.31457000802,0.523305375038035,5,15.813371795538842,58.340759421254916,17.50818928406079,28,28089.973810586765,28165.82275929208,experiment,FIFO,0.28,0,variant_2
7966,INSPECTION_2_1,INSPECTION_2_1_LINE,28154.68248328668,2.4087474425432447,6,6.367913278660126,64.70867269991504,11.140276005400665,29,28089.973810586765,28165.82275929208,experiment,FIFO,0.28,0,variant_2
7966,INSPECTION_2_2,INSPECTION_2_2_LINE,28156.64597855533,1.3069770782094565,7,1.9634952686501492,66.67216796856519,9.176780736750516,29,28089.973810586765,28165.82275929208,experiment,FIFO,0.28,0,variant_2
7966,INSPECTION_2_3,INSPECTION_2_3_LINE,28159.28723100157,0.26055981006720685,8,2.6412524462393776,69.31342041480457,6.535528290511138,27,28089.973810586765,28165.82275929208,experiment,FIFO,0.28,0,variant_2
7966,INSPECTION_2_4,INSPECTION_2_4_LINE,28159.66309283799,0.11453611356773763,9,0.37586183641906246,69.68928225122363,6.159666454092076,27,28089.973810586765,28165.82275929208,experiment,FIFO,0.28,0,variant_2
7966,INSPECTION_2_5,INSPECTION_2_5_LINE,28161.463584585537,0.06098187299721758,10,1.8004917475482216,71.48977399877185,4.359174706543854,27,28089.973810586765,28165.82275929208,experiment,FIFO,0.28,0,variant_2
7966,INSPECTION_2_6,INSPECTION_2_6_LINE,28164.95789588589,2.2827233594107383,11,3.494311300353729,74.98408529912558,0.8648634061901248,26,28089.973810586765,28165.82275929208,experiment,FIFO,0.28,0,variant_2
7966,INSPECTION_2_7,INSPECTION_2_7_LINE,28165.82275929208,0.8648634061901248,12,0.8648634061901248,75.8489487053157,0.0,25,28089.973810586765,28165.82275929208,experiment,FIFO,0.28,0,variant_2
7967,MOULDING_4,MOULDING_MACHINE_4,28086.182178385472,7.258316024621308,1,0.0,0.0,60.47825065704819,37,28086.182178385472,28146.66042904252,experiment,FIFO,0.28,0,variant_3
7967,ASSEMBLY_1_2,LINE_2_ASSEMBLY1,28091.688978869337,5.506800483864936,2,5.506800483864936,5.506800483864936,54.97145017318326,37,28086.182178385472,28146.66042904252,experiment,FIFO,0.28,0,variant_3
7967,ASSEMBLY_2_2,ASSEMBLY2_LINE_2,28105.801907148,1.8592591880005784,3,14.112928278664185,19.61972876252912,40.85852189451907,35,28086.182178385472,28146.66042904252,experiment,FIFO,0.28,0,variant_3
7967,SORTING,SORTING_ROBOT_1,28121.910281773064,4.012464081926737,4,16.108374625062424,35.728103387591545,24.750147269456647,30,28086.182178385472,28146.66042904252,experiment,FIFO,0.28,0,variant_3
7967,PACKAGING_1,PACKAGING_LINE_1,28126.228222988822,4.317941215758765,5,4.317941215758765,40.04604460335031,20.432206053697882,31,28086.182178385472,28146.66042904252,experiment,FIFO,0.28,0,variant_3
7967,INSPECTION_1_1,INSPECTION_1_1_LINE,28126.253317041268,0.025094052445638226,6,0.025094052445638226,40.07113865579595,20.407112001252244,31,28086.182178385472,28146.66042904252,experiment,FIFO,0.28,0,variant_3
7967,INSPECTION_1_2,INSPECTION_1_2_LINE,28126.321605613168,0.06828857189975679,7,0.06828857189975679,40.139427227695705,20.338823429352487,31,28086.182178385472,28146.66042904252,experiment,FIFO,0.28,0,variant_3
7967,INSPECTION_1_3,INSPECTION_1_3_LINE,28129.167155731648,0.6463258211224456,8,2.8455501184798777,42.98497734617558,17.49327331087261,30,28086.182178385472,28146.66042904252,experiment,FIFO,0.28,0,variant_3
7967,INSPECTION_1_4,INSPECTION_1_4_LINE,28136.60078655503,0.35841717283256,9,7.433630823383282,50.418608169558865,10.059642487489327,34,28086.182178385472,28146.66042904252,experiment,FIFO,0.28,0,variant_3
7967,INSPECTION_1_5,INSPECTION_1_5_LINE,28143.07425480476,0.07855615957669215,10,6.473468249729194,56.89207641928806,3.586174237760133,34,28086.182178385472,28146.66042904252,experiment,FIFO,0.28,0,variant_3
7967,INSPECTION_1_6,INSPECTION_1_6_LINE,28145.66934423642,0.8712701295953593,11,2.5950894316592894,59.48716585094735,0.9910848061008437,34,28086.182178385472,28146.66042904252,experiment,FIFO,0.28,0,variant_3
7967,INSPECTION_1_7,INSPECTION_1_7_LINE,28146.66042904252,0.8840234937597415,12,0.9910848061008437,60.47825065704819,0.0,31,28086.182178385472,28146.66042904252,experiment,FIFO,0.28,0,variant_3
7968,MOULDING_5,MOULDING_MACHINE_5,28087.481583393663,6.649142697871866,1,0.0,0.0,134.7636579737482,37,28087.481583393663,28222.24524136741,experiment,FIFO,0.28,0,variant_4
7968,ASSEMBLY_1_3,LINE_3_ASSEMBLY1,28094.18703781384,6.705454420178285,2,6.705454420178285,6.705454420178285,128.0582035535699,37,28087.481583393663,28222.24524136741,experiment,FIFO,0.28,0,variant_4
7968,ASSEMBLY_2_1,ASSEMBLY2_LINE_1,28194.81797107906,0.8958109316372429,3,100.63093326521994,107.33638768539822,27.427270288349973,24,28087.481583393663,28222.24524136741,experiment,FIFO,0.28,0,variant_4
7968,SORTING,SORTING_ROBOT_1,28212.47625261002,3.311154554350651,4,17.658281530959357,124.99466921635758,9.768988757390616,23,28087.481583393663,28222.24524136741,experiment,FIFO,0.28,0,variant_4
7968,PACKAGING_3,PACKAGING_LINE_3,28214.1335667523,1.6573141422813933,5,1.6573141422813933,126.65198335863897,8.111674615109223,21,28087.481583393663,28222.24524136741,experiment,FIFO,0.28,0,variant_4
7968,INSPECTION_1_1,INSPECTION_1_1_LINE,28214.52695761831,0.3933908660073939,6,0.3933908660073939,127.04537422464637,7.718283749101829,22,28087.481583393663,28222.24524136741,experiment,FIFO,0.28,0,variant_4
7968,INSPECTION_1_2,INSPECTION_1_2_LINE,28215.041638371247,0.5146807529381476,7,0.5146807529381476,127.56005497758451,7.203602996163681,22,28087.481583393663,28222.24524136741,experiment,FIFO,0.28,0,variant_4
7968,INSPECTION_1_3,INSPECTION_1_3_LINE,28215.86141754272,0.8197791714737832,8,0.8197791714737832,128.3798341490583,6.383823824689898,22,28087.481583393663,28222.24524136741,experiment,FIFO,0.28,0,variant_4
7968,INSPECTION_1_4,INSPECTION_1_4_LINE,28217.051856238737,1.1904386960159172,9,1.1904386960159172,129.57027284507421,5.193385128673981,22,28087.481583393663,28222.24524136741,experiment,FIFO,0.28,0,variant_4
7968,INSPECTION_1_5,INSPECTION_1_5_LINE,28219.237420623736,2.185564384999452,10,2.185564384999452,131.75583723007367,3.007820743674529,22,28087.481583393663,28222.24524136741,experiment,FIFO,0.28,0,variant_4
7968,INSPECTION_1_6,INSPECTION_1_6_LINE,28221.855923157807,2.6185025340710126,11,2.6185025340710126,134.37433976414468,0.38931820960351615,21,28087.481583393663,28222.24524136741,experiment,FIFO,0.28,0,variant_4
7968,INSPECTION_1_7,INSPECTION_1_7_LINE,28222.24524136741,0.38931820960351615,12,0.38931820960351615,134.7636579737482,0.0,20,28087.481583393663,28222.24524136741,experiment,FIFO,0.28,0,variant_4
7969,MOULDING_4,MOULDING_MACHINE_4,28092.7184966068,5.173448550092871,1,0.0,0.0,55.02414632883665,38,28092.7184966068,28147.74264293564,experiment,FIFO,0.28,0,variant_4
7969,ASSEMBLY_1_3,LINE_3_ASSEMBLY1,28105.245581092546,11.058543278704747,2,12.527084485744126,12.527084485744126,42.497061843092524,35,28092.7184966068,28147.74264293564,experiment,FIFO,0.28,0,variant_4
7969,ASSEMBLY_2_2,ASSEMBLY2_LINE_2,28108.954181579647,1.7460520369786536,3,3.7086004871016485,16.235684972845775,38.788461355990876,35,28092.7184966068,28147.74264293564,experiment,FIFO,0.28,0,variant_4
7969,SORTING,SORTING_ROBOT_1,28131.26769412441,7.417283820908779,4,22.31351254476249,38.54919751760826,16.474948811228387,32,28092.7184966068,28147.74264293564,experiment,FIFO,0.28,0,variant_4
7969,PACKAGING_1,PACKAGING_LINE_1,28133.22448554242,1.9567914180115622,5,1.9567914180115622,40.505988935619825,14.518157393216825,32,28092.7184966068,28147.74264293564,experiment,FIFO,0.28,0,variant_4
7969,INSPECTION_1_1,INSPECTION_1_1_LINE,28135.475724271128,0.3607107220523176,6,2.2512387287060847,42.75722766432591,12.26691866451074,33,28092.7184966068,28147.74264293564,experiment,FIFO,0.28,0,variant_4
7969,INSPECTION_1_2,INSPECTION_1_2_LINE,28136.05225012831,0.39173835312612937,7,0.5765258571809682,43.33375352150688,11.690392807329772,33,28092.7184966068,28147.74264293564,experiment,FIFO,0.28,0,variant_4
7969,INSPECTION_1_3,INSPECTION_1_3_LINE,28142.443977246487,4.322776029686793,8,6.391727118178096,49.725480639684974,5.298665689151676,34,28092.7184966068,28147.74264293564,experiment,FIFO,0.28,0,variant_4
7969,INSPECTION_1_4,INSPECTION_1_4_LINE,28143.344896372168,0.9009191256809572,9,0.9009191256809572,50.62639976536593,4.397746563470719,34,28092.7184966068,28147.74264293564,experiment,FIFO,0.28,0,variant_4
7969,INSPECTION_1_5,INSPECTION_1_5_LINE,28144.97645618376,0.5131872202655359,10,1.631559811590705,52.25795957695664,2.7661867518800136,34,28092.7184966068,28147.74264293564,experiment,FIFO,0.28,0,variant_4
7969,INSPECTION_1_6,INSPECTION_1_6_LINE,28147.15744532062,0.295526984398748,11,2.1809891368611716,54.43894871381781,0.585197615018842,30,28092.7184966068,28147.74264293564,experiment,FIFO,0.28,0,variant_4
7969,INSPECTION_1_7,INSPECTION_1_7_LINE,28147.74264293564,0.1998539599662763,12,0.585197615018842,55.02414632883665,0.0,28,28092.7184966068,28147.74264293564,experiment,FIFO,0.28,0,variant_4
7970,MOULDING_5,MOULDING_MACHINE_5,28102.472997900983,0.10766118232277222,1,0.0,0.0,43.803824911869015,36,28102.472997900983,28146.27682281285,experiment,FIFO,0.28,0,variant_4
7970,ASSEMBLY_1_5,LINE_5_ASSEMBLY1,28115.17924521054,12.706247309557511,2,12.706247309557511,12.706247309557511,31.097577602311503,34,28102.472997900983,28146.27682281285,experiment,FIFO,0.28,0,variant_4
7970,ASSEMBLY_2_2,ASSEMBLY2_LINE_2,28121.14895796396,1.090329113525513,3,5.969712753420026,18.675960062977538,25.127864848891477,31,28102.472997900983,28146.27682281285,experiment,FIFO,0.28,0,variant_4
7970,SORTING,SORTING_ROBOT_1,28133.48004287805,0.9788446655693406,4,12.331084914090752,31.00704497706829,12.796779934800725,32,28102.472997900983,28146.27682281285,experiment,FIFO,0.28,0,variant_4
7970,PACKAGING_2,PACKAGING_LINE_2,28138.42885676496,4.948813886909193,5,4.948813886909193,35.95585886397748,7.847966047891532,33,28102.472997900983,28146.27682281285,experiment,FIFO,0.28,0,variant_4
7970,INSPECTION_2_1,INSPECTION_2_1_LINE,28138.78383429297,0.35497752801165916,6,0.35497752801165916,36.31083639198914,7.492988519879873,32,28102.472997900983,28146.27682281285,experiment,FIFO,0.28,0,variant_4
7970,INSPECTION_2_2,INSPECTION_2_2_LINE,28138.98406477824,0.20023048526854836,7,0.20023048526854836,36.51106687725769,7.2927580346113245,32,28102.472997900983,28146.27682281285,experiment,FIFO,0.28,0,variant_4
7970,INSPECTION_2_3,INSPECTION_2_3_LINE,28142.70551287412,3.7214480958791682,8,3.7214480958791682,40.23251497313686,3.5713099387321563,34,28102.472997900983,28146.27682281285,experiment,FIFO,0.28,0,variant_4
7970,INSPECTION_2_4,INSPECTION_2_4_LINE,28142.86955311113,0.1640402370103402,9,0.1640402370103402,40.3965552101472,3.407269701721816,34,28102.472997900983,28146.27682281285,experiment,FIFO,0.28,0,variant_4
7970,INSPECTION_2_5,INSPECTION_2_5_LINE,28145.923394852296,3.053841741166252,10,3.053841741166252,43.45039695131345,0.3534279605555639,33,28102.472997900983,28146.27682281285,experiment,FIFO,0.28,0,variant_4
7970,INSPECTION_2_6,INSPECTION_2_6_LINE,28146.220253631724,0.29685877942756633,11,0.29685877942756633,43.74725573074102,0.05656918112799758,33,28102.472997900983,28146.27682281285,experiment,FIFO,0.28,0,variant_4
7970,INSPECTION_2_7,INSPECTION_2_7_LINE,28146.27682281285,0.05656918112799758,12,0.05656918112799758,43.803824911869015,0.0,32,28102.472997900983,28146.27682281285,experiment,FIFO,0.28,0,variant_4
7971,MOULDING_2,MOULDING_MACHINE_2,28108.827194645102,2.107304514222051,1,0.0,0.0,50.28816046839711,35,28108.827194645102,28159.1153551135,experiment,FIFO,0.28,0,variant_4
7971,ASSEMBLY_1_4,LINE_4_ASSEMBLY1,28118.43763768685,9.610443041747203,2,9.610443041747203,9.610443041747203,40.677717426649906,34,28108.827194645102,28159.1153551135,experiment,FIFO,0.28,0,variant_4
7971,ASSEMBLY_2_2,ASSEMBLY2_LINE_2,28138.814126544778,6.8669974947370065,3,20.376488857928052,29.986931899675255,20.301228568721854,32,28108.827194645102,28159.1153551135,experiment,FIFO,0.28,0,variant_4
7971,SORTING,SORTING_ROBOT_1,28144.71212226056,2.8429002716693503,4,5.897995715782599,35.884927615457855,14.403232852939254,34,28108.827194645102,28159.1153551135,experiment,FIFO,0.28,0,variant_4
7971,PACKAGING_1,PACKAGING_LINE_1,28151.34901663081,2.0974162040802184,5,6.636894370250957,42.52182198570881,7.7663384826882975,29,28108.827194645102,28159.1153551135,experiment,FIFO,0.28,0,variant_4
7971,INSPECTION_1_1,INSPECTION_1_1_LINE,28153.65658528225,2.307568651438487,6,2.307568651438487,44.8293906371473,5.4587698312498105,29,28108.827194645102,28159.1153551135,experiment,FIFO,0.28,0,variant_4
7971,INSPECTION_1_2,INSPECTION_1_2_LINE,28153.93948523933,0.2828999570810993,7,0.2828999570810993,45.1122905942284,5.175869874168711,29,28108.827194645102,28159.1153551135,experiment,FIFO,0.28,0,variant_4
7971,INSPECTION_1_3,INSPECTION_1_3_LINE,28154.02173195784,0.08224671850985033,8,0.08224671850985033,45.19453731273825,5.093623155658861,29,28108.827194645102,28159.1153551135,experiment,FIFO,0.28,0,variant_4
7971,INSPECTION_1_4,INSPECTION_1_4_LINE,28154.674268088293,0.6525361304520629,9,0.6525361304520629,45.84707344319031,4.441087025206798,29,28108.827194645102,28159.1153551135,experiment,FIFO,0.28,0,variant_4
7971,INSPECTION_1_5,INSPECTION_1_5_LINE,28154.8455271488,0.17125906050569029,10,0.17125906050569029,46.018332503696,4.269827964701108,29,28108.827194645102,28159.1153551135,experiment,FIFO,0.28,0,variant_4
7971,INSPECTION_1_6,INSPECTION_1_6_LINE,28158.81263015406,3.9671030052631977,11,3.9671030052631977,49.9854355089592,0.30272495943791,29,28108.827194645102,28159.1153551135,experiment,FIFO,0.28,0,variant_4
7971,INSPECTION_1_7,INSPECTION_1_7_LINE,28159.1153551135,0.21633437262426014,12,0.30272495943791,50.28816046839711,0.0,27,28108.827194645102,28159.1153551135,experiment,FIFO,0.28,0,variant_4
7972,MOULDING_5,MOULDING_MACHINE_5,28109.08185624656,0.36837294742144877,1,0.0,0.0,58.26927381042333,36,28109.08185624656,28167.351130056984,experiment,FIFO,0.28,0,variant_4
7972,ASSEMBLY_1_1,LINE_1_ASSEMBLY1,28118.055302383666,8.973446137104474,2,8.973446137104474,8.973446137104474,49.295827673318854,34,28109.08185624656,28167.351130056984,experiment,FIFO,0.28,0,variant_4
7972,ASSEMBLY_2_2,ASSEMBLY2_LINE_2,28131.94712905004,10.798171086080401,3,13.891826666374982,22.865272803479456,35.40400100694387,32,28109.08185624656,28167.351130056984,experiment,FIFO,0.28,0,variant_4
7972,SORTING,SORTING_ROBOT_1,28139.47091946055,1.3718924254462763,4,7.523790410508809,30.389063213988265,27.880210596435063,33,28109.08185624656,28167.351130056984,experiment,FIFO,0.28,0,variant_4
7972,PACKAGING_3,PACKAGING_LINE_3,28149.150728143017,0.8361581349963672,5,9.67980868246741,40.068871896455676,18.200401913967653,28,28109.08185624656,28167.351130056984,experiment,FIFO,0.28,0,variant_4
7972,INSPECTION_2_1,INSPECTION_2_1_LINE,28155.069984843045,0.38750155636444106,6,5.9192567000282,45.988128596483875,12.281145213939453,29,28109.08185624656,28167.351130056984,experiment,FIFO,0.28,0,variant_4
7972,INSPECTION_2_2,INSPECTION_2_2_LINE,28159.24979902692,2.6038204715878237,7,4.179814183873532,50.16794278035741,8.101331030065921,27,28109.08185624656,28167.351130056984,experiment,FIFO,0.28,0,variant_4
7972,INSPECTION_2_3,INSPECTION_2_3_LINE,28159.956780948283,0.6695499467132322,8,0.7069819213647861,50.87492470172219,7.394349108701135,26,28109.08185624656,28167.351130056984,experiment,FIFO,0.28,0,variant_4
7972,INSPECTION_2_4,INSPECTION_2_4_LINE,28161.66984543901,1.7130644907265378,9,1.7130644907265378,52.58798919244873,5.6812846179745975,27,28109.08185624656,28167.351130056984,experiment,FIFO,0.28,0,variant_4
7972,INSPECTION_2_5,INSPECTION_2_5_LINE,28162.847257578203,1.1774121391936205,10,1.1774121391936205,53.76540133164235,4.503872478780977,27,28109.08185624656,28167.351130056984,experiment,FIFO,0.28,0,variant_4
7972,INSPECTION_2_6,INSPECTION_2_6_LINE,28166.346734535848,1.3888386499565968,11,3.4994769576442195,57.26487828928657,1.0043955211367575,25,28109.08185624656,28167.351130056984,experiment,FIFO,0.28,0,variant_4
7972,INSPECTION_2_7,INSPECTION_2_7_LINE,28167.351130056984,1.0043955211367575,12,1.0043955211367575,58.26927381042333,0.0,25,28109.08185624656,28167.351130056984,experiment,FIFO,0.28,0,variant_4
7973,MOULDING_5,MOULDING_MACHINE_5,28116.027777850795,0.7528487256713561,1,0.0,0.0,113.08840238213452,35,28116.027777850795,28229.11618023293,experiment,FIFO,0.28,0,variant_4
7973,ASSEMBLY_1_2,LINE_2_ASSEMBLY1,28120.215028983752,4.18725113295659,2,4.18725113295659,4.18725113295659,108.90115124917793,33,28116.027777850795,28229.11618023293,experiment,FIFO,0.28,0,variant_4
7973,ASSEMBLY_2_1,ASSEMBLY2_LINE_1,28220.048143333683,13.14276713347499,3,99.83311434993084,104.02036548288743,9.06803689924709,21,28116.027777850795,28229.11618023293,experiment,FIFO,0.28,0,variant_4
7973,SORTING,SORTING_ROBOT_1,28220.15076208705,0.10261875336800586,4,0.10261875336800586,104.12298423625543,8.965418145879084,21,28116.027777850795,28229.11618023293,experiment,FIFO,0.28,0,variant_4
7973,PACKAGING_1,PACKAGING_LINE_1,28220.55770306625,0.40694097919913474,5,0.40694097919913474,104.52992521545457,8.55847716667995,21,28116.027777850795,28229.11618023293,experiment,FIFO,0.28,0,variant_4
7973,INSPECTION_2_1,INSPECTION_2_1_LINE,28220.99445297617,0.43674990992076346,6,0.43674990992076346,104.96667512537533,8.121727256759186,21,28116.027777850795,28229.11618023293,experiment,FIFO,0.28,0,variant_4
7973,INSPECTION_2_2,INSPECTION_2_2_LINE,28224.690550846062,3.6960978698916733,7,3.6960978698916733,108.662772995267,4.425629386867513,20,28116.027777850795,28229.11618023293,experiment,FIFO,0.28,0,variant_4
7973,INSPECTION_2_3,INSPECTION_2_3_LINE,28225.19593846397,0.5053876179081271,8,0.5053876179081271,109.16816061317513,3.920241768959386,19,28116.027777850795,28229.11618023293,experiment,FIFO,0.28,0,variant_4
7973,INSPECTION_2_4,INSPECTION_2_4_LINE,28225.92826575945,0.7323272954781714,9,0.7323272954781714,109.9004879086533,3.1879144734812144,19,28116.027777850795,28229.11618023293,experiment,FIFO,0.28,0,variant_4
7973,INSPECTION_2_5,INSPECTION_2_5_LINE,28226.198133771926,0.2698680124776729,10,0.2698680124776729,110.17035592113098,2.9180464610035415,19,28116.027777850795,28229.11618023293,experiment,FIFO,0.28,0,variant_4
7973,INSPECTION_2_6,INSPECTION_2_6_LINE,28227.865804862824,1.6676710908977839,11,1.6676710908977839,111.83802701202876,1.2503753701057576,18,28116.027777850795,28229.11618023293,experiment,FIFO,0.28,0,variant_4
7973,INSPECTION_2_7,INSPECTION_2_7_LINE,28229.11618023293,1.2503753701057576,12,1.2503753701057576,113.08840238213452,0.0,17,28116.027777850795,28229.11618023293,experiment,FIFO,0.28,0,variant_4
7974,MOULDING_3,MOULDING_MACHINE_3,28124.88298218032,6.878747419759748,1,0.0,0.0,62.59097304884199,30,28124.88298218032,28187.47395522916,experiment,FIFO,0.28,0,variant_3
7974,ASSEMBLY_1_2,LINE_2_ASSEMBLY1,28141.635114569915,16.752132389596227,2,16.752132389596227,16.752132389596227,45.83884065924576,34,28124.88298218032,28187.47395522916,experiment,FIFO,0.28,0,variant_3
7974,ASSEMBLY_2_2,ASSEMBLY2_LINE_2,28150.98884086585,0.9264026367272891,3,9.353726295936212,26.10585868553244,36.48511436330955,29,28124.88298218032,28187.47395522916,experiment,FIFO,0.28,0,variant_3
7974,SORTING,SORTING_ROBOT_1,28166.202958474867,0.8817093032230332,4,15.214117609015375,41.319976294547814,21.270996754294174,25,28124.88298218032,28187.47395522916,experiment,FIFO,0.28,0,variant_3
7974,PACKAGING_3,PACKAGING_LINE_3,28177.12140050104,3.085949131531379,5,10.91844202617358,52.238418320721394,10.352554728120595,24,28124.88298218032,28187.47395522916,experiment,FIFO,0.28,0,variant_3
7974,INSPECTION_1_1,INSPECTION_1_1_LINE,28177.21002768804,0.08862718700038386,6,0.08862718700038386,52.32704550772178,10.26392754112021,24,28124.88298218032,28187.47395522916,experiment,FIFO,0.28,0,variant_3
7974,INSPECTION_1_2,INSPECTION_1_2_LINE,28178.370953884016,1.1609261959747528,7,1.1609261959747528,53.48797170369653,9.103001345145458,24,28124.88298218032,28187.47395522916,experiment,FIFO,0.28,0,variant_3
7974,INSPECTION_1_3,INSPECTION_1_3_LINE,28182.999415448587,4.628461564570898,8,4.628461564570898,58.11643326826743,4.47453978057456,25,28124.88298218032,28187.47395522916,experiment,FIFO,0.28,0,variant_3
7974,INSPECTION_1_4,INSPECTION_1_4_LINE,28185.472559706468,2.4731442578813585,9,2.4731442578813585,60.58957752614879,2.001395522693201,26,28124.88298218032,28187.47395522916,experiment,FIFO,0.28,0,variant_3
7974,INSPECTION_1_5,INSPECTION_1_5_LINE,28186.12894012083,0.656380414362502,10,0.656380414362502,61.24595794051129,1.3450151083306991,26,28124.88298218032,28187.47395522916,experiment,FIFO,0.28,0,variant_3
7974,INSPECTION_1_6,INSPECTION_1_6_LINE,28186.176889660088,0.047949539257388096,11,0.047949539257388096,61.29390747976868,1.297065569073311,26,28124.88298218032,28187.47395522916,experiment,FIFO,0.28,0,variant_3
7974,INSPECTION_1_7,INSPECTION_1_7_LINE,28187.47395522916,1.297065569073311,12,1.297065569073311,62.59097304884199,0.0,24,28124.88298218032,28187.47395522916,experiment,FIFO,0.28,0,variant_3
7975,MOULDING_3,MOULDING_MACHINE_3,28125.854990142823,0.9720079625039943,1,0.0,0.0,106.16679454477708,31,28125.854990142823,28232.0217846876,experiment,FIFO,0.28,0,variant_2
7975,ASSEMBLY_1_5,LINE_5_ASSEMBLY1,28126.76728204347,0.9122919006476877,2,0.9122919006476877,0.9122919006476877,105.25450264412939,31,28125.854990142823,28232.0217846876,experiment,FIFO,0.28,0,variant_2
7975,ASSEMBLY_2_1,ASSEMBLY2_LINE_1,28220.339163029174,0.2910196954908315,3,93.57188098570259,94.48417288635028,11.682621658426797,21,28125.854990142823,28232.0217846876,experiment,FIFO,0.28,0,variant_2
7975,SORTING,SORTING_ROBOT_1,28221.52040575749,1.1812427283148281,4,1.1812427283148281,95.66541561466511,10.501378930111969,21,28125.854990142823,28232.0217846876,experiment,FIFO,0.28,0,variant_2
7975,PACKAGING_3,PACKAGING_LINE_3,28224.03167944737,2.511273689880909,5,2.511273689880909,98.17668930454602,7.99010524023106,20,28125.854990142823,28232.0217846876,experiment,FIFO,0.28,0,variant_2
7975,INSPECTION_1_1,INSPECTION_1_1_LINE,28224.363025194933,0.3313457475633186,6,0.3313457475633186,98.50803505210934,7.658759492667741,20,28125.854990142823,28232.0217846876,experiment,FIFO,0.28,0,variant_2
7975,INSPECTION_1_2,INSPECTION_1_2_LINE,28224.50145544015,0.13843024521702318,7,0.13843024521702318,98.64646529732636,7.520329247450718,20,28125.854990142823,28232.0217846876,experiment,FIFO,0.28,0,variant_2
7975,INSPECTION_1_3,INSPECTION_1_3_LINE,28226.00527636988,1.503820929730864,8,1.503820929730864,100.15028622705722,6.016508317719854,19,28125.854990142823,28232.0217846876,experiment,FIFO,0.28,0,variant_2
7975,INSPECTION_1_4,INSPECTION_1_4_LINE,28226.077149701097,0.07187333121692063,9,0.07187333121692063,100.22215955827414,5.944634986502933,19,28125.854990142823,28232.0217846876,experiment,FIFO,0.28,0,variant_2
7975,INSPECTION_1_5,INSPECTION_1_5_LINE,28227.842124210696,0.5517965109138459,10,1.7649745095986873,101.98713406787283,4.179660476904246,18,28125.854990142823,28232.0217846876,experiment,FIFO,0.28,0,variant_2
7975,INSPECTION_1_6,INSPECTION_1_6_LINE,28229.26281714345,1.1987785211458686,11,1.4206929327556281,103.40782700062846,2.758967544148618,17,28125.854990142823,28232.0217846876,experiment,FIFO,0.28,0,variant_2
7975,INSPECTION_1_7,INSPECTION_1_7_LINE,28232.0217846876,2.758967544148618,12,2.758967544148618,106.16679454477708,0.0,16,28125.854990142823,28232.0217846876,experiment,FIFO,0.28,0,variant_2
7976,MOULDING_3,MOULDING_MACHINE_3,28130.748522465445,4.893532322621468,1,0.0,0.0,117.77176865631554,32,28130.748522465445,28248.52029112176,experiment,FIFO,0.28,0,variant_4
7976,ASSEMBLY_1_4,LINE_4_ASSEMBLY1,28139.27167791726,8.523155451814091,2,8.523155451814091,8.523155451814091,109.24861320450145,33,28130.748522465445,28248.52029112176,experiment,FIFO,0.28,0,variant_4
7976,ASSEMBLY_2_1,ASSEMBLY2_LINE_1,28233.302313779648,12.963150750474597,3,94.03063586238932,102.55379131420341,15.217977342112135,17,28130.748522465445,28248.52029112176,experiment,FIFO,0.28,0,variant_4
7976,SORTING,SORTING_ROBOT_1,28234.51853834819,1.2162245685431117,4,1.2162245685431117,103.77001588274652,14.001752773569024,17,28130.748522465445,28248.52029112176,experiment,FIFO,0.28,0,variant_4
7976,PACKAGING_2,PACKAGING_LINE_2,28241.47592672236,6.957388374168659,5,6.957388374168659,110.72740425691518,7.044364399400365,21,28130.748522465445,28248.52029112176,experiment,FIFO,0.28,0,variant_4
7976,INSPECTION_2_1,INSPECTION_2_1_LINE,28242.848163314964,1.3722365926041675,6,1.3722365926041675,112.09964084951935,5.6721278067961975,20,28130.748522465445,28248.52029112176,experiment,FIFO,0.28,0,variant_4
7976,INSPECTION_2_2,INSPECTION_2_2_LINE,28243.41217936205,0.5640160470866249,7,0.5640160470866249,112.66365689660597,5.108111759709573,22,28130.748522465445,28248.52029112176,experiment,FIFO,0.28,0,variant_4
7976,INSPECTION_2_3,INSPECTION_2_3_LINE,28244.40210098493,0.9899216228805017,8,0.9899216228805017,113.65357851948647,4.118190136829071,22,28130.748522465445,28248.52029112176,experiment,FIFO,0.28,0,variant_4
7976,INSPECTION_2_4,INSPECTION_2_4_LINE,28246.72243383476,2.320332849827537,9,2.320332849827537,115.97391136931401,1.7978572870015341,24,28130.748522465445,28248.52029112176,experiment,FIFO,0.28,0,variant_4
7976,INSPECTION_2_5,INSPECTION_2_5_LINE,28247.313652287696,0.5912184529370279,10,0.5912184529370279,116.56512982225104,1.2066388340645062,24,28130.748522465445,28248.52029112176,experiment,FIFO,0.28,0,variant_4
7976,INSPECTION_2_6,INSPECTION_2_6_LINE,28247.41899521452,0.10534292682496016,11,0.10534292682496016,116.670472749076,1.101295907239546,24,28130.748522465445,28248.52029112176,experiment,FIFO,0.28,0,variant_4
7976,INSPECTION_2_7,INSPECTION_2_7_LINE,28248.52029112176,1.101295907239546,12,1.101295907239546,117.77176865631554,0.0,25,28130.748522465445,28248.52029112176,experiment,FIFO,0.28,0,variant_4
7977,MOULDING_4,MOULDING_MACHINE_4,28130.553990347653,8.78294104822271,1,0.0,0.0,46.21187208612537,31,28130.553990347653,28176.76586243378,experiment,FIFO,0.28,0,variant_1
7977,ASSEMBLY_1_5,LINE_5_ASSEMBLY1,28131.380420093985,0.8264297463319963,2,0.8264297463319963,0.8264297463319963,45.38544233979337,32,28130.553990347653,28176.76586243378,experiment,FIFO,0.28,0,variant_1
7977,ASSEMBLY_2_2,ASSEMBLY2_LINE_2,28150.062438229124,11.248311684346845,3,18.682018135139515,19.50844788147151,26.703424204653857,29,28130.553990347653,28176.76586243378,experiment,FIFO,0.28,0,variant_1
7977,SORTING,SORTING_ROBOT_1,28165.321249171644,0.3929308291335474,4,15.25881094251963,34.76725882399114,11.444613262134226,26,28130.553990347653,28176.76586243378,experiment,FIFO,0.28,0,variant_1
7977,PACKAGING_2,PACKAGING_LINE_2,28166.73470420064,1.4134550289963954,5,1.4134550289963954,36.18071385298754,10.03115823313783,25,28130.553990347653,28176.76586243378,experiment,FIFO,0.28,0,variant_1
7977,INSPECTION_1_1,INSPECTION_1_1_LINE,28167.89725928381,1.1625550831704459,6,1.1625550831704459,37.34326893615798,8.868603149967385,25,28130.553990347653,28176.76586243378,experiment,FIFO,0.28,0,variant_1
7977,INSPECTION_1_2,INSPECTION_1_2_LINE,28173.08011215877,5.182852874957462,7,5.182852874957462,42.526121811115445,3.685750275009923,24,28130.553990347653,28176.76586243378,experiment,FIFO,0.28,0,variant_1
7977,INSPECTION_1_3,INSPECTION_1_3_LINE,28173.78766863542,0.707556476652826,8,0.707556476652826,43.23367828776827,2.978193798357097,25,28130.553990347653,28176.76586243378,experiment,FIFO,0.28,0,variant_1
7977,INSPECTION_1_4,INSPECTION_1_4_LINE,28174.20162938765,0.4139607522301958,9,0.4139607522301958,43.64763903999847,2.564233046126901,25,28130.553990347653,28176.76586243378,experiment,FIFO,0.28,0,variant_1
7977,INSPECTION_1_5,INSPECTION_1_5_LINE,28174.62043047881,0.418801091160276,10,0.418801091160276,44.06644013115874,2.145431954966625,25,28130.553990347653,28176.76586243378,experiment,FIFO,0.28,0,variant_1
7977,INSPECTION_1_6,INSPECTION_1_6_LINE,28175.584575260644,0.9641447818321467,11,0.9641447818321467,45.03058491299089,1.1812871731344785,25,28130.553990347653,28176.76586243378,experiment,FIFO,0.28,0,variant_1
7977,INSPECTION_1_7,INSPECTION_1_7_LINE,28176.76586243378,1.1812871731344785,12,1.1812871731344785,46.21187208612537,0.0,24,28130.553990347653,28176.76586243378,experiment,FIFO,0.28,0,variant_1
7978,MOULDING_1,MOULDING_MACHINE_1,28136.081504918617,10.070741391507909,1,0.0,0.0,50.449477634057985,34,28136.081504918617,28186.530982552675,experiment,FIFO,0.28,0,variant_5
7978,ASSEMBLY_1_4,LINE_4_ASSEMBLY1,28142.04432618225,2.7726482649923128,2,5.962821263634396,5.962821263634396,44.48665637042359,34,28136.081504918617,28186.530982552675,experiment,FIFO,0.28,0,variant_5
7978,ASSEMBLY_2_2,ASSEMBLY2_LINE_2,28152.67345759349,1.6846167276380584,3,10.629131411238632,16.591952674873028,33.85752495918496,29,28136.081504918617,28186.530982552675,experiment,FIFO,0.28,0,variant_5
7978,SORTING,SORTING_ROBOT_1,28176.23990361766,10.036945142794139,4,23.566446024171455,40.15839869904448,10.291078935013502,25,28136.081504918617,28186.530982552675,experiment,FIFO,0.28,0,variant_5
7978,PACKAGING_2,PACKAGING_LINE_2,28180.13598869903,3.896085081367346,5,3.896085081367346,44.05448378041183,6.394993853646156,24,28136.081504918617,28186.530982552675,experiment,FIFO,0.28,0,variant_5
7978,INSPECTION_2_1,INSPECTION_2_1_LINE,28182.22274600881,2.086757309782115,6,2.086757309782115,46.141241090193944,4.308236543864041,23,28136.081504918617,28186.530982552675,experiment,FIFO,0.28,0,variant_5
7978,INSPECTION_2_2,INSPECTION_2_2_LINE,28183.122057227767,0.8993112189564272,7,0.8993112189564272,47.04055230915037,3.4089253249076137,25,28136.081504918617,28186.530982552675,experiment,FIFO,0.28,0,variant_5
7978,INSPECTION_2_3,INSPECTION_2_3_LINE,28183.84950264994,0.7274454221733322,8,0.7274454221733322,47.7679977313237,2.6814799027342815,26,28136.081504918617,28186.530982552675,experiment,FIFO,0.28,0,variant_5
7978,INSPECTION_2_4,INSPECTION_2_4_LINE,28185.384338107684,1.5348354577436112,9,1.5348354577436112,49.302833189067314,1.1466444449906703,26,28136.081504918617,28186.530982552675,experiment,FIFO,0.28,0,variant_5
7978,INSPECTION_2_5,INSPECTION_2_5_LINE,28185.730695482303,0.3463573746194015,10,0.3463573746194015,49.649190563686716,0.8002870703712688,26,28136.081504918617,28186.530982552675,experiment,FIFO,0.28,0,variant_5
7978,INSPECTION_2_6,INSPECTION_2_6_LINE,28185.73125266462,0.0005571823166974355,11,0.0005571823166974355,49.64974774600341,0.7997298880545713,26,28136.081504918617,28186.530982552675,experiment,FIFO,0.28,0,variant_5
7978,INSPECTION_2_7,INSPECTION_2_7_LINE,28186.530982552675,0.7997298880545713,12,0.7997298880545713,50.449477634057985,0.0,25,28136.081504918617,28186.530982552675,experiment,FIFO,0.28,0,variant_5
7979,MOULDING_1,MOULDING_MACHINE_1,28139.127836461143,3.046331542525877,1,0.0,0.0,111.71666959085269,33,28139.127836461143,28250.844506051995,experiment,FIFO,0.28,0,variant_3
7979,ASSEMBLY_1_4,LINE_4_ASSEMBLY1,28149.81578243144,7.771456249189214,2,10.687945970297733,10.687945970297733,101.02872362055496,28,28139.127836461143,28250.844506051995,experiment,FIFO,0.28,0,variant_3
7979,ASSEMBLY_2_1,ASSEMBLY2_LINE_1,28243.239212159344,9.936898379695776,3,93.42342972790357,104.1113756982013,7.605293892651389,22,28139.127836461143,28250.844506051995,experiment,FIFO,0.28,0,variant_3
7979,SORTING,SORTING_ROBOT_1,28245.6994461467,2.4602339873563324,4,2.4602339873563324,106.57160968555763,5.1450599052950565,22,28139.127836461143,28250.844506051995,experiment,FIFO,0.28,0,variant_3
7979,PACKAGING_3,PACKAGING_LINE_3,28245.920033512248,0.22058736554754432,5,0.22058736554754432,106.79219705110518,4.924472539747512,23,28139.127836461143,28250.844506051995,experiment,FIFO,0.28,0,variant_3
7979,INSPECTION_1_1,INSPECTION_1_1_LINE,28246.336907730056,0.416874217808072,6,0.416874217808072,107.20907126891325,4.50759832193944,24,28139.127836461143,28250.844506051995,experiment,FIFO,0.28,0,variant_3
7979,INSPECTION_1_2,INSPECTION_1_2_LINE,28246.430659107344,0.09375137728784466,7,0.09375137728784466,107.3028226462011,4.4138469446515955,24,28139.127836461143,28250.844506051995,experiment,FIFO,0.28,0,variant_3
7979,INSPECTION_1_3,INSPECTION_1_3_LINE,28247.07592172753,0.6452626201862586,8,0.6452626201862586,107.94808526638735,3.768584324465337,24,28139.127836461143,28250.844506051995,experiment,FIFO,0.28,0,variant_3
7979,INSPECTION_1_4,INSPECTION_1_4_LINE,28248.06594107285,0.9900193453213433,9,0.9900193453213433,108.9381046117087,2.7785649791439937,25,28139.127836461143,28250.844506051995,experiment,FIFO,0.28,0,variant_3
7979,INSPECTION_1_5,INSPECTION_1_5_LINE,28249.99647255872,1.9305314858684142,10,1.9305314858684142,110.86863609757711,0.8480334932755795,25,28139.127836461143,28250.844506051995,experiment,FIFO,0.28,0,variant_3
7979,INSPECTION_1_6,INSPECTION_1_6_LINE,28250.421041157337,0.4245685986170429,11,0.4245685986170429,111.29320469619415,0.42346489465853665,26,28139.127836461143,28250.844506051995,experiment,FIFO,0.28,0,variant_3
7979,INSPECTION_1_7,INSPECTION_1_7_LINE,28250.844506051995,0.42346489465853665,12,0.42346489465853665,111.71666959085269,0.0,25,28139.127836461143,28250.844506051995,experiment,FIFO,0.28,0,variant_3
7980,MOULDING_4,MOULDING_MACHINE_4,28134.51850130568,0.3334650865144795,1,0.0,0.0,62.38258111628966,33,28134.51850130568,28196.90108242197,experiment,FIFO,0.28,0,variant_1
7980,ASSEMBLY_1_5,LINE_5_ASSEMBLY1,28144.49303009514,9.974528789458418,2,9.974528789458418,9.974528789458418,52.40805232683124,34,28134.51850130568,28196.90108242197,experiment,FIFO,0.28,0,variant_1
7980,ASSEMBLY_2_2,ASSEMBLY2_LINE_2,28153.5511157013,0.8776581078091112,3,9.058085606160603,19.03261439561902,43.349966720670636,29,28134.51850130568,28196.90108242197,experiment,FIFO,0.28,0,variant_1
7980,SORTING,SORTING_ROBOT_1,28177.53405037915,1.2941467614873545,4,23.9829346778497,43.01554907346872,19.367032042820938,24,28134.51850130568,28196.90108242197,experiment,FIFO,0.28,0,variant_1
7980,PACKAGING_3,PACKAGING_LINE_3,28179.906057719705,2.3720073405565927,5,2.3720073405565927,45.38755641402531,16.995024702264345,24,28134.51850130568,28196.90108242197,experiment,FIFO,0.28,0,variant_1
7980,INSPECTION_1_1,INSPECTION_1_1_LINE,28180.995150907576,1.0890931878711854,6,1.0890931878711854,46.4766496018965,15.90593151439316,23,28134.51850130568,28196.90108242197,experiment,FIFO,0.28,0,variant_1
7980,INSPECTION_1_2,INSPECTION_1_2_LINE,28181.11062197741,0.11547106983198319,7,0.11547106983198319,46.59212067172848,15.790460444561177,22,28134.51850130568,28196.90108242197,experiment,FIFO,0.28,0,variant_1
7980,INSPECTION_1_3,INSPECTION_1_3_LINE,28185.661078234883,2.6616627862968016,8,4.550456257475162,51.14257692920364,11.240004187086015,26,28134.51850130568,28196.90108242197,experiment,FIFO,0.28,0,variant_1
7980,INSPECTION_1_4,INSPECTION_1_4_LINE,28189.16612192021,3.5050436853271094,9,3.5050436853271094,54.64762061453075,7.734960501758906,24,28134.51850130568,28196.90108242197,experiment,FIFO,0.28,0,variant_1
7980,INSPECTION_1_5,INSPECTION_1_5_LINE,28193.493815852584,4.327693932373222,10,4.327693932373222,58.975314546903974,3.4072665693856834,24,28134.51850130568,28196.90108242197,experiment,FIFO,0.28,0,variant_1
7980,INSPECTION_1_6,INSPECTION_1_6_LINE,28193.568603792515,0.07478793993141153,11,0.07478793993141153,59.050102486835385,3.332478629454272,24,28134.51850130568,28196.90108242197,experiment,FIFO,0.28,0,variant_1
7980,INSPECTION_1_7,INSPECTION_1_7_LINE,28196.90108242197,3.332478629454272,12,3.332478629454272,62.38258111628966,0.0,24,28134.51850130568,28196.90108242197,experiment,FIFO,0.28,0,variant_1
7981,MOULDING_1,MOULDING_MACHINE_1,28140.33789633289,1.2100598717479443,1,0.0,0.0,123.65910723285197,34,28140.33789633289,28263.997003565742,experiment,FIFO,0.28,0,variant_4
7981,ASSEMBLY_1_3,LINE_3_ASSEMBLY1,28157.594193360048,17.256297027157416,2,17.256297027157416,17.256297027157416,106.40281020569455,29,28140.33789633289,28263.997003565742,experiment,FIFO,0.28,0,variant_4
7981,ASSEMBLY_2_1,ASSEMBLY2_LINE_1,28243.64123598779,0.40202382844654494,3,86.04704262774248,103.3033396548999,20.355767577952065,22,28140.33789633289,28263.997003565742,experiment,FIFO,0.28,0,variant_4
7981,SORTING,SORTING_ROBOT_1,28253.056212664127,7.356766517426877,4,9.414976676336664,112.71831633123657,10.9407909016154,26,28140.33789633289,28263.997003565742,experiment,FIFO,0.28,0,variant_4
7981,PACKAGING_1,PACKAGING_LINE_1,28255.116181905352,2.0599692412251898,5,2.0599692412251898,114.77828557246175,8.880821660390211,26,28140.33789633289,28263.997003565742,experiment,FIFO,0.28,0,variant_4
7981,INSPECTION_2_1,INSPECTION_2_1_LINE,28255.62145461965,0.5052727142974618,6,0.5052727142974618,115.28355828675922,8.37554894609275,26,28140.33789633289,28263.997003565742,experiment,FIFO,0.28,0,variant_4
7981,INSPECTION_2_2,INSPECTION_2_2_LINE,28257.30783664617,1.6863820265207323,7,1.6863820265207323,116.96994031327995,6.689166919572017,26,28140.33789633289,28263.997003565742,experiment,FIFO,0.28,0,variant_4
7981,INSPECTION_2_3,INSPECTION_2_3_LINE,28259.197210635582,1.889373989411979,8,1.889373989411979,118.85931430269193,4.799792930160038,27,28140.33789633289,28263.997003565742,experiment,FIFO,0.28,0,variant_4
7981,INSPECTION_2_4,INSPECTION_2_4_LINE,28259.214753049404,0.017542413821502123,9,0.017542413821502123,118.87685671651343,4.782250516338536,27,28140.33789633289,28263.997003565742,experiment,FIFO,0.28,0,variant_4
7981,INSPECTION_2_5,INSPECTION_2_5_LINE,28259.340141977187,0.12538892778320587,10,0.12538892778320587,119.00224564429664,4.65686158855533,27,28140.33789633289,28263.997003565742,experiment,FIFO,0.28,0,variant_4
7981,INSPECTION_2_6,INSPECTION_2_6_LINE,28263.51068311592,4.1705411387338245,11,4.1705411387338245,123.17278678303046,0.48632044982150546,27,28140.33789633289,28263.997003565742,experiment,FIFO,0.28,0,variant_4
7981,INSPECTION_2_7,INSPECTION_2_7_LINE,28263.997003565742,0.48632044982150546,12,0.48632044982150546,123.65910723285197,0.0,26,28140.33789633289,28263.997003565742,experiment,FIFO,0.28,0,variant_4
7982,MOULDING_3,MOULDING_MACHINE_3,28161.328459871864,19.705550585535093,1,0.0,0.0,166.42035645420765,27,28161.328459871864,28327.74881632607,experiment,FIFO,0.28,0,variant_5
7982,ASSEMBLY_1_5,LINE_5_ASSEMBLY1,28194.899229913302,33.570770041438664,2,33.570770041438664,33.570770041438664,132.84958641276899,25,28161.328459871864,28327.74881632607,experiment,FIFO,0.28,0,variant_5
7982,ASSEMBLY_2_1,ASSEMBLY2_LINE_1,28290.190520420005,7.793766214814241,3,95.29129050670235,128.86206054814102,37.55829590606663,26,28161.328459871864,28327.74881632607,experiment,FIFO,0.28,0,variant_5
7982,SORTING,SORTING_ROBOT_1,28315.28333862533,12.117924614729418,4,25.092818205324875,153.9548787534659,12.465477700741758,31,28161.328459871864,28327.74881632607,experiment,FIFO,0.28,0,variant_5
7982,PACKAGING_3,PACKAGING_LINE_3,28323.6185337639,8.33519513857027,5,8.33519513857027,162.29007389203616,4.130282562171487,35,28161.328459871864,28327.74881632607,experiment,FIFO,0.28,0,variant_5
7982,INSPECTION_1_1,INSPECTION_1_1_LINE,28324.39929332813,0.7807595642298111,6,0.7807595642298111,163.07083345626597,3.3495229979416763,35,28161.328459871864,28327.74881632607,experiment,FIFO,0.28,0,variant_5
7982,INSPECTION_1_2,INSPECTION_1_2_LINE,28324.857874587706,0.4585812595760217,7,0.4585812595760217,163.529414715842,2.8909417383656546,35,28161.328459871864,28327.74881632607,experiment,FIFO,0.28,0,variant_5
7982,INSPECTION_1_3,INSPECTION_1_3_LINE,28325.383538511345,0.5256639236395131,8,0.5256639236395131,164.0550786394815,2.3652778147261415,35,28161.328459871864,28327.74881632607,experiment,FIFO,0.28,0,variant_5
7982,INSPECTION_1_4,INSPECTION_1_4_LINE,28325.502453444933,0.1189149335878028,9,0.1189149335878028,164.1739935730693,2.2463628811383387,35,28161.328459871864,28327.74881632607,experiment,FIFO,0.28,0,variant_5
7982,INSPECTION_1_5,INSPECTION_1_5_LINE,28326.93593502985,1.4334815849178995,10,1.4334815849178995,165.6074751579872,0.8128812962204393,34,28161.328459871864,28327.74881632607,experiment,FIFO,0.28,0,variant_5
7982,INSPECTION_1_6,INSPECTION_1_6_LINE,28327.417614614693,0.4816795848419133,11,0.4816795848419133,166.08915474282912,0.33120171137852594,35,28161.328459871864,28327.74881632607,experiment,FIFO,0.28,0,variant_5
7982,INSPECTION_1_7,INSPECTION_1_7_LINE,28327.74881632607,0.33120171137852594,12,0.33120171137852594,166.42035645420765,0.0,34,28161.328459871864,28327.74881632607,experiment,FIFO,0.28,0,variant_5
7983,MOULDING_4,MOULDING_MACHINE_4,28149.88188248251,0.9980952998703287,1,0.0,0.0,132.9793703692485,29,28149.88188248251,28282.86125285176,experiment,FIFO,0.28,0,variant_5
7983,ASSEMBLY_1_1,LINE_1_ASSEMBLY1,28163.41896426139,13.537081778878928,2,13.537081778878928,13.537081778878928,119.44228859036957,27,28149.88188248251,28282.86125285176,experiment,FIFO,0.28,0,variant_5
7983,ASSEMBLY_2_1,ASSEMBLY2_LINE_1,28258.334002190444,14.69276620265373,3,94.91503792905496,108.45211970793389,24.52725066131461,27,28149.88188248251,28282.86125285176,experiment,FIFO,0.28,0,variant_5
7983,SORTING,SORTING_ROBOT_1,28272.927586950227,4.828915432375652,4,14.59358475978297,123.04570446771686,9.93366590153164,27,28149.88188248251,28282.86125285176,experiment,FIFO,0.28,0,variant_5
7983,PACKAGING_2,PACKAGING_LINE_2,28276.909703772,3.982116821771342,5,3.982116821771342,127.0278212894882,5.951549079760298,27,28149.88188248251,28282.86125285176,experiment,FIFO,0.28,0,variant_5
7983,INSPECTION_2_1,INSPECTION_2_1_LINE,28278.14254115115,1.2328373791533522,6,1.2328373791533522,128.26065866864155,4.718711700606946,27,28149.88188248251,28282.86125285176,experiment,FIFO,0.28,0,variant_5
7983,INSPECTION_2_2,INSPECTION_2_2_LINE,28278.355422467463,0.21288131631081342,7,0.21288131631081342,128.47353998495237,4.505830384296132,27,28149.88188248251,28282.86125285176,experiment,FIFO,0.28,0,variant_5
7983,INSPECTION_2_3,INSPECTION_2_3_LINE,28280.736966514847,2.381544047384523,8,2.381544047384523,130.8550840323369,2.1242863369116094,28,28149.88188248251,28282.86125285176,experiment,FIFO,0.28,0,variant_5
7983,INSPECTION_2_4,INSPECTION_2_4_LINE,28282.53421672451,1.7972502096636163,9,1.7972502096636163,132.6523342420005,0.32703612724799314,28,28149.88188248251,28282.86125285176,experiment,FIFO,0.28,0,variant_5
7983,INSPECTION_2_5,INSPECTION_2_5_LINE,28282.675130323827,0.14091359931626357,10,0.14091359931626357,132.79324784131677,0.18612252793172956,28,28149.88188248251,28282.86125285176,experiment,FIFO,0.28,0,variant_5
7983,INSPECTION_2_6,INSPECTION_2_6_LINE,28282.84845347248,0.17332314865416265,11,0.17332314865416265,132.96657098997093,0.012799379277566914,28,28149.88188248251,28282.86125285176,experiment,FIFO,0.28,0,variant_5
7983,INSPECTION_2_7,INSPECTION_2_7_LINE,28282.86125285176,0.012799379277566914,12,0.012799379277566914,132.9793703692485,0.0,27,28149.88188248251,28282.86125285176,experiment,FIFO,0.28,0,variant_5
7984,MOULDING_1,MOULDING_MACHINE_1,28155.75134579043,0.8647036237889552,1,0.0,0.0,141.8714122860656,29,28155.75134579043,28297.622758076497,experiment,FIFO,0.28,0,variant_6
7984,ASSEMBLY_1_1,LINE_1_ASSEMBLY1,28163.525334066297,0.10636980490744463,2,7.773988275865122,7.773988275865122,134.09742401020048,27,28155.75134579043,28297.622758076497,experiment,FIFO,0.28,0,variant_6
7984,ASSEMBLY_2_1,ASSEMBLY2_LINE_1,28266.163411526137,7.829409335692617,3,102.63807745984013,110.41206573570526,31.45934655036035,26,28155.75134579043,28297.622758076497,experiment,FIFO,0.28,0,variant_6
7984,SORTING,SORTING_ROBOT_1,28283.208235962786,6.380795083994599,4,17.044824436648923,127.45689017235418,14.414522113711428,26,28155.75134579043,28297.622758076497,experiment,FIFO,0.28,0,variant_6
7984,PACKAGING_3,PACKAGING_LINE_3,28289.96671046092,6.758474498135911,5,6.758474498135911,134.2153646704901,7.656047615575517,26,28155.75134579043,28297.622758076497,experiment,FIFO,0.28,0,variant_6
7984,INSPECTION_2_1,INSPECTION_2_1_LINE,28291.27306614376,1.3063556828383298,6,1.3063556828383298,135.52172035332842,6.349691932737187,27,28155.75134579043,28297.622758076497,experiment,FIFO,0.28,0,variant_6
7984,INSPECTION_2_2,INSPECTION_2_2_LINE,28291.393719695465,0.12065355170489056,7,0.12065355170489056,135.6423739050333,6.2290383810322965,27,28155.75134579043,28297.622758076497,experiment,FIFO,0.28,0,variant_6
7984,INSPECTION_2_3,INSPECTION_2_3_LINE,28291.78229694328,0.3885772478133731,8,0.3885772478133731,136.03095115284668,5.840461133218923,27,28155.75134579043,28297.622758076497,experiment,FIFO,0.28,0,variant_6
7984,INSPECTION_2_4,INSPECTION_2_4_LINE,28292.191836724043,0.40953978076504427,9,0.40953978076504427,136.44049093361173,5.430921352453879,27,28155.75134579043,28297.622758076497,experiment,FIFO,0.28,0,variant_6
7984,INSPECTION_2_5,INSPECTION_2_5_LINE,28294.795904011444,2.6040672874005395,10,2.6040672874005395,139.04455822101227,2.8268540650533396,28,28155.75134579043,28297.622758076497,experiment,FIFO,0.28,0,variant_6
7984,INSPECTION_2_6,INSPECTION_2_6_LINE,28297.262616855463,2.4667128440196393,11,2.4667128440196393,141.5112710650319,0.3601412210337003,29,28155.75134579043,28297.622758076497,experiment,FIFO,0.28,0,variant_6
7984,INSPECTION_2_7,INSPECTION_2_7_LINE,28297.622758076497,0.3601412210337003,12,0.3601412210337003,141.8714122860656,0.0,28,28155.75134579043,28297.622758076497,experiment,FIFO,0.28,0,variant_6
7985,MOULDING_4,MOULDING_MACHINE_4,28167.116687311394,7.069785321695235,1,0.0,0.0,133.42607171975396,26,28167.116687311394,28300.54275903115,experiment,FIFO,0.28,0,variant_4
7985,ASSEMBLY_1_3,LINE_3_ASSEMBLY1,28173.42661060005,6.309923288656137,2,6.309923288656137,6.309923288656137,127.11614843109783,25,28167.116687311394,28300.54275903115,experiment,FIFO,0.28,0,variant_4
7985,ASSEMBLY_2_1,ASSEMBLY2_LINE_1,28268.40216675405,2.2387552279142255,3,94.97555615400051,101.28547944265665,32.14059227709731,26,28167.116687311394,28300.54275903115,experiment,FIFO,0.28,0,variant_4
7985,SORTING,SORTING_ROBOT_1,28286.668975150675,2.705770390766702,4,18.266808396623674,119.55228783928032,13.873783880473638,26,28167.116687311394,28300.54275903115,experiment,FIFO,0.28,0,variant_4
7985,PACKAGING_2,PACKAGING_LINE_2,28290.94928306313,4.100352435303648,5,4.280307912456919,123.83259575173724,9.593475968016719,27,28167.116687311394,28300.54275903115,experiment,FIFO,0.28,0,variant_4
7985,INSPECTION_1_1,INSPECTION_1_1_LINE,28291.20399754207,0.2547144789386948,6,0.2547144789386948,124.08731023067594,9.338761489078024,27,28167.116687311394,28300.54275903115,experiment,FIFO,0.28,0,variant_4
7985,INSPECTION_1_2,INSPECTION_1_2_LINE,28295.08712010085,3.8831225587782683,7,3.8831225587782683,127.97043278945421,5.455638930299756,29,28167.116687311394,28300.54275903115,experiment,FIFO,0.28,0,variant_4
7985,INSPECTION_1_3,INSPECTION_1_3_LINE,28295.41999854401,0.3328784431614622,8,0.3328784431614622,128.30331123261567,5.122760487138294,29,28167.116687311394,28300.54275903115,experiment,FIFO,0.28,0,variant_4
7985,INSPECTION_1_4,INSPECTION_1_4_LINE,28295.828940146825,0.40894160281459335,9,0.40894160281459335,128.71225283543026,4.7138188843237,29,28167.116687311394,28300.54275903115,experiment,FIFO,0.28,0,variant_4
7985,INSPECTION_1_5,INSPECTION_1_5_LINE,28297.01159817208,1.1826580252563872,10,1.1826580252563872,129.89491086068665,3.531160859067313,29,28167.116687311394,28300.54275903115,experiment,FIFO,0.28,0,variant_4
7985,INSPECTION_1_6,INSPECTION_1_6_LINE,28299.200296670184,2.1886984981028945,11,2.1886984981028945,132.08360935878954,1.3424623609644186,28,28167.116687311394,28300.54275903115,experiment,FIFO,0.28,0,variant_4
7985,INSPECTION_1_7,INSPECTION_1_7_LINE,28300.54275903115,1.3424623609644186,12,1.3424623609644186,133.42607171975396,0.0,29,28167.116687311394,28300.54275903115,experiment,FIFO,0.28,0,variant_4
7986,MOULDING_4,MOULDING_MACHINE_4,28167.731327706508,0.6146403951133834,1,0.0,0.0,37.05108144127735,25,28167.731327706508,28204.782409147785,experiment,FIFO,0.28,0,variant_3
7986,ASSEMBLY_1_1,LINE_1_ASSEMBLY1,28172.10401300793,4.372685301423189,2,4.372685301423189,4.372685301423189,32.67839613985416,24,28167.731327706508,28204.782409147785,experiment,FIFO,0.28,0,variant_3
7986,ASSEMBLY_2_2,ASSEMBLY2_LINE_2,28173.23039955597,1.1263865480395907,3,1.1263865480395907,5.49907184946278,31.552009591814567,25,28167.731327706508,28204.782409147785,experiment,FIFO,0.28,0,variant_3
7986,SORTING,SORTING_ROBOT_1,28186.33186419955,6.460578895286744,4,13.101464643579675,18.600536493042455,18.450544948234892,26,28167.731327706508,28204.782409147785,experiment,FIFO,0.28,0,variant_3
7986,PACKAGING_1,PACKAGING_LINE_1,28194.98534726945,8.192964135705552,5,8.653483069898357,27.25401956294081,9.797061878336535,25,28167.731327706508,28204.782409147785,experiment,FIFO,0.28,0,variant_3
7986,INSPECTION_1_1,INSPECTION_1_1_LINE,28195.02553622501,0.040188955561461626,6,0.040188955561461626,27.294208518502273,9.756872922775074,25,28167.731327706508,28204.782409147785,experiment,FIFO,0.28,0,variant_3
7986,INSPECTION_1_2,INSPECTION_1_2_LINE,28195.286884732403,0.26134850739254034,7,0.26134850739254034,27.555557025894814,9.495524415382533,25,28167.731327706508,28204.782409147785,experiment,FIFO,0.28,0,variant_3
7986,INSPECTION_1_3,INSPECTION_1_3_LINE,28195.36297512982,0.07609039741873858,8,0.07609039741873858,27.631647423313552,9.419434017963795,25,28167.731327706508,28204.782409147785,experiment,FIFO,0.28,0,variant_3
7986,INSPECTION_1_4,INSPECTION_1_4_LINE,28197.64007745144,2.277102321619168,9,2.277102321619168,29.90874974493272,7.142331696344627,24,28167.731327706508,28204.782409147785,experiment,FIFO,0.28,0,variant_3
7986,INSPECTION_1_5,INSPECTION_1_5_LINE,28204.47606356044,6.83598610899935,10,6.83598610899935,36.74473585393207,0.3063455873452767,23,28167.731327706508,28204.782409147785,experiment,FIFO,0.28,0,variant_3
7986,INSPECTION_1_6,INSPECTION_1_6_LINE,28204.55108940896,0.07502584852045402,11,0.07502584852045402,36.819761702452524,0.2313197388248227,23,28167.731327706508,28204.782409147785,experiment,FIFO,0.28,0,variant_3
7986,INSPECTION_1_7,INSPECTION_1_7_LINE,28204.782409147785,0.2313197388248227,12,0.2313197388248227,37.05108144127735,0.0,22,28167.731327706508,28204.782409147785,experiment,FIFO,0.28,0,variant_3
7987,MOULDING_5,MOULDING_MACHINE_5,28173.18826489996,5.411881167310639,1,0.0,0.0,163.05007662918797,25,28173.18826489996,28336.238341529148,experiment,FIFO,0.28,0,variant_1
7987,ASSEMBLY_1_1,LINE_1_ASSEMBLY1,28199.39498480975,26.20671990979099,2,26.20671990979099,26.20671990979099,136.84335671939698,24,28173.18826489996,28336.238341529148,experiment,FIFO,0.28,0,variant_1
7987,ASSEMBLY_2_1,ASSEMBLY2_LINE_1,28294.805886939943,4.615366519938107,3,95.41090213019197,121.61762203998296,41.43245458920501,28,28173.18826489996,28336.238341529148,experiment,FIFO,0.28,0,variant_1
7987,SORTING,SORTING_ROBOT_1,28316.033698007854,0.7503593825240387,4,21.227811067910807,142.84543310789377,20.2046435212942,30,28173.18826489996,28336.238341529148,experiment,FIFO,0.28,0,variant_1
7987,PACKAGING_3,PACKAGING_LINE_3,28328.63593211126,5.01739834736145,5,12.602234103407682,155.44766721130145,7.60240941788652,34,28173.18826489996,28336.238341529148,experiment,FIFO,0.28,0,variant_1
7987,INSPECTION_2_1,INSPECTION_2_1_LINE,28329.20595791617,0.5700258049073454,6,0.5700258049073454,156.0176930162088,7.032383612979174,35,28173.18826489996,28336.238341529148,experiment,FIFO,0.28,0,variant_1
7987,INSPECTION_2_2,INSPECTION_2_2_LINE,28329.73485967229,0.5289017561226501,7,0.5289017561226501,156.54659477233145,6.503481856856524,35,28173.18826489996,28336.238341529148,experiment,FIFO,0.28,0,variant_1
7987,INSPECTION_2_3,INSPECTION_2_3_LINE,28332.87057420552,3.135714533229475,8,3.135714533229475,159.68230930556092,3.3677673236270493,36,28173.18826489996,28336.238341529148,experiment,FIFO,0.28,0,variant_1
7987,INSPECTION_2_4,INSPECTION_2_4_LINE,28333.649776603816,0.7792023982947285,9,0.7792023982947285,160.46151170385565,2.588564925332321,36,28173.18826489996,28336.238341529148,experiment,FIFO,0.28,0,variant_1
7987,INSPECTION_2_5,INSPECTION_2_5_LINE,28333.81123329306,0.16145668924582424,10,0.16145668924582424,160.62296839310147,2.4271082360864966,36,28173.18826489996,28336.238341529148,experiment,FIFO,0.28,0,variant_1
7987,INSPECTION_2_6,INSPECTION_2_6_LINE,28335.45794654229,1.6467132492289238,11,1.6467132492289238,162.2696816423304,0.7803949868575728,35,28173.18826489996,28336.238341529148,experiment,FIFO,0.28,0,variant_1
7987,INSPECTION_2_7,INSPECTION_2_7_LINE,28336.207038370896,0.7490918286057422,12,0.7490918286057422,163.01877347093614,0.03130315825183061,35,28173.18826489996,28336.238341529148,experiment,FIFO,0.28,0,variant_1
7987,INSPECTION_2_7,INSPECTION_2_7_LINE,28336.238341529148,0.03130315825183061,13,0.03130315825183061,163.05007662918797,0.0,34,28173.18826489996,28336.238341529148,experiment,FIFO,0.28,0,variant_1
7988,MOULDING_5,MOULDING_MACHINE_5,28182.37943785768,1.9178774621868797,1,0.0,0.0,121.58746121570948,24,28182.37943785768,28303.966899073388,experiment,FIFO,0.28,0,variant_3
7988,ASSEMBLY_1_3,LINE_3_ASSEMBLY1,28190.781614928048,1.9745626505682594,2,8.402177070369362,8.402177070369362,113.18528414534012,24,28182.37943785768,28303.966899073388,experiment,FIFO,0.28,0,variant_3
7988,ASSEMBLY_2_1,ASSEMBLY2_LINE_1,28276.136487222284,7.734320468232909,3,85.35487229423597,93.75704936460534,27.830411851104145,27,28182.37943785768,28303.966899073388,experiment,FIFO,0.28,0,variant_3
7988,SORTING,SORTING_ROBOT_1,28289.49116120188,2.82218605120579,4,13.354673979596555,107.11172334420189,14.47573787150759,26,28182.37943785768,28303.966899073388,experiment,FIFO,0.28,0,variant_3
7988,PACKAGING_3,PACKAGING_LINE_3,28299.20565412999,9.238943669068249,5,9.714492928109394,116.82621627231129,4.7612449433981965,28,28182.37943785768,28303.966899073388,experiment,FIFO,0.28,0,variant_3
7988,INSPECTION_1_1,INSPECTION_1_1_LINE,28299.335133133354,0.12947900336439488,6,0.12947900336439488,116.95569527567568,4.631765940033802,28,28182.37943785768,28303.966899073388,experiment,FIFO,0.28,0,variant_3
7988,INSPECTION_1_2,INSPECTION_1_2_LINE,28300.999524319588,1.6643911862338427,7,1.6643911862338427,118.62008646190952,2.967374753799959,29,28182.37943785768,28303.966899073388,experiment,FIFO,0.28,0,variant_3
7988,INSPECTION_1_3,INSPECTION_1_3_LINE,28301.48872308176,0.48919876217041747,8,0.48919876217041747,119.10928522407994,2.4781759916295414,29,28182.37943785768,28303.966899073388,experiment,FIFO,0.28,0,variant_3
7988,INSPECTION_1_4,INSPECTION_1_4_LINE,28301.745169640893,0.256446559134929,9,0.256446559134929,119.36573178321487,2.2217294324946124,29,28182.37943785768,28303.966899073388,experiment,FIFO,0.28,0,variant_3
7988,INSPECTION_1_5,INSPECTION_1_5_LINE,28301.963996561844,0.2188269209509599,10,0.2188269209509599,119.58455870416583,2.0029025115436525,29,28182.37943785768,28303.966899073388,experiment,FIFO,0.28,0,variant_3
7988,INSPECTION_1_6,INSPECTION_1_6_LINE,28302.11707804531,0.15308148346593953,11,0.15308148346593953,119.73764018763177,1.849821028077713,29,28182.37943785768,28303.966899073388,experiment,FIFO,0.28,0,variant_3
7988,INSPECTION_1_7,INSPECTION_1_7_LINE,28303.966899073388,1.849821028077713,12,1.849821028077713,121.58746121570948,0.0,28,28182.37943785768,28303.966899073388,experiment,FIFO,0.28,0,variant_3
7989,MOULDING_4,MOULDING_MACHINE_4,28181.62509030688,0.3172231705430022,1,0.0,0.0,31.559373482301453,23,28181.62509030688,28213.18446378918,experiment,FIFO,0.28,0,variant_1
7989,ASSEMBLY_1_3,LINE_3_ASSEMBLY1,28188.80705227748,7.181961970600241,2,7.181961970600241,7.181961970600241,24.37741151170121,24,28181.62509030688,28213.18446378918,experiment,FIFO,0.28,0,variant_1
7989,ASSEMBLY_2_2,ASSEMBLY2_LINE_2,28191.277533321976,2.4704810444964096,3,2.4704810444964096,9.652443015096651,21.906930467204802,24,28181.62509030688,28213.18446378918,experiment,FIFO,0.28,0,variant_1
7989,SORTING,SORTING_ROBOT_1,28202.39545884597,4.443878763169778,4,11.117925523994927,20.770368539091578,10.789004943209875,22,28181.62509030688,28213.18446378918,experiment,FIFO,0.28,0,variant_1
7989,PACKAGING_2,PACKAGING_LINE_2,28206.63734671772,4.241887871750805,5,4.241887871750805,25.012256410842383,6.54711707145907,22,28181.62509030688,28213.18446378918,experiment,FIFO,0.28,0,variant_1
7989,INSPECTION_1_1,INSPECTION_1_1_LINE,28208.24471644985,1.6073697321298823,6,1.6073697321298823,26.619626142972265,4.9397473393291875,22,28181.62509030688,28213.18446378918,experiment,FIFO,0.28,0,variant_1
7989,INSPECTION_1_2,INSPECTION_1_2_LINE,28209.323754373007,1.0790379231548286,7,1.0790379231548286,27.698664066127094,3.860709416174359,22,28181.62509030688,28213.18446378918,experiment,FIFO,0.28,0,variant_1
7989,INSPECTION_1_3,INSPECTION_1_3_LINE,28210.0876445526,0.7638901795944548,8,0.7638901795944548,28.46255424572155,3.096819236579904,22,28181.62509030688,28213.18446378918,experiment,FIFO,0.28,0,variant_1
7989,INSPECTION_1_4,INSPECTION_1_4_LINE,28210.99839825552,0.9107537029194646,9,0.9107537029194646,29.373307948641013,2.1860655336604395,22,28181.62509030688,28213.18446378918,experiment,FIFO,0.28,0,variant_1
7989,INSPECTION_1_5,INSPECTION_1_5_LINE,28211.37544771116,0.3770494556410995,10,0.3770494556410995,29.750357404282113,1.80901607801934,22,28181.62509030688,28213.18446378918,experiment,FIFO,0.28,0,variant_1
7989,INSPECTION_1_6,INSPECTION_1_6_LINE,28212.61056756264,1.2351198514770658,11,1.2351198514770658,30.98547725575918,0.5738962265422742,23,28181.62509030688,28213.18446378918,experiment,FIFO,0.28,0,variant_1
7989,INSPECTION_1_7,INSPECTION_1_7_LINE,28213.18446378918,0.5738962265422742,12,0.5738962265422742,31.559373482301453,0.0,21,28181.62509030688,28213.18446378918,experiment,FIFO,0.28,0,variant_1
7990,MOULDING_1,MOULDING_MACHINE_1,28182.992029203524,0.6244364910089644,1,0.0,0.0,44.03387526508595,25,28182.992029203524,28227.02590446861,experiment,FIFO,0.28,0,variant_6
7990,ASSEMBLY_1_3,LINE_3_ASSEMBLY1,28195.623337314653,4.841722386605397,2,12.631308111129329,12.631308111129329,31.402567153956625,25,28182.992029203524,28227.02590446861,experiment,FIFO,0.28,0,variant_6
7990,ASSEMBLY_2_2,ASSEMBLY2_LINE_2,28198.70545479865,3.082117483998445,3,3.082117483998445,15.713425595127774,28.32044966995818,24,28182.992029203524,28227.02590446861,experiment,FIFO,0.28,0,variant_6
7990,SORTING,SORTING_ROBOT_1,28213.796274587417,1.3200219773971185,4,15.090819788765657,30.80424538389343,13.229629881192523,21,28182.992029203524,28227.02590446861,experiment,FIFO,0.28,0,variant_6
7990,PACKAGING_1,PACKAGING_LINE_1,28215.21481990057,1.418545313154027,5,1.418545313154027,32.22279069704746,11.811084568038495,22,28182.992029203524,28227.02590446861,experiment,FIFO,0.28,0,variant_6
7990,INSPECTION_1_1,INSPECTION_1_1_LINE,28219.66601868239,4.451198781818675,6,4.451198781818675,36.67398947886613,7.35988578621982,21,28182.992029203524,28227.02590446861,experiment,FIFO,0.28,0,variant_6
7990,INSPECTION_1_2,INSPECTION_1_2_LINE,28220.14862545656,0.48260677417056286,7,0.48260677417056286,37.156596253036696,6.877279012049257,21,28182.992029203524,28227.02590446861,experiment,FIFO,0.28,0,variant_6
7990,INSPECTION_1_3,INSPECTION_1_3_LINE,28221.41140327812,1.0894116041199595,8,1.2627778215610306,38.41937407459773,5.614501190488227,21,28182.992029203524,28227.02590446861,experiment,FIFO,0.28,0,variant_6
7990,INSPECTION_1_4,INSPECTION_1_4_LINE,28221.838095437808,0.23734983070244198,9,0.426692159686354,38.84606623428408,5.187809030801873,21,28182.992029203524,28227.02590446861,experiment,FIFO,0.28,0,variant_6
7990,INSPECTION_1_5,INSPECTION_1_5_LINE,28222.73585412381,0.5506529739686812,10,0.8977586860019073,39.74382492028599,4.290050344799965,20,28182.992029203524,28227.02590446861,experiment,FIFO,0.28,0,variant_6
7990,INSPECTION_1_6,INSPECTION_1_6_LINE,28223.92423945993,1.1883853361214278,11,1.1883853361214278,40.932210256407416,3.1016650086785376,20,28182.992029203524,28227.02590446861,experiment,FIFO,0.28,0,variant_6
7990,INSPECTION_1_7,INSPECTION_1_7_LINE,28227.02590446861,1.8858577327191597,12,3.1016650086785376,44.03387526508595,0.0,18,28182.992029203524,28227.02590446861,experiment,FIFO,0.28,0,variant_6
7991,MOULDING_3,MOULDING_MACHINE_3,28183.57920431704,0.6554551103872654,1,0.0,0.0,129.24261504031892,26,28183.57920431704,28312.82181935736,experiment,FIFO,0.28,0,variant_6
7991,ASSEMBLY_1_2,LINE_2_ASSEMBLY1,28192.42239246541,8.843188148370245,2,8.843188148370245,8.843188148370245,120.39942689194868,24,28183.57920431704,28312.82181935736,experiment,FIFO,0.28,0,variant_6
7991,ASSEMBLY_2_1,ASSEMBLY2_LINE_1,28282.39675420519,6.260266982906614,3,89.97436173977985,98.8175498881501,30.425065152168827,28,28183.57920431704,28312.82181935736,experiment,FIFO,0.28,0,variant_6
7991,SORTING,SORTING_ROBOT_1,28298.712650866026,3.596833350686211,4,16.31589666083528,115.13344654898538,14.109168491333548,28,28183.57920431704,28312.82181935736,experiment,FIFO,0.28,0,variant_6
7991,PACKAGING_1,PACKAGING_LINE_1,28302.52612766881,1.4237043945940968,5,3.8134768027848622,118.94692335177024,10.295691688548686,29,28183.57920431704,28312.82181935736,experiment,FIFO,0.28,0,variant_6
7991,INSPECTION_2_1,INSPECTION_2_1_LINE,28304.50096230644,1.974834637629101,6,1.974834637629101,120.92175798939934,8.320857050919585,28,28183.57920431704,28312.82181935736,experiment,FIFO,0.28,0,variant_6
7991,INSPECTION_2_2,INSPECTION_2_2_LINE,28308.754332348475,4.253370042035385,7,4.253370042035385,125.17512803143472,4.0674870088842,28,28183.57920431704,28312.82181935736,experiment,FIFO,0.28,0,variant_6
7991,INSPECTION_2_3,INSPECTION_2_3_LINE,28310.49491624873,1.7405839002531138,8,1.7405839002531138,126.91571193168784,2.326903108631086,28,28183.57920431704,28312.82181935736,experiment,FIFO,0.28,0,variant_6
7991,INSPECTION_2_4,INSPECTION_2_4_LINE,28310.56833379477,0.07341754604203743,9,0.07341754604203743,126.98912947772988,2.2534855625890486,29,28183.57920431704,28312.82181935736,experiment,FIFO,0.28,0,variant_6
7991,INSPECTION_2_5,INSPECTION_2_5_LINE,28312.282123635792,1.713789841021935,10,1.713789841021935,128.7029193187518,0.5396957215671137,29,28183.57920431704,28312.82181935736,experiment,FIFO,0.28,0,variant_6
7991,INSPECTION_2_6,INSPECTION_2_6_LINE,28312.301319422008,0.01919578621527762,11,0.01919578621527762,128.7221151049671,0.520499935351836,29,28183.57920431704,28312.82181935736,experiment,FIFO,0.28,0,variant_6
7991,INSPECTION_2_7,INSPECTION_2_7_LINE,28312.82181935736,0.520499935351836,12,0.520499935351836,129.24261504031892,0.0,28,28183.57920431704,28312.82181935736,experiment,FIFO,0.28,0,variant_6
7992,MOULDING_3,MOULDING_MACHINE_3,28190.12250167835,2.0299721558913006,1,0.0,0.0,35.0175450575407,24,28190.12250167835,28225.14004673589,experiment,FIFO,0.28,0,variant_3
7992,ASSEMBLY_1_2,LINE_2_ASSEMBLY1,28192.960774355422,0.5383818900118058,2,2.838272677072382,2.838272677072382,32.17927238046832,24,28190.12250167835,28225.14004673589,experiment,FIFO,0.28,0,variant_3
7992,ASSEMBLY_2_2,ASSEMBLY2_LINE_2,28194.547387098435,1.5866127430126653,3,1.5866127430126653,4.424885420085047,30.592659637455654,24,28190.12250167835,28225.14004673589,experiment,FIFO,0.28,0,variant_3
7992,SORTING,SORTING_ROBOT_1,28209.16509805567,1.1405868640249537,4,14.617710957234522,19.04259637731957,15.974948680221132,22,28190.12250167835,28225.14004673589,experiment,FIFO,0.28,0,variant_3
7992,PACKAGING_2,PACKAGING_LINE_2,28214.460249708267,5.295151652597269,5,5.295151652597269,24.33774802991684,10.679797027623863,22,28190.12250167835,28225.14004673589,experiment,FIFO,0.28,0,variant_3
7992,INSPECTION_1_1,INSPECTION_1_1_LINE,28214.755929952444,0.22897233413459617,6,0.295680244176765,24.633428274093603,10.384116783447098,22,28190.12250167835,28225.14004673589,experiment,FIFO,0.28,0,variant_3
7992,INSPECTION_1_2,INSPECTION_1_2_LINE,28217.92168510688,2.880046735634096,7,3.1657551544376474,27.79918342853125,7.2183616290094506,22,28190.12250167835,28225.14004673589,experiment,FIFO,0.28,0,variant_3
7992,INSPECTION_1_3,INSPECTION_1_3_LINE,28220.321991674,2.400306567120424,8,2.400306567120424,30.199489995651675,4.8180550618890265,21,28190.12250167835,28225.14004673589,experiment,FIFO,0.28,0,variant_3
7992,INSPECTION_1_4,INSPECTION_1_4_LINE,28221.600745607106,1.2787539331038715,9,1.2787539331038715,31.478243928755546,3.539301128785155,21,28190.12250167835,28225.14004673589,experiment,FIFO,0.28,0,variant_3
7992,INSPECTION_1_5,INSPECTION_1_5_LINE,28222.18520114984,0.5844555427356681,10,0.5844555427356681,32.062699471491214,2.954845586049487,21,28190.12250167835,28225.14004673589,experiment,FIFO,0.28,0,variant_3
7992,INSPECTION_1_6,INSPECTION_1_6_LINE,28222.38390341791,0.19870226806961,11,0.19870226806961,32.261401739560824,2.756143317979877,20,28190.12250167835,28225.14004673589,experiment,FIFO,0.28,0,variant_3
7992,INSPECTION_1_7,INSPECTION_1_7_LINE,28225.14004673589,2.756143317979877,12,2.756143317979877,35.0175450575407,0.0,19,28190.12250167835,28225.14004673589,experiment,FIFO,0.28,0,variant_3
7993,MOULDING_5,MOULDING_MACHINE_5,28194.825329461662,2.234632246731053,1,0.0,0.0,130.6913627413669,25,28194.825329461662,28325.51669220303,experiment,FIFO,0.28,0,variant_5
7993,ASSEMBLY_1_1,LINE_1_ASSEMBLY1,28203.501121106383,4.10613629663203,2,8.675791644720448,8.675791644720448,122.01557109664645,22,28194.825329461662,28325.51669220303,experiment,FIFO,0.28,0,variant_5
7993,ASSEMBLY_2_1,ASSEMBLY2_LINE_1,28297.69150244866,2.8856155087160005,3,94.19038134227594,102.86617298699639,27.825189754370513,28,28194.825329461662,28325.51669220303,experiment,FIFO,0.28,0,variant_5
7993,SORTING,SORTING_ROBOT_1,28316.64224284044,0.03096134548104601,4,18.950740391781437,121.81691337877783,8.874449362589075,30,28194.825329461662,28325.51669220303,experiment,FIFO,0.28,0,variant_5
7993,PACKAGING_1,PACKAGING_LINE_1,28318.117086775583,1.4748439351424167,5,1.4748439351424167,123.29175731392024,7.399605427446659,32,28194.825329461662,28325.51669220303,experiment,FIFO,0.28,0,variant_5
7993,INSPECTION_2_1,INSPECTION_2_1_LINE,28318.808617554994,0.6915307794115506,6,0.6915307794115506,123.9832880933318,6.708074648035108,32,28194.825329461662,28325.51669220303,experiment,FIFO,0.28,0,variant_5
7993,INSPECTION_2_2,INSPECTION_2_2_LINE,28322.20605162141,3.3974340664171905,7,3.3974340664171905,127.38072215974898,3.3106405816179176,35,28194.825329461662,28325.51669220303,experiment,FIFO,0.28,0,variant_5
7993,INSPECTION_2_3,INSPECTION_2_3_LINE,28323.201600847035,0.9955492256231082,8,0.9955492256231082,128.3762713853721,2.3150913559948094,35,28194.825329461662,28325.51669220303,experiment,FIFO,0.28,0,variant_5
7993,INSPECTION_2_4,INSPECTION_2_4_LINE,28324.361218944447,1.1596180974120216,9,1.1596180974120216,129.5358894827841,1.1554732585827878,35,28194.825329461662,28325.51669220303,experiment,FIFO,0.28,0,variant_5
7993,INSPECTION_2_5,INSPECTION_2_5_LINE,28324.68127744171,0.32005849726192537,10,0.32005849726192537,129.85594798004604,0.8354147613208625,35,28194.825329461662,28325.51669220303,experiment,FIFO,0.28,0,variant_5
7993,INSPECTION_2_6,INSPECTION_2_6_LINE,28324.9451955125,0.2639180707919877,11,0.2639180707919877,130.11986605083803,0.5714966905288748,35,28194.825329461662,28325.51669220303,experiment,FIFO,0.28,0,variant_5
7993,INSPECTION_2_7,INSPECTION_2_7_LINE,28325.51669220303,0.5714966905288748,12,0.5714966905288748,130.6913627413669,0.0,34,28194.825329461662,28325.51669220303,experiment,FIFO,0.28,0,variant_5
7994,MOULDING_5,MOULDING_MACHINE_5,28204.332409978742,9.334775515118963,1,0.0,0.0,38.49734523662846,23,28204.332409978742,28242.82975521537,experiment,FIFO,0.28,0,variant_5
7994,ASSEMBLY_1_1,LINE_1_ASSEMBLY1,28214.104851364784,9.772441386041464,2,9.772441386041464,9.772441386041464,28.724903850586998,21,28204.332409978742,28242.82975521537,experiment,FIFO,0.28,0,variant_5
7994,ASSEMBLY_2_2,ASSEMBLY2_LINE_2,28235.69615242283,21.591301058047975,3,21.591301058047975,31.36374244408944,7.133602792539023,17,28204.332409978742,28242.82975521537,experiment,FIFO,0.28,0,variant_5
7994,SORTING,SORTING_ROBOT_1,28238.58397844813,2.8878260252968175,4,2.8878260252968175,34.25156846938626,4.245776767242205,20,28204.332409978742,28242.82975521537,experiment,FIFO,0.28,0,variant_5
7994,PACKAGING_3,PACKAGING_LINE_3,28239.20066844712,0.6166899989912054,5,0.6166899989912054,34.86825846837746,3.6290867682509997,20,28204.332409978742,28242.82975521537,experiment,FIFO,0.28,0,variant_5
7994,INSPECTION_2_1,INSPECTION_2_1_LINE,28240.606468822352,1.4058003752325021,6,1.4058003752325021,36.274058843609964,2.2232863930184976,20,28204.332409978742,28242.82975521537,experiment,FIFO,0.28,0,variant_5
7994,INSPECTION_2_2,INSPECTION_2_2_LINE,28240.60802175396,0.0015529316078755073,7,0.0015529316078755073,36.27561177521784,2.221733461410622,20,28204.332409978742,28242.82975521537,experiment,FIFO,0.28,0,variant_5
7994,INSPECTION_2_3,INSPECTION_2_3_LINE,28241.167871418507,0.5598496645470732,8,0.5598496645470732,36.83546143976491,1.661883796863549,20,28204.332409978742,28242.82975521537,experiment,FIFO,0.28,0,variant_5
7994,INSPECTION_2_4,INSPECTION_2_4_LINE,28241.17430678476,0.0064353662528446876,9,0.0064353662528446876,36.84189680601776,1.6554484306107042,20,28204.332409978742,28242.82975521537,experiment,FIFO,0.28,0,variant_5
7994,INSPECTION_2_5,INSPECTION_2_5_LINE,28241.67412769316,0.49982090840057936,10,0.49982090840057936,37.34171771441834,1.1556275222101249,21,28204.332409978742,28242.82975521537,experiment,FIFO,0.28,0,variant_5
7994,INSPECTION_2_6,INSPECTION_2_6_LINE,28242.32509413889,0.6509664457298641,11,0.6509664457298641,37.9926841601482,0.5046610764802608,21,28204.332409978742,28242.82975521537,experiment,FIFO,0.28,0,variant_5
7994,INSPECTION_2_7,INSPECTION_2_7_LINE,28242.82975521537,0.5046610764802608,12,0.5046610764802608,38.49734523662846,0.0,20,28204.332409978742,28242.82975521537,experiment,FIFO,0.28,0,variant_5
7995,MOULDING_4,MOULDING_MACHINE_4,28214.24992428842,13.16523411660819,1,0.0,0.0,132.18675834804162,22,28214.24992428842,28346.43668263646,experiment,FIFO,0.28,0,variant_2
7995,ASSEMBLY_1_5,LINE_5_ASSEMBLY1,28217.76482329047,3.5148990020497877,2,3.5148990020497877,3.5148990020497877,128.67185934599183,22,28214.24992428842,28346.43668263646,experiment,FIFO,0.28,0,variant_2
7995,ASSEMBLY_2_1,ASSEMBLY2_LINE_1,28303.58505209209,5.89354964343147,3,85.82022880162185,89.33512780367164,42.85163054436998,29,28214.24992428842,28346.43668263646,experiment,FIFO,0.28,0,variant_2
7995,SORTING,SORTING_ROBOT_1,28319.775583449024,3.1333406085832394,4,16.190531356933207,105.52565916060485,26.661099187436776,33,28214.24992428842,28346.43668263646,experiment,FIFO,0.28,0,variant_2
7995,PACKAGING_3,PACKAGING_LINE_3,28337.166121359987,1.8467719193467929,5,17.390537910963758,122.9161970715686,9.270561276473018,34,28214.24992428842,28346.43668263646,experiment,FIFO,0.28,0,variant_2
7995,INSPECTION_2_1,INSPECTION_2_1_LINE,28338.233209731257,0.2378237726406951,6,1.0670883712700743,123.98328544283868,8.203472905202943,34,28214.24992428842,28346.43668263646,experiment,FIFO,0.28,0,variant_2
7995,INSPECTION_2_2,INSPECTION_2_2_LINE,28342.470115389315,3.713786096905096,7,4.236905658057367,128.22019110089605,3.9665672471455764,37,28214.24992428842,28346.43668263646,experiment,FIFO,0.28,0,variant_2
7995,INSPECTION_2_3,INSPECTION_2_3_LINE,28342.57331435233,0.10319896301371045,8,0.10319896301371045,128.32339006390976,3.863368284131866,37,28214.24992428842,28346.43668263646,experiment,FIFO,0.28,0,variant_2
7995,INSPECTION_2_4,INSPECTION_2_4_LINE,28343.71800626655,1.1446919142217666,9,1.1446919142217666,129.46808197813152,2.7186763699100993,37,28214.24992428842,28346.43668263646,experiment,FIFO,0.28,0,variant_2
7995,INSPECTION_2_5,INSPECTION_2_5_LINE,28344.024986832417,0.3069805658669793,10,0.3069805658669793,129.7750625439985,2.41169580404312,36,28214.24992428842,28346.43668263646,experiment,FIFO,0.28,0,variant_2
7995,INSPECTION_2_6,INSPECTION_2_6_LINE,28345.20630593044,1.1813190980210493,11,1.1813190980210493,130.95638164201955,1.2303767060220707,37,28214.24992428842,28346.43668263646,experiment,FIFO,0.28,0,variant_2
7995,INSPECTION_2_7,INSPECTION_2_7_LINE,28346.43668263646,1.2303767060220707,12,1.2303767060220707,132.18675834804162,0.0,37,28214.24992428842,28346.43668263646,experiment,FIFO,0.28,0,variant_2
7996,MOULDING_5,MOULDING_MACHINE_5,28216.24883700785,9.891145344565302,1,0.0,0.0,56.378998005118774,22,28216.24883700785,28272.62783501297,experiment,FIFO,0.28,0,variant_3
7996,ASSEMBLY_1_5,LINE_5_ASSEMBLY1,28232.34497119561,14.58014790514062,2,16.096134187759162,16.096134187759162,40.28286381735961,16,28216.24883700785,28272.62783501297,experiment,FIFO,0.28,0,variant_3
7996,ASSEMBLY_2_2,ASSEMBLY2_LINE_2,28244.617704586766,4.572161252101068,3,12.27273339115709,28.36886757891625,28.010130426202522,22,28216.24883700785,28272.62783501297,experiment,FIFO,0.28,0,variant_3
7996,SORTING,SORTING_ROBOT_1,28263.79793025226,10.741717588134634,4,19.180225665495527,47.54909324441178,8.829904760706995,27,28216.24883700785,28272.62783501297,experiment,FIFO,0.28,0,variant_3
7996,PACKAGING_2,PACKAGING_LINE_2,28264.634332568043,0.8364023157810152,5,0.8364023157810152,48.385495560192794,7.99350244492598,26,28216.24883700785,28272.62783501297,experiment,FIFO,0.28,0,variant_3
7996,INSPECTION_1_1,INSPECTION_1_1_LINE,28265.145400853708,0.5110682856648054,6,0.5110682856648054,48.8965638458576,7.4824341592611745,26,28216.24883700785,28272.62783501297,experiment,FIFO,0.28,0,variant_3
7996,INSPECTION_1_2,INSPECTION_1_2_LINE,28267.86606531248,2.7206644587713527,7,2.7206644587713527,51.61722830462895,4.761769700489822,26,28216.24883700785,28272.62783501297,experiment,FIFO,0.28,0,variant_3
7996,INSPECTION_1_3,INSPECTION_1_3_LINE,28267.90797271988,0.041907407401595265,8,0.041907407401595265,51.65913571203055,4.719862293088227,26,28216.24883700785,28272.62783501297,experiment,FIFO,0.28,0,variant_3
7996,INSPECTION_1_4,INSPECTION_1_4_LINE,28271.74672850901,3.838755789129209,9,3.838755789129209,55.497891501159756,0.8811065039590176,28,28216.24883700785,28272.62783501297,experiment,FIFO,0.28,0,variant_3
7996,INSPECTION_1_5,INSPECTION_1_5_LINE,28272.16769125992,0.42096275091171265,10,0.42096275091171265,55.91885425207147,0.4601437530473049,28,28216.24883700785,28272.62783501297,experiment,FIFO,0.28,0,variant_3
7996,INSPECTION_1_6,INSPECTION_1_6_LINE,28272.300069655004,0.13237839508292382,11,0.13237839508292382,56.05123264715439,0.3277653579643811,28,28216.24883700785,28272.62783501297,experiment,FIFO,0.28,0,variant_3
7996,INSPECTION_1_7,INSPECTION_1_7_LINE,28272.62783501297,0.3277653579643811,12,0.3277653579643811,56.378998005118774,0.0,27,28216.24883700785,28272.62783501297,experiment,FIFO,0.28,0,variant_3
7997,MOULDING_2,MOULDING_MACHINE_2,28212.39907078361,0.5206912403155002,1,0.0,0.0,44.080048631880345,23,28212.39907078361,28256.47911941549,experiment,FIFO,0.28,0,variant_2
7997,ASSEMBLY_1_1,LINE_1_ASSEMBLY1,28215.53507957372,1.4302282089374785,2,3.1360087901121005,3.1360087901121005,40.944039841768245,22,28212.39907078361,28256.47911941549,experiment,FIFO,0.28,0,variant_2
7997,ASSEMBLY_2_2,ASSEMBLY2_LINE_2,28240.045543334665,4.349390911833325,3,24.51046376094382,27.646472551055922,16.433576080824423,20,28212.39907078361,28256.47911941549,experiment,FIFO,0.28,0,variant_2
7997,SORTING,SORTING_ROBOT_1,28242.18272851969,2.1371851850235544,4,2.1371851850235544,29.783657736079476,14.296390895800869,21,28212.39907078361,28256.47911941549,experiment,FIFO,0.28,0,variant_2
7997,PACKAGING_2,PACKAGING_LINE_2,28247.00269837048,4.819969850792404,5,4.819969850792404,34.60362758687188,9.476421045008465,24,28212.39907078361,28256.47911941549,experiment,FIFO,0.28,0,variant_2
7997,INSPECTION_2_1,INSPECTION_2_1_LINE,28248.01308264519,1.0103842747084855,6,1.0103842747084855,35.614011861580366,8.46603677029998,25,28212.39907078361,28256.47911941549,experiment,FIFO,0.28,0,variant_2
7997,INSPECTION_2_2,INSPECTION_2_2_LINE,28250.211262578523,2.1981799333334493,7,2.1981799333334493,37.812191794913815,6.26785683696653,25,28212.39907078361,28256.47911941549,experiment,FIFO,0.28,0,variant_2
7997,INSPECTION_2_2,INSPECTION_2_2_LINE,28252.716159619624,2.504897041100776,8,2.504897041100776,40.31708883601459,3.762959795865754,26,28212.39907078361,28256.47911941549,experiment,FIFO,0.28,0,variant_2
7997,INSPECTION_2_3,INSPECTION_2_3_LINE,28253.268510608203,0.5523509885788371,9,0.5523509885788371,40.86943982459343,3.210608807286917,26,28212.39907078361,28256.47911941549,experiment,FIFO,0.28,0,variant_2
7997,INSPECTION_2_4,INSPECTION_2_4_LINE,28254.06832976941,0.79981916120596,10,0.79981916120596,41.66925898579939,2.410789646080957,26,28212.39907078361,28256.47911941549,experiment,FIFO,0.28,0,variant_2
7997,INSPECTION_2_5,INSPECTION_2_5_LINE,28255.9067176536,1.8383878841923433,11,1.8383878841923433,43.50764686999173,0.5724017618886137,27,28212.39907078361,28256.47911941549,experiment,FIFO,0.28,0,variant_2
7997,INSPECTION_2_6,INSPECTION_2_6_LINE,28256.385591315124,0.47887366152281174,12,0.47887366152281174,43.98652053151454,0.09352810036580195,27,28212.39907078361,28256.47911941549,experiment,FIFO,0.28,0,variant_2
7997,INSPECTION_2_7,INSPECTION_2_7_LINE,28256.47911941549,0.09352810036580195,13,0.09352810036580195,44.080048631880345,0.0,26,28212.39907078361,28256.47911941549,experiment,FIFO,0.28,0,variant_2
7998,MOULDING_5,MOULDING_MACHINE_5,28228.54787562461,6.350883923983929,1,0.0,0.0,46.106126116690575,18,28228.54787562461,28274.6540017413,experiment,FIFO,0.28,0,variant_6
7998,ASSEMBLY_1_3,LINE_3_ASSEMBLY1,28233.35024787249,4.802372247882886,2,4.802372247882886,4.802372247882886,41.30375386880769,17,28228.54787562461,28274.6540017413,experiment,FIFO,0.28,0,variant_6
7998,ASSEMBLY_2_2,ASSEMBLY2_LINE_2,28245.652601418027,1.034896831260994,3,12.30235354553588,17.104725793418766,29.00140032327181,22,28228.54787562461,28274.6540017413,experiment,FIFO,0.28,0,variant_6
7998,ASSEMBLY_2_2,ASSEMBLY2_LINE_2,28247.254787672533,1.6021862545057957,4,1.6021862545057957,18.70691204792456,27.399214068766014,24,28228.54787562461,28274.6540017413,experiment,FIFO,0.28,0,variant_6
7998,SORTING,SORTING_ROBOT_1,28265.324793652104,1.5268633998421137,5,18.07000597957085,36.77691802749541,9.329208089195163,26,28228.54787562461,28274.6540017413,experiment,FIFO,0.28,0,variant_6
7998,PACKAGING_2,PACKAGING_LINE_2,28265.74446768923,0.4196740371262422,6,0.4196740371262422,37.196592064621655,8.90953405206892,26,28228.54787562461,28274.6540017413,experiment,FIFO,0.28,0,variant_6
7998,INSPECTION_1_1,INSPECTION_1_1_LINE,28266.898622243705,1.1541545544750988,7,1.1541545544750988,38.35074661909675,7.755379497593822,26,28228.54787562461,28274.6540017413,experiment,FIFO,0.28,0,variant_6
7998,INSPECTION_1_2,INSPECTION_1_2_LINE,28268.025740417863,0.1596751053839398,8,1.1271181741576584,39.47786479325441,6.628261323436163,26,28228.54787562461,28274.6540017413,experiment,FIFO,0.28,0,variant_6
7998,INSPECTION_1_3,INSPECTION_1_3_LINE,28269.05193913785,1.0261987199883151,9,1.0261987199883151,40.50406351324273,5.602062603447848,27,28228.54787562461,28274.6540017413,experiment,FIFO,0.28,0,variant_6
7998,INSPECTION_1_4,INSPECTION_1_4_LINE,28272.770269874032,1.0235413650225382,10,3.7183307361810876,44.222394249423814,1.8837318672667607,27,28228.54787562461,28274.6540017413,experiment,FIFO,0.28,0,variant_6
7998,INSPECTION_1_5,INSPECTION_1_5_LINE,28273.781099661865,1.0108297878323356,11,1.0108297878323356,45.23322403725615,0.8729020794344251,27,28228.54787562461,28274.6540017413,experiment,FIFO,0.28,0,variant_6
7998,INSPECTION_1_6,INSPECTION_1_6_LINE,28274.08759489282,0.30649523095416953,12,0.30649523095416953,45.53971926821032,0.5664068484802556,27,28228.54787562461,28274.6540017413,experiment,FIFO,0.28,0,variant_6
7998,INSPECTION_1_7,INSPECTION_1_7_LINE,28274.6540017413,0.5664068484802556,13,0.5664068484802556,46.106126116690575,0.0,26,28228.54787562461,28274.6540017413,experiment,FIFO,0.28,0,variant_6
7999,MOULDING_1,MOULDING_MACHINE_1,28232.43680883204,3.599440764875908,1,0.0,0.0,116.0220005552801,17,28232.43680883204,28348.45880938732,experiment,FIFO,0.28,0,variant_4
7999,ASSEMBLY_1_3,LINE_3_ASSEMBLY1,28239.07999309905,5.7297452265593165,2,6.643184267009929,6.643184267009929,109.37881628827017,20,28232.43680883204,28348.45880938732,experiment,FIFO,0.28,0,variant_4
7999,ASSEMBLY_2_1,ASSEMBLY2_LINE_1,28315.15605009187,6.37098112195963,3,76.07605699282067,82.7192412598306,33.302759295449505,31,28232.43680883204,28348.45880938732,experiment,FIFO,0.28,0,variant_4
7999,SORTING,SORTING_ROBOT_1,28330.292121085826,4.37169042984533,4,15.13607099395449,97.85531225378509,18.166688301495014,35,28232.43680883204,28348.45880938732,experiment,FIFO,0.28,0,variant_4
7999,PACKAGING_1,PACKAGING_LINE_1,28338.597790527296,8.305669441469945,5,8.305669441469945,106.16098169525503,9.86101886002507,35,28232.43680883204,28348.45880938732,experiment,FIFO,0.28,0,variant_4
7999,INSPECTION_2_1,INSPECTION_2_1_LINE,28338.83423419924,0.23644367194356164,6,0.23644367194356164,106.3974253671986,9.624575188081508,36,28232.43680883204,28348.45880938732,experiment,FIFO,0.28,0,variant_4
7999,INSPECTION_2_2,INSPECTION_2_2_LINE,28342.882874050825,0.41275866151045193,7,4.048639851585904,110.4460652187845,5.575935336495604,37,28232.43680883204,28348.45880938732,experiment,FIFO,0.28,0,variant_4
7999,INSPECTION_2_3,INSPECTION_2_3_LINE,28345.48069079256,2.5978167417342775,8,2.5978167417342775,113.04388196051877,2.9781185947613267,37,28232.43680883204,28348.45880938732,experiment,FIFO,0.28,0,variant_4
7999,INSPECTION_2_4,INSPECTION_2_4_LINE,28346.081488392087,0.6007975995271408,9,0.6007975995271408,113.64467956004592,2.377320995234186,37,28232.43680883204,28348.45880938732,experiment,FIFO,0.28,0,variant_4
7999,INSPECTION_2_5,INSPECTION_2_5_LINE,28346.515299894905,0.43381150281857117,10,0.43381150281857117,114.07849106286449,1.9435094924156147,37,28232.43680883204,28348.45880938732,experiment,FIFO,0.28,0,variant_4
7999,INSPECTION_2_6,INSPECTION_2_6_LINE,28346.6956022476,0.18030235269543482,11,0.18030235269543482,114.25879341555992,1.7632071397201798,37,28232.43680883204,28348.45880938732,experiment,FIFO,0.28,0,variant_4
7999,INSPECTION_2_7,INSPECTION_2_7_LINE,28348.45880938732,1.7632071397201798,12,1.7632071397201798,116.0220005552801,0.0,35,28232.43680883204,28348.45880938732,experiment,FIFO,0.28,0,variant_4
8000,MOULDING_3,MOULDING_MACHINE_3,28241.255534686887,7.817279474362294,1,0.0,0.0,146.81020164551956,21,28241.255534686887,28388.065736332406,experiment,FIFO,0.28,0,variant_3
8000,ASSEMBLY_1_1,LINE_1_ASSEMBLY1,28269.769195827324,11.402094424622192,2,28.513661140437762,28.513661140437762,118.2965405050818,28,28241.255534686887,28388.065736332406,experiment,FIFO,0.28,0,variant_3
8000,ASSEMBLY_2_1,ASSEMBLY2_LINE_1,28341.664940720024,12.285289810231916,3,71.89574489269944,100.4094060331372,46.40079561238235,36,28241.255534686887,28388.065736332406,experiment,FIFO,0.28,0,variant_3
8000,SORTING,SORTING_ROBOT_1,28368.597872342056,1.052210547732102,4,26.9329316220319,127.3423376551691,19.467863990350452,37,28241.255534686887,28388.065736332406,experiment,FIFO,0.28,0,variant_3
8000,PACKAGING_1,PACKAGING_LINE_1,28378.76454425651,1.3818376312410692,5,10.166671914455947,137.50900956962505,9.301192075894505,36,28241.255534686887,28388.065736332406,experiment,FIFO,0.28,0,variant_3
8000,INSPECTION_1_1,INSPECTION_1_1_LINE,28379.83905227296,1.0745080164488172,6,1.0745080164488172,138.58351758607387,8.226684059445688,36,28241.255534686887,28388.065736332406,experiment,FIFO,0.28,0,variant_3
8000,INSPECTION_1_2,INSPECTION_1_2_LINE,28380.71645279662,0.877400523659162,7,0.877400523659162,139.46091810973303,7.349283535786526,36,28241.255534686887,28388.065736332406,experiment,FIFO,0.28,0,variant_3
8000,INSPECTION_1_3,INSPECTION_1_3_LINE,28381.61718695993,0.9007341633114265,8,0.9007341633114265,140.36165227304446,6.4485493724750995,36,28241.255534686887,28388.065736332406,experiment,FIFO,0.28,0,variant_3
8000,INSPECTION_1_4,INSPECTION_1_4_LINE,28382.88657829849,1.2693913385592168,9,1.2693913385592168,141.63104361160367,5.179158033915883,36,28241.255534686887,28388.065736332406,experiment,FIFO,0.28,0,variant_3
8000,INSPECTION_1_5,INSPECTION_1_5_LINE,28383.974584544783,1.0880062462929345,10,1.0880062462929345,142.7190498578966,4.091151787622948,36,28241.255534686887,28388.065736332406,experiment,FIFO,0.28,0,variant_3
8000,INSPECTION_1_6,INSPECTION_1_6_LINE,28386.37445301149,1.0344585906495922,11,2.3998684667058114,145.11891832460242,1.6912833209171367,36,28241.255534686887,28388.065736332406,experiment,FIFO,0.28,0,variant_3
8000,INSPECTION_1_7,INSPECTION_1_7_LINE,28388.065736332406,1.6014307952063973,12,1.6912833209171367,146.81020164551956,0.0,34,28241.255534686887,28388.065736332406,experiment,FIFO,0.28,0,variant_3
8001,MOULDING_4,MOULDING_MACHINE_4,28236.611740112523,2.229206170359248,1,0.0,0.0,116.09847319600522,18,28236.611740112523,28352.71021330853,experiment,FIFO,0.28,0,variant_3
8001,ASSEMBLY_1_1,LINE_1_ASSEMBLY1,28253.50312910557,16.891388993048167,2,16.891388993048167,16.891388993048167,99.20708420295705,26,28236.611740112523,28352.71021330853,experiment,FIFO,0.28,0,variant_3
8001,ASSEMBLY_2_1,ASSEMBLY2_LINE_1,28319.27989790701,4.123847815139015,3,65.77676880143918,82.66815779448734,33.43031540151787,33,28236.611740112523,28352.71021330853,experiment,FIFO,0.28,0,variant_3
8001,SORTING,SORTING_ROBOT_1,28331.66343422571,1.3713131398835685,4,12.383536318699043,95.05169411318639,21.04677908281883,35,28236.611740112523,28352.71021330853,experiment,FIFO,0.28,0,variant_3
8001,PACKAGING_1,PACKAGING_LINE_1,28340.018277317195,1.4204867898988596,5,8.354843091485236,103.40653720467162,12.691935991333594,36,28236.611740112523,28352.71021330853,experiment,FIFO,0.28,0,variant_3
8001,INSPECTION_1_1,INSPECTION_1_1_LINE,28341.15475459769,1.1364772804954555,6,1.1364772804954555,104.54301448516708,11.555458710838138,36,28236.611740112523,28352.71021330853,experiment,FIFO,0.28,0,variant_3
8001,INSPECTION_1_2,INSPECTION_1_2_LINE,28341.3728836205,0.2181290228108992,7,0.2181290228108992,104.76114350797798,11.33732968802724,36,28236.611740112523,28352.71021330853,experiment,FIFO,0.28,0,variant_3
8001,INSPECTION_1_3,INSPECTION_1_3_LINE,28343.34838109792,1.9754974774186849,8,1.9754974774186849,106.73664098539666,9.361832210608554,37,28236.611740112523,28352.71021330853,experiment,FIFO,0.28,0,variant_3
8001,INSPECTION_1_4,INSPECTION_1_4_LINE,28347.74250804432,1.4281892262406473,9,4.394126946401229,111.13076793179789,4.967705264207325,36,28236.611740112523,28352.71021330853,experiment,FIFO,0.28,0,variant_3
8001,INSPECTION_1_5,INSPECTION_1_5_LINE,28348.25330965889,0.5108016145677539,10,0.5108016145677539,111.64156954636564,4.456903649639571,36,28236.611740112523,28352.71021330853,experiment,FIFO,0.28,0,variant_3
8001,INSPECTION_1_6,INSPECTION_1_6_LINE,28350.7763437455,2.5230340866110055,11,2.5230340866110055,114.16460363297665,1.9338695630285656,36,28236.611740112523,28352.71021330853,experiment,FIFO,0.28,0,variant_3
8001,INSPECTION_1_7,INSPECTION_1_7_LINE,28352.71021330853,1.9338695630285656,12,1.9338695630285656,116.09847319600522,0.0,36,28236.611740112523,28352.71021330853,experiment,FIFO,0.28,0,variant_3
8002,MOULDING_5,MOULDING_MACHINE_5,28237.839380613284,2.897355828437867,1,0.0,0.0,118.73409204627387,20,28237.839380613284,28356.57347265956,experiment,FIFO,0.28,0,variant_1
8002,ASSEMBLY_1_1,LINE_1_ASSEMBLY1,28258.367101402702,4.863972297131113,2,20.5277207894178,20.5277207894178,98.20637125685607,27,28237.839380613284,28356.57347265956,experiment,FIFO,0.28,0,variant_1
8002,ASSEMBLY_2_1,ASSEMBLY2_LINE_1,28321.657720451563,0.5925743851803418,3,63.29061904886112,83.81833983827892,34.915752207994956,35,28237.839380613284,28356.57347265956,experiment,FIFO,0.28,0,variant_1
8002,SORTING,SORTING_ROBOT_1,28342.588166147525,1.2919061629545467,4,20.93044569596168,104.7487855342406,13.985306512033276,37,28237.839380613284,28356.57347265956,experiment,FIFO,0.28,0,variant_1
8002,PACKAGING_1,PACKAGING_LINE_1,28347.4228756738,2.720321751836309,5,4.834709526276129,109.58349506051673,9.150596985757147,36,28237.839380613284,28356.57347265956,experiment,FIFO,0.28,0,variant_1
8002,INSPECTION_2_1,INSPECTION_2_1_LINE,28349.162319274536,1.7394436007343757,6,1.7394436007343757,111.3229386612511,7.4111533850227715,35,28237.839380613284,28356.57347265956,experiment,FIFO,0.28,0,variant_1
8002,INSPECTION_2_2,INSPECTION_2_2_LINE,28350.49975763189,1.337438357353676,7,1.337438357353676,112.66037701860478,6.073715027669095,36,28237.839380613284,28356.57347265956,experiment,FIFO,0.28,0,variant_1
8002,INSPECTION_2_3,INSPECTION_2_3_LINE,28351.784558809868,1.2848011779788067,8,1.2848011779788067,113.94517819658358,4.788913849690289,37,28237.839380613284,28356.57347265956,experiment,FIFO,0.28,0,variant_1
8002,INSPECTION_2_4,INSPECTION_2_4_LINE,28352.353938013985,0.569379204116558,9,0.569379204116558,114.51455740070014,4.219534645573731,37,28237.839380613284,28356.57347265956,experiment,FIFO,0.28,0,variant_1
8002,INSPECTION_2_5,INSPECTION_2_5_LINE,28352.3776485782,0.023710564215434715,10,0.023710564215434715,114.53826796491558,4.195824081358296,37,28237.839380613284,28356.57347265956,experiment,FIFO,0.28,0,variant_1
8002,INSPECTION_2_6,INSPECTION_2_6_LINE,28355.218792245832,2.841143667632423,11,2.841143667632423,117.379411632548,1.3546804137258732,36,28237.839380613284,28356.57347265956,experiment,FIFO,0.28,0,variant_1
8002,INSPECTION_2_7,INSPECTION_2_7_LINE,28356.57347265956,0.7444225886611093,12,1.3546804137258732,118.73409204627387,0.0,34,28237.839380613284,28356.57347265956,experiment,FIFO,0.28,0,variant_1
8003,MOULDING_2,MOULDING_MACHINE_2,28237.346838044858,0.8998431873369555,1,0.0,0.0,96.90224779911296,19,28237.346838044858,28334.24908584397,experiment,FIFO,0.28,0,variant_1
8003,ASSEMBLY_1_4,LINE_4_ASSEMBLY1,28237.743831276613,0.39699323175591417,2,0.39699323175591417,0.39699323175591417,96.50525456735704,19,28237.346838044858,28334.24908584397,experiment,FIFO,0.28,0,variant_1
8003,ASSEMBLY_2_1,ASSEMBLY2_LINE_1,28308.78506896991,5.2000168778213265,3,71.04123769329817,71.43823092505409,25.46401687405887,28,28237.346838044858,28334.24908584397,experiment,FIFO,0.28,0,variant_1
8003,SORTING,SORTING_ROBOT_1,28325.53301729483,5.7574338458071,4,16.74794832491898,88.18617924997307,8.71606854913989,34,28237.346838044858,28334.24908584397,experiment,FIFO,0.28,0,variant_1
8003,PACKAGING_2,PACKAGING_LINE_2,28328.249317591024,2.716300296193367,5,2.716300296193367,90.90247954616643,5.999768252946524,34,28237.346838044858,28334.24908584397,experiment,FIFO,0.28,0,variant_1
8003,INSPECTION_1_1,INSPECTION_1_1_LINE,28329.27844070416,1.0291231131377572,6,1.0291231131377572,91.93160265930419,4.9706451398087665,35,28237.346838044858,28334.24908584397,experiment,FIFO,0.28,0,variant_1
8003,INSPECTION_1_2,INSPECTION_1_2_LINE,28331.76197744555,2.48353674138707,7,2.48353674138707,94.41513940069126,2.4871083984216966,35,28237.346838044858,28334.24908584397,experiment,FIFO,0.28,0,variant_1
8003,INSPECTION_1_3,INSPECTION_1_3_LINE,28332.681302968187,0.9193255226382462,8,0.9193255226382462,95.3344649233295,1.5677828757834504,36,28237.346838044858,28334.24908584397,experiment,FIFO,0.28,0,variant_1
8003,INSPECTION_1_4,INSPECTION_1_4_LINE,28332.723931709428,0.0426287412410602,9,0.0426287412410602,95.37709366457057,1.5251541345423902,36,28237.346838044858,28334.24908584397,experiment,FIFO,0.28,0,variant_1
8003,INSPECTION_1_5,INSPECTION_1_5_LINE,28332.898329339456,0.17439763002766995,10,0.17439763002766995,95.55149129459824,1.3507565045147203,36,28237.346838044858,28334.24908584397,experiment,FIFO,0.28,0,variant_1
8003,INSPECTION_1_6,INSPECTION_1_6_LINE,28333.449538237423,0.5512088979667169,11,0.5512088979667169,96.10270019256495,0.7995476065480034,36,28237.346838044858,28334.24908584397,experiment,FIFO,0.28,0,variant_1
8003,INSPECTION_1_7,INSPECTION_1_7_LINE,28334.24908584397,0.7995476065480034,12,0.7995476065480034,96.90224779911296,0.0,35,28237.346838044858,28334.24908584397,experiment,FIFO,0.28,0,variant_1
8004,MOULDING_2,MOULDING_MACHINE_2,28243.069584705256,4.18905573371012,1,0.0,0.0,39.20660099514498,21,28243.069584705256,28282.2761857004,experiment,FIFO,0.28,0,variant_1
8004,ASSEMBLY_1_3,LINE_3_ASSEMBLY1,28248.82535951924,5.755774813984317,2,5.755774813984317,5.755774813984317,33.450826181160664,25,28243.069584705256,28282.2761857004,experiment,FIFO,0.28,0,variant_1
8004,ASSEMBLY_2_2,ASSEMBLY2_LINE_2,28258.21465877519,9.389299255948572,3,9.389299255948572,15.145074069932889,24.061526925212092,27,28243.069584705256,28282.2761857004,experiment,FIFO,0.28,0,variant_1
8004,SORTING,SORTING_ROBOT_1,28268.09867151785,2.773877865747636,4,9.88401274266289,25.02908681259578,14.177514182549203,26,28243.069584705256,28282.2761857004,experiment,FIFO,0.28,0,variant_1
8004,PACKAGING_1,PACKAGING_LINE_1,28273.75111472229,5.652443204438896,5,5.652443204438896,30.681530017034675,8.525070978110307,27,28243.069584705256,28282.2761857004,experiment,FIFO,0.28,0,variant_1
8004,INSPECTION_2_1,INSPECTION_2_1_LINE,28274.87938473544,1.1282700131487218,6,1.1282700131487218,31.809800030183396,7.396800964961585,26,28243.069584705256,28282.2761857004,experiment,FIFO,0.28,0,variant_1
8004,INSPECTION_2_2,INSPECTION_2_2_LINE,28275.075360942606,0.19597620716740494,7,0.19597620716740494,32.0057762373508,7.20082475779418,26,28243.069584705256,28282.2761857004,experiment,FIFO,0.28,0,variant_1
8004,INSPECTION_2_3,INSPECTION_2_3_LINE,28277.00583050082,1.9304695582140994,8,1.9304695582140994,33.9362457955649,5.270355199580081,27,28243.069584705256,28282.2761857004,experiment,FIFO,0.28,0,variant_1
8004,INSPECTION_2_4,INSPECTION_2_4_LINE,28279.63450138964,2.6286708888183057,9,2.6286708888183057,36.564916684383206,2.641684310761775,27,28243.069584705256,28282.2761857004,experiment,FIFO,0.28,0,variant_1
8004,INSPECTION_2_5,INSPECTION_2_5_LINE,28281.14446054412,1.5099591544822033,10,1.5099591544822033,38.07487583886541,1.1317251562795718,28,28243.069584705256,28282.2761857004,experiment,FIFO,0.28,0,variant_1
8004,INSPECTION_2_6,INSPECTION_2_6_LINE,28282.242926728788,1.0984661846669042,11,1.0984661846669042,39.173342023532314,0.033258971612667665,29,28243.069584705256,28282.2761857004,experiment,FIFO,0.28,0,variant_1
8004,INSPECTION_2_7,INSPECTION_2_7_LINE,28282.2761857004,0.033258971612667665,12,0.033258971612667665,39.20660099514498,0.0,28,28243.069584705256,28282.2761857004,experiment,FIFO,0.28,0,variant_1
8005,MOULDING_3,MOULDING_MACHINE_3,28243.082393880224,1.2484288807827397,1,0.0,0.0,63.66992086130631,22,28243.082393880224,28306.75231474153,experiment,FIFO,0.28,0,variant_1
8005,ASSEMBLY_1_2,LINE_2_ASSEMBLY1,28275.530525307546,32.44813142732164,2,32.44813142732164,32.44813142732164,31.221789433984668,26,28243.082393880224,28306.75231474153,experiment,FIFO,0.28,0,variant_1
8005,ASSEMBLY_2_2,ASSEMBLY2_LINE_2,28276.2997447163,0.7692194087539974,3,0.7692194087539974,33.21735083607564,30.45257002523067,27,28243.082393880224,28306.75231474153,experiment,FIFO,0.28,0,variant_1
8005,SORTING,SORTING_ROBOT_1,28295.11581751534,5.624656313459127,4,18.81607279903983,52.03342363511547,11.63649722619084,29,28243.082393880224,28306.75231474153,experiment,FIFO,0.28,0,variant_1
8005,PACKAGING_1,PACKAGING_LINE_1,28301.102423274217,5.986605758876976,5,5.986605758876976,58.020029393992445,5.649891467313864,29,28243.082393880224,28306.75231474153,experiment,FIFO,0.28,0,variant_1
8005,INSPECTION_2_1,INSPECTION_2_1_LINE,28301.61775358319,0.5153303089718975,6,0.5153303089718975,58.53535970296434,5.134561158341967,29,28243.082393880224,28306.75231474153,experiment,FIFO,0.28,0,variant_1
8005,INSPECTION_2_2,INSPECTION_2_2_LINE,28303.41392581589,1.7961722327017924,7,1.7961722327017924,60.331531935666135,3.3383889256401744,29,28243.082393880224,28306.75231474153,experiment,FIFO,0.28,0,variant_1
8005,INSPECTION_2_3,INSPECTION_2_3_LINE,28304.179603997967,0.7656781820769538,8,0.7656781820769538,61.09721011774309,2.5727107435632206,28,28243.082393880224,28306.75231474153,experiment,FIFO,0.28,0,variant_1
8005,INSPECTION_2_4,INSPECTION_2_4_LINE,28304.33902174277,0.15941774480234017,9,0.15941774480234017,61.25662786254543,2.4132929987608804,28,28243.082393880224,28306.75231474153,experiment,FIFO,0.28,0,variant_1
8005,INSPECTION_2_5,INSPECTION_2_5_LINE,28305.23380896309,0.8947872203207226,10,0.8947872203207226,62.15141508286615,1.5185057784401579,28,28243.082393880224,28306.75231474153,experiment,FIFO,0.28,0,variant_1
8005,INSPECTION_2_6,INSPECTION_2_6_LINE,28306.51931538428,1.285506421190803,11,1.285506421190803,63.436921504056954,0.23299935724935494,28,28243.082393880224,28306.75231474153,experiment,FIFO,0.28,0,variant_1
8005,INSPECTION_2_7,INSPECTION_2_7_LINE,28306.75231474153,0.23299935724935494,12,0.23299935724935494,63.66992086130631,0.0,27,28243.082393880224,28306.75231474153,experiment,FIFO,0.28,0,variant_1
8006,MOULDING_2,MOULDING_MACHINE_2,28245.762083535883,2.6924988306273008,1,0.0,0.0,47.031622790018446,23,28245.762083535883,28292.7937063259,experiment,FIFO,0.28,0,variant_6
8006,ASSEMBLY_1_3,LINE_3_ASSEMBLY1,28261.63522899944,12.809869480199268,2,15.873145463556284,15.873145463556284,31.15847732646216,27,28245.762083535883,28292.7937063259,experiment,FIFO,0.28,0,variant_6
8006,ASSEMBLY_2_2,ASSEMBLY2_LINE_2,28267.20148097649,3.227858496898989,3,5.566251977052161,21.439397440608445,25.59222534941,26,28245.762083535883,28292.7937063259,experiment,FIFO,0.28,0,variant_6
8006,SORTING,SORTING_ROBOT_1,28283.963204759908,0.7549687971222738,4,16.761723783416528,38.20112122402497,8.830501565993472,26,28245.762083535883,28292.7937063259,experiment,FIFO,0.28,0,variant_6
8006,PACKAGING_2,PACKAGING_LINE_2,28286.848930627828,2.885725867919973,5,2.885725867919973,41.086847091944946,5.944775698073499,26,28245.762083535883,28292.7937063259,experiment,FIFO,0.28,0,variant_6
8006,INSPECTION_1_1,INSPECTION_1_1_LINE,28286.95747054284,0.1085399150106241,6,0.1085399150106241,41.19538700695557,5.836235783062875,26,28245.762083535883,28292.7937063259,experiment,FIFO,0.28,0,variant_6
8006,INSPECTION_1_2,INSPECTION_1_2_LINE,28287.02489971944,0.06742917660085368,7,0.06742917660085368,41.262816183556424,5.768806606462022,26,28245.762083535883,28292.7937063259,experiment,FIFO,0.28,0,variant_6
8006,INSPECTION_1_3,INSPECTION_1_3_LINE,28287.892163691675,0.8672639722353779,8,0.8672639722353779,42.1300801557918,4.901542634226644,26,28245.762083535883,28292.7937063259,experiment,FIFO,0.28,0,variant_6
8006,INSPECTION_1_4,INSPECTION_1_4_LINE,28288.827954406104,0.9357907144294586,9,0.9357907144294586,43.06587087022126,3.965751919797185,26,28245.762083535883,28292.7937063259,experiment,FIFO,0.28,0,variant_6
8006,INSPECTION_1_5,INSPECTION_1_5_LINE,28290.69286409491,1.8649096888075292,10,1.8649096888075292,44.93078055902879,2.100842230989656,26,28245.762083535883,28292.7937063259,experiment,FIFO,0.28,0,variant_6
8006,INSPECTION_1_6,INSPECTION_1_6_LINE,28292.24023833828,1.5473742433678126,11,1.5473742433678126,46.4781548023966,0.5534679876218433,27,28245.762083535883,28292.7937063259,experiment,FIFO,0.28,0,variant_6
8006,INSPECTION_1_7,INSPECTION_1_7_LINE,28292.7937063259,0.5534679876218433,12,0.5534679876218433,47.031622790018446,0.0,26,28245.762083535883,28292.7937063259,experiment,FIFO,0.28,0,variant_6
8007,MOULDING_2,MOULDING_MACHINE_2,28246.095396553763,0.3333130178798456,1,0.0,0.0,131.59813532953558,24,28246.095396553763,28377.6935318833,experiment,FIFO,0.28,0,variant_2
8007,ASSEMBLY_1_2,LINE_2_ASSEMBLY1,28278.452459231445,2.921933923898905,2,32.357062677681824,32.357062677681824,99.24107265185376,27,28246.095396553763,28377.6935318833,experiment,FIFO,0.28,0,variant_2
8007,ASSEMBLY_2_1,ASSEMBLY2_LINE_1,28346.712202755505,5.047262035481253,3,68.25974352406047,100.61680620174229,30.981329127793288,37,28246.095396553763,28377.6935318833,experiment,FIFO,0.28,0,variant_2
8007,SORTING,SORTING_ROBOT_1,28371.70988232381,3.112009981752635,4,24.997679568303283,125.61448577004558,5.983649559490004,36,28246.095396553763,28377.6935318833,experiment,FIFO,0.28,0,variant_2
8007,PACKAGING_3,PACKAGING_LINE_3,28372.087537865256,0.3776555414478935,5,0.3776555414478935,125.99214131149347,5.605994018042111,36,28246.095396553763,28377.6935318833,experiment,FIFO,0.28,0,variant_2
8007,INSPECTION_1_1,INSPECTION_1_1_LINE,28372.64570073077,0.5581628655127133,6,0.5581628655127133,126.55030417700618,5.0478311525293975,36,28246.095396553763,28377.6935318833,experiment,FIFO,0.28,0,variant_2
8007,INSPECTION_1_2,INSPECTION_1_2_LINE,28373.37470199532,0.7290012645498791,7,0.7290012645498791,127.27930544155606,4.318829887979518,36,28246.095396553763,28377.6935318833,experiment,FIFO,0.28,0,variant_2
8007,INSPECTION_1_3,INSPECTION_1_3_LINE,28373.396637491645,0.021935496326477733,8,0.021935496326477733,127.30124093788254,4.296894391653041,36,28246.095396553763,28377.6935318833,experiment,FIFO,0.28,0,variant_2
8007,INSPECTION_1_4,INSPECTION_1_4_LINE,28374.23360539905,0.8369679074057785,9,0.8369679074057785,128.13820884528832,3.459926484247262,36,28246.095396553763,28377.6935318833,experiment,FIFO,0.28,0,variant_2
8007,INSPECTION_1_5,INSPECTION_1_5_LINE,28375.464362204264,1.2307568052128772,10,1.2307568052128772,129.3689656505012,2.229169679034385,36,28246.095396553763,28377.6935318833,experiment,FIFO,0.28,0,variant_2
8007,INSPECTION_1_6,INSPECTION_1_6_LINE,28375.513951879413,0.04958967514903634,11,0.04958967514903634,129.41855532565023,2.1795800038853486,36,28246.095396553763,28377.6935318833,experiment,FIFO,0.28,0,variant_2
8007,INSPECTION_1_7,INSPECTION_1_7_LINE,28377.6935318833,2.1795800038853486,12,2.1795800038853486,131.59813532953558,0.0,36,28246.095396553763,28377.6935318833,experiment,FIFO,0.28,0,variant_2
8008,MOULDING_4,MOULDING_MACHINE_4,28247.632824962144,2.3350050712288066,1,0.0,0.0,67.98695514956489,25,28247.632824962144,28315.61978011171,experiment,FIFO,0.28,0,variant_1
8008,ASSEMBLY_1_1,LINE_1_ASSEMBLY1,28278.28690950285,8.517713675526466,2,30.654084540707117,30.654084540707117,37.332870608857775,27,28247.632824962144,28315.61978011171,experiment,FIFO,0.28,0,variant_1
8008,ASSEMBLY_2_2,ASSEMBLY2_LINE_2,28283.21544781525,4.928538312400633,3,4.928538312400633,35.58262285310775,32.40433229645714,26,28247.632824962144,28315.61978011171,experiment,FIFO,0.28,0,variant_1
8008,SORTING,SORTING_ROBOT_1,28303.1654140106,4.452763144574419,4,19.94996619534868,55.53258904845643,12.454366101108462,29,28247.632824962144,28315.61978011171,experiment,FIFO,0.28,0,variant_1
8008,PACKAGING_3,PACKAGING_LINE_3,28308.705986828943,5.5405728183432075,5,5.5405728183432075,61.07316186679964,6.913793282765255,28,28247.632824962144,28315.61978011171,experiment,FIFO,0.28,0,variant_1
8008,INSPECTION_1_1,INSPECTION_1_1_LINE,28309.408829629952,0.7028428010089556,6,0.7028428010089556,61.77600466780859,6.210950481756299,28,28247.632824962144,28315.61978011171,experiment,FIFO,0.28,0,variant_1
8008,INSPECTION_1_2,INSPECTION_1_2_LINE,28310.04840344176,0.6395738118080772,7,0.6395738118080772,62.41557847961667,5.571376669948222,28,28247.632824962144,28315.61978011171,experiment,FIFO,0.28,0,variant_1
8008,INSPECTION_1_3,INSPECTION_1_3_LINE,28310.795153775707,0.746750333946693,8,0.746750333946693,63.16232881356336,4.824626336001529,29,28247.632824962144,28315.61978011171,experiment,FIFO,0.28,0,variant_1
8008,INSPECTION_1_4,INSPECTION_1_4_LINE,28312.227267874543,1.432114098835882,9,1.432114098835882,64.59444291239924,3.392512237165647,29,28247.632824962144,28315.61978011171,experiment,FIFO,0.28,0,variant_1
8008,INSPECTION_1_5,INSPECTION_1_5_LINE,28314.174873020507,1.9476051459641894,10,1.9476051459641894,66.54204805836343,1.4449070912014577,31,28247.632824962144,28315.61978011171,experiment,FIFO,0.28,0,variant_1
8008,INSPECTION_1_6,INSPECTION_1_6_LINE,28314.480044902524,0.30517188201702083,11,0.30517188201702083,66.84721994038046,1.1397352091844368,31,28247.632824962144,28315.61978011171,experiment,FIFO,0.28,0,variant_1
8008,INSPECTION_1_7,INSPECTION_1_7_LINE,28315.61978011171,1.1397352091844368,12,1.1397352091844368,67.98695514956489,0.0,30,28247.632824962144,28315.61978011171,experiment,FIFO,0.28,0,variant_1
8009,MOULDING_2,MOULDING_MACHINE_2,28250.2956671597,4.200270605935657,1,0.0,0.0,93.47479872336044,26,28250.2956671597,28343.77046588306,experiment,FIFO,0.28,0,variant_3
8009,ASSEMBLY_1_2,LINE_2_ASSEMBLY1,28281.82409126717,3.371632035727089,2,31.528424107473256,31.528424107473256,61.94637461588718,28,28250.2956671597,28343.77046588306,experiment,FIFO,0.28,0,variant_3
8009,ASSEMBLY_2_2,ASSEMBLY2_LINE_2,28297.406205986048,14.190758170796471,3,15.582114718876255,47.11053882634951,46.364259897010925,29,28250.2956671597,28343.77046588306,experiment,FIFO,0.28,0,variant_3
8009,SORTING,SORTING_ROBOT_1,28316.61128149496,0.5775834871055849,4,19.20507550891125,66.31561433526076,27.159184388099675,30,28250.2956671597,28343.77046588306,experiment,FIFO,0.28,0,variant_3
8009,PACKAGING_3,PACKAGING_LINE_3,28335.31934944064,6.683417329379154,5,18.70806794568125,85.02368228094201,8.451116442418424,35,28250.2956671597,28343.77046588306,experiment,FIFO,0.28,0,variant_3
8009,INSPECTION_2_1,INSPECTION_2_1_LINE,28337.995385958617,2.676036517976172,6,2.676036517976172,87.69971879891818,5.775079924442252,34,28250.2956671597,28343.77046588306,experiment,FIFO,0.28,0,variant_3
8009,INSPECTION_2_2,INSPECTION_2_2_LINE,28338.75632929241,0.7609433337929659,7,0.7609433337929659,88.46066213271115,5.0141365906492865,36,28250.2956671597,28343.77046588306,experiment,FIFO,0.28,0,variant_3
8009,INSPECTION_2_3,INSPECTION_2_3_LINE,28339.15313975198,0.39681045956967864,8,0.39681045956967864,88.85747259228083,4.617326131079608,36,28250.2956671597,28343.77046588306,experiment,FIFO,0.28,0,variant_3
8009,INSPECTION_2_4,INSPECTION_2_4_LINE,28340.721871091988,1.5687313400085259,9,1.5687313400085259,90.42620393228935,3.048594791071082,36,28250.2956671597,28343.77046588306,experiment,FIFO,0.28,0,variant_3
8009,INSPECTION_2_5,INSPECTION_2_5_LINE,28342.2566937602,1.5348226682108361,10,1.5348226682108361,91.96102660050019,1.5137721228602459,36,28250.2956671597,28343.77046588306,experiment,FIFO,0.28,0,variant_3
8009,INSPECTION_2_6,INSPECTION_2_6_LINE,28343.42996817201,1.1732744118125993,11,1.1732744118125993,93.13430101231279,0.3404977110476466,37,28250.2956671597,28343.77046588306,experiment,FIFO,0.28,0,variant_3
8009,INSPECTION_2_7,INSPECTION_2_7_LINE,28343.77046588306,0.3404977110476466,12,0.3404977110476466,93.47479872336044,0.0,36,28250.2956671597,28343.77046588306,experiment,FIFO,0.28,0,variant_3
8010,MOULDING_3,MOULDING_MACHINE_3,28248.22581812238,2.7854922850601724,1,0.0,0.0,110.8652820314419,26,28248.22581812238,28359.091100153822,experiment,FIFO,0.28,0,variant_3
8010,ASSEMBLY_1_5,LINE_5_ASSEMBLY1,28256.23915251972,8.01333439733935,2,8.01333439733935,8.01333439733935,102.85194763410254,27,28248.22581812238,28359.091100153822,experiment,FIFO,0.28,0,variant_3
8010,ASSEMBLY_2_1,ASSEMBLY2_LINE_1,28321.065146066383,1.7852481593727134,3,64.82599354666308,72.83932794400243,38.02595408743946,35,28248.22581812238,28359.091100153822,experiment,FIFO,0.28,0,variant_3
8010,SORTING,SORTING_ROBOT_1,28341.29625998457,9.632825758861145,4,20.231113918187475,93.07044186218991,17.794840169251984,36,28248.22581812238,28359.091100153822,experiment,FIFO,0.28,0,variant_3
8010,PACKAGING_1,PACKAGING_LINE_1,28344.702553921965,3.4062939373943664,5,3.4062939373943664,96.47673579958428,14.388546231857617,37,28248.22581812238,28359.091100153822,experiment,FIFO,0.28,0,variant_3
8010,PACKAGING_1,PACKAGING_LINE_1,28349.86681594912,2.443940275319619,6,5.164262027155928,101.6409978267402,9.22428420470169,35,28248.22581812238,28359.091100153822,experiment,FIFO,0.28,0,variant_3
8010,INSPECTION_2_1,INSPECTION_2_1_LINE,28351.62439330665,1.7575773575299536,7,1.7575773575299536,103.39857518427016,7.466706847171736,37,28248.22581812238,28359.091100153822,experiment,FIFO,0.28,0,variant_3
8010,INSPECTION_2_2,INSPECTION_2_2_LINE,28352.757112343515,1.132719036864728,8,1.132719036864728,104.53129422113489,6.333987810307008,36,28248.22581812238,28359.091100153822,experiment,FIFO,0.28,0,variant_3
8010,INSPECTION_2_3,INSPECTION_2_3_LINE,28352.883537723457,0.12642537994179293,9,0.12642537994179293,104.65771960107668,6.207562430365215,36,28248.22581812238,28359.091100153822,experiment,FIFO,0.28,0,variant_3
8010,INSPECTION_2_4,INSPECTION_2_4_LINE,28353.008817077924,0.1252793544663291,10,0.1252793544663291,104.78299895554301,6.082283075898886,36,28248.22581812238,28359.091100153822,experiment,FIFO,0.28,0,variant_3
8010,INSPECTION_2_5,INSPECTION_2_5_LINE,28355.98399435124,2.9751772733179678,11,2.9751772733179678,107.75817622886098,3.107105802580918,35,28248.22581812238,28359.091100153822,experiment,FIFO,0.28,0,variant_3
8010,INSPECTION_2_6,INSPECTION_2_6_LINE,28358.12651011884,2.1425157675985247,12,2.1425157675985247,109.9006919964595,0.9645900349823933,34,28248.22581812238,28359.091100153822,experiment,FIFO,0.28,0,variant_3
8010,INSPECTION_2_7,INSPECTION_2_7_LINE,28359.091100153822,0.9645900349823933,13,0.9645900349823933,110.8652820314419,0.0,33,28248.22581812238,28359.091100153822,experiment,FIFO,0.28,0,variant_3
8011,MOULDING_3,MOULDING_MACHINE_3,28252.276922429814,1.0762302860093769,1,0.0,0.0,30.696339988986438,26,28252.276922429814,28282.9732624188,experiment,FIFO,0.28,0,variant_2
8011,ASSEMBLY_1_4,LINE_4_ASSEMBLY1,28253.25460872268,0.977686292866565,2,0.977686292866565,0.977686292866565,29.718653696119873,26,28252.276922429814,28282.9732624188,experiment,FIFO,0.28,0,variant_2
8011,ASSEMBLY_2_2,ASSEMBLY2_LINE_2,28263.973622479592,5.758963704403868,3,10.719013756912318,11.696700049778883,18.999639939207555,27,28252.276922429814,28282.9732624188,experiment,FIFO,0.28,0,variant_2
8011,SORTING,SORTING_ROBOT_1,28276.82744087879,3.899853928563971,4,12.853818399198644,24.550518448977527,6.14582154000891,27,28252.276922429814,28282.9732624188,experiment,FIFO,0.28,0,variant_2
8011,PACKAGING_3,PACKAGING_LINE_3,28277.42821568142,0.6007748026277113,5,0.6007748026277113,25.15129325160524,5.545046737381199,27,28252.276922429814,28282.9732624188,experiment,FIFO,0.28,0,variant_2
8011,INSPECTION_1_1,INSPECTION_1_1_LINE,28277.58352967284,0.15531399142128066,6,0.15531399142128066,25.30660724302652,5.389732745959918,27,28252.276922429814,28282.9732624188,experiment,FIFO,0.28,0,variant_2
8011,INSPECTION_1_2,INSPECTION_1_2_LINE,28279.35975849972,1.7762288268786506,7,1.7762288268786506,27.08283606990517,3.6135039190812677,27,28252.276922429814,28282.9732624188,experiment,FIFO,0.28,0,variant_2
8011,INSPECTION_1_3,INSPECTION_1_3_LINE,28280.394069461803,1.0343109620844189,8,1.0343109620844189,28.11714703198959,2.579192956996849,27,28252.276922429814,28282.9732624188,experiment,FIFO,0.28,0,variant_2
8011,INSPECTION_1_4,INSPECTION_1_4_LINE,28282.35793789673,1.9638684349265532,9,1.9638684349265532,30.081015466916142,0.6153245220702956,28,28252.276922429814,28282.9732624188,experiment,FIFO,0.28,0,variant_2
8011,INSPECTION_1_5,INSPECTION_1_5_LINE,28282.607408376967,0.2494704802375054,10,0.2494704802375054,30.330485947153647,0.36585404183279024,28,28252.276922429814,28282.9732624188,experiment,FIFO,0.28,0,variant_2
8011,INSPECTION_1_6,INSPECTION_1_6_LINE,28282.634879934674,0.027471557707031025,11,0.027471557707031025,30.35795750486068,0.3383824841257592,28,28252.276922429814,28282.9732624188,experiment,FIFO,0.28,0,variant_2
8011,INSPECTION_1_7,INSPECTION_1_7_LINE,28282.9732624188,0.3383824841257592,12,0.3383824841257592,30.696339988986438,0.0,26,28252.276922429814,28282.9732624188,experiment,FIFO,0.28,0,variant_2
8012,MOULDING_4,MOULDING_MACHINE_4,28257.375560088,5.0667614243066055,1,0.0,0.0,89.96584153769072,27,28257.375560088,28347.34140162569,experiment,FIFO,0.28,0,variant_5
8012,ASSEMBLY_1_2,LINE_2_ASSEMBLY1,28286.12660062907,4.302509361899865,2,28.751040541072143,28.751040541072143,61.21480099661858,26,28257.375560088,28347.34140162569,experiment,FIFO,0.28,0,variant_5
8012,ASSEMBLY_2_2,ASSEMBLY2_LINE_2,28309.02141503351,11.615209047460667,3,22.894814404437057,51.6458549455092,38.31998659218152,28,28257.375560088,28347.34140162569,experiment,FIFO,0.28,0,variant_5
8012,SORTING,SORTING_ROBOT_1,28325.92043065598,0.38741336114981095,4,16.89901562247178,68.54487056798098,21.420970969709742,34,28257.375560088,28347.34140162569,experiment,FIFO,0.28,0,variant_5
8012,PACKAGING_2,PACKAGING_LINE_2,28334.708311994465,6.458994403441466,5,8.787881338485022,77.332751906466,12.63308963122472,35,28257.375560088,28347.34140162569,experiment,FIFO,0.28,0,variant_5
8012,INSPECTION_1_1,INSPECTION_1_1_LINE,28336.304564348746,1.5962523542802955,6,1.5962523542802955,78.9290042607463,11.036837276944425,34,28257.375560088,28347.34140162569,experiment,FIFO,0.28,0,variant_5
8012,INSPECTION_1_2,INSPECTION_1_2_LINE,28338.644008529325,2.3394441805794486,7,2.3394441805794486,81.26844844132575,8.697393096364976,35,28257.375560088,28347.34140162569,experiment,FIFO,0.28,0,variant_5
8012,INSPECTION_1_3,INSPECTION_1_3_LINE,28340.18951728143,1.5455087521040696,8,1.5455087521040696,82.81395719342981,7.151884344260907,36,28257.375560088,28347.34140162569,experiment,FIFO,0.28,0,variant_5
8012,INSPECTION_1_4,INSPECTION_1_4_LINE,28346.31431881808,6.124801536650921,9,6.124801536650921,88.93875873008074,1.027082807609986,38,28257.375560088,28347.34140162569,experiment,FIFO,0.28,0,variant_5
8012,INSPECTION_1_5,INSPECTION_1_5_LINE,28346.924231261743,0.6099124436623242,10,0.6099124436623242,89.54867117374306,0.4171703639476618,37,28257.375560088,28347.34140162569,experiment,FIFO,0.28,0,variant_5
8012,INSPECTION_1_6,INSPECTION_1_6_LINE,28347.3121878736,0.38795661185577046,11,0.38795661185577046,89.93662778559883,0.029213752091891365,37,28257.375560088,28347.34140162569,experiment,FIFO,0.28,0,variant_5
8012,INSPECTION_1_7,INSPECTION_1_7_LINE,28347.34140162569,0.029213752091891365,12,0.029213752091891365,89.96584153769072,0.0,36,28257.375560088,28347.34140162569,experiment,FIFO,0.28,0,variant_5
8013,MOULDING_5,MOULDING_MACHINE_5,28255.87722607737,1.176640578200022,1,0.0,0.0,131.14083660948017,27,28255.87722607737,28387.01806268685,experiment,FIFO,0.28,0,variant_1
8013,ASSEMBLY_1_5,LINE_5_ASSEMBLY1,28267.14062622225,10.901473702531803,2,11.263400144882326,11.263400144882326,119.87743646459785,26,28255.87722607737,28387.01806268685,experiment,FIFO,0.28,0,variant_1
8013,ASSEMBLY_2_1,ASSEMBLY2_LINE_1,28329.379650909792,7.721930458228599,3,62.23902468754022,73.50242483242255,57.63841177705763,35,28255.87722607737,28387.01806268685,experiment,FIFO,0.28,0,variant_1
8013,SORTING,SORTING_ROBOT_1,28366.012129699782,5.995811885441071,4,36.63247878999027,110.13490362241282,21.005932987067354,36,28255.87722607737,28387.01806268685,experiment,FIFO,0.28,0,variant_1
8013,PACKAGING_1,PACKAGING_LINE_1,28373.77440306386,7.762273364078283,5,7.762273364078283,117.8971769864911,13.243659622989071,36,28255.87722607737,28387.01806268685,experiment,FIFO,0.28,0,variant_1
8013,INSPECTION_2_1,INSPECTION_2_1_LINE,28374.554176073867,0.7797730100064655,6,0.7797730100064655,118.67694999649757,12.463886612982606,36,28255.87722607737,28387.01806268685,experiment,FIFO,0.28,0,variant_1
8013,INSPECTION_2_2,INSPECTION_2_2_LINE,28374.907160698887,0.35298462502032635,7,0.35298462502032635,119.0299346215179,12.11090198796228,36,28255.87722607737,28387.01806268685,experiment,FIFO,0.28,0,variant_1
8013,INSPECTION_2_3,INSPECTION_2_3_LINE,28377.88430303157,2.9771423326819786,8,2.9771423326819786,122.00707695419987,9.1337596552803,36,28255.87722607737,28387.01806268685,experiment,FIFO,0.28,0,variant_1
8013,INSPECTION_2_4,INSPECTION_2_4_LINE,28385.030086229028,7.145783197458513,9,7.145783197458513,129.1528601516584,1.9879764578217873,36,28255.87722607737,28387.01806268685,experiment,FIFO,0.28,0,variant_1
8013,INSPECTION_2_5,INSPECTION_2_5_LINE,28385.344189286778,0.31410305774988956,10,0.31410305774988956,129.46696320940828,1.6738734000718978,36,28255.87722607737,28387.01806268685,experiment,FIFO,0.28,0,variant_1
8013,INSPECTION_2_6,INSPECTION_2_6_LINE,28385.383316263047,0.039126976269471925,11,0.039126976269471925,129.50609018567775,1.6347464238024259,36,28255.87722607737,28387.01806268685,experiment,FIFO,0.28,0,variant_1
8013,INSPECTION_2_7,INSPECTION_2_7_LINE,28387.01806268685,1.6347464238024259,12,1.6347464238024259,131.14083660948017,0.0,34,28255.87722607737,28387.01806268685,experiment,FIFO,0.28,0,variant_1
8014,MOULDING_2,MOULDING_MACHINE_2,28268.7877559964,10.449993699832703,1,0.0,0.0,124.89229039747079,27,28268.7877559964,28393.68004639387,experiment,FIFO,0.28,0,variant_6
8014,ASSEMBLY_1_4,LINE_4_ASSEMBLY1,28294.160757612968,25.373001616568217,2,25.373001616568217,25.373001616568217,99.51928878090257,26,28268.7877559964,28393.68004639387,experiment,FIFO,0.28,0,variant_6
8014,ASSEMBLY_2_1,ASSEMBLY2_LINE_1,28347.26899159404,0.5567888385339756,3,53.10823398107095,78.48123559763917,46.41105479983162,37,28268.7877559964,28393.68004639387,experiment,FIFO,0.28,0,variant_6
8014,SORTING,SORTING_ROBOT_1,28372.89404583356,1.18416350975167,4,25.625054239520978,104.10628983716015,20.78600056031064,36,28268.7877559964,28393.68004639387,experiment,FIFO,0.28,0,variant_6
8014,PACKAGING_1,PACKAGING_LINE_1,28385.12495172035,6.360407463838783,5,12.230905886790424,116.33719572395057,8.555094673520216,36,28268.7877559964,28393.68004639387,experiment,FIFO,0.28,0,variant_6
8014,INSPECTION_1_1,INSPECTION_1_1_LINE,28387.17729463181,2.052342911458254,6,2.052342911458254,118.38953863540883,6.502751762061962,34,28268.7877559964,28393.68004639387,experiment,FIFO,0.28,0,variant_6
8014,INSPECTION_1_2,INSPECTION_1_2_LINE,28387.307155178027,0.12986054621796939,7,0.12986054621796939,118.5193991816268,6.3728912158439925,34,28268.7877559964,28393.68004639387,experiment,FIFO,0.28,0,variant_6
8014,INSPECTION_1_3,INSPECTION_1_3_LINE,28389.633517564176,2.3263623861494125,8,2.3263623861494125,120.84576156777621,4.04652882969458,34,28268.7877559964,28393.68004639387,experiment,FIFO,0.28,0,variant_6
8014,INSPECTION_1_4,INSPECTION_1_4_LINE,28389.891692811063,0.2581752468868217,9,0.2581752468868217,121.10393681466303,3.7883535828077584,34,28268.7877559964,28393.68004639387,experiment,FIFO,0.28,0,variant_6
8014,INSPECTION_1_5,INSPECTION_1_5_LINE,28390.99397192991,1.102279118847946,10,1.102279118847946,122.20621593351098,2.6860744639598124,34,28268.7877559964,28393.68004639387,experiment,FIFO,0.28,0,variant_6
8014,INSPECTION_1_6,INSPECTION_1_6_LINE,28393.407790336983,2.41381840707254,11,2.41381840707254,124.62003434058352,0.2722560568872723,36,28268.7877559964,28393.68004639387,experiment,FIFO,0.28,0,variant_6
8014,INSPECTION_1_7,INSPECTION_1_7_LINE,28393.68004639387,0.2722560568872723,12,0.2722560568872723,124.89229039747079,0.0,35,28268.7877559964,28393.68004639387,experiment,FIFO,0.28,0,variant_6
8015,MOULDING_4,MOULDING_MACHINE_4,28275.58872253361,12.949567067396856,1,0.0,0.0,124.5463082557726,27,28275.58872253361,28400.13503078938,experiment,FIFO,0.28,0,variant_4
8015,ASSEMBLY_1_2,LINE_2_ASSEMBLY1,28294.329432741168,8.202832112096075,2,18.74071020755946,18.74071020755946,105.80559804821314,26,28275.58872253361,28400.13503078938,experiment,FIFO,0.28,0,variant_4
8015,ASSEMBLY_2_1,ASSEMBLY2_LINE_1,28360.541100171973,13.272108577933977,3,66.21166743080539,84.95237763836485,39.59393061740775,33,28275.58872253361,28400.13503078938,experiment,FIFO,0.28,0,variant_4
8015,SORTING,SORTING_ROBOT_1,28376.448479446783,2.5966360783422715,4,15.9073792748095,100.85975691317435,23.68655134259825,36,28275.58872253361,28400.13503078938,experiment,FIFO,0.28,0,variant_4
8015,PACKAGING_3,PACKAGING_LINE_3,28377.79147489833,1.3429954515486315,5,1.3429954515486315,102.20275236472298,22.34355589104962,36,28275.58872253361,28400.13503078938,experiment,FIFO,0.28,0,variant_4
8015,INSPECTION_2_1,INSPECTION_2_1_LINE,28381.24062022604,0.033517289739393163,6,3.449145327707811,105.6518976924308,18.894410563341808,36,28275.58872253361,28400.13503078938,experiment,FIFO,0.28,0,variant_4
8015,INSPECTION_2_2,INSPECTION_2_2_LINE,28384.048905241045,0.5691806948671001,7,2.808285015005822,108.46018270743662,16.086125548335986,36,28275.58872253361,28400.13503078938,experiment,FIFO,0.28,0,variant_4
8015,INSPECTION_2_3,INSPECTION_2_3_LINE,28384.507026671123,0.4581214300778811,8,0.4581214300778811,108.9183041375145,15.628004118258104,36,28275.58872253361,28400.13503078938,experiment,FIFO,0.28,0,variant_4
8015,INSPECTION_2_4,INSPECTION_2_4_LINE,28391.05541412472,3.43335649573055,9,6.548387453596661,115.46669159111116,9.079616664661444,34,28275.58872253361,28400.13503078938,experiment,FIFO,0.28,0,variant_4
8015,INSPECTION_2_5,INSPECTION_2_5_LINE,28393.109213115007,1.058103395454964,10,2.05379899028776,117.52049058139892,7.025817674373684,36,28275.58872253361,28400.13503078938,experiment,FIFO,0.28,0,variant_4
8015,INSPECTION_2_6,INSPECTION_2_6_LINE,28395.99522328193,0.5441993603490118,11,2.88601016692337,120.40650074832229,4.139807507450314,36,28275.58872253361,28400.13503078938,experiment,FIFO,0.28,0,variant_4
8015,INSPECTION_2_7,INSPECTION_2_7_LINE,28400.13503078938,4.092826432100992,12,4.139807507450314,124.5463082557726,0.0,35,28275.58872253361,28400.13503078938,experiment,FIFO,0.28,0,variant_4
8016,MOULDING_1,MOULDING_MACHINE_1,28269.625860777847,0.0068972335939179175,1,0.0,0.0,134.8329079853138,28,28269.625860777847,28404.45876876316,experiment,FIFO,0.28,0,variant_6
8016,ASSEMBLY_1_4,LINE_4_ASSEMBLY1,28297.34777713825,3.1870195252813573,2,27.721916360402247,27.721916360402247,107.11099162491155,29,28269.625860777847,28404.45876876316,experiment,FIFO,0.28,0,variant_6
8016,ASSEMBLY_2_1,ASSEMBLY2_LINE_1,28370.65238644405,10.11128627207654,3,73.30460930580011,101.02652566620236,33.806382319111435,35,28269.625860777847,28404.45876876316,experiment,FIFO,0.28,0,variant_6
8016,SORTING,SORTING_ROBOT_1,28390.052463327804,3.6755489804490935,4,19.400076883754082,120.42660254995644,14.406305435357353,34,28269.625860777847,28404.45876876316,experiment,FIFO,0.28,0,variant_6
8016,PACKAGING_3,PACKAGING_LINE_3,28394.553713723264,4.501250395460374,5,4.501250395460374,124.92785294541682,9.905055039896979,35,28269.625860777847,28404.45876876316,experiment,FIFO,0.28,0,variant_6
8016,INSPECTION_2_1,INSPECTION_2_1_LINE,28394.67160502863,0.11789130536635639,6,0.11789130536635639,125.04574425078317,9.787163734530623,35,28269.625860777847,28404.45876876316,experiment,FIFO,0.28,0,variant_6
8016,INSPECTION_2_2,INSPECTION_2_2_LINE,28396.46144495731,1.7898399286787026,7,1.7898399286787026,126.83558417946188,7.99732380585192,36,28269.625860777847,28404.45876876316,experiment,FIFO,0.28,0,variant_6
8016,INSPECTION_2_3,INSPECTION_2_3_LINE,28398.03988861264,1.5784436553294654,8,1.5784436553294654,128.41402783479134,6.418880150522455,36,28269.625860777847,28404.45876876316,experiment,FIFO,0.28,0,variant_6
8016,INSPECTION_2_4,INSPECTION_2_4_LINE,28399.018791287777,0.8275213622728188,9,0.97890267513867,129.39293050993,5.439977475383785,36,28269.625860777847,28404.45876876316,experiment,FIFO,0.28,0,variant_6
8016,INSPECTION_2_5,INSPECTION_2_5_LINE,28400.621042348608,0.7891418951476226,10,1.6022510608308949,130.9951815707609,3.8377264145528898,35,28269.625860777847,28404.45876876316,experiment,FIFO,0.28,0,variant_6
8016,INSPECTION_2_6,INSPECTION_2_6_LINE,28403.350094991853,2.225107526017382,11,2.7290526432443585,133.72423421400526,1.1086737713085313,37,28269.625860777847,28404.45876876316,experiment,FIFO,0.28,0,variant_6
8016,INSPECTION_2_6,INSPECTION_2_6_LINE,28404.08083998396,0.730744992106338,12,0.730744992106338,134.4549792061116,0.37792877920219325,37,28269.625860777847,28404.45876876316,experiment,FIFO,0.28,0,variant_6
8016,INSPECTION_2_7,INSPECTION_2_7_LINE,28404.45876876316,0.37792877920219325,13,0.37792877920219325,134.8329079853138,0.0,36,28269.625860777847,28404.45876876316,experiment,FIFO,0.28,0,variant_6
8017,MOULDING_5,MOULDING_MACHINE_5,28281.862964931413,1.8002866508250008,1,0.0,0.0,88.50085706434766,29,28281.862964931413,28370.36382199576,experiment,FIFO,0.28,0,variant_5
8017,ASSEMBLY_1_5,LINE_5_ASSEMBLY1,28307.024988322228,14.167591613197146,2,25.162023390814284,25.162023390814284,63.33883367353337,27,28281.862964931413,28370.36382199576,experiment,FIFO,0.28,0,variant_5
8017,ASSEMBLY_2_2,ASSEMBLY2_LINE_2,28328.628140176465,0.1775623804242059,3,21.603151854236785,46.76517524505107,41.73568181929659,34,28281.862964931413,28370.36382199576,experiment,FIFO,0.28,0,variant_5
8017,SORTING,SORTING_ROBOT_1,28356.769795664448,2.8163876982071088,4,28.14165548798337,74.90683073303444,13.594026331313216,34,28281.862964931413,28370.36382199576,experiment,FIFO,0.28,0,variant_5
8017,PACKAGING_3,PACKAGING_LINE_3,28357.688435544296,0.7086663136033167,5,0.9186398798483424,75.82547061288278,12.675386451464874,34,28281.862964931413,28370.36382199576,experiment,FIFO,0.28,0,variant_5
8017,INSPECTION_2_1,INSPECTION_2_1_LINE,28359.462203708383,1.7737681640865048,6,1.7737681640865048,77.59923877696929,10.90161828737837,33,28281.862964931413,28370.36382199576,experiment,FIFO,0.28,0,variant_5
8017,INSPECTION_2_2,INSPECTION_2_2_LINE,28361.89999919766,0.2397277387790382,7,2.4377954892770504,80.03703426624634,8.463822798101319,34,28281.862964931413,28370.36382199576,experiment,FIFO,0.28,0,variant_5
8017,INSPECTION_2_3,INSPECTION_2_3_LINE,28366.97308350473,1.7279489318025298,8,5.0730843070705305,85.11011857331687,3.3907384910307883,36,28281.862964931413,28370.36382199576,experiment,FIFO,0.28,0,variant_5
8017,INSPECTION_2_4,INSPECTION_2_4_LINE,28366.992058818567,0.018975313836563146,9,0.018975313836563146,85.12909388715343,3.371763177194225,36,28281.862964931413,28370.36382199576,experiment,FIFO,0.28,0,variant_5
8017,INSPECTION_2_5,INSPECTION_2_5_LINE,28368.769920711515,1.6327514961740235,10,1.7778618929478398,86.90695578010127,1.5939012842463853,37,28281.862964931413,28370.36382199576,experiment,FIFO,0.28,0,variant_5
8017,INSPECTION_2_6,INSPECTION_2_6_LINE,28369.62870482652,0.4047784999202122,11,0.8587841150038003,87.76573989510507,0.7351171692425851,37,28281.862964931413,28370.36382199576,experiment,FIFO,0.28,0,variant_5
8017,INSPECTION_2_7,INSPECTION_2_7_LINE,28370.36382199576,0.05680032579039107,12,0.7351171692425851,88.50085706434766,0.0,35,28281.862964931413,28370.36382199576,experiment,FIFO,0.28,0,variant_5
8018,MOULDING_4,MOULDING_MACHINE_4,28280.4530153938,0.2565041586312873,1,0.0,0.0,75.37603467709778,28,28280.4530153938,28355.829050070897,experiment,FIFO,0.28,0,variant_3
8018,ASSEMBLY_1_5,LINE_5_ASSEMBLY1,28292.85739670903,12.404381315231149,2,12.404381315231149,12.404381315231149,62.97165336186663,26,28280.4530153938,28355.829050070897,experiment,FIFO,0.28,0,variant_3
8018,ASSEMBLY_2_2,ASSEMBLY2_LINE_2,28323.61360538872,14.592190355211642,3,30.756208679689735,43.16058999492088,32.215444682176894,35,28280.4530153938,28355.829050070897,experiment,FIFO,0.28,0,variant_3
8018,SORTING,SORTING_ROBOT_1,28346.31286066913,3.7246945216065797,4,22.699255280411307,65.85984527533219,9.516189401765587,38,28280.4530153938,28355.829050070897,experiment,FIFO,0.28,0,variant_3
8018,PACKAGING_2,PACKAGING_LINE_2,28346.420552791937,0.10769212280501961,5,0.10769212280501961,65.96753739813721,9.408497278960567,38,28280.4530153938,28355.829050070897,experiment,FIFO,0.28,0,variant_3
8018,INSPECTION_2_1,INSPECTION_2_1_LINE,28346.917295480533,0.4967426885959867,6,0.4967426885959867,66.4642800867332,8.91175459036458,37,28280.4530153938,28355.829050070897,experiment,FIFO,0.28,0,variant_3
8018,INSPECTION_2_2,INSPECTION_2_2_LINE,28347.0714942366,0.15419875606676214,7,0.15419875606676214,66.61847884279996,8.757555834297818,37,28280.4530153938,28355.829050070897,experiment,FIFO,0.28,0,variant_3
8018,INSPECTION_2_3,INSPECTION_2_3_LINE,28347.792290412617,0.7207961760177568,8,0.7207961760177568,67.33927501881772,8.036759658280062,36,28280.4530153938,28355.829050070897,experiment,FIFO,0.28,0,variant_3
8018,INSPECTION_2_4,INSPECTION_2_4_LINE,28349.10109984777,1.3088094351514883,9,1.3088094351514883,68.6480844539692,6.727950223128573,35,28280.4530153938,28355.829050070897,experiment,FIFO,0.28,0,variant_3
8018,INSPECTION_2_5,INSPECTION_2_5_LINE,28350.10505778743,1.0039579396616318,10,1.0039579396616318,69.65204239363084,5.7239922834669414,36,28280.4530153938,28355.829050070897,experiment,FIFO,0.28,0,variant_3
8018,INSPECTION_2_6,INSPECTION_2_6_LINE,28351.14785161068,1.0427938232496672,11,1.0427938232496672,70.6948362168805,4.681198460217274,36,28280.4530153938,28355.829050070897,experiment,FIFO,0.28,0,variant_3
8018,INSPECTION_2_7,INSPECTION_2_7_LINE,28355.829050070897,4.681198460217274,12,4.681198460217274,75.37603467709778,0.0,35,28280.4530153938,28355.829050070897,experiment,FIFO,0.28,0,variant_3
8019,MOULDING_2,MOULDING_MACHINE_2,28290.890235408635,3.8550078002735972,1,0.0,0.0,79.4167862613358,27,28290.890235408635,28370.30702166997,experiment,FIFO,0.28,0,variant_5
8019,ASSEMBLY_1_2,LINE_2_ASSEMBLY1,28302.660993724094,8.331560982926021,2,11.770758315458806,11.770758315458806,67.646027945877,29,28290.890235408635,28370.30702166997,experiment,FIFO,0.28,0,variant_5
8019,ASSEMBLY_2_2,ASSEMBLY2_LINE_2,28328.45057779604,4.8369724073199905,3,25.789584071946592,37.5603423874054,41.8564438739304,34,28290.890235408635,28370.30702166997,experiment,FIFO,0.28,0,variant_5
8019,SORTING,SORTING_ROBOT_1,28353.95340796624,7.640547297109151,4,25.50283017020047,63.06317255760587,16.353613703729934,36,28290.890235408635,28370.30702166997,experiment,FIFO,0.28,0,variant_5
8019,PACKAGING_3,PACKAGING_LINE_3,28356.979769230693,3.0263612644521345,5,3.0263612644521345,66.089533822058,13.3272524392778,34,28290.890235408635,28370.30702166997,experiment,FIFO,0.28,0,variant_5
8019,INSPECTION_2_1,INSPECTION_2_1_LINE,28357.47184464708,0.49207541638679686,6,0.49207541638679686,66.5816092384448,12.835177022891003,34,28290.890235408635,28370.30702166997,experiment,FIFO,0.28,0,variant_5
8019,INSPECTION_2_2,INSPECTION_2_2_LINE,28361.66027145888,4.188426811801037,7,4.188426811801037,70.77003605024584,8.646750211089966,33,28290.890235408635,28370.30702166997,experiment,FIFO,0.28,0,variant_5
8019,INSPECTION_2_3,INSPECTION_2_3_LINE,28365.245134572928,3.584863114047039,8,3.584863114047039,74.35489916429287,5.061887097042927,35,28290.890235408635,28370.30702166997,experiment,FIFO,0.28,0,variant_5
8019,INSPECTION_2_4,INSPECTION_2_4_LINE,28366.275094081248,1.0299595083197346,9,1.0299595083197346,75.38485867261261,4.0319275887231925,36,28290.890235408635,28370.30702166997,experiment,FIFO,0.28,0,variant_5
8019,INSPECTION_2_5,INSPECTION_2_5_LINE,28367.13716921534,0.8620751340931747,10,0.8620751340931747,76.24693380670578,3.1698524546300177,36,28290.890235408635,28370.30702166997,experiment,FIFO,0.28,0,variant_5
8019,INSPECTION_2_6,INSPECTION_2_6_LINE,28369.2239263266,2.0867571112576115,11,2.0867571112576115,78.3336909179634,1.0830953433724062,37,28290.890235408635,28370.30702166997,experiment,FIFO,0.28,0,variant_5
8019,INSPECTION_2_7,INSPECTION_2_7_LINE,28370.30702166997,1.0830953433724062,12,1.0830953433724062,79.4167862613358,0.0,36,28290.890235408635,28370.30702166997,experiment,FIFO,0.28,0,variant_5
8020,MOULDING_2,MOULDING_MACHINE_2,28294.41249737046,3.5222619618252793,1,0.0,0.0,92.05180816673965,28,28294.41249737046,28386.4643055372,experiment,FIFO,0.28,0,variant_2
8020,ASSEMBLY_1_5,LINE_5_ASSEMBLY1,28314.048395942515,3.976047097825358,2,19.63589857205443,19.63589857205443,72.41590959468522,31,28294.41249737046,28386.4643055372,experiment,FIFO,0.28,0,variant_2
8020,ASSEMBLY_2_2,ASSEMBLY2_LINE_2,28347.745879402253,9.980832154389645,3,33.69748345973858,53.33338203179301,38.71842613494664,36,28294.41249737046,28386.4643055372,experiment,FIFO,0.28,0,variant_2
8020,SORTING,SORTING_ROBOT_1,28373.85184336844,0.9577975348802283,4,26.10596396618712,79.43934599798013,12.61246216875952,36,28294.41249737046,28386.4643055372,experiment,FIFO,0.28,0,variant_2
8020,PACKAGING_2,PACKAGING_LINE_2,28377.024594434613,3.1727510661730776,5,3.1727510661730776,82.6120970641532,9.439711102586443,36,28294.41249737046,28386.4643055372,experiment,FIFO,0.28,0,variant_2
8020,INSPECTION_1_1,INSPECTION_1_1_LINE,28378.405536020087,1.38094158547392,6,1.38094158547392,83.99303864962712,8.058769517112523,36,28294.41249737046,28386.4643055372,experiment,FIFO,0.28,0,variant_2
8020,INSPECTION_1_2,INSPECTION_1_2_LINE,28379.337896961217,0.9323609411294456,7,0.9323609411294456,84.92539959075657,7.126408575983078,36,28294.41249737046,28386.4643055372,experiment,FIFO,0.28,0,variant_2
8020,INSPECTION_1_3,INSPECTION_1_3_LINE,28380.04602437009,0.7081274088741338,8,0.7081274088741338,85.6335269996307,6.418281167108944,36,28294.41249737046,28386.4643055372,experiment,FIFO,0.28,0,variant_2
8020,INSPECTION_1_4,INSPECTION_1_4_LINE,28380.59881856412,0.5527941940308665,9,0.5527941940308665,86.18632119366157,5.865486973078077,36,28294.41249737046,28386.4643055372,experiment,FIFO,0.28,0,variant_2
8020,INSPECTION_1_5,INSPECTION_1_5_LINE,28380.954604220544,0.3557856564220856,10,0.3557856564220856,86.54210685008366,5.509701316655992,36,28294.41249737046,28386.4643055372,experiment,FIFO,0.28,0,variant_2
8020,INSPECTION_1_6,INSPECTION_1_6_LINE,28385.33999442084,4.38539020029566,11,4.38539020029566,90.92749705037932,1.1243111163603317,36,28294.41249737046,28386.4643055372,experiment,FIFO,0.28,0,variant_2
8020,INSPECTION_1_7,INSPECTION_1_7_LINE,28386.4643055372,1.1243111163603317,12,1.1243111163603317,92.05180816673965,0.0,35,28294.41249737046,28386.4643055372,experiment,FIFO,0.28,0,variant_2
8021,MOULDING_1,MOULDING_MACHINE_1,28299.667591715355,9.019754271226702,1,0.0,0.0,96.37461264192461,29,28299.667591715355,28396.04220435728,experiment,FIFO,0.28,0,variant_2
8021,ASSEMBLY_1_4,LINE_4_ASSEMBLY1,28312.73486976511,13.06727804975526,2,13.06727804975526,13.06727804975526,83.30733459216935,29,28299.667591715355,28396.04220435728,experiment,FIFO,0.28,0,variant_2
8021,ASSEMBLY_2_2,ASSEMBLY2_LINE_2,28337.765047247864,5.614744444967073,3,25.03017748275306,38.09745553250832,58.277157109416294,34,28299.667591715355,28396.04220435728,experiment,FIFO,0.28,0,variant_2
8021,SORTING,SORTING_ROBOT_1,28367.545661794324,1.195158413182071,4,29.78061454646013,67.87807007896845,28.496542562956165,36,28299.667591715355,28396.04220435728,experiment,FIFO,0.28,0,variant_2
8021,PACKAGING_1,PACKAGING_LINE_1,28377.38270662527,3.608303561410139,5,9.83704483094698,77.71511490991543,18.659497732009186,37,28299.667591715355,28396.04220435728,experiment,FIFO,0.28,0,variant_2
8021,INSPECTION_2_1,INSPECTION_2_1_LINE,28381.2071029363,3.824396311028977,6,3.824396311028977,81.5395112209444,14.835101420980209,36,28299.667591715355,28396.04220435728,experiment,FIFO,0.28,0,variant_2
8021,INSPECTION_2_2,INSPECTION_2_2_LINE,28383.479724546178,2.272621609878115,7,2.272621609878115,83.81213283082252,12.562479811102094,36,28299.667591715355,28396.04220435728,experiment,FIFO,0.28,0,variant_2
8021,INSPECTION_2_3,INSPECTION_2_3_LINE,28383.977603573723,0.497879027545423,8,0.497879027545423,84.31001185836794,12.06460078355667,36,28299.667591715355,28396.04220435728,experiment,FIFO,0.28,0,variant_2
8021,INSPECTION_2_4,INSPECTION_2_4_LINE,28387.62205762899,2.5919713999610394,9,3.644454055265669,87.95446591363361,8.420146728291002,35,28299.667591715355,28396.04220435728,experiment,FIFO,0.28,0,variant_2
8021,INSPECTION_2_5,INSPECTION_2_5_LINE,28392.051109719552,4.429052090563346,10,4.429052090563346,92.38351800419696,3.991094637727656,35,28299.667591715355,28396.04220435728,experiment,FIFO,0.28,0,variant_2
8021,INSPECTION_2_6,INSPECTION_2_6_LINE,28395.45102392158,3.399914202029322,11,3.399914202029322,95.78343220622628,0.5911804356983339,36,28299.667591715355,28396.04220435728,experiment,FIFO,0.28,0,variant_2
8021,INSPECTION_2_7,INSPECTION_2_7_LINE,28396.04220435728,0.5911804356983339,12,0.5911804356983339,96.37461264192461,0.0,35,28299.667591715355,28396.04220435728,experiment,FIFO,0.28,0,variant_2
8022,MOULDING_5,MOULDING_MACHINE_5,28294.36636924215,1.4579883963160682,1,0.0,0.0,74.02541028731503,27,28294.36636924215,28368.391779529466,experiment,FIFO,0.28,0,variant_4
8022,ASSEMBLY_1_5,LINE_5_ASSEMBLY1,28310.07234884469,3.047360522461531,2,15.705979602538719,15.705979602538719,58.31943068477631,28,28294.36636924215,28368.391779529466,experiment,FIFO,0.28,0,variant_4
8022,ASSEMBLY_2_2,ASSEMBLY2_LINE_2,28329.3409389752,0.7127987987369124,3,19.268590130512166,34.974569733050885,39.05084055426414,35,28294.36636924215,28368.391779529466,experiment,FIFO,0.28,0,variant_4
8022,SORTING,SORTING_ROBOT_1,28360.01631781434,3.2465221498932806,4,30.67537883913974,65.64994857219062,8.375461715124402,33,28294.36636924215,28368.391779529466,experiment,FIFO,0.28,0,variant_4
8022,PACKAGING_2,PACKAGING_LINE_2,28362.454222311524,2.437904497182899,5,2.437904497182899,68.08785306937352,5.937557217941503,34,28294.36636924215,28368.391779529466,experiment,FIFO,0.28,0,variant_4
8022,INSPECTION_1_1,INSPECTION_1_1_LINE,28362.919188698368,0.4649663868440257,6,0.4649663868440257,68.55281945621755,5.472590831097477,34,28294.36636924215,28368.391779529466,experiment,FIFO,0.28,0,variant_4
8022,INSPECTION_1_2,INSPECTION_1_2_LINE,28363.254815241537,0.3356265431684733,7,0.3356265431684733,68.88844599938602,5.136964287929004,34,28294.36636924215,28368.391779529466,experiment,FIFO,0.28,0,variant_4
8022,INSPECTION_1_3,INSPECTION_1_3_LINE,28365.77799829368,2.5231830521443044,8,2.5231830521443044,71.41162905153033,2.6137812357846997,35,28294.36636924215,28368.391779529466,experiment,FIFO,0.28,0,variant_4
8022,INSPECTION_1_4,INSPECTION_1_4_LINE,28367.693783188148,1.915784894466924,9,1.915784894466924,73.32741394599725,0.6979963413177757,36,28294.36636924215,28368.391779529466,experiment,FIFO,0.28,0,variant_4
8022,INSPECTION_1_5,INSPECTION_1_5_LINE,28367.887281315056,0.193498126907798,10,0.193498126907798,73.52091207290505,0.5044982144099777,36,28294.36636924215,28368.391779529466,experiment,FIFO,0.28,0,variant_4
8022,INSPECTION_1_6,INSPECTION_1_6_LINE,28368.337760880924,0.4504795658685907,11,0.4504795658685907,73.97139163877364,0.05401864854138694,37,28294.36636924215,28368.391779529466,experiment,FIFO,0.28,0,variant_4
8022,INSPECTION_1_7,INSPECTION_1_7_LINE,28368.391779529466,0.05401864854138694,12,0.05401864854138694,74.02541028731503,0.0,36,28294.36636924215,28368.391779529466,experiment,FIFO,0.28,0,variant_4
8023,MOULDING_5,MOULDING_MACHINE_5,28294.898593298683,0.5322240565328684,1,0.0,0.0,117.32958631589281,29,28294.898593298683,28412.228179614576,experiment,FIFO,0.28,0,variant_1
8023,ASSEMBLY_1_1,LINE_1_ASSEMBLY1,28314.82246385506,19.92387055637664,2,19.92387055637664,19.92387055637664,97.40571575951617,31,28294.898593298683,28412.228179614576,experiment,FIFO,0.28,0,variant_1
8023,ASSEMBLY_2_1,ASSEMBLY2_LINE_1,28371.300540918568,0.6481544745183783,3,56.47807706350795,76.4019476198846,40.927638696008216,35,28294.898593298683,28412.228179614576,experiment,FIFO,0.28,0,variant_1
8023,SORTING,SORTING_ROBOT_1,28391.13572125156,1.0832579237576283,4,19.835180332993332,96.23712795287793,21.092458363014885,34,28294.898593298683,28412.228179614576,experiment,FIFO,0.28,0,variant_1
8023,PACKAGING_2,PACKAGING_LINE_2,28399.446012054173,8.310290802612144,5,8.310290802612144,104.54741875549007,12.78216756040274,36,28294.898593298683,28412.228179614576,experiment,FIFO,0.28,0,variant_1
8023,INSPECTION_1_1,INSPECTION_1_1_LINE,28399.93572944321,0.48971738903492223,6,0.48971738903492223,105.037136144525,12.292450171367818,36,28294.898593298683,28412.228179614576,experiment,FIFO,0.28,0,variant_1
8023,INSPECTION_1_2,INSPECTION_1_2_LINE,28401.733248733337,1.7975192901285482,7,1.7975192901285482,106.83465543465354,10.49493088123927,35,28294.898593298683,28412.228179614576,experiment,FIFO,0.28,0,variant_1
8023,INSPECTION_1_3,INSPECTION_1_3_LINE,28402.65739432654,0.924145593202411,8,0.924145593202411,107.75880102785595,9.57078528803686,36,28294.898593298683,28412.228179614576,experiment,FIFO,0.28,0,variant_1
8023,INSPECTION_1_4,INSPECTION_1_4_LINE,28404.872414586043,2.2150202595039445,9,2.2150202595039445,109.9738212873599,7.355765028532915,36,28294.898593298683,28412.228179614576,experiment,FIFO,0.28,0,variant_1
8023,INSPECTION_1_5,INSPECTION_1_5_LINE,28406.11823870412,1.2458241180756886,10,1.2458241180756886,111.21964540543559,6.109940910457226,38,28294.898593298683,28412.228179614576,experiment,FIFO,0.28,0,variant_1
8023,INSPECTION_1_6,INSPECTION_1_6_LINE,28406.263302636507,0.14506393238843884,11,0.14506393238843884,111.36470933782402,5.964876978068787,38,28294.898593298683,28412.228179614576,experiment,FIFO,0.28,0,variant_1
8023,INSPECTION_1_7,INSPECTION_1_7_LINE,28412.228179614576,5.964876978068787,12,5.964876978068787,117.32958631589281,0.0,38,28294.898593298683,28412.228179614576,experiment,FIFO,0.28,0,variant_1
8024,MOULDING_1,MOULDING_MACHINE_1,28300.13216084009,0.4645691247351351,1,0.0,0.0,109.82643141813242,30,28300.13216084009,28409.958592258223,experiment,FIFO,0.28,0,variant_3
8024,ASSEMBLY_1_5,LINE_5_ASSEMBLY1,28323.83748286653,9.789086924014555,2,23.705322026438807,23.705322026438807,86.12110939169361,35,28300.13216084009,28409.958592258223,experiment,FIFO,0.28,0,variant_3
8024,ASSEMBLY_2_1,ASSEMBLY2_LINE_1,28373.938711545048,2.6381706264801323,3,50.101228678518964,73.80655070495777,36.01988071317464,36,28300.13216084009,28409.958592258223,experiment,FIFO,0.28,0,variant_3
8024,SORTING,SORTING_ROBOT_1,28391.489826411107,0.35410515954572475,4,17.551114866058924,91.3576655710167,18.46876584711572,34,28300.13216084009,28409.958592258223,experiment,FIFO,0.28,0,variant_3
8024,PACKAGING_2,PACKAGING_LINE_2,28400.422031825936,0.9760197717623669,5,8.932205414828786,100.28987098584548,9.536560432286933,35,28300.13216084009,28409.958592258223,experiment,FIFO,0.28,0,variant_3
8024,INSPECTION_2_1,INSPECTION_2_1_LINE,28400.4305473942,0.00851556826455635,6,0.00851556826455635,100.29838655411004,9.528044864022377,35,28300.13216084009,28409.958592258223,experiment,FIFO,0.28,0,variant_3
8024,INSPECTION_2_2,INSPECTION_2_2_LINE,28404.08898292338,3.6584355291779502,7,3.6584355291779502,103.95682208328799,5.8696093348444265,37,28300.13216084009,28409.958592258223,experiment,FIFO,0.28,0,variant_3
8024,INSPECTION_2_3,INSPECTION_2_3_LINE,28406.24640830473,2.1574253813523683,8,2.1574253813523683,106.11424746464036,3.712183953492058,38,28300.13216084009,28409.958592258223,experiment,FIFO,0.28,0,variant_3
8024,INSPECTION_2_4,INSPECTION_2_4_LINE,28407.23574609356,0.9893377888292889,9,0.9893377888292889,107.10358525346965,2.7228461646627693,38,28300.13216084009,28409.958592258223,experiment,FIFO,0.28,0,variant_3
8024,INSPECTION_2_5,INSPECTION_2_5_LINE,28408.289860632827,1.0541145392671751,10,1.0541145392671751,108.15769979273682,1.6687316253955942,38,28300.13216084009,28409.958592258223,experiment,FIFO,0.28,0,variant_3
8024,INSPECTION_2_6,INSPECTION_2_6_LINE,28408.938281634404,0.6484210015769349,11,0.6484210015769349,108.80612079431376,1.0203106238186592,38,28300.13216084009,28409.958592258223,experiment,FIFO,0.28,0,variant_3
8024,INSPECTION_2_7,INSPECTION_2_7_LINE,28409.958592258223,1.0203106238186592,12,1.0203106238186592,109.82643141813242,0.0,38,28300.13216084009,28409.958592258223,experiment,FIFO,0.28,0,variant_3
8025,MOULDING_2,MOULDING_MACHINE_2,28313.639757089164,12.844275810723047,1,0.0,0.0,113.73384890347734,30,28313.639757089164,28427.37360599264,experiment,FIFO,0.28,0,variant_2
8025,ASSEMBLY_1_5,LINE_5_ASSEMBLY1,28345.22685342948,21.389370562952536,2,31.587096340317657,31.587096340317657,82.14675256315968,37,28313.639757089164,28427.37360599264,experiment,FIFO,0.28,0,variant_2
8025,ASSEMBLY_2_2,ASSEMBLY2_LINE_2,28388.5141185082,4.691618758308323,3,43.28726507871761,74.87436141903527,38.85948748444207,34,28313.639757089164,28427.37360599264,experiment,FIFO,0.28,0,variant_2
8025,SORTING,SORTING_ROBOT_1,28403.820786352244,1.1578180769574828,4,15.306667844044568,90.18102926307984,23.5528196403975,37,28313.639757089164,28427.37360599264,experiment,FIFO,0.28,0,variant_2
8025,PACKAGING_2,PACKAGING_LINE_2,28407.886395861,0.19388446372249746,5,4.065609508757916,94.24663877183775,19.487210131639586,38,28313.639757089164,28427.37360599264,experiment,FIFO,0.28,0,variant_2
8025,INSPECTION_2_1,INSPECTION_2_1_LINE,28408.84716438257,0.9607685215669335,6,0.9607685215669335,95.20740729340469,18.526441610072652,38,28313.639757089164,28427.37360599264,experiment,FIFO,0.28,0,variant_2
8025,INSPECTION_2_2,INSPECTION_2_2_LINE,28410.91465056228,2.067486179712432,7,2.067486179712432,97.27489347311712,16.45895543036022,39,28313.639757089164,28427.37360599264,experiment,FIFO,0.28,0,variant_2
8025,INSPECTION_2_3,INSPECTION_2_3_LINE,28414.57224349046,1.794217025704711,8,3.6575929281789286,100.93248640129605,12.801362502181291,38,28313.639757089164,28427.37360599264,experiment,FIFO,0.28,0,variant_2
8025,INSPECTION_2_4,INSPECTION_2_4_LINE,28417.11239144025,2.540147949788661,9,2.540147949788661,103.47263435108471,10.26121455239263,38,28313.639757089164,28427.37360599264,experiment,FIFO,0.28,0,variant_2
8025,INSPECTION_2_5,INSPECTION_2_5_LINE,28419.54066132077,2.428269880521839,10,2.428269880521839,105.90090423160655,7.832944671870791,37,28313.639757089164,28427.37360599264,experiment,FIFO,0.28,0,variant_2
8025,INSPECTION_2_6,INSPECTION_2_6_LINE,28423.763862534925,4.22320121415396,11,4.22320121415396,110.1241054457605,3.6097434577168315,36,28313.639757089164,28427.37360599264,experiment,FIFO,0.28,0,variant_2
8025,INSPECTION_2_7,INSPECTION_2_7_LINE,28427.37360599264,3.6097434577168315,12,3.6097434577168315,113.73384890347734,0.0,34,28313.639757089164,28427.37360599264,experiment,FIFO,0.28,0,variant_2
8026,MOULDING_2,MOULDING_MACHINE_2,28317.86454343332,4.224786344155291,1,0.0,0.0,110.87547638578326,32,28317.86454343332,28428.740019819103,experiment,FIFO,0.28,0,variant_6
8026,ASSEMBLY_1_5,LINE_5_ASSEMBLY1,28350.35285862251,5.126005193029414,2,32.48831518919178,32.48831518919178,78.38716119659148,36,28317.86454343332,28428.740019819103,experiment,FIFO,0.28,0,variant_6
8026,ASSEMBLY_2_2,ASSEMBLY2_LINE_2,28397.130611953897,0.8582523588738695,3,46.77775333138561,79.26606852057739,31.609407865205867,37,28317.86454343332,28428.740019819103,experiment,FIFO,0.28,0,variant_6
8026,SORTING,SORTING_ROBOT_1,28410.86097916711,0.4121085414844856,4,13.730367213214777,92.99643573379217,17.87904065199109,39,28317.86454343332,28428.740019819103,experiment,FIFO,0.28,0,variant_6
8026,PACKAGING_2,PACKAGING_LINE_2,28412.973329095632,2.112349928520416,5,2.112349928520416,95.10878566231258,15.766690723470674,38,28317.86454343332,28428.740019819103,experiment,FIFO,0.28,0,variant_6
8026,INSPECTION_2_1,INSPECTION_2_1_LINE,28415.172750183217,2.199421087585506,6,2.199421087585506,97.30820674989809,13.567269635885168,38,28317.86454343332,28428.740019819103,experiment,FIFO,0.28,0,variant_6
8026,INSPECTION_2_2,INSPECTION_2_2_LINE,28415.64840268492,0.47565250170373474,7,0.47565250170373474,97.78385925160183,13.091617134181433,38,28317.86454343332,28428.740019819103,experiment,FIFO,0.28,0,variant_6
8026,INSPECTION_2_3,INSPECTION_2_3_LINE,28422.476966604896,5.989804781416751,8,6.82856391997484,104.61242317157667,6.263053214206593,37,28317.86454343332,28428.740019819103,experiment,FIFO,0.28,0,variant_6
8026,INSPECTION_2_4,INSPECTION_2_4_LINE,28422.715130844204,0.23816423930838937,9,0.23816423930838937,104.85058741088505,6.024888974898204,36,28317.86454343332,28428.740019819103,experiment,FIFO,0.28,0,variant_6
8026,INSPECTION_2_5,INSPECTION_2_5_LINE,28423.78216813596,1.067037291755696,10,1.067037291755696,105.91762470264075,4.957851683142508,36,28317.86454343332,28428.740019819103,experiment,FIFO,0.28,0,variant_6
8026,INSPECTION_2_6,INSPECTION_2_6_LINE,28425.095553565505,0.8752196712630393,11,1.3133854295447236,107.23101013218547,3.644466253597784,35,28317.86454343332,28428.740019819103,experiment,FIFO,0.28,0,variant_6
8026,INSPECTION_2_7,INSPECTION_2_7_LINE,28428.740019819103,0.9125308266411594,12,3.644466253597784,110.87547638578326,0.0,33,28317.86454343332,28428.740019819103,experiment,FIFO,0.28,0,variant_6
8027,MOULDING_2,MOULDING_MACHINE_2,28319.267148946263,1.4026055129434098,1,0.0,0.0,94.0583162497569,33,28319.267148946263,28413.32546519602,experiment,FIFO,0.28,0,variant_6
8027,ASSEMBLY_1_3,LINE_3_ASSEMBLY1,28338.12460252852,1.1774139062436006,2,18.85745358225904,18.85745358225904,75.20086266749786,34,28319.267148946263,28413.32546519602,experiment,FIFO,0.28,0,variant_6
8027,ASSEMBLY_2_1,ASSEMBLY2_LINE_1,28385.88628979277,11.94757824772023,3,47.761687264246575,66.61914084650562,27.439175403251284,36,28319.267148946263,28413.32546519602,experiment,FIFO,0.28,0,variant_6
8027,SORTING,SORTING_ROBOT_1,28402.662968275286,7.06080837387708,4,16.776678482518037,83.39581932902365,10.662496920733247,36,28319.267148946263,28413.32546519602,experiment,FIFO,0.28,0,variant_6
8027,PACKAGING_1,PACKAGING_LINE_1,28404.631656860573,1.968688585286145,5,1.968688585286145,85.3645079143098,8.693808335447102,36,28319.267148946263,28413.32546519602,experiment,FIFO,0.28,0,variant_6
8027,INSPECTION_1_1,INSPECTION_1_1_LINE,28405.870066498755,1.2384096381829295,6,1.2384096381829295,86.60291755249273,7.455398697264172,37,28319.267148946263,28413.32546519602,experiment,FIFO,0.28,0,variant_6
8027,INSPECTION_1_2,INSPECTION_1_2_LINE,28406.31155098918,0.44148449042404536,7,0.44148449042404536,87.04440204291677,7.013914206840127,38,28319.267148946263,28413.32546519602,experiment,FIFO,0.28,0,variant_6
8027,INSPECTION_1_3,INSPECTION_1_3_LINE,28406.909521450496,0.5979704613164358,8,0.5979704613164358,87.64237250423321,6.415943745523691,38,28319.267148946263,28413.32546519602,experiment,FIFO,0.28,0,variant_6
8027,INSPECTION_1_4,INSPECTION_1_4_LINE,28408.51129857427,1.6017771237748093,9,1.6017771237748093,89.24414962800802,4.814166621748882,38,28319.267148946263,28413.32546519602,experiment,FIFO,0.28,0,variant_6
8027,INSPECTION_1_5,INSPECTION_1_5_LINE,28408.791921849846,0.2806232755756355,10,0.2806232755756355,89.52477290358365,4.533543346173246,38,28319.267148946263,28413.32546519602,experiment,FIFO,0.28,0,variant_6
8027,INSPECTION_1_6,INSPECTION_1_6_LINE,28409.932683292547,1.1407614427007502,11,1.1407614427007502,90.6655343462844,3.392781903472496,39,28319.267148946263,28413.32546519602,experiment,FIFO,0.28,0,variant_6
8027,INSPECTION_1_7,INSPECTION_1_7_LINE,28413.32546519602,1.0972855814434297,12,3.392781903472496,94.0583162497569,0.0,38,28319.267148946263,28413.32546519602,experiment,FIFO,0.28,0,variant_6
8028,MOULDING_5,MOULDING_MACHINE_5,28313.9803223392,9.980965032696986,1,0.0,0.0,83.2017281565204,31,28313.9803223392,28397.18205049572,experiment,FIFO,0.28,0,variant_4
8028,ASSEMBLY_1_4,LINE_4_ASSEMBLY1,28322.95103561716,1.657964947851724,2,8.970713277958566,8.970713277958566,74.23101487856184,35,28313.9803223392,28397.18205049572,experiment,FIFO,0.28,0,variant_4
8028,ASSEMBLY_2_2,ASSEMBLY2_LINE_2,28361.07347325361,0.12296974751370726,3,38.12243763645165,47.09315091441022,36.10857724211019,33,28313.9803223392,28397.18205049572,experiment,FIFO,0.28,0,variant_4
8028,SORTING,SORTING_ROBOT_1,28385.47417604925,8.66709055706815,4,24.400702795639518,71.49385371004973,11.707874446470669,36,28313.9803223392,28397.18205049572,experiment,FIFO,0.28,0,variant_4
8028,PACKAGING_2,PACKAGING_LINE_2,28386.86259809396,1.388422044710751,5,1.388422044710751,72.88227575476049,10.319452401759918,35,28313.9803223392,28397.18205049572,experiment,FIFO,0.28,0,variant_4
8028,INSPECTION_1_1,INSPECTION_1_1_LINE,28390.23312495125,3.0558303194411565,6,3.370526857288496,76.25280261204898,6.948925544471422,34,28313.9803223392,28397.18205049572,experiment,FIFO,0.28,0,variant_4
8028,INSPECTION_1_2,INSPECTION_1_2_LINE,28390.825449937587,0.5923249863371893,7,0.5923249863371893,76.84512759838617,6.356600558134232,34,28313.9803223392,28397.18205049572,experiment,FIFO,0.28,0,variant_4
8028,INSPECTION_1_3,INSPECTION_1_3_LINE,28391.30750261716,0.482052679573826,8,0.482052679573826,77.32718027796,5.874547878560406,34,28313.9803223392,28397.18205049572,experiment,FIFO,0.28,0,variant_4
8028,INSPECTION_1_4,INSPECTION_1_4_LINE,28393.98009948107,2.672596863907529,9,2.672596863907529,79.99977714186753,3.2019510146528773,35,28313.9803223392,28397.18205049572,experiment,FIFO,0.28,0,variant_4
8028,INSPECTION_1_5,INSPECTION_1_5_LINE,28395.4640218196,1.4839223385315563,10,1.4839223385315563,81.48369948039908,1.718028676121321,36,28313.9803223392,28397.18205049572,experiment,FIFO,0.28,0,variant_4
8028,INSPECTION_1_6,INSPECTION_1_6_LINE,28396.99978123248,1.5357594128799974,11,1.5357594128799974,83.01945889327908,0.18226926324132364,37,28313.9803223392,28397.18205049572,experiment,FIFO,0.28,0,variant_4
8028,INSPECTION_1_7,INSPECTION_1_7_LINE,28397.18205049572,0.18226926324132364,12,0.18226926324132364,83.2017281565204,0.0,36,28313.9803223392,28397.18205049572,experiment,FIFO,0.28,0,variant_4
8029,MOULDING_1,MOULDING_MACHINE_1,28308.22285228171,1.0158929010613065,1,0.0,0.0,64.02179006395454,28,28308.22285228171,28372.244642345664,experiment,FIFO,0.28,0,variant_5
8029,ASSEMBLY_1_2,LINE_2_ASSEMBLY1,28310.323709883152,2.10085760144284,2,2.10085760144284,2.10085760144284,61.9209324625117,28,28308.22285228171,28372.244642345664,experiment,FIFO,0.28,0,variant_5
8029,ASSEMBLY_2_2,ASSEMBLY2_LINE_2,28332.150302802896,2.8093638276950514,3,21.826592919744144,23.927450521186984,40.09433954276756,35,28308.22285228171,28372.244642345664,experiment,FIFO,0.28,0,variant_5
8029,SORTING,SORTING_ROBOT_1,28366.35050338114,0.3383736813593714,4,34.20020057824513,58.127651099432114,5.894138964522426,36,28308.22285228171,28372.244642345664,experiment,FIFO,0.28,0,variant_5
8029,PACKAGING_3,PACKAGING_LINE_3,28366.88810964362,0.5376062624782207,5,0.5376062624782207,58.665257361910335,5.3565327020442055,36,28308.22285228171,28372.244642345664,experiment,FIFO,0.28,0,variant_5
8029,INSPECTION_2_1,INSPECTION_2_1_LINE,28368.069553395595,1.1814437519751664,6,1.1814437519751664,59.8467011138855,4.175088950069039,37,28308.22285228171,28372.244642345664,experiment,FIFO,0.28,0,variant_5
8029,INSPECTION_2_2,INSPECTION_2_2_LINE,28369.01628571667,0.9467323210737959,7,0.9467323210737959,60.7934334349593,3.2283566289952432,37,28308.22285228171,28372.244642345664,experiment,FIFO,0.28,0,variant_5
8029,INSPECTION_2_3,INSPECTION_2_3_LINE,28370.170265205685,1.15397948901591,8,1.15397948901591,61.94741292397521,2.074377139979333,37,28308.22285228171,28372.244642345664,experiment,FIFO,0.28,0,variant_5
8029,INSPECTION_2_4,INSPECTION_2_4_LINE,28370.883440178324,0.7131749726395356,9,0.7131749726395356,62.66058789661474,1.3612021673397976,35,28308.22285228171,28372.244642345664,experiment,FIFO,0.28,0,variant_5
8029,INSPECTION_2_5,INSPECTION_2_5_LINE,28371.51556127844,0.6321211001159099,10,0.6321211001159099,63.29270899673065,0.7290810672238877,35,28308.22285228171,28372.244642345664,experiment,FIFO,0.28,0,variant_5
8029,INSPECTION_2_6,INSPECTION_2_6_LINE,28372.06196124252,0.5463999640815018,11,0.5463999640815018,63.839108960812155,0.18268110314238584,36,28308.22285228171,28372.244642345664,experiment,FIFO,0.28,0,variant_5
8029,INSPECTION_2_7,INSPECTION_2_7_LINE,28372.244642345664,0.18268110314238584,12,0.18268110314238584,64.02179006395454,0.0,35,28308.22285228171,28372.244642345664,experiment,FIFO,0.28,0,variant_5
8030,MOULDING_4,MOULDING_MACHINE_4,28313.607344924283,4.600347609983146,1,0.0,0.0,108.90197335057383,29,28313.607344924283,28422.509318274857,experiment,FIFO,0.28,0,variant_1
8030,ASSEMBLY_1_3,LINE_3_ASSEMBLY1,28336.94718862228,23.339843697995093,2,23.339843697995093,23.339843697995093,85.56212965257873,34,28313.607344924283,28422.509318274857,experiment,FIFO,0.28,0,variant_1
8030,ASSEMBLY_2_2,ASSEMBLY2_LINE_2,28383.82249974989,1.7667411878683197,3,46.875311127612804,70.2151548256079,38.68681852496593,36,28313.607344924283,28422.509318274857,experiment,FIFO,0.28,0,variant_1
8030,SORTING,SORTING_ROBOT_1,28395.60215990141,3.759883906797768,4,11.779660151518328,81.99481497712623,26.9071583734476,36,28313.607344924283,28422.509318274857,experiment,FIFO,0.28,0,variant_1
8030,PACKAGING_2,PACKAGING_LINE_2,28407.69251139728,7.26152655405167,5,12.090351495869982,94.0851664729962,14.81680687757762,38,28313.607344924283,28422.509318274857,experiment,FIFO,0.28,0,variant_1
8030,INSPECTION_1_1,INSPECTION_1_1_LINE,28407.74580970428,0.053298307000659406,6,0.053298307000659406,94.13846477999687,14.76350857057696,38,28313.607344924283,28422.509318274857,experiment,FIFO,0.28,0,variant_1
8030,INSPECTION_1_2,INSPECTION_1_2_LINE,28407.913500654016,0.16769094973642495,7,0.16769094973642495,94.30615572973329,14.595817620840535,38,28313.607344924283,28422.509318274857,experiment,FIFO,0.28,0,variant_1
8030,INSPECTION_1_3,INSPECTION_1_3_LINE,28408.20971537693,0.29621472291182727,8,0.29621472291182727,94.60237045264512,14.299602897928708,38,28313.607344924283,28422.509318274857,experiment,FIFO,0.28,0,variant_1
8030,INSPECTION_1_4,INSPECTION_1_4_LINE,28418.59977069433,10.088472120060032,9,10.390055317402584,104.9924257700477,3.909547580526123,37,28313.607344924283,28422.509318274857,experiment,FIFO,0.28,0,variant_1
8030,INSPECTION_1_5,INSPECTION_1_5_LINE,28418.69152284597,0.09175215163850226,10,0.09175215163850226,105.0841779216862,3.817795428887621,37,28313.607344924283,28422.509318274857,experiment,FIFO,0.28,0,variant_1
8030,INSPECTION_1_6,INSPECTION_1_6_LINE,28420.070801058588,1.3792782126183738,11,1.3792782126183738,106.46345613430458,2.438517216269247,37,28313.607344924283,28422.509318274857,experiment,FIFO,0.28,0,variant_1
8030,INSPECTION_1_7,INSPECTION_1_7_LINE,28422.509318274857,2.438517216269247,12,2.438517216269247,108.90197335057383,0.0,36,28313.607344924283,28422.509318274857,experiment,FIFO,0.28,0,variant_1
8031,MOULDING_3,MOULDING_MACHINE_3,28310.532237465177,1.349569813006383,1,0.0,0.0,90.7180218682006,29,28310.532237465177,28401.250259333377,experiment,FIFO,0.28,0,variant_5
8031,ASSEMBLY_1_4,LINE_4_ASSEMBLY1,28321.293070669308,8.558200904197292,2,10.760833204130904,10.760833204130904,79.95718866406969,35,28310.532237465177,28401.250259333377,experiment,FIFO,0.28,0,variant_5
8031,ASSEMBLY_2_2,ASSEMBLY2_LINE_2,28360.950503506097,13.204624103844253,3,39.65743283678967,50.41826604092057,40.29975582728002,33,28310.532237465177,28401.250259333377,experiment,FIFO,0.28,0,variant_5
8031,SORTING,SORTING_ROBOT_1,28376.807085492183,0.358606045399938,4,15.856581986085075,66.27484802700565,24.443173841194948,36,28310.532237465177,28401.250259333377,experiment,FIFO,0.28,0,variant_5
8031,PACKAGING_1,PACKAGING_LINE_1,28392.03529342117,6.910341700819117,5,15.228207928987104,81.50305595599275,9.214965912207845,35,28310.532237465177,28401.250259333377,experiment,FIFO,0.28,0,variant_5
8031,INSPECTION_2_1,INSPECTION_2_1_LINE,28393.05343105348,1.0181376323089353,6,1.0181376323089353,82.52119358830168,8.19682827989891,36,28310.532237465177,28401.250259333377,experiment,FIFO,0.28,0,variant_5
8031,INSPECTION_2_2,INSPECTION_2_2_LINE,28393.300683215763,0.24725216228398494,7,0.24725216228398494,82.76844575058567,7.949576117614924,36,28310.532237465177,28401.250259333377,experiment,FIFO,0.28,0,variant_5
8031,INSPECTION_2_3,INSPECTION_2_3_LINE,28393.459083124537,0.15839990877429955,8,0.15839990877429955,82.92684565935997,7.791176208840625,36,28310.532237465177,28401.250259333377,experiment,FIFO,0.28,0,variant_5
8031,INSPECTION_2_4,INSPECTION_2_4_LINE,28398.191269925504,4.732186800967611,9,4.732186800967611,87.65903246032758,3.058989407873014,36,28310.532237465177,28401.250259333377,experiment,FIFO,0.28,0,variant_5
8031,INSPECTION_2_5,INSPECTION_2_5_LINE,28399.83190045346,1.640630527956091,10,1.640630527956091,89.29966298828367,1.4183588799169229,36,28310.532237465177,28401.250259333377,experiment,FIFO,0.28,0,variant_5
8031,INSPECTION_2_6,INSPECTION_2_6_LINE,28401.124987465835,1.293087012374599,11,1.293087012374599,90.59275000065827,0.1252718675423239,35,28310.532237465177,28401.250259333377,experiment,FIFO,0.28,0,variant_5
8031,INSPECTION_2_7,INSPECTION_2_7_LINE,28401.250259333377,0.1252718675423239,12,0.1252718675423239,90.7180218682006,0.0,34,28310.532237465177,28401.250259333377,experiment,FIFO,0.28,0,variant_5
8032,MOULDING_4,MOULDING_MACHINE_4,28317.25591618898,3.648571264697239,1,0.0,0.0,102.13005511590018,31,28317.25591618898,28419.38597130488,experiment,FIFO,0.28,0,variant_5
8032,ASSEMBLY_1_2,LINE_2_ASSEMBLY1,28323.752372340325,6.496456151344319,2,6.496456151344319,6.496456151344319,95.63359896455586,35,28317.25591618898,28419.38597130488,experiment,FIFO,0.28,0,variant_5
8032,ASSEMBLY_2_2,ASSEMBLY2_LINE_2,28367.86618662693,6.792713373317383,3,44.11381428660388,50.6102704379482,51.519784677951975,36,28317.25591618898,28419.38597130488,experiment,FIFO,0.28,0,variant_5
8032,SORTING,SORTING_ROBOT_1,28386.376914347355,0.9027382981039409,4,18.510727720426075,69.12099815837428,33.0090569575259,36,28317.25591618898,28419.38597130488,experiment,FIFO,0.28,0,variant_5
8032,PACKAGING_1,PACKAGING_LINE_1,28401.06947903146,9.034185610289569,5,14.692564684104582,83.81356284247886,18.316492273421318,35,28317.25591618898,28419.38597130488,experiment,FIFO,0.28,0,variant_5
8032,INSPECTION_2_1,INSPECTION_2_1_LINE,28402.55980661208,1.0436180289216281,6,1.4903275806209422,85.3038904230998,16.826164692800376,36,28317.25591618898,28419.38597130488,experiment,FIFO,0.28,0,variant_5
8032,INSPECTION_2_2,INSPECTION_2_2_LINE,28404.16444417999,0.06514184018669766,7,1.604637567910686,86.90852799101049,15.22152712488969,37,28317.25591618898,28419.38597130488,experiment,FIFO,0.28,0,variant_5
8032,INSPECTION_2_3,INSPECTION_2_3_LINE,28412.778026464755,2.3570909231748374,8,8.613582284764561,95.52211027577505,6.607944840125128,38,28317.25591618898,28419.38597130488,experiment,FIFO,0.28,0,variant_5
8032,INSPECTION_2_4,INSPECTION_2_4_LINE,28414.0678514848,1.2898250200451002,9,1.2898250200451002,96.81193529582015,5.318119820080028,38,28317.25591618898,28419.38597130488,experiment,FIFO,0.28,0,variant_5
8032,INSPECTION_2_5,INSPECTION_2_5_LINE,28416.91586165912,2.10829772067882,10,2.8480101743189152,99.65994547013906,2.470109645761113,38,28317.25591618898,28419.38597130488,experiment,FIFO,0.28,0,variant_5
8032,INSPECTION_2_6,INSPECTION_2_6_LINE,28417.729612401068,0.11998667690932052,11,0.813750741948752,100.47369621208782,1.656358903812361,38,28317.25591618898,28419.38597130488,experiment,FIFO,0.28,0,variant_5
8032,INSPECTION_2_7,INSPECTION_2_7_LINE,28419.38597130488,1.0096106903729378,12,1.656358903812361,102.13005511590018,0.0,37,28317.25591618898,28419.38597130488,experiment,FIFO,0.28,0,variant_5
8033,MOULDING_5,MOULDING_MACHINE_5,28338.671119971936,21.953461745484674,1,0.0,0.0,89.15636902052574,36,28338.671119971936,28427.82748899246,experiment,FIFO,0.28,0,variant_2
8033,ASSEMBLY_1_4,LINE_4_ASSEMBLY1,28340.712710798107,0.1989880415785592,2,2.0415908261711593,2.0415908261711593,87.11477819435459,36,28338.671119971936,28427.82748899246,experiment,FIFO,0.28,0,variant_2
8033,ASSEMBLY_2_1,ASSEMBLY2_LINE_1,28395.371810160264,4.086751802176877,3,54.659099362157576,56.700690188328736,32.45567883219701,36,28338.671119971936,28427.82748899246,experiment,FIFO,0.28,0,variant_2
8033,SORTING,SORTING_ROBOT_1,28405.12025908036,1.2943357311742147,4,9.748448920094233,66.44913910842297,22.707229912102775,37,28338.671119971936,28427.82748899246,experiment,FIFO,0.28,0,variant_2
8033,PACKAGING_2,PACKAGING_LINE_2,28407.92067647865,0.03428061764861923,5,2.8004173982917564,69.24955650671473,19.90681251381102,38,28338.671119971936,28427.82748899246,experiment,FIFO,0.28,0,variant_2
8033,INSPECTION_2_1,INSPECTION_2_1_LINE,28410.1096689806,1.262504598031228,6,2.188992501949542,71.43854900866427,17.717820011861477,38,28338.671119971936,28427.82748899246,experiment,FIFO,0.28,0,variant_2
8033,INSPECTION_2_2,INSPECTION_2_2_LINE,28411.199404047144,0.2847534848624491,7,1.0897350665436534,72.52828407520792,16.628084945317823,39,28338.671119971936,28427.82748899246,experiment,FIFO,0.28,0,variant_2
8033,INSPECTION_2_3,INSPECTION_2_3_LINE,28416.48716182348,1.914918333019159,8,5.2877577763356385,77.81604185154356,11.340327168982185,38,28338.671119971936,28427.82748899246,experiment,FIFO,0.28,0,variant_2
8033,INSPECTION_2_4,INSPECTION_2_4_LINE,28419.037844065075,1.9254526248259936,9,2.5506822415954957,80.36672409313906,8.78964492738669,37,28338.671119971936,28427.82748899246,experiment,FIFO,0.28,0,variant_2
8033,INSPECTION_2_5,INSPECTION_2_5_LINE,28420.639721531246,1.0990602104757272,10,1.6018774661715725,81.96860155931063,7.187767461215117,37,28338.671119971936,28427.82748899246,experiment,FIFO,0.28,0,variant_2
8033,INSPECTION_2_6,INSPECTION_2_6_LINE,28424.22033389424,0.45647135931722005,11,3.5806123629954527,85.54921392230608,3.607155098219664,35,28338.671119971936,28427.82748899246,experiment,FIFO,0.28,0,variant_2
8033,INSPECTION_2_7,INSPECTION_2_7_LINE,28427.82748899246,0.45388299982005265,12,3.607155098219664,89.15636902052574,0.0,33,28338.671119971936,28427.82748899246,experiment,FIFO,0.28,0,variant_2
8034,MOULDING_2,MOULDING_MACHINE_2,28320.81003981145,1.542890865188383,1,0.0,0.0,103.29083852353142,34,28320.81003981145,28424.100878334983,experiment,FIFO,0.28,0,variant_5
8034,ASSEMBLY_1_3,LINE_3_ASSEMBLY1,28345.45486177361,7.33025924508911,2,24.644821962159767,24.644821962159767,78.64601656137165,37,28320.81003981145,28424.100878334983,experiment,FIFO,0.28,0,variant_5
8034,ASSEMBLY_2_2,ASSEMBLY2_LINE_2,28396.272359595023,7.758241086823546,3,50.81749782141196,75.46231978357173,27.82851873995969,36,28320.81003981145,28424.100878334983,experiment,FIFO,0.28,0,variant_5
8034,SORTING,SORTING_ROBOT_1,28410.448870625627,5.328611545268359,4,14.17651103060416,89.63883081417589,13.65200770935553,39,28320.81003981145,28424.100878334983,experiment,FIFO,0.28,0,variant_5
8034,PACKAGING_3,PACKAGING_LINE_3,28413.041215737245,2.5923451116177603,5,2.5923451116177603,92.23117592579365,11.05966259773777,38,28320.81003981145,28424.100878334983,experiment,FIFO,0.28,0,variant_5
8034,INSPECTION_1_1,INSPECTION_1_1_LINE,28413.09579386114,0.05457812389431638,6,0.05457812389431638,92.28575404968797,11.005084473843453,38,28320.81003981145,28424.100878334983,experiment,FIFO,0.28,0,variant_5
8034,INSPECTION_1_2,INSPECTION_1_2_LINE,28414.026062169047,0.9302683079076814,7,0.9302683079076814,93.21602235759565,10.074816165935772,38,28320.81003981145,28424.100878334983,experiment,FIFO,0.28,0,variant_5
8034,INSPECTION_1_3,INSPECTION_1_3_LINE,28415.541798378144,1.5157362090976676,8,1.5157362090976676,94.73175856669332,8.559079956838104,38,28320.81003981145,28424.100878334983,experiment,FIFO,0.28,0,variant_5
8034,INSPECTION_1_4,INSPECTION_1_4_LINE,28418.994189058056,0.39441836372498074,9,3.452390679911332,98.18414924660465,5.106689276926772,37,28320.81003981145,28424.100878334983,experiment,FIFO,0.28,0,variant_5
8034,INSPECTION_1_5,INSPECTION_1_5_LINE,28419.718179530235,0.723990472179139,10,0.723990472179139,98.90813971878379,4.382698804747633,37,28320.81003981145,28424.100878334983,experiment,FIFO,0.28,0,variant_5
8034,INSPECTION_1_6,INSPECTION_1_6_LINE,28421.16190719903,1.091106140444026,11,1.4437276687967824,100.35186738758057,2.938971135950851,37,28320.81003981145,28424.100878334983,experiment,FIFO,0.28,0,variant_5
8034,INSPECTION_1_7,INSPECTION_1_7_LINE,28424.100878334983,1.5915600601256301,12,2.938971135950851,103.29083852353142,0.0,35,28320.81003981145,28424.100878334983,experiment,FIFO,0.28,0,variant_5
8035,MOULDING_3,MOULDING_MACHINE_3,28320.847741556816,1.0451594715013925,1,0.0,0.0,109.54754698599572,35,28320.847741556816,28430.39528854281,experiment,FIFO,0.28,0,variant_4
8035,ASSEMBLY_1_5,LINE_5_ASSEMBLY1,28354.32207339672,3.9692147742098314,2,33.47433183990506,33.47433183990506,76.07321514609066,36,28320.847741556816,28430.39528854281,experiment,FIFO,0.28,0,variant_4
8035,ASSEMBLY_2_2,ASSEMBLY2_LINE_2,28400.253676071607,0.7871207099487947,3,45.93160267488565,79.40593451479072,30.141612471205008,35,28320.847741556816,28430.39528854281,experiment,FIFO,0.28,0,variant_4
8035,SORTING,SORTING_ROBOT_1,28421.322561433462,2.7683118809654843,4,21.06888536185579,100.4748198766465,9.072727109349216,37,28320.847741556816,28430.39528854281,experiment,FIFO,0.28,0,variant_4
8035,PACKAGING_3,PACKAGING_LINE_3,28421.62074087314,0.2981794396764599,5,0.2981794396764599,100.77299931632297,8.774547669672756,37,28320.847741556816,28430.39528854281,experiment,FIFO,0.28,0,variant_4
8035,INSPECTION_1_1,INSPECTION_1_1_LINE,28422.850687654933,1.229946781793842,6,1.229946781793842,102.00294609811681,7.544600887878914,36,28320.847741556816,28430.39528854281,experiment,FIFO,0.28,0,variant_4
8035,INSPECTION_1_2,INSPECTION_1_2_LINE,28424.684565131563,1.8338774766307324,7,1.8338774766307324,103.83682357474754,5.710723411248182,35,28320.847741556816,28430.39528854281,experiment,FIFO,0.28,0,variant_4
8035,INSPECTION_1_3,INSPECTION_1_3_LINE,28425.994733952964,1.310168821401021,8,1.310168821401021,105.14699239614856,4.400554589847161,35,28320.847741556816,28430.39528854281,experiment,FIFO,0.28,0,variant_4
8035,INSPECTION_1_4,INSPECTION_1_4_LINE,28426.19332069394,0.19858674097486073,9,0.19858674097486073,105.34557913712342,4.2019678488723,35,28320.847741556816,28430.39528854281,experiment,FIFO,0.28,0,variant_4
8035,INSPECTION_1_5,INSPECTION_1_5_LINE,28427.528046223244,1.3347255293047056,10,1.3347255293047056,106.68030466642813,2.8672423195675947,34,28320.847741556816,28430.39528854281,experiment,FIFO,0.28,0,variant_4
8035,INSPECTION_1_6,INSPECTION_1_6_LINE,28428.888388922387,1.3603426991430752,11,1.3603426991430752,108.0406473655712,1.5068996204245195,33,28320.847741556816,28430.39528854281,experiment,FIFO,0.28,0,variant_4
8035,INSPECTION_1_7,INSPECTION_1_7_LINE,28430.39528854281,1.5068996204245195,12,1.5068996204245195,109.54754698599572,0.0,31,28320.847741556816,28430.39528854281,experiment,FIFO,0.28,0,variant_4
8036,MOULDING_2,MOULDING_MACHINE_2,28326.99600474779,2.222436831558298,1,0.0,0.0,91.38035586671685,35,28326.99600474779,28418.376360614508,experiment,FIFO,0.28,0,variant_6
8036,ASSEMBLY_1_2,LINE_2_ASSEMBLY1,28327.09712369796,0.1011189501696208,2,0.1011189501696208,0.1011189501696208,91.27923691654723,35,28326.99600474779,28418.376360614508,experiment,FIFO,0.28,0,variant_6
8036,ASSEMBLY_2_2,ASSEMBLY2_LINE_2,28382.055758562023,14.189571935094136,3,54.95863486406233,55.059753814231954,36.3206020524849,36,28326.99600474779,28418.376360614508,experiment,FIFO,0.28,0,variant_6
8036,SORTING,SORTING_ROBOT_1,28391.84227599461,0.3524495835044945,4,9.78651743258888,64.84627124682083,26.53408461989602,35,28326.99600474779,28418.376360614508,experiment,FIFO,0.28,0,variant_6
8036,PACKAGING_2,PACKAGING_LINE_2,28400.430984843228,0.008953017291787546,5,8.58870884861608,73.43498009543691,17.94537577127994,35,28326.99600474779,28418.376360614508,experiment,FIFO,0.28,0,variant_6
8036,INSPECTION_2_1,INSPECTION_2_1_LINE,28401.51618858316,1.0852037399308756,6,1.0852037399308756,74.52018383536779,16.860172031349066,35,28326.99600474779,28418.376360614508,experiment,FIFO,0.28,0,variant_6
8036,INSPECTION_2_2,INSPECTION_2_2_LINE,28404.099302339804,0.010319416425772943,7,2.5831137566456164,77.1032975920134,14.27705827470345,37,28326.99600474779,28418.376360614508,experiment,FIFO,0.28,0,variant_6
8036,INSPECTION_2_3,INSPECTION_2_3_LINE,28410.42093554158,4.174527236849826,8,6.321633201776422,83.42493079378983,7.955425072927028,39,28326.99600474779,28418.376360614508,experiment,FIFO,0.28,0,variant_6
8036,INSPECTION_2_4,INSPECTION_2_4_LINE,28410.534226260675,0.11329071909494814,9,0.11329071909494814,83.53822151288477,7.84213435383208,39,28326.99600474779,28418.376360614508,experiment,FIFO,0.28,0,variant_6
8036,INSPECTION_2_5,INSPECTION_2_5_LINE,28414.80756393844,4.273337677765085,10,4.273337677765085,87.81155919064986,3.568796676066995,38,28326.99600474779,28418.376360614508,experiment,FIFO,0.28,0,variant_6
8036,INSPECTION_2_6,INSPECTION_2_6_LINE,28417.60962572416,2.8020617857182515,11,2.8020617857182515,90.61362097636811,0.7667348903487436,38,28326.99600474779,28418.376360614508,experiment,FIFO,0.28,0,variant_6
8036,INSPECTION_2_7,INSPECTION_2_7_LINE,28418.376360614508,0.7667348903487436,12,0.7667348903487436,91.38035586671685,0.0,37,28326.99600474779,28418.376360614508,experiment,FIFO,0.28,0,variant_6
8037,MOULDING_3,MOULDING_MACHINE_3,28329.033249764703,0.9459453264134936,1,0.0,0.0,115.63717409140372,35,28329.033249764703,28444.670423856107,experiment,FIFO,0.28,0,variant_5
8037,ASSEMBLY_1_5,LINE_5_ASSEMBLY1,28376.025203788315,21.70313039159373,2,46.99195402361147,46.99195402361147,68.64522006779225,36,28329.033249764703,28444.670423856107,experiment,FIFO,0.28,0,variant_5
8037,ASSEMBLY_2_2,ASSEMBLY2_LINE_2,28407.807293329075,5.527386330315494,3,31.782089540760353,78.77404356437182,36.8631305270319,38,28329.033249764703,28444.670423856107,experiment,FIFO,0.28,0,variant_5
8037,SORTING,SORTING_ROBOT_1,28424.64006908177,2.276362424076069,4,16.83277575269676,95.60681931706858,20.030354774335137,35,28329.033249764703,28444.670423856107,experiment,FIFO,0.28,0,variant_5
8037,PACKAGING_2,PACKAGING_LINE_2,28425.069319426933,0.429250345161563,5,0.429250345161563,96.03606966223015,19.601104429173574,35,28329.033249764703,28444.670423856107,experiment,FIFO,0.28,0,variant_5
8037,INSPECTION_1_1,INSPECTION_1_1_LINE,28427.215385596173,2.14606616923993,6,2.14606616923993,98.18213583147008,17.455038259933644,35,28329.033249764703,28444.670423856107,experiment,FIFO,0.28,0,variant_5
8037,INSPECTION_1_2,INSPECTION_1_2_LINE,28429.16910657253,1.9537209763584542,7,1.9537209763584542,100.13585680782853,15.50131728357519,32,28329.033249764703,28444.670423856107,experiment,FIFO,0.28,0,variant_5
8037,INSPECTION_1_3,INSPECTION_1_3_LINE,28430.56788084323,1.398774270699505,8,1.398774270699505,101.53463107852804,14.102543012875685,31,28329.033249764703,28444.670423856107,experiment,FIFO,0.28,0,variant_5
8037,INSPECTION_1_4,INSPECTION_1_4_LINE,28436.4646033036,5.896722460369347,9,5.896722460369347,107.43135353889738,8.205820552506339,29,28329.033249764703,28444.670423856107,experiment,FIFO,0.28,0,variant_5
8037,INSPECTION_1_5,INSPECTION_1_5_LINE,28438.98881619916,2.5242128955578664,10,2.5242128955578664,109.95556643445525,5.681607656948472,30,28329.033249764703,28444.670423856107,experiment,FIFO,0.28,0,variant_5
8037,INSPECTION_1_6,INSPECTION_1_6_LINE,28439.66622271146,0.6774065123026958,11,0.6774065123026958,110.63297294675795,5.004201144645776,30,28329.033249764703,28444.670423856107,experiment,FIFO,0.28,0,variant_5
8037,INSPECTION_1_7,INSPECTION_1_7_LINE,28444.670423856107,5.004201144645776,12,5.004201144645776,115.63717409140372,0.0,30,28329.033249764703,28444.670423856107,experiment,FIFO,0.28,0,variant_5
8038,MOULDING_1,MOULDING_MACHINE_1,28332.328242756976,0.024993883300339803,1,0.0,0.0,103.96749554905182,36,28332.328242756976,28436.295738306027,experiment,FIFO,0.28,0,variant_5
8038,ASSEMBLY_1_5,LINE_5_ASSEMBLY1,28378.469571498747,2.444367710431834,2,46.14132874177085,46.14132874177085,57.82616680728097,36,28332.328242756976,28436.295738306027,experiment,FIFO,0.28,0,variant_5
8038,ASSEMBLY_2_2,ASSEMBLY2_LINE_2,28409.391831170964,1.5845378418889595,3,30.92225967221748,77.06358841398833,26.90390713506349,39,28332.328242756976,28436.295738306027,experiment,FIFO,0.28,0,variant_5
8038,SORTING,SORTING_ROBOT_1,28425.528718813614,0.8886497318417241,4,16.136887642649526,93.20047605663785,10.767019492413965,35,28332.328242756976,28436.295738306027,experiment,FIFO,0.28,0,variant_5
8038,PACKAGING_2,PACKAGING_LINE_2,28429.045064957965,3.516346144351701,5,3.516346144351701,96.71682220098955,7.250673348062264,32,28332.328242756976,28436.295738306027,experiment,FIFO,0.28,0,variant_5
8038,INSPECTION_2_1,INSPECTION_2_1_LINE,28429.15670722701,0.11164226904656971,6,0.11164226904656971,96.82846447003612,7.139031079015695,32,28332.328242756976,28436.295738306027,experiment,FIFO,0.28,0,variant_5
8038,INSPECTION_2_2,INSPECTION_2_2_LINE,28431.32595435985,2.169247132838791,7,2.169247132838791,98.99771160287492,4.9697839461769036,30,28332.328242756976,28436.295738306027,experiment,FIFO,0.28,0,variant_5
8038,INSPECTION_2_3,INSPECTION_2_3_LINE,28431.542943851306,0.2169894914550241,8,0.2169894914550241,99.21470109432994,4.7527944547218794,30,28332.328242756976,28436.295738306027,experiment,FIFO,0.28,0,variant_5
8038,INSPECTION_2_4,INSPECTION_2_4_LINE,28432.28732511524,0.744381263935793,9,0.744381263935793,99.95908235826573,4.0084131907860865,30,28332.328242756976,28436.295738306027,experiment,FIFO,0.28,0,variant_5
8038,INSPECTION_2_5,INSPECTION_2_5_LINE,28435.2939723888,3.0066472735597927,10,3.0066472735597927,102.96572963182552,1.0017659172262938,29,28332.328242756976,28436.295738306027,experiment,FIFO,0.28,0,variant_5
8038,INSPECTION_2_6,INSPECTION_2_6_LINE,28435.72194957246,0.4279771836590953,11,0.4279771836590953,103.39370681548462,0.5737887335671985,30,28332.328242756976,28436.295738306027,experiment,FIFO,0.28,0,variant_5
8038,INSPECTION_2_7,INSPECTION_2_7_LINE,28436.295738306027,0.5737887335671985,12,0.5737887335671985,103.96749554905182,0.0,29,28332.328242756976,28436.295738306027,experiment,FIFO,0.28,0,variant_5
8039,MOULDING_2,MOULDING_MACHINE_2,28338.4047474438,0.12791757496233913,1,0.0,0.0,90.55097704024593,35,28338.4047474438,28428.955724484047,experiment,FIFO,0.28,0,variant_6
8039,ASSEMBLY_1_4,LINE_4_ASSEMBLY1,28340.51372275653,2.108975312727125,2,2.108975312727125,2.108975312727125,88.4420017275188,36,28338.4047474438,28428.955724484047,experiment,FIFO,0.28,0,variant_6
8039,ASSEMBLY_2_1,ASSEMBLY2_LINE_1,28391.285058358088,5.3987685653191875,3,50.77133560155926,52.88031091428638,37.67066612595954,34,28338.4047474438,28428.955724484047,experiment,FIFO,0.28,0,variant_6
8039,SORTING,SORTING_ROBOT_1,28403.825923349184,0.005136996940564131,4,12.540864991096896,65.42117590538328,25.129801134862646,37,28338.4047474438,28428.955724484047,experiment,FIFO,0.28,0,variant_6
8039,PACKAGING_1,PACKAGING_LINE_1,28416.032846864506,11.401190003933152,5,12.20692351532125,77.62809942070453,12.922877619541396,38,28338.4047474438,28428.955724484047,experiment,FIFO,0.28,0,variant_6
8039,INSPECTION_2_1,INSPECTION_2_1_LINE,28416.17566455448,0.14281768997534527,6,0.14281768997534527,77.77091711067987,12.78005992956605,38,28338.4047474438,28428.955724484047,experiment,FIFO,0.28,0,variant_6
8039,INSPECTION_2_2,INSPECTION_2_2_LINE,28416.99549874504,0.8198341905590496,7,0.8198341905590496,78.59075130123892,11.960225739007,38,28338.4047474438,28428.955724484047,experiment,FIFO,0.28,0,variant_6
8039,INSPECTION_2_3,INSPECTION_2_3_LINE,28422.694393641435,0.21742703653944773,8,5.698894896395359,84.28964619763428,6.261330842611642,36,28338.4047474438,28428.955724484047,experiment,FIFO,0.28,0,variant_6
8039,INSPECTION_2_4,INSPECTION_2_4_LINE,28424.88428743882,2.169156594616652,9,2.1898937973855936,86.47953999501988,4.071437045226048,35,28338.4047474438,28428.955724484047,experiment,FIFO,0.28,0,variant_6
8039,INSPECTION_2_5,INSPECTION_2_5_LINE,28425.104258173706,0.21997073488455499,10,0.21997073488455499,86.69951072990443,3.8514663103414932,35,28338.4047474438,28428.955724484047,experiment,FIFO,0.28,0,variant_6
8039,INSPECTION_2_6,INSPECTION_2_6_LINE,28425.77899259121,0.6747344175055332,11,0.6747344175055332,87.37424514740997,3.17673189283596,35,28338.4047474438,28428.955724484047,experiment,FIFO,0.28,0,variant_6
8039,INSPECTION_2_7,INSPECTION_2_7_LINE,28428.955724484047,0.21570466494449647,12,3.17673189283596,90.55097704024593,0.0,32,28338.4047474438,28428.955724484047,experiment,FIFO,0.28,0,variant_6
8040,MOULDING_2,MOULDING_MACHINE_2,28342.37187888966,2.1431852674140828,1,0.0,0.0,88.70836138673621,37,28342.37187888966,28431.080240276395,experiment,FIFO,0.28,0,variant_3
8040,ASSEMBLY_1_1,LINE_1_ASSEMBLY1,28362.17358499261,19.801706102953176,2,19.801706102953176,19.801706102953176,68.90665528378304,34,28342.37187888966,28431.080240276395,experiment,FIFO,0.28,0,variant_3
8040,ASSEMBLY_2_2,ASSEMBLY2_LINE_2,28402.27990699876,2.0262309271529375,3,40.10632200614782,59.908028109101,28.800333277635218,36,28342.37187888966,28431.080240276395,experiment,FIFO,0.28,0,variant_3
8040,SORTING,SORTING_ROBOT_1,28422.363706657696,1.0411452242333326,4,20.083799658936186,79.99182776803718,8.716533618699032,37,28342.37187888966,28431.080240276395,experiment,FIFO,0.28,0,variant_3
8040,PACKAGING_1,PACKAGING_LINE_1,28422.717776543606,0.354069885910576,5,0.354069885910576,80.34589765394776,8.362463732788456,36,28342.37187888966,28431.080240276395,experiment,FIFO,0.28,0,variant_3
8040,INSPECTION_1_1,INSPECTION_1_1_LINE,28422.90547198345,0.05478432851668913,6,0.18769543984308257,80.53359309379084,8.174768292945373,36,28342.37187888966,28431.080240276395,experiment,FIFO,0.28,0,variant_3
8040,INSPECTION_1_2,INSPECTION_1_2_LINE,28425.040429444653,0.35586431308911415,7,2.1349574612031574,82.668550554994,6.039810831742216,35,28342.37187888966,28431.080240276395,experiment,FIFO,0.28,0,variant_3
8040,INSPECTION_1_3,INSPECTION_1_3_LINE,28426.25085283269,0.256118879726273,8,1.2104233880381798,83.87897394303218,4.829387443704036,35,28342.37187888966,28431.080240276395,experiment,FIFO,0.28,0,variant_3
8040,INSPECTION_1_4,INSPECTION_1_4_LINE,28426.42724721704,0.17639438435071497,9,0.17639438435071497,84.0553683273829,4.652993059353321,35,28342.37187888966,28431.080240276395,experiment,FIFO,0.28,0,variant_3
8040,INSPECTION_1_5,INSPECTION_1_5_LINE,28427.97183374084,0.44378751759722945,10,1.5445865237998078,85.5999548511827,3.108406535553513,33,28342.37187888966,28431.080240276395,experiment,FIFO,0.28,0,variant_3
8040,INSPECTION_1_6,INSPECTION_1_6_LINE,28429.139122648303,0.25073372591577936,11,1.167288907461625,86.76724375864433,1.941117628091888,32,28342.37187888966,28431.080240276395,experiment,FIFO,0.28,0,variant_3
8040,INSPECTION_1_7,INSPECTION_1_7_LINE,28431.080240276395,0.6849517335831479,12,1.941117628091888,88.70836138673621,0.0,30,28342.37187888966,28431.080240276395,experiment,FIFO,0.28,0,variant_3
8041,MOULDING_2,MOULDING_MACHINE_2,28344.625066004555,2.2531871148967184,1,0.0,0.0,90.42653956089634,37,28344.625066004555,28435.05160556545,experiment,FIFO,0.28,0,variant_3
8041,ASSEMBLY_1_4,LINE_4_ASSEMBLY1,28354.068542076537,9.443476071981422,2,9.443476071981422,9.443476071981422,80.98306348891492,36,28344.625066004555,28435.05160556545,experiment,FIFO,0.28,0,variant_3
8041,ASSEMBLY_2_2,ASSEMBLY2_LINE_2,28399.466555361658,2.3359434077610786,3,45.398013285121124,54.841489357102546,35.5850502037938,36,28344.625066004555,28435.05160556545,experiment,FIFO,0.28,0,variant_3
8041,SORTING,SORTING_ROBOT_1,28418.554249552497,7.693270385385404,4,19.087694190839102,73.92918354794165,16.497356012954697,37,28344.625066004555,28435.05160556545,experiment,FIFO,0.28,0,variant_3
8041,PACKAGING_2,PACKAGING_LINE_2,28420.55378913816,1.9995395856640243,5,1.9995395856640243,75.92872313360567,14.497816427290672,37,28344.625066004555,28435.05160556545,experiment,FIFO,0.28,0,variant_3
8041,INSPECTION_2_1,INSPECTION_2_1_LINE,28421.75960577415,1.205816635989322,6,1.205816635989322,77.134539769595,13.29199979130135,37,28344.625066004555,28435.05160556545,experiment,FIFO,0.28,0,variant_3
8041,INSPECTION_2_2,INSPECTION_2_2_LINE,28423.73984963061,1.9802438564584008,7,1.9802438564584008,79.1147836260534,11.31175593484295,36,28344.625066004555,28435.05160556545,experiment,FIFO,0.28,0,variant_3
8041,INSPECTION_2_3,INSPECTION_2_3_LINE,28425.183484149093,1.443634518484032,8,1.443634518484032,80.55841814453743,9.868121416358917,35,28344.625066004555,28435.05160556545,experiment,FIFO,0.28,0,variant_3
8041,INSPECTION_2_4,INSPECTION_2_4_LINE,28428.534706089984,3.3512219408912642,9,3.3512219408912642,83.90964008542869,6.516899475467653,33,28344.625066004555,28435.05160556545,experiment,FIFO,0.28,0,variant_3
8041,INSPECTION_2_5,INSPECTION_2_5_LINE,28431.66830665912,3.133600569137343,10,3.133600569137343,87.04324065456603,3.3832989063303103,30,28344.625066004555,28435.05160556545,experiment,FIFO,0.28,0,variant_3
8041,INSPECTION_2_6,INSPECTION_2_6_LINE,28433.881011639907,2.2127049807859294,11,2.2127049807859294,89.25594563535196,1.170593925544381,30,28344.625066004555,28435.05160556545,experiment,FIFO,0.28,0,variant_3
8041,INSPECTION_2_7,INSPECTION_2_7_LINE,28435.05160556545,1.170593925544381,12,1.170593925544381,90.42653956089634,0.0,29,28344.625066004555,28435.05160556545,experiment,FIFO,0.28,0,variant_3
8042,MOULDING_2,MOULDING_MACHINE_2,28351.267746302456,6.64268029790037,1,0.0,0.0,119.23049595470366,37,28351.267746302456,28470.49824225716,experiment,FIFO,0.28,0,variant_6
8042,ASSEMBLY_1_3,LINE_3_ASSEMBLY1,28367.758674807592,1.3204367112921318,2,16.490928505136253,16.490928505136253,102.7395674495674,36,28351.267746302456,28470.49824225716,experiment,FIFO,0.28,0,variant_6
8042,ASSEMBLY_2_1,ASSEMBLY2_LINE_1,28415.755633946148,1.2797832152355113,3,47.99695913855612,64.48788764369237,54.74260831101128,38,28351.267746302456,28470.49824225716,experiment,FIFO,0.28,0,variant_6
8042,SORTING,SORTING_ROBOT_1,28454.148746605624,9.284920676735055,4,38.393112659476174,102.88100030316855,16.349495651535108,31,28351.267746302456,28470.49824225716,experiment,FIFO,0.28,0,variant_6
8042,PACKAGING_3,PACKAGING_LINE_3,28455.53216418516,1.38341757953458,5,1.38341757953458,104.26441788270313,14.966078072000528,32,28351.267746302456,28470.49824225716,experiment,FIFO,0.28,0,variant_6
8042,INSPECTION_2_1,INSPECTION_2_1_LINE,28461.66805118807,6.135887002910749,6,6.135887002910749,110.40030488561388,8.830191069089778,33,28351.267746302456,28470.49824225716,experiment,FIFO,0.28,0,variant_6
8042,INSPECTION_2_2,INSPECTION_2_2_LINE,28463.41189810498,1.7438469169101154,7,1.7438469169101154,112.144151802524,7.086344152179663,33,28351.267746302456,28470.49824225716,experiment,FIFO,0.28,0,variant_6
8042,INSPECTION_2_3,INSPECTION_2_3_LINE,28463.472773381785,0.06087527680574567,8,0.06087527680574567,112.20502707932974,7.025468875373917,33,28351.267746302456,28470.49824225716,experiment,FIFO,0.28,0,variant_6
8042,INSPECTION_2_4,INSPECTION_2_4_LINE,28463.872062925657,0.3992895438714186,9,0.3992895438714186,112.60431662320116,6.626179331502499,33,28351.267746302456,28470.49824225716,experiment,FIFO,0.28,0,variant_6
8042,INSPECTION_2_5,INSPECTION_2_5_LINE,28467.16237094941,3.2903080237520044,10,3.2903080237520044,115.89462464695316,3.3358713077504945,35,28351.267746302456,28470.49824225716,experiment,FIFO,0.28,0,variant_6
8042,INSPECTION_2_6,INSPECTION_2_6_LINE,28467.928085101576,0.7657141521667654,11,0.7657141521667654,116.66033879911993,2.570157155583729,35,28351.267746302456,28470.49824225716,experiment,FIFO,0.28,0,variant_6
8042,INSPECTION_2_6,INSPECTION_2_6_LINE,28469.61515385852,1.6870687569462461,12,1.6870687569462461,118.34740755606617,0.8830883986374829,36,28351.267746302456,28470.49824225716,experiment,FIFO,0.28,0,variant_6
8042,INSPECTION_2_7,INSPECTION_2_7_LINE,28470.49824225716,0.8830883986374829,13,0.8830883986374829,119.23049595470366,0.0,34,28351.267746302456,28470.49824225716,experiment,FIFO,0.28,0,variant_6
8043,MOULDING_1,MOULDING_MACHINE_1,28349.9536320688,4.7565948650481005,1,0.0,0.0,95.89778831156218,36,28349.9536320688,28445.85142038036,experiment,FIFO,0.28,0,variant_4
8043,ASSEMBLY_1_3,LINE_3_ASSEMBLY1,28366.4382380963,16.484606027501286,2,16.484606027501286,16.484606027501286,79.4131822840609,36,28349.9536320688,28445.85142038036,experiment,FIFO,0.28,0,variant_4
8043,ASSEMBLY_2_1,ASSEMBLY2_LINE_1,28414.475850730912,19.104040570648067,3,48.03761263461274,64.52221866211403,31.375569649448153,38,28349.9536320688,28445.85142038036,experiment,FIFO,0.28,0,variant_4
8043,SORTING,SORTING_ROBOT_1,28429.97261443478,4.44389562116703,4,15.496763703868055,80.01898236598208,15.878805945580098,32,28349.9536320688,28445.85142038036,experiment,FIFO,0.28,0,variant_4
8043,PACKAGING_3,PACKAGING_LINE_3,28434.75019215451,4.777577719731198,5,4.777577719731198,84.79656008571328,11.1012282258489,30,28349.9536320688,28445.85142038036,experiment,FIFO,0.28,0,variant_4
8043,INSPECTION_1_1,INSPECTION_1_1_LINE,28435.51776528992,0.7675731354065647,6,0.7675731354065647,85.56413322111985,10.333655090442335,29,28349.9536320688,28445.85142038036,experiment,FIFO,0.28,0,variant_4
8043,INSPECTION_1_2,INSPECTION_1_2_LINE,28435.90849917032,0.3907338804019673,7,0.3907338804019673,85.95486710152181,9.942921210040367,30,28349.9536320688,28445.85142038036,experiment,FIFO,0.28,0,variant_4
8043,INSPECTION_1_3,INSPECTION_1_3_LINE,28437.10695980145,1.1984606311307289,8,1.1984606311307289,87.15332773265254,8.744460578909639,29,28349.9536320688,28445.85142038036,experiment,FIFO,0.28,0,variant_4
8043,INSPECTION_1_4,INSPECTION_1_4_LINE,28437.82342043818,0.1721522300504148,9,0.7164606367296074,87.86978836938215,8.027999942180031,29,28349.9536320688,28445.85142038036,experiment,FIFO,0.28,0,variant_4
8043,INSPECTION_1_5,INSPECTION_1_5_LINE,28439.345351528147,0.1278554252567119,10,1.5219310899665288,89.39171945934868,6.506068852213502,30,28349.9536320688,28445.85142038036,experiment,FIFO,0.28,0,variant_4
8043,INSPECTION_1_6,INSPECTION_1_6_LINE,28442.56962380251,1.0243267747246136,11,3.224272274361283,92.61599173370996,3.2817965778522193,30,28349.9536320688,28445.85142038036,experiment,FIFO,0.28,0,variant_4
8043,INSPECTION_1_7,INSPECTION_1_7_LINE,28445.85142038036,1.0498467743782385,12,3.2817965778522193,95.89778831156218,0.0,28,28349.9536320688,28445.85142038036,experiment,FIFO,0.28,0,variant_4
8044,MOULDING_4,MOULDING_MACHINE_4,28346.096482535988,0.2428993345965864,1,0.0,0.0,99.9296959439962,38,28346.096482535988,28446.026178479984,experiment,FIFO,0.28,0,variant_1
8044,ASSEMBLY_1_5,LINE_5_ASSEMBLY1,28389.03954984098,10.569978342235117,2,42.94306730499375,42.94306730499375,56.98662863900245,34,28346.096482535988,28446.026178479984,experiment,FIFO,0.28,0,variant_1
8044,ASSEMBLY_2_2,ASSEMBLY2_LINE_2,28415.51608159165,0.28203136458978406,3,26.476531750668073,69.41959905566182,30.510096888334374,38,28346.096482535988,28446.026178479984,experiment,FIFO,0.28,0,variant_1
8044,SORTING,SORTING_ROBOT_1,28434.9621717832,4.64439154394131,4,19.446090191551775,88.8656892472136,11.064006696782599,30,28346.096482535988,28446.026178479984,experiment,FIFO,0.28,0,variant_1
8044,PACKAGING_1,PACKAGING_LINE_1,28435.20931604308,0.24714425987986033,5,0.24714425987986033,89.11283350709346,10.816862436902738,29,28346.096482535988,28446.026178479984,experiment,FIFO,0.28,0,variant_1
8044,INSPECTION_1_1,INSPECTION_1_1_LINE,28436.433740896133,0.9159756062144879,6,1.2244248530514596,90.33725836014492,9.592437583851279,29,28346.096482535988,28446.026178479984,experiment,FIFO,0.28,0,variant_1
8044,INSPECTION_1_2,INSPECTION_1_2_LINE,28438.13135706588,1.6976161697457428,7,1.6976161697457428,92.03487452989066,7.894821414105536,30,28346.096482535988,28446.026178479984,experiment,FIFO,0.28,0,variant_1
8044,INSPECTION_1_3,INSPECTION_1_3_LINE,28438.994246235023,0.8628891691441822,8,0.8628891691441822,92.89776369903484,7.031932244961354,30,28346.096482535988,28446.026178479984,experiment,FIFO,0.28,0,variant_1
8044,INSPECTION_1_4,INSPECTION_1_4_LINE,28440.72219998625,1.7279537512258685,9,1.7279537512258685,94.62571745026071,5.303978493735485,30,28346.096482535988,28446.026178479984,experiment,FIFO,0.28,0,variant_1
8044,INSPECTION_1_5,INSPECTION_1_5_LINE,28441.96786052156,1.2456605353108898,10,1.2456605353108898,95.8713779855716,4.058317958424595,30,28346.096482535988,28446.026178479984,experiment,FIFO,0.28,0,variant_1
8044,INSPECTION_1_6,INSPECTION_1_6_LINE,28443.392921415285,0.8232976127765141,11,1.4250608937254583,97.29643887929706,2.633257064699137,30,28346.096482535988,28446.026178479984,experiment,FIFO,0.28,0,variant_1
8044,INSPECTION_1_6,INSPECTION_1_6_LINE,28443.794962305565,0.4020408902797499,12,0.4020408902797499,97.6984797695768,2.2312161744193872,31,28346.096482535988,28446.026178479984,experiment,FIFO,0.28,0,variant_1
8044,INSPECTION_1_7,INSPECTION_1_7_LINE,28446.026178479984,0.17475809962343192,13,2.2312161744193872,99.9296959439962,0.0,27,28346.096482535988,28446.026178479984,experiment,FIFO,0.28,0,variant_1
8045,MOULDING_4,MOULDING_MACHINE_4,28361.87857739676,12.281696249185188,1,0.0,0.0,82.92299620922131,34,28361.87857739676,28444.801573605982,experiment,FIFO,0.28,0,variant_6
8045,ASSEMBLY_1_3,LINE_3_ASSEMBLY1,28381.230065923188,13.471391115595907,2,19.351488526426692,19.351488526426692,63.57150768279462,36,28361.87857739676,28444.801573605982,experiment,FIFO,0.28,0,variant_6
8045,ASSEMBLY_2_2,ASSEMBLY2_LINE_2,28415.23405022706,5.842219056095928,3,34.00398430387213,53.35547283029882,29.567523378922488,38,28361.87857739676,28444.801573605982,experiment,FIFO,0.28,0,variant_6
8045,SORTING,SORTING_ROBOT_1,28430.31778023926,0.3451658044796204,4,15.083730012200249,68.43920284249907,14.483793366722239,32,28361.87857739676,28444.801573605982,experiment,FIFO,0.28,0,variant_6
8045,PACKAGING_1,PACKAGING_LINE_1,28433.5690996295,3.251319390241406,5,3.251319390241406,71.69052223274048,11.232473976480833,30,28361.87857739676,28444.801573605982,experiment,FIFO,0.28,0,variant_6
8045,INSPECTION_1_1,INSPECTION_1_1_LINE,28434.071685592648,0.5025859631459753,6,0.5025859631459753,72.19310819588645,10.729888013334858,30,28361.87857739676,28444.801573605982,experiment,FIFO,0.28,0,variant_6
8045,INSPECTION_1_2,INSPECTION_1_2_LINE,28434.484040186955,0.4123545943075442,7,0.4123545943075442,72.605462790194,10.317533419027313,30,28361.87857739676,28444.801573605982,experiment,FIFO,0.28,0,variant_6
8045,INSPECTION_1_3,INSPECTION_1_3_LINE,28434.758517434977,0.2744772480218671,8,0.2744772480218671,72.87994003821586,10.043056171005446,30,28361.87857739676,28444.801573605982,experiment,FIFO,0.28,0,variant_6
8045,INSPECTION_1_4,INSPECTION_1_4_LINE,28437.65126820813,1.1866649045296072,9,2.8927507731532387,75.7726908113691,7.1503053978522075,29,28361.87857739676,28444.801573605982,experiment,FIFO,0.28,0,variant_6
8045,INSPECTION_1_5,INSPECTION_1_5_LINE,28439.21749610289,0.22867990373197244,10,1.5662278947602317,77.33891870612933,5.584077503091976,30,28361.87857739676,28444.801573605982,experiment,FIFO,0.28,0,variant_6
8045,INSPECTION_1_6,INSPECTION_1_6_LINE,28441.545297027784,1.879074316322658,11,2.3278009248933813,79.66671963102272,3.2562765781985945,30,28361.87857739676,28444.801573605982,experiment,FIFO,0.28,0,variant_6
8045,INSPECTION_1_7,INSPECTION_1_7_LINE,28444.801573605982,0.13114974987547612,12,3.2562765781985945,82.92299620922131,0.0,29,28361.87857739676,28444.801573605982,experiment,FIFO,0.28,0,variant_6
8046,MOULDING_1,MOULDING_MACHINE_1,28363.953631246684,10.462185252275958,1,0.0,0.0,136.00237675366225,35,28363.953631246684,28499.956008000347,experiment,FIFO,0.28,0,variant_2
8046,ASSEMBLY_1_3,LINE_3_ASSEMBLY1,28388.5539984574,7.323932534211053,2,24.600367210714467,24.600367210714467,111.40200954294778,34,28363.953631246684,28499.956008000347,experiment,FIFO,0.28,0,variant_2
8046,ASSEMBLY_2_1,ASSEMBLY2_LINE_1,28460.23506241701,13.901688135651057,3,71.68106395961149,96.28143117032596,39.72094558333629,33,28363.953631246684,28499.956008000347,experiment,FIFO,0.28,0,variant_2
8046,SORTING,SORTING_ROBOT_1,28474.596828192767,0.3616170782952395,4,14.361765775756794,110.64319694608275,25.359179807579494,33,28363.953631246684,28499.956008000347,experiment,FIFO,0.28,0,variant_2
8046,SORTING,SORTING_ROBOT_1,28489.003245407384,0.36799496439198265,5,14.40641721461725,125.0496141607,10.952762592962245,33,28363.953631246684,28499.956008000347,experiment,FIFO,0.28,0,variant_2
8046,PACKAGING_1,PACKAGING_LINE_1,28495.53931668525,0.6582360454158334,6,6.536071277863812,131.58568543856381,4.416691315098433,33,28363.953631246684,28499.956008000347,experiment,FIFO,0.28,0,variant_2
8046,INSPECTION_1_1,INSPECTION_1_1_LINE,28496.397705447107,0.8583887618588051,7,0.8583887618588051,132.44407420042262,3.5583025532396277,33,28363.953631246684,28499.956008000347,experiment,FIFO,0.28,0,variant_2
8046,INSPECTION_1_2,INSPECTION_1_2_LINE,28496.56184537303,0.1641399259242462,8,0.1641399259242462,132.60821412634687,3.3941626273153815,33,28363.953631246684,28499.956008000347,experiment,FIFO,0.28,0,variant_2
8046,INSPECTION_1_3,INSPECTION_1_3_LINE,28497.668604012582,1.106758639551117,9,1.106758639551117,133.71497276589798,2.2874039877642645,32,28363.953631246684,28499.956008000347,experiment,FIFO,0.28,0,variant_2
8046,INSPECTION_1_4,INSPECTION_1_4_LINE,28498.732036359263,1.0634323466802016,10,1.0634323466802016,134.77840511257818,1.2239716410840629,32,28363.953631246684,28499.956008000347,experiment,FIFO,0.28,0,variant_2
8046,INSPECTION_1_5,INSPECTION_1_5_LINE,28499.169662439275,0.43762608001270564,11,0.43762608001270564,135.2160311925909,0.7863455610713572,32,28363.953631246684,28499.956008000347,experiment,FIFO,0.28,0,variant_2
8046,INSPECTION_1_6,INSPECTION_1_6_LINE,28499.87409592988,0.7044334906058793,12,0.7044334906058793,135.92046468319677,0.08191207046547788,32,28363.953631246684,28499.956008000347,experiment,FIFO,0.28,0,variant_2
8046,INSPECTION_1_7,INSPECTION_1_7_LINE,28499.956008000347,0.08191207046547788,13,0.08191207046547788,136.00237675366225,0.0,31,28363.953631246684,28499.956008000347,experiment,FIFO,0.28,0,variant_2
8047,MOULDING_4,MOULDING_MACHINE_4,28372.448482431344,10.569905034582916,1,0.0,0.0,98.87482197988356,36,28372.448482431344,28471.323304411228,experiment,FIFO,0.28,0,variant_2
8047,ASSEMBLY_1_1,LINE_1_ASSEMBLY1,28382.019912118914,4.472958612102957,2,9.571429687570344,9.571429687570344,89.30339229231322,36,28372.448482431344,28471.323304411228,experiment,FIFO,0.28,0,variant_2
8047,ASSEMBLY_2_1,ASSEMBLY2_LINE_1,28444.107111493777,7.056397045776976,3,62.087199374862394,71.65862906243274,27.216192917450826,31,28372.448482431344,28471.323304411228,experiment,FIFO,0.28,0,variant_2
8047,SORTING,SORTING_ROBOT_1,28459.97628236627,2.3711582569267193,4,15.869170872494578,87.52779993492732,11.347022044956248,32,28372.448482431344,28471.323304411228,experiment,FIFO,0.28,0,variant_2
8047,PACKAGING_2,PACKAGING_LINE_2,28460.28940548197,0.313123115698545,5,0.313123115698545,87.84092305062586,11.033898929257703,33,28372.448482431344,28471.323304411228,experiment,FIFO,0.28,0,variant_2
8047,INSPECTION_1_1,INSPECTION_1_1_LINE,28460.97414934598,0.6847438640106702,6,0.6847438640106702,88.52566691463653,10.349155065247032,33,28372.448482431344,28471.323304411228,experiment,FIFO,0.28,0,variant_2
8047,INSPECTION_1_2,INSPECTION_1_2_LINE,28461.59103530792,0.3309903386289079,7,0.6168859619392606,89.14255287657579,9.732269103307772,33,28372.448482431344,28471.323304411228,experiment,FIFO,0.28,0,variant_2
8047,INSPECTION_1_3,INSPECTION_1_3_LINE,28462.008297209377,0.34586568920349237,8,0.4172619014570955,89.55981477803289,9.315007201850676,33,28372.448482431344,28471.323304411228,experiment,FIFO,0.28,0,variant_2
8047,INSPECTION_1_4,INSPECTION_1_4_LINE,28468.24072878752,2.580989571815735,9,6.232431578144315,95.7922463561772,3.0825756237063615,35,28372.448482431344,28471.323304411228,experiment,FIFO,0.28,0,variant_2
8047,INSPECTION_1_5,INSPECTION_1_5_LINE,28470.02627316307,1.7855443755470333,10,1.7855443755470333,97.57779073172424,1.2970312481593282,36,28372.448482431344,28471.323304411228,experiment,FIFO,0.28,0,variant_2
8047,INSPECTION_1_6,INSPECTION_1_6_LINE,28470.46330722368,0.43703406061104033,11,0.43703406061104033,98.01482479233528,0.8599971875482879,35,28372.448482431344,28471.323304411228,experiment,FIFO,0.28,0,variant_2
8047,INSPECTION_1_7,INSPECTION_1_7_LINE,28471.323304411228,0.8599971875482879,12,0.8599971875482879,98.87482197988356,0.0,33,28372.448482431344,28471.323304411228,experiment,FIFO,0.28,0,variant_2
8048,MOULDING_4,MOULDING_MACHINE_4,28377.188593749022,4.740111317678384,1,0.0,0.0,94.27358759862182,37,28377.188593749022,28471.462181347644,experiment,FIFO,0.28,0,variant_2
8048,ASSEMBLY_1_5,LINE_5_ASSEMBLY1,28392.123186068973,3.0836362279915193,2,14.934592319950752,14.934592319950752,79.33899527867106,35,28377.188593749022,28471.462181347644,experiment,FIFO,0.28,0,variant_2
8048,ASSEMBLY_2_2,ASSEMBLY2_LINE_2,28415.54871677731,0.0326351856601832,3,23.425530708336737,38.36012302828749,55.91346457033433,38,28377.188593749022,28471.462181347644,experiment,FIFO,0.28,0,variant_2
8048,SORTING,SORTING_ROBOT_1,28444.86382592889,9.901654145687644,4,29.315109151579236,67.67523217986673,26.59835541875509,29,28377.188593749022,28471.462181347644,experiment,FIFO,0.28,0,variant_2
8048,PACKAGING_2,PACKAGING_LINE_2,28458.18734592996,13.323520001071302,5,13.323520001071302,80.99875218093803,13.27483541768379,32,28377.188593749022,28471.462181347644,experiment,FIFO,0.28,0,variant_2
8048,INSPECTION_2_1,INSPECTION_2_1_LINE,28461.752634305525,0.08458311745562241,6,3.5652883755647053,84.56404055650273,9.709547042119084,33,28377.188593749022,28471.462181347644,experiment,FIFO,0.28,0,variant_2
8048,INSPECTION_2_2,INSPECTION_2_2_LINE,28465.87925569091,2.4673575859305856,7,4.126621385385079,88.69066194188781,5.582925656734005,35,28377.188593749022,28471.462181347644,experiment,FIFO,0.28,0,variant_2
8048,INSPECTION_2_3,INSPECTION_2_3_LINE,28467.85670671139,1.9774510204806575,8,1.9774510204806575,90.66811296236847,3.605474636253348,35,28377.188593749022,28471.462181347644,experiment,FIFO,0.28,0,variant_2
8048,INSPECTION_2_4,INSPECTION_2_4_LINE,28467.90186725958,0.045160548190324334,9,0.045160548190324334,90.71327351055879,3.5603140880630235,35,28377.188593749022,28471.462181347644,experiment,FIFO,0.28,0,variant_2
8048,INSPECTION_2_5,INSPECTION_2_5_LINE,28468.09536941477,0.1935021551871614,10,0.1935021551871614,90.90677566574595,3.366811932875862,35,28377.188593749022,28471.462181347644,experiment,FIFO,0.28,0,variant_2
8048,INSPECTION_2_6,INSPECTION_2_6_LINE,28469.69911888032,0.08396502179675736,11,1.6037494655502087,92.51052513129616,1.7630624673256534,36,28377.188593749022,28471.462181347644,experiment,FIFO,0.28,0,variant_2
8048,INSPECTION_2_7,INSPECTION_2_7_LINE,28471.462181347644,0.9639390904849279,12,1.7630624673256534,94.27358759862182,0.0,32,28377.188593749022,28471.462181347644,experiment,FIFO,0.28,0,variant_2
8049,MOULDING_5,MOULDING_MACHINE_5,28367.994537981227,7.557451900218439,1,0.0,0.0,107.18839260604364,37,28367.994537981227,28475.18293058727,experiment,FIFO,0.28,0,variant_2
8049,ASSEMBLY_1_1,LINE_1_ASSEMBLY1,28370.3889895773,2.394451596072031,2,2.394451596072031,2.394451596072031,104.7939410099716,35,28367.994537981227,28475.18293058727,experiment,FIFO,0.28,0,variant_2
8049,ASSEMBLY_2_1,ASSEMBLY2_LINE_1,28428.584928813503,12.829294867355202,3,58.19593923620414,60.59039083227617,46.598001773767464,33,28367.994537981227,28475.18293058727,experiment,FIFO,0.28,0,variant_2
8049,SORTING,SORTING_ROBOT_1,28455.779620928177,0.44783229996755836,4,27.19469211467367,87.78508294694984,19.403309659093793,32,28367.994537981227,28475.18293058727,experiment,FIFO,0.28,0,variant_2
8049,PACKAGING_1,PACKAGING_LINE_1,28464.49796658561,8.718345657434838,5,8.718345657434838,96.50342860438468,10.684964001658955,33,28367.994537981227,28475.18293058727,experiment,FIFO,0.28,0,variant_2
8049,INSPECTION_1_1,INSPECTION_1_1_LINE,28465.50148829692,1.0035217113072576,6,1.0035217113072576,97.50695031569194,9.681442290351697,33,28367.994537981227,28475.18293058727,experiment,FIFO,0.28,0,variant_2
8049,INSPECTION_1_2,INSPECTION_1_2_LINE,28466.628065316792,1.1265770198733662,7,1.1265770198733662,98.6335273355653,8.55486527047833,35,28367.994537981227,28475.18293058727,experiment,FIFO,0.28,0,variant_2
8049,INSPECTION_1_3,INSPECTION_1_3_LINE,28467.96545721863,1.337391901837691,8,1.337391901837691,99.970919237403,7.21747336864064,35,28367.994537981227,28475.18293058727,experiment,FIFO,0.28,0,variant_2
8049,INSPECTION_1_4,INSPECTION_1_4_LINE,28472.21776984278,3.9770410552591784,9,4.252312624150363,104.22323186155336,2.9651607444902766,32,28367.994537981227,28475.18293058727,experiment,FIFO,0.28,0,variant_2
8049,INSPECTION_1_5,INSPECTION_1_5_LINE,28473.51838864461,1.3006188018298417,10,1.3006188018298417,105.5238506633832,1.6645419426604349,32,28367.994537981227,28475.18293058727,experiment,FIFO,0.28,0,variant_2
8049,INSPECTION_1_6,INSPECTION_1_6_LINE,28474.695327674468,1.1769390298577491,11,1.1769390298577491,106.70078969324095,0.48760291280268575,33,28367.994537981227,28475.18293058727,experiment,FIFO,0.28,0,variant_2
8049,INSPECTION_1_7,INSPECTION_1_7_LINE,28475.18293058727,0.48760291280268575,12,0.48760291280268575,107.18839260604364,0.0,32,28367.994537981227,28475.18293058727,experiment,FIFO,0.28,0,variant_2
8050,MOULDING_3,MOULDING_MACHINE_3,28365.789147164083,3.480084907823766,1,0.0,0.0,127.6852058062832,36,28365.789147164083,28493.474352970366,experiment,FIFO,0.28,0,variant_2
8050,ASSEMBLY_1_2,LINE_2_ASSEMBLY1,28384.70306056672,18.913913402637263,2,18.913913402637263,18.913913402637263,108.77129240364593,36,28365.789147164083,28493.474352970366,experiment,FIFO,0.28,0,variant_2
8050,ASSEMBLY_2_1,ASSEMBLY2_LINE_1,28446.152284275795,2.0451727820181986,3,61.44922370907443,80.3631371117117,47.3220686945715,27,28365.789147164083,28493.474352970366,experiment,FIFO,0.28,0,variant_2
8050,SORTING,SORTING_ROBOT_1,28471.786114273888,11.809831907616172,4,25.63382999809255,105.99696710980425,21.688238696478948,32,28365.789147164083,28493.474352970366,experiment,FIFO,0.28,0,variant_2
8050,PACKAGING_1,PACKAGING_LINE_1,28475.627469310413,3.8413550365257834,5,3.8413550365257834,109.83832214633003,17.846883659953164,32,28365.789147164083,28493.474352970366,experiment,FIFO,0.28,0,variant_2
8050,INSPECTION_2_1,INSPECTION_2_1_LINE,28476.257281429265,0.6298121188519872,6,0.6298121188519872,110.46813426518202,17.217071541101177,32,28365.789147164083,28493.474352970366,experiment,FIFO,0.28,0,variant_2
8050,INSPECTION_2_2,INSPECTION_2_2_LINE,28477.13744791588,0.8801664866150531,7,0.8801664866150531,111.34830075179707,16.336905054486124,32,28365.789147164083,28493.474352970366,experiment,FIFO,0.28,0,variant_2
8050,INSPECTION_2_3,INSPECTION_2_3_LINE,28477.19350910945,0.05606119356889394,8,0.05606119356889394,111.40436194536596,16.28084386091723,32,28365.789147164083,28493.474352970366,experiment,FIFO,0.28,0,variant_2
8050,INSPECTION_2_4,INSPECTION_2_4_LINE,28479.778268701182,1.7065576398090343,9,2.584759591733018,113.98912153709898,13.696084269184212,32,28365.789147164083,28493.474352970366,experiment,FIFO,0.28,0,variant_2
8050,INSPECTION_2_5,INSPECTION_2_5_LINE,28482.528418312635,1.4010767153085908,10,2.750149611452798,116.73927114855178,10.945934657731414,35,28365.789147164083,28493.474352970366,experiment,FIFO,0.28,0,variant_2
8050,INSPECTION_2_6,INSPECTION_2_6_LINE,28483.55490009985,0.1977791455865372,11,1.0264817872157437,117.76575293576752,9.91945287051567,35,28365.789147164083,28493.474352970366,experiment,FIFO,0.28,0,variant_2
8050,INSPECTION_2_7,INSPECTION_2_7_LINE,28493.474352970366,1.1707046746450942,12,9.91945287051567,127.6852058062832,0.0,32,28365.789147164083,28493.474352970366,experiment,FIFO,0.28,0,variant_2
8051,MOULDING_5,MOULDING_MACHINE_5,28368.48372608047,0.48918809924361994,1,0.0,0.0,128.46995835192138,37,28368.48372608047,28496.953684432392,experiment,FIFO,0.28,0,variant_4
8051,ASSEMBLY_1_3,LINE_3_ASSEMBLY1,28393.853236144296,5.299237686896959,2,25.369510063825146,25.369510063825146,103.10044828809623,35,28368.48372608047,28496.953684432392,experiment,FIFO,0.28,0,variant_4
8051,ASSEMBLY_2_1,ASSEMBLY2_LINE_1,28464.018908712354,3.7838462953441194,3,70.16567256805865,95.5351826318838,32.93477572003758,33,28368.48372608047,28496.953684432392,experiment,FIFO,0.28,0,variant_4
8051,SORTING,SORTING_ROBOT_1,28478.539930526025,3.943102333258139,4,14.521021813670814,110.05620444555461,18.413753906366765,32,28368.48372608047,28496.953684432392,experiment,FIFO,0.28,0,variant_4
8051,PACKAGING_2,PACKAGING_LINE_2,28479.497421476444,0.9574909504190146,5,0.9574909504190146,111.01369539597363,17.45626295594775,32,28368.48372608047,28496.953684432392,experiment,FIFO,0.28,0,variant_4
8051,INSPECTION_2_1,INSPECTION_2_1_LINE,28480.9554154784,1.4579940019539208,6,1.4579940019539208,112.47168939792755,15.99826895399383,33,28368.48372608047,28496.953684432392,experiment,FIFO,0.28,0,variant_4
8051,INSPECTION_2_2,INSPECTION_2_2_LINE,28482.111813053427,1.1563975750286772,7,1.1563975750286772,113.62808697295623,14.841871378965152,34,28368.48372608047,28496.953684432392,experiment,FIFO,0.28,0,variant_4
8051,INSPECTION_2_3,INSPECTION_2_3_LINE,28482.16675199476,0.05493894133178401,8,0.05493894133178401,113.68302591428801,14.786932437633368,34,28368.48372608047,28496.953684432392,experiment,FIFO,0.28,0,variant_4
8051,INSPECTION_2_4,INSPECTION_2_4_LINE,28483.366218130555,1.1994661357966834,9,1.1994661357966834,114.88249205008469,13.587466301836685,35,28368.48372608047,28496.953684432392,experiment,FIFO,0.28,0,variant_4
8051,INSPECTION_2_5,INSPECTION_2_5_LINE,28484.83438648872,1.4681683581657126,10,1.4681683581657126,116.3506604082504,12.119297943670972,34,28368.48372608047,28496.953684432392,experiment,FIFO,0.28,0,variant_4
8051,INSPECTION_2_6,INSPECTION_2_6_LINE,28484.94690332233,0.11251683360751485,11,0.11251683360751485,116.46317724185792,12.006781110063457,34,28368.48372608047,28496.953684432392,experiment,FIFO,0.28,0,variant_4
8051,INSPECTION_2_7,INSPECTION_2_7_LINE,28496.953684432392,3.479331462025584,12,12.006781110063457,128.46995835192138,0.0,32,28368.48372608047,28496.953684432392,experiment,FIFO,0.28,0,variant_4
8052,MOULDING_2,MOULDING_MACHINE_2,28371.66834009668,1.5584995947465359,1,0.0,0.0,120.6353081990419,36,28371.66834009668,28492.30364829572,experiment,FIFO,0.28,0,variant_5
8052,ASSEMBLY_1_1,LINE_1_ASSEMBLY1,28377.54695350681,5.878613410131948,2,5.878613410131948,5.878613410131948,114.75669478890995,37,28371.66834009668,28492.30364829572,experiment,FIFO,0.28,0,variant_5
8052,ASSEMBLY_2_1,ASSEMBLY2_LINE_1,28437.050714448,8.46578563449657,3,59.503760941188375,65.38237435132032,55.25293384772158,29,28371.66834009668,28492.30364829572,experiment,FIFO,0.28,0,variant_5
8052,SORTING,SORTING_ROBOT_1,28457.605124109345,0.04304557839714107,4,20.554409661344835,85.93678401266516,34.698524186376744,32,28371.66834009668,28492.30364829572,experiment,FIFO,0.28,0,variant_5
8052,PACKAGING_3,PACKAGING_LINE_3,28469.11822158557,6.11736040157848,5,11.513097476225084,97.44988148889024,23.18542671015166,36,28371.66834009668,28492.30364829572,experiment,FIFO,0.28,0,variant_5
8052,INSPECTION_2_1,INSPECTION_2_1_LINE,28470.62779893876,0.9325056369743834,6,1.5095773531902523,98.9594588420805,21.675849356961407,34,28371.66834009668,28492.30364829572,experiment,FIFO,0.28,0,variant_5
8052,INSPECTION_2_2,INSPECTION_2_2_LINE,28472.766953704857,1.598851421742438,7,2.139154766096908,101.0986136081774,19.5366945908645,32,28371.66834009668,28492.30364829572,experiment,FIFO,0.28,0,variant_5
8052,INSPECTION_2_3,INSPECTION_2_3_LINE,28473.233857027404,0.46690332254729583,8,0.46690332254729583,101.5655169307247,19.069791268317204,32,28371.66834009668,28492.30364829572,experiment,FIFO,0.28,0,variant_5
8052,INSPECTION_2_4,INSPECTION_2_4_LINE,28478.071711061373,3.0773854143626522,9,4.837854033969052,106.40337096469375,14.231937234348152,33,28371.66834009668,28492.30364829572,experiment,FIFO,0.28,0,variant_5
8052,INSPECTION_2_5,INSPECTION_2_5_LINE,28481.127341597326,0.5531762148857524,10,3.0556305359532416,109.45900150064699,11.17630669839491,33,28371.66834009668,28492.30364829572,experiment,FIFO,0.28,0,variant_5
8052,INSPECTION_2_6,INSPECTION_2_6_LINE,28483.357120954264,2.0758066009439062,11,2.2297793569377973,111.68878085758479,8.946527341457113,35,28371.66834009668,28492.30364829572,experiment,FIFO,0.28,0,variant_5
8052,INSPECTION_2_7,INSPECTION_2_7_LINE,28492.30364829572,2.6754606281610904,12,8.946527341457113,120.6353081990419,0.0,32,28371.66834009668,28492.30364829572,experiment,FIFO,0.28,0,variant_5
8053,MOULDING_2,MOULDING_MACHINE_2,28387.59710064249,14.32893193074051,1,0.0,0.0,101.09553291849079,35,28387.59710064249,28488.692633560982,experiment,FIFO,0.28,0,variant_1
8053,ASSEMBLY_1_1,LINE_1_ASSEMBLY1,28387.64535349999,0.04825285749757313,2,0.04825285749757313,0.04825285749757313,101.04728006099322,35,28387.59710064249,28488.692633560982,experiment,FIFO,0.28,0,variant_1
8053,ASSEMBLY_2_1,ASSEMBLY2_LINE_1,28446.33337428136,0.18109000556432875,3,58.68802078137014,58.736273638867715,42.359259279623075,27,28387.59710064249,28488.692633560982,experiment,FIFO,0.28,0,variant_1
8053,SORTING,SORTING_ROBOT_1,28472.350782622565,0.5646683486775146,4,26.017408341205737,84.75368198007345,16.341850938417338,32,28387.59710064249,28488.692633560982,experiment,FIFO,0.28,0,variant_1
8053,PACKAGING_3,PACKAGING_LINE_3,28477.85424252212,5.50345989955531,5,5.50345989955531,90.25714187962876,10.838391038862028,33,28387.59710064249,28488.692633560982,experiment,FIFO,0.28,0,variant_1
8053,INSPECTION_1_1,INSPECTION_1_1_LINE,28478.771643832315,0.9174013101946912,6,0.9174013101946912,91.17454318982345,9.920989728667337,32,28387.59710064249,28488.692633560982,experiment,FIFO,0.28,0,variant_1
8053,INSPECTION_1_2,INSPECTION_1_2_LINE,28478.79101797266,0.019374140345462365,7,0.019374140345462365,91.19391733016892,9.901615588321874,32,28387.59710064249,28488.692633560982,experiment,FIFO,0.28,0,variant_1
8053,INSPECTION_1_3,INSPECTION_1_3_LINE,28481.21339235035,1.3141260260526906,8,2.422374377689266,93.61629170785818,7.479241210632608,34,28387.59710064249,28488.692633560982,experiment,FIFO,0.28,0,variant_1
8053,INSPECTION_1_4,INSPECTION_1_4_LINE,28484.770498135647,3.5571057852976082,9,3.5571057852976082,97.17339749315579,3.922135425335,34,28387.59710064249,28488.692633560982,experiment,FIFO,0.28,0,variant_1
8053,INSPECTION_1_5,INSPECTION_1_5_LINE,28485.46414967265,0.6936515370034613,10,0.6936515370034613,97.86704903015925,3.2284838883315388,34,28387.59710064249,28488.692633560982,experiment,FIFO,0.28,0,variant_1
8053,INSPECTION_1_6,INSPECTION_1_6_LINE,28486.61351506869,1.1493653960387746,11,1.1493653960387746,99.01641442619803,2.079118492292764,34,28387.59710064249,28488.692633560982,experiment,FIFO,0.28,0,variant_1
8053,INSPECTION_1_7,INSPECTION_1_7_LINE,28488.692633560982,2.079118492292764,12,2.079118492292764,101.09553291849079,0.0,33,28387.59710064249,28488.692633560982,experiment,FIFO,0.28,0,variant_1
8054,MOULDING_2,MOULDING_MACHINE_2,28392.335054213225,4.737953570733225,1,0.0,0.0,111.63698738224048,36,28392.335054213225,28503.972041595465,experiment,FIFO,0.28,0,variant_6
8054,ASSEMBLY_1_4,LINE_4_ASSEMBLY1,28404.449202700223,5.408253999514272,2,12.114148486998602,12.114148486998602,99.52283889524188,37,28392.335054213225,28503.972041595465,experiment,FIFO,0.28,0,variant_6
8054,ASSEMBLY_2_1,ASSEMBLY2_LINE_1,28476.63685299453,6.3300124015513575,3,72.18765029430506,84.30179878130366,27.335188600936817,32,28392.335054213225,28503.972041595465,experiment,FIFO,0.28,0,variant_6
8054,SORTING,SORTING_ROBOT_1,28490.59146315606,1.5882177486746514,4,13.954610161530582,98.25640894283424,13.380578439406236,32,28392.335054213225,28503.972041595465,experiment,FIFO,0.28,0,variant_6
8054,PACKAGING_3,PACKAGING_LINE_3,28490.84658468165,0.2551215255916759,5,0.2551215255916759,98.51153046842592,13.12545691381456,32,28392.335054213225,28503.972041595465,experiment,FIFO,0.28,0,variant_6
8054,INSPECTION_2_1,INSPECTION_2_1_LINE,28491.369233768284,0.5226490866334643,6,0.5226490866334643,99.03417955505938,12.602807827181095,32,28392.335054213225,28503.972041595465,experiment,FIFO,0.28,0,variant_6
8054,INSPECTION_2_2,INSPECTION_2_2_LINE,28491.93791670629,0.5686829380065319,7,0.5686829380065319,99.60286249306591,12.034124889174564,33,28392.335054213225,28503.972041595465,experiment,FIFO,0.28,0,variant_6
8054,INSPECTION_2_3,INSPECTION_2_3_LINE,28492.931063664844,0.9931469585535524,8,0.9931469585535524,100.59600945161947,11.040977930621011,33,28392.335054213225,28503.972041595465,experiment,FIFO,0.28,0,variant_6
8054,INSPECTION_2_4,INSPECTION_2_4_LINE,28494.915798648934,1.9847349840893003,9,1.9847349840893003,102.58074443570877,9.056242946531711,33,28392.335054213225,28503.972041595465,experiment,FIFO,0.28,0,variant_6
8054,INSPECTION_2_5,INSPECTION_2_5_LINE,28496.670968375027,1.7551697260932997,10,1.7551697260932997,104.33591416180207,7.301073220438411,33,28392.335054213225,28503.972041595465,experiment,FIFO,0.28,0,variant_6
8054,INSPECTION_2_6,INSPECTION_2_6_LINE,28501.07987238832,4.408904013293068,11,4.408904013293068,108.74481817509513,2.8921692071453435,31,28392.335054213225,28503.972041595465,experiment,FIFO,0.28,0,variant_6
8054,INSPECTION_2_7,INSPECTION_2_7_LINE,28503.972041595465,2.8921692071453435,12,2.8921692071453435,111.63698738224048,0.0,29,28392.335054213225,28503.972041595465,experiment,FIFO,0.28,0,variant_6
8055,MOULDING_5,MOULDING_MACHINE_5,28396.062641465345,9.309066954221635,1,0.0,0.0,134.5944505989355,36,28396.062641465345,28530.65709206428,experiment,FIFO,0.28,0,variant_1
8055,MOULDING_5,MOULDING_MACHINE_5,28403.87795558025,2.4913044144959713,2,7.81531411490505,7.81531411490505,126.77913648403046,37,28396.062641465345,28530.65709206428,experiment,FIFO,0.28,0,variant_1
8055,ASSEMBLY_1_3,LINE_3_ASSEMBLY1,28412.188878293146,8.310922712895263,3,8.310922712895263,16.126236827800312,118.4682137711352,39,28396.062641465345,28530.65709206428,experiment,FIFO,0.28,0,variant_1
8055,ASSEMBLY_2_2,ASSEMBLY2_LINE_2,28445.181200516985,9.269253564423707,4,32.99232222383944,49.11855905163975,85.47589154729576,29,28396.062641465345,28530.65709206428,experiment,FIFO,0.28,0,variant_1
8055,ASSEMBLY_2_2,ASSEMBLY2_LINE_2,28500.08312051007,9.435395296426577,5,54.90191999308445,104.0204790447242,30.57397155421131,31,28396.062641465345,28530.65709206428,experiment,FIFO,0.28,0,variant_1
8055,SORTING,SORTING_ROBOT_1,28517.767199818387,4.286874355013424,6,17.68407930831745,121.70455835304165,12.889892245893861,26,28396.062641465345,28530.65709206428,experiment,FIFO,0.28,0,variant_1
8055,PACKAGING_3,PACKAGING_LINE_3,28521.13203054,2.7855730779301666,7,3.3648307216135436,125.06938907465519,9.525061524280318,25,28396.062641465345,28530.65709206428,experiment,FIFO,0.28,0,variant_1
8055,INSPECTION_1_1,INSPECTION_1_1_LINE,28522.861795648874,1.7297651088738348,8,1.7297651088738348,126.79915418352903,7.795296415406483,26,28396.062641465345,28530.65709206428,experiment,FIFO,0.28,0,variant_1
8055,INSPECTION_1_2,INSPECTION_1_2_LINE,28523.30412889445,0.44233324557717424,9,0.44233324557717424,127.2414874291062,7.352963169829309,27,28396.062641465345,28530.65709206428,experiment,FIFO,0.28,0,variant_1
8055,INSPECTION_1_3,INSPECTION_1_3_LINE,28524.36598564018,1.0618567457277095,10,1.0618567457277095,128.3033441748339,6.291106424101599,28,28396.062641465345,28530.65709206428,experiment,FIFO,0.28,0,variant_1
8055,INSPECTION_1_4,INSPECTION_1_4_LINE,28525.00020683153,0.6342211913506617,11,0.6342211913506617,128.93756536618457,5.656885232750938,27,28396.062641465345,28530.65709206428,experiment,FIFO,0.28,0,variant_1
8055,INSPECTION_1_5,INSPECTION_1_5_LINE,28526.487281164715,1.4870743331848644,12,1.4870743331848644,130.42463969936944,4.169810899566073,29,28396.062641465345,28530.65709206428,experiment,FIFO,0.28,0,variant_1
8055,INSPECTION_1_6,INSPECTION_1_6_LINE,28529.61264752752,3.1253663628049253,13,3.1253663628049253,133.55000606217436,1.044444536761148,30,28396.062641465345,28530.65709206428,experiment,FIFO,0.28,0,variant_1
8055,INSPECTION_1_7,INSPECTION_1_7_LINE,28530.65709206428,1.044444536761148,14,1.044444536761148,134.5944505989355,0.0,29,28396.062641465345,28530.65709206428,experiment,FIFO,0.28,0,variant_1
8056,MOULDING_4,MOULDING_MACHINE_4,28391.61228251679,1.4251449917683203,1,0.0,0.0,86.67356966437364,35,28391.61228251679,28478.285852181165,experiment,FIFO,0.28,0,variant_3
8056,ASSEMBLY_1_4,LINE_4_ASSEMBLY1,28399.04094870071,7.428666183917812,2,7.428666183917812,7.428666183917812,79.24490348045583,36,28391.61228251679,28478.285852181165,experiment,FIFO,0.28,0,variant_3
8056,ASSEMBLY_2_2,ASSEMBLY2_LINE_2,28417.62537034904,2.076653571730276,3,18.584421648331045,26.013087832248857,60.66048183212479,38,28391.61228251679,28478.285852181165,experiment,FIFO,0.28,0,variant_3
8056,SORTING,SORTING_ROBOT_1,28455.33178862821,1.1830420225851412,4,37.70641827916916,63.71950611141801,22.95406355295563,32,28391.61228251679,28478.285852181165,experiment,FIFO,0.28,0,variant_3
8056,PACKAGING_3,PACKAGING_LINE_3,28463.00086118399,7.468696998832456,5,7.669072555781895,71.38857866719991,15.284990997173736,33,28391.61228251679,28478.285852181165,experiment,FIFO,0.28,0,variant_3
8056,INSPECTION_2_1,INSPECTION_2_1_LINE,28463.11579969891,0.11493851491832174,6,0.11493851491832174,71.50351718211823,15.170052482255414,33,28391.61228251679,28478.285852181165,experiment,FIFO,0.28,0,variant_3
8056,INSPECTION_2_2,INSPECTION_2_2_LINE,28466.334177097466,0.4549214065555134,7,3.2183773985561857,74.72189458067442,11.951675083699229,35,28391.61228251679,28478.285852181165,experiment,FIFO,0.28,0,variant_3
8056,INSPECTION_2_3,INSPECTION_2_3_LINE,28467.87013093125,0.013424219858279685,8,1.5359538337834238,76.25784841445784,10.415721249915805,35,28391.61228251679,28478.285852181165,experiment,FIFO,0.28,0,variant_3
8056,INSPECTION_2_4,INSPECTION_2_4_LINE,28474.68223789862,6.780370639040484,9,6.812106967372529,83.06995538183037,3.603614282543276,33,28391.61228251679,28478.285852181165,experiment,FIFO,0.28,0,variant_3
8056,INSPECTION_2_5,INSPECTION_2_5_LINE,28476.74421589165,2.06197799302754,10,2.06197799302754,85.13193337485791,1.5416362895157363,32,28391.61228251679,28478.285852181165,experiment,FIFO,0.28,0,variant_3
8056,INSPECTION_2_6,INSPECTION_2_6_LINE,28476.95582457145,0.2116086798014294,11,0.2116086798014294,85.34354205465934,1.330027609714307,32,28391.61228251679,28478.285852181165,experiment,FIFO,0.28,0,variant_3
8056,INSPECTION_2_7,INSPECTION_2_7_LINE,28478.285852181165,1.330027609714307,12,1.330027609714307,86.67356966437364,0.0,32,28391.61228251679,28478.285852181165,experiment,FIFO,0.28,0,variant_3
8057,MOULDING_2,MOULDING_MACHINE_2,28401.733819855737,9.398765642512444,1,0.0,0.0,87.89436781182303,36,28401.733819855737,28489.62818766756,experiment,FIFO,0.28,0,variant_5
8057,ASSEMBLY_1_1,LINE_1_ASSEMBLY1,28403.417787867973,1.6839680122357095,2,1.6839680122357095,1.6839680122357095,86.21039979958732,37,28401.733819855737,28489.62818766756,experiment,FIFO,0.28,0,variant_5
8057,ASSEMBLY_2_2,ASSEMBLY2_LINE_2,28435.91194695256,2.1294238337140996,3,32.49415908458832,34.17812709682403,53.716240714999,30,28401.733819855737,28489.62818766756,experiment,FIFO,0.28,0,variant_5
8057,SORTING,SORTING_ROBOT_1,28457.562078530947,0.892385522081895,4,21.65013157838621,55.828258675210236,32.066109136612795,32,28401.733819855737,28489.62818766756,experiment,FIFO,0.28,0,variant_5
8057,PACKAGING_1,PACKAGING_LINE_1,28465.51790749973,1.0199409141168871,5,7.955828968781134,63.78408764399137,24.11028016783166,33,28401.733819855737,28489.62818766756,experiment,FIFO,0.28,0,variant_5
8057,INSPECTION_2_1,INSPECTION_2_1_LINE,28469.695293301786,4.1773858020569605,6,4.1773858020569605,67.96147344604833,19.9328943657747,36,28401.733819855737,28489.62818766756,experiment,FIFO,0.28,0,variant_5
8057,INSPECTION_2_2,INSPECTION_2_2_LINE,28471.168102283114,1.4728089813288534,7,1.4728089813288534,69.43428242737718,18.460085384445847,34,28401.733819855737,28489.62818766756,experiment,FIFO,0.28,0,variant_5
8057,INSPECTION_2_3,INSPECTION_2_3_LINE,28471.699016048457,0.5309137653421203,8,0.5309137653421203,69.9651961927193,17.929171619103727,32,28401.733819855737,28489.62818766756,experiment,FIFO,0.28,0,variant_5
8057,INSPECTION_2_4,INSPECTION_2_4_LINE,28474.99432564701,0.3120877483888762,9,3.295309598554013,73.26050579127332,14.633862020549714,33,28401.733819855737,28489.62818766756,experiment,FIFO,0.28,0,variant_5
8057,INSPECTION_2_5,INSPECTION_2_5_LINE,28480.57416538244,3.8299494907914777,10,5.5798397354301414,78.84034552670346,9.054022285119572,33,28401.733819855737,28489.62818766756,experiment,FIFO,0.28,0,variant_5
8057,INSPECTION_2_6,INSPECTION_2_6_LINE,28481.28131435332,0.7071489708796435,11,0.7071489708796435,79.5474944975831,8.346873314239929,34,28401.733819855737,28489.62818766756,experiment,FIFO,0.28,0,variant_5
8057,INSPECTION_2_7,INSPECTION_2_7_LINE,28489.62818766756,8.346873314239929,12,8.346873314239929,87.89436781182303,0.0,32,28401.733819855737,28489.62818766756,experiment,FIFO,0.28,0,variant_5
8058,MOULDING_1,MOULDING_MACHINE_1,28395.08408029612,2.610439858530299,1,0.0,0.0,112.30431735279853,36,28395.08408029612,28507.38839764892,experiment,FIFO,0.28,0,variant_3
8058,ASSEMBLY_1_5,LINE_5_ASSEMBLY1,28396.55381971582,1.4697394196991809,2,1.4697394196991809,1.4697394196991809,110.83457793309935,37,28395.08408029612,28507.38839764892,experiment,FIFO,0.28,0,variant_3
8058,ASSEMBLY_2_1,ASSEMBLY2_LINE_1,28470.306840592977,6.2879318806226365,3,73.75302087715681,75.222760296856,37.08155705594254,35,28395.08408029612,28507.38839764892,experiment,FIFO,0.28,0,variant_3
8058,SORTING,SORTING_ROBOT_1,28488.635250442992,10.095319916967128,4,18.328409850015305,93.5511701468713,18.753147205927235,34,28395.08408029612,28507.38839764892,experiment,FIFO,0.28,0,variant_3
8058,PACKAGING_1,PACKAGING_LINE_1,28494.881080639832,6.245830196839961,5,6.245830196839961,99.79700034371126,12.507317009087274,33,28395.08408029612,28507.38839764892,experiment,FIFO,0.28,0,variant_3
8058,INSPECTION_2_1,INSPECTION_2_1_LINE,28494.948083316445,0.06700267661290127,6,0.06700267661290127,99.86400302032416,12.440314332474372,33,28395.08408029612,28507.38839764892,experiment,FIFO,0.28,0,variant_3
8058,INSPECTION_2_2,INSPECTION_2_2_LINE,28495.24944053348,0.30135721703481977,7,0.30135721703481977,100.16536023735898,12.138957115439553,33,28395.08408029612,28507.38839764892,experiment,FIFO,0.28,0,variant_3
8058,INSPECTION_2_3,INSPECTION_2_3_LINE,28495.52130058173,0.27186004825125565,8,0.27186004825125565,100.43722028561024,11.867097067188297,33,28395.08408029612,28507.38839764892,experiment,FIFO,0.28,0,variant_3
8058,INSPECTION_2_4,INSPECTION_2_4_LINE,28497.07662078605,1.5553202043192869,9,1.5553202043192869,101.99254048992952,10.31177686286901,32,28395.08408029612,28507.38839764892,experiment,FIFO,0.28,0,variant_3
8058,INSPECTION_2_5,INSPECTION_2_5_LINE,28498.932790293755,1.8561695077041804,10,1.8561695077041804,103.8487099976337,8.45560735516483,32,28395.08408029612,28507.38839764892,experiment,FIFO,0.28,0,variant_3
8058,INSPECTION_2_6,INSPECTION_2_6_LINE,28501.435502789,0.35563040068154805,11,2.5027124952466693,106.35142249288037,5.95289485991816,31,28395.08408029612,28507.38839764892,experiment,FIFO,0.28,0,variant_3
8058,INSPECTION_2_7,INSPECTION_2_7_LINE,28507.38839764892,3.416356053454365,12,5.95289485991816,112.30431735279853,0.0,29,28395.08408029612,28507.38839764892,experiment,FIFO,0.28,0,variant_3
8059,MOULDING_5,MOULDING_MACHINE_5,28401.386651165754,5.3240097004090785,1,0.0,0.0,68.84888208715347,35,28401.386651165754,28470.235533252908,experiment,FIFO,0.28,0,variant_3
8059,ASSEMBLY_1_3,LINE_3_ASSEMBLY1,28402.721449966582,1.334798800828139,2,1.334798800828139,1.334798800828139,67.51408328632533,36,28401.386651165754,28470.235533252908,experiment,FIFO,0.28,0,variant_3
8059,ASSEMBLY_1_3,LINE_3_ASSEMBLY1,28403.06981963276,0.34836966617876897,3,0.34836966617876897,1.683168467006908,67.16571362014656,36,28401.386651165754,28470.235533252908,experiment,FIFO,0.28,0,variant_3
8059,ASSEMBLY_2_2,ASSEMBLY2_LINE_2,28433.782523118847,16.157152769807,4,30.712703486085957,32.395871953092865,36.453010134060605,30,28401.386651165754,28470.235533252908,experiment,FIFO,0.28,0,variant_3
8059,SORTING,SORTING_ROBOT_1,28456.669693008866,0.8900720806886966,5,22.887169890018413,55.28304184311128,13.565840244042192,32,28401.386651165754,28470.235533252908,experiment,FIFO,0.28,0,variant_3
8059,PACKAGING_2,PACKAGING_LINE_2,28458.85009054041,0.6627446104503179,6,2.180397531545168,57.463439374656446,11.385442712497024,32,28401.386651165754,28470.235533252908,experiment,FIFO,0.28,0,variant_3
8059,INSPECTION_1_1,INSPECTION_1_1_LINE,28459.038923947108,0.1888334066970856,7,0.1888334066970856,57.65227278135353,11.196609305799939,32,28401.386651165754,28470.235533252908,experiment,FIFO,0.28,0,variant_3
8059,INSPECTION_1_2,INSPECTION_1_2_LINE,28461.26004496929,2.2211210221830697,8,2.2211210221830697,59.8733938035366,8.975488283616869,33,28401.386651165754,28470.235533252908,experiment,FIFO,0.28,0,variant_3
8059,INSPECTION_1_3,INSPECTION_1_3_LINE,28461.662431520173,0.4023865508825111,9,0.4023865508825111,60.27578035441911,8.573101732734358,33,28401.386651165754,28470.235533252908,experiment,FIFO,0.28,0,variant_3
8059,INSPECTION_1_4,INSPECTION_1_4_LINE,28465.659739215705,3.997307695532072,10,3.997307695532072,64.27308804995118,4.575794037202286,34,28401.386651165754,28470.235533252908,experiment,FIFO,0.28,0,variant_3
8059,INSPECTION_1_5,INSPECTION_1_5_LINE,28468.0041244054,2.3443851896954584,11,2.3443851896954584,66.61747323964664,2.2314088475068274,35,28401.386651165754,28470.235533252908,experiment,FIFO,0.28,0,variant_3
8059,INSPECTION_1_6,INSPECTION_1_6_LINE,28469.6583410814,1.6542166759973043,12,1.6542166759973043,68.27168991564395,0.5771921715095232,36,28401.386651165754,28470.235533252908,experiment,FIFO,0.28,0,variant_3
8059,INSPECTION_1_7,INSPECTION_1_7_LINE,28470.235533252908,0.5771921715095232,13,0.5771921715095232,68.84888208715347,0.0,35,28401.386651165754,28470.235533252908,experiment,FIFO,0.28,0,variant_3
8060,MOULDING_4,MOULDING_MACHINE_4,28396.550948695625,1.4470594035046815,1,0.0,0.0,106.62616635009908,37,28396.550948695625,28503.177115045724,experiment,FIFO,0.28,0,variant_2
8060,ASSEMBLY_1_4,LINE_4_ASSEMBLY1,28404.4533798742,0.004177173977950588,2,7.90243117857608,7.90243117857608,98.723735171523,37,28396.550948695625,28503.177115045724,experiment,FIFO,0.28,0,variant_2
8060,ASSEMBLY_2_1,ASSEMBLY2_LINE_1,28481.341317205053,4.704464210524748,3,76.88793733085186,84.79036850942794,21.835797840671148,34,28396.550948695625,28503.177115045724,experiment,FIFO,0.28,0,variant_2
8060,SORTING,SORTING_ROBOT_1,28492.909554198653,2.3180910425944603,4,11.568236993600294,96.35860550302823,10.267560847070854,33,28396.550948695625,28503.177115045724,experiment,FIFO,0.28,0,variant_2
8060,PACKAGING_2,PACKAGING_LINE_2,28498.394274002112,5.4847198034585745,5,5.4847198034585745,101.8433253064868,4.7828410436122795,32,28396.550948695625,28503.177115045724,experiment,FIFO,0.28,0,variant_2
8060,INSPECTION_1_1,INSPECTION_1_1_LINE,28499.051014939512,0.6567409374001727,6,0.6567409374001727,102.50006624388698,4.126100106212107,32,28396.550948695625,28503.177115045724,experiment,FIFO,0.28,0,variant_2
8060,INSPECTION_1_2,INSPECTION_1_2_LINE,28500.59572932676,1.54471438724795,7,1.54471438724795,104.04478063113493,2.5813857189641567,31,28396.550948695625,28503.177115045724,experiment,FIFO,0.28,0,variant_2
8060,INSPECTION_1_3,INSPECTION_1_3_LINE,28501.209220690704,0.6134913639434671,8,0.6134913639434671,104.6582719950784,1.9678943550206895,31,28396.550948695625,28503.177115045724,experiment,FIFO,0.28,0,variant_2
8060,INSPECTION_1_4,INSPECTION_1_4_LINE,28502.00031562358,0.791094932876149,9,0.791094932876149,105.44936692795454,1.1767994221445406,31,28396.550948695625,28503.177115045724,experiment,FIFO,0.28,0,variant_2
8060,INSPECTION_1_5,INSPECTION_1_5_LINE,28502.215329383285,0.21501375970547087,10,0.21501375970547087,105.66438068766001,0.9617856624390697,31,28396.550948695625,28503.177115045724,experiment,FIFO,0.28,0,variant_2
8060,INSPECTION_1_6,INSPECTION_1_6_LINE,28503.10215257224,0.8868231889537128,11,0.8868231889537128,106.55120387661373,0.0749624734853569,31,28396.550948695625,28503.177115045724,experiment,FIFO,0.28,0,variant_2
8060,INSPECTION_1_7,INSPECTION_1_7_LINE,28503.177115045724,0.0749624734853569,12,0.0749624734853569,106.62616635009908,0.0,30,28396.550948695625,28503.177115045724,experiment,FIFO,0.28,0,variant_2
8061,MOULDING_2,MOULDING_MACHINE_2,28403.094263099985,1.310345875001076,1,0.0,0.0,81.25839116162024,37,28403.094263099985,28484.352654261605,experiment,FIFO,0.28,0,variant_2
8061,ASSEMBLY_1_4,LINE_4_ASSEMBLY1,28412.543486077702,8.090106203500909,2,9.449222977717,9.449222977717,71.80916818390324,38,28403.094263099985,28484.352654261605,experiment,FIFO,0.28,0,variant_2
8061,ASSEMBLY_2_2,ASSEMBLY2_LINE_2,28456.919588045603,11.73838752861775,3,44.37610196790047,53.82532494561747,27.43306621600277,32,28403.094263099985,28484.352654261605,experiment,FIFO,0.28,0,variant_2
8061,SORTING,SORTING_ROBOT_1,28474.235211114472,1.8844284919068741,4,17.315623068869172,71.14094801448664,10.1174431471336,33,28403.094263099985,28484.352654261605,experiment,FIFO,0.28,0,variant_2
8061,PACKAGING_1,PACKAGING_LINE_1,28476.33545569981,0.7079863893959555,5,2.10024458533735,73.24119259982399,8.01719856179625,32,28403.094263099985,28484.352654261605,experiment,FIFO,0.28,0,variant_2
8061,INSPECTION_1_1,INSPECTION_1_1_LINE,28477.3606715168,1.0252158169896575,6,1.0252158169896575,74.26640841681365,6.991982744806592,33,28403.094263099985,28484.352654261605,experiment,FIFO,0.28,0,variant_2
8061,INSPECTION_1_2,INSPECTION_1_2_LINE,28478.260394444373,0.8997229275737482,7,0.8997229275737482,75.1661313443874,6.0922598172328435,33,28403.094263099985,28484.352654261605,experiment,FIFO,0.28,0,variant_2
8061,INSPECTION_1_3,INSPECTION_1_3_LINE,28479.899266324297,1.6388718799244089,8,1.6388718799244089,76.8050032243118,4.453387937308435,32,28403.094263099985,28484.352654261605,experiment,FIFO,0.28,0,variant_2
8061,INSPECTION_1_4,INSPECTION_1_4_LINE,28480.32740425483,0.4281379305321025,9,0.4281379305321025,77.2331411548439,4.025250006776332,33,28403.094263099985,28484.352654261605,experiment,FIFO,0.28,0,variant_2
8061,INSPECTION_1_5,INSPECTION_1_5_LINE,28482.05344808628,1.726043831451534,10,1.726043831451534,78.95918498629544,2.299206175324798,34,28403.094263099985,28484.352654261605,experiment,FIFO,0.28,0,variant_2
8061,INSPECTION_1_6,INSPECTION_1_6_LINE,28483.59554943544,1.5421013491577469,11,1.5421013491577469,80.50128633545319,0.7571048261670512,35,28403.094263099985,28484.352654261605,experiment,FIFO,0.28,0,variant_2
8061,INSPECTION_1_7,INSPECTION_1_7_LINE,28484.352654261605,0.7571048261670512,12,0.7571048261670512,81.25839116162024,0.0,34,28403.094263099985,28484.352654261605,experiment,FIFO,0.28,0,variant_2
8062,MOULDING_2,MOULDING_MACHINE_2,28405.04759109672,1.9533279967363342,1,0.0,0.0,109.9353300722396,37,28405.04759109672,28514.98292116896,experiment,FIFO,0.28,0,variant_1
8062,ASSEMBLY_1_4,LINE_4_ASSEMBLY1,28424.84416792425,12.300681846547377,2,19.796576827528042,19.796576827528042,90.13875324471155,35,28405.04759109672,28514.98292116896,experiment,FIFO,0.28,0,variant_1
8062,ASSEMBLY_2_2,ASSEMBLY2_LINE_2,28485.90144343645,4.4406033630693855,3,61.05727551220116,80.8538523397292,29.081477732510393,34,28405.04759109672,28514.98292116896,experiment,FIFO,0.28,0,variant_1
8062,SORTING,SORTING_ROBOT_1,28505.30148619925,7.712859511128045,4,19.400042762797966,100.25389510252717,9.681434969712427,30,28405.04759109672,28514.98292116896,experiment,FIFO,0.28,0,variant_1
8062,PACKAGING_2,PACKAGING_LINE_2,28511.41855675871,6.117070559459535,5,6.117070559459535,106.3709656619867,3.5643644102528924,28,28405.04759109672,28514.98292116896,experiment,FIFO,0.28,0,variant_1
8062,INSPECTION_2_1,INSPECTION_2_1_LINE,28511.76217818026,0.3436214215507789,6,0.3436214215507789,106.71458708353748,3.2207429887021135,28,28405.04759109672,28514.98292116896,experiment,FIFO,0.28,0,variant_1
8062,INSPECTION_2_2,INSPECTION_2_2_LINE,28512.1659131343,0.40373495404128334,7,0.40373495404128334,107.11832203757876,2.81700803466083,28,28405.04759109672,28514.98292116896,experiment,FIFO,0.28,0,variant_1
8062,INSPECTION_2_3,INSPECTION_2_3_LINE,28513.187923293,1.022010158700141,8,1.022010158700141,108.1403321962789,1.7949978759606893,28,28405.04759109672,28514.98292116896,experiment,FIFO,0.28,0,variant_1
8062,INSPECTION_2_4,INSPECTION_2_4_LINE,28513.43941690296,0.25149360995783354,9,0.25149360995783354,108.39182580623674,1.5435042660028557,28,28405.04759109672,28514.98292116896,experiment,FIFO,0.28,0,variant_1
8062,INSPECTION_2_5,INSPECTION_2_5_LINE,28513.97719907244,0.5377821694819431,10,0.5377821694819431,108.92960797571868,1.0057220965209126,28,28405.04759109672,28514.98292116896,experiment,FIFO,0.28,0,variant_1
8062,INSPECTION_2_6,INSPECTION_2_6_LINE,28514.523051571505,0.5458524990644946,11,0.5458524990644946,109.47546047478318,0.459869597456418,28,28405.04759109672,28514.98292116896,experiment,FIFO,0.28,0,variant_1
8062,INSPECTION_2_7,INSPECTION_2_7_LINE,28514.98292116896,0.459869597456418,12,0.459869597456418,109.9353300722396,0.0,26,28405.04759109672,28514.98292116896,experiment,FIFO,0.28,0,variant_1
8063,MOULDING_2,MOULDING_MACHINE_2,28410.203285259904,5.155694163182488,1,0.0,0.0,104.59827914991183,39,28410.203285259904,28514.801564409816,experiment,FIFO,0.28,0,variant_3
8063,ASSEMBLY_1_5,LINE_5_ASSEMBLY1,28420.246828161653,3.506158744236018,2,10.043542901748879,10.043542901748879,94.55473624816295,37,28410.203285259904,28514.801564409816,experiment,FIFO,0.28,0,variant_3
8063,ASSEMBLY_2_2,ASSEMBLY2_LINE_2,28481.46084007338,20.226120830029686,3,61.21401191172845,71.25755481347733,33.340724336434505,34,28410.203285259904,28514.801564409816,experiment,FIFO,0.28,0,variant_3
8063,SORTING,SORTING_ROBOT_1,28496.06465892416,3.1551047255052254,4,14.603818850777316,85.86137366425464,18.73690548565719,33,28410.203285259904,28514.801564409816,experiment,FIFO,0.28,0,variant_3
8063,PACKAGING_1,PACKAGING_LINE_1,28505.35760688176,9.292947957601427,5,9.292947957601427,95.15432162185607,9.443957528055762,30,28410.203285259904,28514.801564409816,experiment,FIFO,0.28,0,variant_3
8063,INSPECTION_1_1,INSPECTION_1_1_LINE,28505.541024735023,0.1834178532626538,6,0.1834178532626538,95.33773947511872,9.260539674793108,30,28410.203285259904,28514.801564409816,experiment,FIFO,0.28,0,variant_3
8063,INSPECTION_1_2,INSPECTION_1_2_LINE,28507.173126593665,1.6321018586422724,7,1.6321018586422724,96.969841333761,7.628437816150836,30,28410.203285259904,28514.801564409816,experiment,FIFO,0.28,0,variant_3
8063,INSPECTION_1_3,INSPECTION_1_3_LINE,28510.058588821867,2.8854622282015043,8,2.8854622282015043,99.8553035619625,4.742975587949331,28,28410.203285259904,28514.801564409816,experiment,FIFO,0.28,0,variant_3
8063,INSPECTION_1_4,INSPECTION_1_4_LINE,28510.16242652804,0.10383770617409027,9,0.10383770617409027,99.95914126813659,4.639137881775241,28,28410.203285259904,28514.801564409816,experiment,FIFO,0.28,0,variant_3
8063,INSPECTION_1_5,INSPECTION_1_5_LINE,28512.100153831256,1.9377273032150697,10,1.9377273032150697,101.89686857135166,2.7014105785601714,28,28410.203285259904,28514.801564409816,experiment,FIFO,0.28,0,variant_3
8063,INSPECTION_1_6,INSPECTION_1_6_LINE,28512.75626559845,0.656111767195398,11,0.656111767195398,102.55298033854706,2.0452988113647734,28,28410.203285259904,28514.801564409816,experiment,FIFO,0.28,0,variant_3
8063,INSPECTION_1_7,INSPECTION_1_7_LINE,28514.801564409816,2.0452988113647734,12,2.0452988113647734,104.59827914991183,0.0,27,28410.203285259904,28514.801564409816,experiment,FIFO,0.28,0,variant_3
8064,MOULDING_1,MOULDING_MACHINE_1,28406.026483098474,1.79986829342306,1,0.0,0.0,132.92641397487387,38,28406.026483098474,28538.952897073348,experiment,FIFO,0.28,0,variant_3
8064,ASSEMBLY_1_5,LINE_5_ASSEMBLY1,28416.740669417417,10.714186318942666,2,10.714186318942666,10.714186318942666,122.2122276559312,38,28406.026483098474,28538.952897073348,experiment,FIFO,0.28,0,variant_3
8064,ASSEMBLY_2_2,ASSEMBLY2_LINE_2,28461.23471924335,4.315131197748997,3,44.49404982593478,55.208236144877446,77.71817782999642,33,28406.026483098474,28538.952897073348,experiment,FIFO,0.28,0,variant_3
8064,ASSEMBLY_2_2,ASSEMBLY2_LINE_2,28507.103206218264,5.3850173434766475,4,45.86848697491223,101.07672311978968,31.84969085508419,30,28406.026483098474,28538.952897073348,experiment,FIFO,0.28,0,variant_3
8064,SORTING,SORTING_ROBOT_1,28526.16538367098,4.92249303479548,5,19.06217745271715,120.13890057250683,12.78751340236704,29,28406.026483098474,28538.952897073348,experiment,FIFO,0.28,0,variant_3
8064,PACKAGING_3,PACKAGING_LINE_3,28528.893353822787,2.7279701518054935,6,2.7279701518054935,122.86687072431232,10.059543250561546,29,28406.026483098474,28538.952897073348,experiment,FIFO,0.28,0,variant_3
8064,INSPECTION_2_1,INSPECTION_2_1_LINE,28532.54205752409,3.362732882342243,7,3.6487037013030204,126.51557442561534,6.410839549258526,29,28406.026483098474,28538.952897073348,experiment,FIFO,0.28,0,variant_3
8064,INSPECTION_2_2,INSPECTION_2_2_LINE,28533.29424033168,0.7521828075914527,8,0.7521828075914527,127.2677572332068,5.658656741667073,28,28406.026483098474,28538.952897073348,experiment,FIFO,0.28,0,variant_3
8064,INSPECTION_2_3,INSPECTION_2_3_LINE,28533.370619840985,0.0763795093043882,9,0.0763795093043882,127.34413674251118,5.582277232362685,28,28406.026483098474,28538.952897073348,experiment,FIFO,0.28,0,variant_3
8064,INSPECTION_2_4,INSPECTION_2_4_LINE,28533.52870200264,0.1580821616553294,10,0.1580821616553294,127.50221890416651,5.424195070707356,28,28406.026483098474,28538.952897073348,experiment,FIFO,0.28,0,variant_3
8064,INSPECTION_2_5,INSPECTION_2_5_LINE,28535.543865012067,1.464553267986048,11,2.0151630094260327,129.51738191359254,3.409032061281323,28,28406.026483098474,28538.952897073348,experiment,FIFO,0.28,0,variant_3
8064,INSPECTION_2_6,INSPECTION_2_6_LINE,28538.7126235942,3.1687585821346147,12,3.1687585821346147,132.68614049572716,0.24027347914670827,29,28406.026483098474,28538.952897073348,experiment,FIFO,0.28,0,variant_3
8064,INSPECTION_2_7,INSPECTION_2_7_LINE,28538.952897073348,0.16662456850826857,13,0.24027347914670827,132.92641397487387,0.0,27,28406.026483098474,28538.952897073348,experiment,FIFO,0.28,0,variant_3
8065,MOULDING_5,MOULDING_MACHINE_5,28409.20768495083,3.9154944416877697,1,0.0,0.0,131.55408662843547,39,28409.20768495083,28540.761771579266,experiment,FIFO,0.28,0,variant_4
8065,ASSEMBLY_1_4,LINE_4_ASSEMBLY1,28468.990854328487,44.1466864042377,2,59.78316937765703,59.78316937765703,71.77091725077844,36,28409.20768495083,28540.761771579266,experiment,FIFO,0.28,0,variant_4
8065,ASSEMBLY_2_1,ASSEMBLY2_LINE_1,28507.16058132453,5.936835706401325,3,38.1697269960423,97.95289637369933,33.60119025473614,30,28409.20768495083,28540.761771579266,experiment,FIFO,0.28,0,variant_4
8065,SORTING,SORTING_ROBOT_1,28530.4213071044,4.255923433418502,4,23.260725779869972,121.2136221535693,10.340464474866167,30,28409.20768495083,28540.761771579266,experiment,FIFO,0.28,0,variant_4
8065,PACKAGING_1,PACKAGING_LINE_1,28531.554661419377,1.1333543149776233,5,1.1333543149776233,122.34697646854693,9.207110159888543,29,28409.20768495083,28540.761771579266,experiment,FIFO,0.28,0,variant_4
8065,INSPECTION_2_1,INSPECTION_2_1_LINE,28532.85659804106,0.31454051697073737,6,1.3019366216831258,123.64891309023005,7.905173538205418,28,28409.20768495083,28540.761771579266,experiment,FIFO,0.28,0,variant_4
8065,INSPECTION_2_2,INSPECTION_2_2_LINE,28534.58748937267,1.2932490409875754,7,1.7308913316082908,125.37980442183834,6.174282206597127,28,28409.20768495083,28540.761771579266,experiment,FIFO,0.28,0,variant_4
8065,INSPECTION_2_3,INSPECTION_2_3_LINE,28535.2103635599,0.6228741872328101,8,0.6228741872328101,126.00267860907115,5.551408019364317,28,28409.20768495083,28540.761771579266,experiment,FIFO,0.28,0,variant_4
8065,INSPECTION_2_4,INSPECTION_2_4_LINE,28536.301402441048,1.0910388811462326,9,1.0910388811462326,127.09371749021739,4.460369138218084,28,28409.20768495083,28540.761771579266,experiment,FIFO,0.28,0,variant_4
8065,INSPECTION_2_5,INSPECTION_2_5_LINE,28536.45838484332,0.1569824022735702,10,0.1569824022735702,127.25069989249096,4.303386735944514,28,28409.20768495083,28540.761771579266,experiment,FIFO,0.28,0,variant_4
8065,INSPECTION_2_6,INSPECTION_2_6_LINE,28540.089965773004,1.3773421788027918,11,3.6315809296829684,130.88228082217393,0.6718058062615455,27,28409.20768495083,28540.761771579266,experiment,FIFO,0.28,0,variant_4
8065,INSPECTION_2_7,INSPECTION_2_7_LINE,28540.761771579266,0.6718058062615455,12,0.6718058062615455,131.55408662843547,0.0,26,28409.20768495083,28540.761771579266,experiment,FIFO,0.28,0,variant_4
8066,MOULDING_3,MOULDING_MACHINE_3,28419.09190394558,8.776522306521656,1,0.0,0.0,134.28237105641892,38,28419.09190394558,28553.374275002,experiment,FIFO,0.28,0,variant_2
8066,ASSEMBLY_1_4,LINE_4_ASSEMBLY1,28479.14666029266,8.261650716383883,2,60.05475634707909,60.05475634707909,74.22761470933983,32,28419.09190394558,28553.374275002,experiment,FIFO,0.28,0,variant_2
8066,ASSEMBLY_2_2,ASSEMBLY2_LINE_2,28510.071940181497,0.07917802920565009,3,30.925279888837395,90.98003623591649,43.30233482050244,28,28419.09190394558,28553.374275002,experiment,FIFO,0.28,0,variant_2
8066,SORTING,SORTING_ROBOT_1,28541.130610756976,1.679882511656615,4,31.058670575479482,122.03870681139597,12.243664245022956,26,28419.09190394558,28553.374275002,experiment,FIFO,0.28,0,variant_2
8066,PACKAGING_2,PACKAGING_LINE_2,28546.819055734737,5.68844497776081,5,5.68844497776081,127.72715178915678,6.555219267262146,27,28419.09190394558,28553.374275002,experiment,FIFO,0.28,0,variant_2
8066,INSPECTION_1_1,INSPECTION_1_1_LINE,28547.0288291792,0.20977344446146162,6,0.20977344446146162,127.93692523361824,6.345445822800684,27,28419.09190394558,28553.374275002,experiment,FIFO,0.28,0,variant_2
8066,INSPECTION_1_2,INSPECTION_1_2_LINE,28547.425585992925,0.3967568137268245,7,0.3967568137268245,128.33368204734506,5.94868900907386,27,28419.09190394558,28553.374275002,experiment,FIFO,0.28,0,variant_2
8066,INSPECTION_1_3,INSPECTION_1_3_LINE,28547.575425073064,0.14983908013891778,8,0.14983908013891778,128.48352112748398,5.798849928934942,27,28419.09190394558,28553.374275002,experiment,FIFO,0.28,0,variant_2
8066,INSPECTION_1_4,INSPECTION_1_4_LINE,28550.115287561664,2.4189025287123513,9,2.5398624886001926,131.02338361608417,3.2589874403347494,26,28419.09190394558,28553.374275002,experiment,FIFO,0.28,0,variant_2
8066,INSPECTION_1_5,INSPECTION_1_5_LINE,28551.63316461447,1.5178770528073073,10,1.5178770528073073,132.54126066889148,1.741110387527442,26,28419.09190394558,28553.374275002,experiment,FIFO,0.28,0,variant_2
8066,INSPECTION_1_6,INSPECTION_1_6_LINE,28553.31325392978,1.680089315308578,11,1.680089315308578,134.22134998420006,0.06102107221886399,26,28419.09190394558,28553.374275002,experiment,FIFO,0.28,0,variant_2
8066,INSPECTION_1_7,INSPECTION_1_7_LINE,28553.374275002,0.06102107221886399,12,0.06102107221886399,134.28237105641892,0.0,25,28419.09190394558,28553.374275002,experiment,FIFO,0.28,0,variant_2
8067,MOULDING_1,MOULDING_MACHINE_1,28413.18998377285,2.867730684385606,1,0.0,0.0,174.747257827843,39,28413.18998377285,28587.93724160069,experiment,FIFO,0.28,0,variant_1
8067,ASSEMBLY_1_4,LINE_4_ASSEMBLY1,28470.885009576275,1.8941552477881487,2,57.69502580342669,57.69502580342669,117.0522320244163,34,28413.18998377285,28587.93724160069,experiment,FIFO,0.28,0,variant_1
8067,ASSEMBLY_2_1,ASSEMBLY2_LINE_1,28539.889250777163,10.500219384688535,3,69.00424120088792,126.6992670043146,48.04799082352838,27,28413.18998377285,28587.93724160069,experiment,FIFO,0.28,0,variant_1
8067,SORTING,SORTING_ROBOT_1,28562.157313951026,3.9367256692748924,4,22.268063173862174,148.96733017817678,25.779927649666206,26,28413.18998377285,28587.93724160069,experiment,FIFO,0.28,0,variant_1
8067,PACKAGING_1,PACKAGING_LINE_1,28565.648713001665,3.4426197300745116,5,3.491399050639302,152.45872922881608,22.288528599026904,29,28413.18998377285,28587.93724160069,experiment,FIFO,0.28,0,variant_1
8067,PACKAGING_1,PACKAGING_LINE_1,28575.07804937456,9.429336372893886,6,9.429336372893886,161.88806560170997,12.859192226133018,31,28413.18998377285,28587.93724160069,experiment,FIFO,0.28,0,variant_1
8067,INSPECTION_2_1,INSPECTION_2_1_LINE,28576.106295632853,1.02824625829453,7,1.02824625829453,162.9163118600045,11.830945967838488,31,28413.18998377285,28587.93724160069,experiment,FIFO,0.28,0,variant_1
8067,INSPECTION_2_2,INSPECTION_2_2_LINE,28579.58479002958,3.4784943967279105,8,3.4784943967279105,166.3948062567324,8.352451571110578,31,28413.18998377285,28587.93724160069,experiment,FIFO,0.28,0,variant_1
8067,INSPECTION_2_3,INSPECTION_2_3_LINE,28581.99507018596,2.410280156378576,9,2.410280156378576,168.80508641311098,5.942171414732002,34,28413.18998377285,28587.93724160069,experiment,FIFO,0.28,0,variant_1
8067,INSPECTION_2_4,INSPECTION_2_4_LINE,28583.389920082114,1.3948498961544828,10,1.3948498961544828,170.19993630926547,4.547321518577519,34,28413.18998377285,28587.93724160069,experiment,FIFO,0.28,0,variant_1
8067,INSPECTION_2_5,INSPECTION_2_5_LINE,28585.83611036096,2.4461902788461884,11,2.4461902788461884,172.64612658811166,2.1011312397313304,34,28413.18998377285,28587.93724160069,experiment,FIFO,0.28,0,variant_1
8067,INSPECTION_2_6,INSPECTION_2_6_LINE,28587.25720127925,1.4210909182911564,12,1.4210909182911564,174.0672175064028,0.680040321440174,34,28413.18998377285,28587.93724160069,experiment,FIFO,0.28,0,variant_1
8067,INSPECTION_2_7,INSPECTION_2_7_LINE,28587.93724160069,0.680040321440174,13,0.680040321440174,174.747257827843,0.0,33,28413.18998377285,28587.93724160069,experiment,FIFO,0.28,0,variant_1
8068,MOULDING_2,MOULDING_MACHINE_2,28428.639017528538,5.355280520961969,1,0.0,0.0,79.84672941301324,34,28428.639017528538,28508.48574694155,experiment,FIFO,0.28,0,variant_1
8068,ASSEMBLY_1_5,LINE_5_ASSEMBLY1,28431.330571010672,2.6915534821346228,2,2.6915534821346228,2.6915534821346228,77.15517593087861,30,28428.639017528538,28508.48574694155,experiment,FIFO,0.28,0,variant_1
8068,ASSEMBLY_2_1,ASSEMBLY2_LINE_1,28485.79010005021,4.448782845156529,3,54.4595290395373,57.151082521671924,22.695646891341312,34,28428.639017528538,28508.48574694155,experiment,FIFO,0.28,0,variant_1
8068,SORTING,SORTING_ROBOT_1,28497.58862668812,1.5239677639619913,4,11.798526637910982,68.9496091595829,10.89712025343033,32,28428.639017528538,28508.48574694155,experiment,FIFO,0.28,0,variant_1
8068,PACKAGING_3,PACKAGING_LINE_3,28502.48912068505,4.900493996930891,5,4.900493996930891,73.8501031565138,5.9966262564994395,31,28428.639017528538,28508.48574694155,experiment,FIFO,0.28,0,variant_1
8068,INSPECTION_2_1,INSPECTION_2_1_LINE,28502.66484199064,0.1757213055898319,6,0.1757213055898319,74.02582446210363,5.820904950909608,31,28428.639017528538,28508.48574694155,experiment,FIFO,0.28,0,variant_1
8068,INSPECTION_2_2,INSPECTION_2_2_LINE,28503.987455362017,1.3226133713760646,7,1.3226133713760646,75.3484378334797,4.498291579533543,29,28428.639017528538,28508.48574694155,experiment,FIFO,0.28,0,variant_1
8068,INSPECTION_2_3,INSPECTION_2_3_LINE,28504.94021249643,0.9527571344115131,8,0.9527571344115131,76.3011949678912,3.54553444512203,30,28428.639017528538,28508.48574694155,experiment,FIFO,0.28,0,variant_1
8068,INSPECTION_2_4,INSPECTION_2_4_LINE,28506.484215445656,1.5440029492274334,9,1.5440029492274334,77.84519791711864,2.0015314958945964,30,28428.639017528538,28508.48574694155,experiment,FIFO,0.28,0,variant_1
8068,INSPECTION_2_5,INSPECTION_2_5_LINE,28507.991470519537,1.5072550738805148,10,1.5072550738805148,79.35245299099915,0.4942764220140816,29,28428.639017528538,28508.48574694155,experiment,FIFO,0.28,0,variant_1
8068,INSPECTION_2_6,INSPECTION_2_6_LINE,28508.054882629225,0.06341210968821542,11,0.06341210968821542,79.41586510068737,0.4308643123258662,29,28428.639017528538,28508.48574694155,experiment,FIFO,0.28,0,variant_1
8068,INSPECTION_2_7,INSPECTION_2_7_LINE,28508.48574694155,0.4308643123258662,12,0.4308643123258662,79.84672941301324,0.0,28,28428.639017528538,28508.48574694155,experiment,FIFO,0.28,0,variant_1
8069,MOULDING_3,MOULDING_MACHINE_3,28435.56288306872,7.702300528908381,1,0.0,0.0,89.00460547047987,30,28435.56288306872,28524.5674885392,experiment,FIFO,0.28,0,variant_1
8069,ASSEMBLY_1_3,LINE_3_ASSEMBLY1,28437.55889774063,1.9960146719095064,2,1.9960146719095064,1.9960146719095064,87.00859079857037,29,28435.56288306872,28524.5674885392,experiment,FIFO,0.28,0,variant_1
8069,ASSEMBLY_2_2,ASSEMBLY2_LINE_2,28490.647725213643,4.746281777192053,3,53.088827473013225,55.08484214492273,33.91976332555714,32,28435.56288306872,28524.5674885392,experiment,FIFO,0.28,0,variant_1
8069,SORTING,SORTING_ROBOT_1,28505.93455985836,0.6330736591116874,4,15.286834644717601,70.37167678964033,18.63292868083954,30,28435.56288306872,28524.5674885392,experiment,FIFO,0.28,0,variant_1
8069,PACKAGING_2,PACKAGING_LINE_2,28515.48809708515,4.069540326439892,5,9.55353722678774,79.92521401642807,9.079391454051802,26,28435.56288306872,28524.5674885392,experiment,FIFO,0.28,0,variant_1
8069,INSPECTION_1_1,INSPECTION_1_1_LINE,28516.264392371628,0.06050091541692382,6,0.7762952864795807,80.70150930290765,8.303096167572221,26,28435.56288306872,28524.5674885392,experiment,FIFO,0.28,0,variant_1
8069,INSPECTION_1_2,INSPECTION_1_2_LINE,28516.90612749365,0.4720130838395562,7,0.64173512202251,81.34324442493016,7.661361045549711,26,28435.56288306872,28524.5674885392,experiment,FIFO,0.28,0,variant_1
8069,INSPECTION_1_3,INSPECTION_1_3_LINE,28517.912698179665,0.7514394891186384,8,1.0065706860150385,82.3498151109452,6.6547903595346725,26,28435.56288306872,28524.5674885392,experiment,FIFO,0.28,0,variant_1
8069,INSPECTION_1_4,INSPECTION_1_4_LINE,28519.93642310207,1.692947600644402,9,2.0237249224046536,84.37354003334985,4.631065437130019,25,28435.56288306872,28524.5674885392,experiment,FIFO,0.28,0,variant_1
8069,INSPECTION_1_5,INSPECTION_1_5_LINE,28522.339504076048,2.4030809739779215,10,2.4030809739779215,86.77662100732778,2.2279844631520973,26,28435.56288306872,28524.5674885392,experiment,FIFO,0.28,0,variant_1
8069,INSPECTION_1_6,INSPECTION_1_6_LINE,28522.379161141813,0.03965706576491357,11,0.03965706576491357,86.81627807309269,2.1883273973871837,26,28435.56288306872,28524.5674885392,experiment,FIFO,0.28,0,variant_1
8069,INSPECTION_1_7,INSPECTION_1_7_LINE,28524.5674885392,2.1883273973871837,12,2.1883273973871837,89.00460547047987,0.0,28,28435.56288306872,28524.5674885392,experiment,FIFO,0.28,0,variant_1
8070,MOULDING_3,MOULDING_MACHINE_3,28437.855873984005,2.292990915284463,1,0.0,0.0,176.42876073644584,30,28437.855873984005,28614.28463472045,experiment,FIFO,0.28,0,variant_1
8070,ASSEMBLY_1_4,LINE_4_ASSEMBLY1,28481.78288009265,2.6362197999915225,2,43.92700610864631,43.92700610864631,132.50175462779953,34,28437.855873984005,28614.28463472045,experiment,FIFO,0.28,0,variant_1
8070,ASSEMBLY_2_1,ASSEMBLY2_LINE_1,28568.10321751633,0.6137645037924813,3,86.32033742368003,130.24734353232634,46.1814172041195,28,28437.855873984005,28614.28463472045,experiment,FIFO,0.28,0,variant_1
8070,SORTING,SORTING_ROBOT_1,28603.59020933933,1.0118653796307626,4,35.4869918229997,165.73433535532604,10.6944253811198,33,28437.855873984005,28614.28463472045,experiment,FIFO,0.28,0,variant_1
8070,PACKAGING_2,PACKAGING_LINE_2,28604.13742013253,0.5472107932000654,5,0.5472107932000654,166.2815461485261,10.147214587919734,33,28437.855873984005,28614.28463472045,experiment,FIFO,0.28,0,variant_1
8070,INSPECTION_2_1,INSPECTION_2_1_LINE,28604.54427490072,0.40685476818907773,6,0.40685476818907773,166.68840091671518,9.740359819730656,33,28437.855873984005,28614.28463472045,experiment,FIFO,0.28,0,variant_1
8070,INSPECTION_2_2,INSPECTION_2_2_LINE,28605.75611566762,1.2118407669004228,7,1.2118407669004228,167.9002416836156,8.528519052830234,33,28437.855873984005,28614.28463472045,experiment,FIFO,0.28,0,variant_1
8070,INSPECTION_2_3,INSPECTION_2_3_LINE,28606.004475758444,0.24836009082355304,8,0.24836009082355304,168.14860177443916,8.28015896200668,33,28437.855873984005,28614.28463472045,experiment,FIFO,0.28,0,variant_1
8070,INSPECTION_2_4,INSPECTION_2_4_LINE,28608.190713960343,2.1862382018989592,9,2.1862382018989592,170.33483997633812,6.093920760107721,31,28437.855873984005,28614.28463472045,experiment,FIFO,0.28,0,variant_1
8070,INSPECTION_2_5,INSPECTION_2_5_LINE,28610.236090546885,2.045376586542261,10,2.045376586542261,172.38021656288038,4.04854417356546,32,28437.855873984005,28614.28463472045,experiment,FIFO,0.28,0,variant_1
8070,INSPECTION_2_6,INSPECTION_2_6_LINE,28613.584334693773,3.348244146887737,11,3.348244146887737,175.72846070976811,0.7003000266777235,32,28437.855873984005,28614.28463472045,experiment,FIFO,0.28,0,variant_1
8070,INSPECTION_2_7,INSPECTION_2_7_LINE,28614.28463472045,0.7003000266777235,12,0.7003000266777235,176.42876073644584,0.0,31,28437.855873984005,28614.28463472045,experiment,FIFO,0.28,0,variant_1
8071,MOULDING_4,MOULDING_MACHINE_4,28446.379973865904,12.493075578157004,1,0.0,0.0,72.93784546896131,28,28446.379973865904,28519.317819334865,experiment,FIFO,0.28,0,variant_3
8071,ASSEMBLY_1_5,LINE_5_ASSEMBLY1,28447.041518295697,0.661544429793139,2,0.661544429793139,0.661544429793139,72.27630103916817,28,28446.379973865904,28519.317819334865,experiment,FIFO,0.28,0,variant_3
8071,ASSEMBLY_2_1,ASSEMBLY2_LINE_1,28492.29544317097,6.50534312075979,3,45.25392487527279,45.915469305065926,27.022376163895387,33,28446.379973865904,28519.317819334865,experiment,FIFO,0.28,0,variant_3
8071,SORTING,SORTING_ROBOT_1,28510.31801897141,4.383459113050776,4,18.0225758004417,63.938045105507626,8.999800363453687,28,28446.379973865904,28519.317819334865,experiment,FIFO,0.28,0,variant_3
8071,PACKAGING_1,PACKAGING_LINE_1,28514.63345523858,4.315436267170298,5,4.315436267170298,68.25348137267792,4.684364096283389,28,28446.379973865904,28519.317819334865,experiment,FIFO,0.28,0,variant_3
8071,INSPECTION_1_1,INSPECTION_1_1_LINE,28516.20389145621,1.5704362176293216,6,1.5704362176293216,69.82391759030725,3.113927878654067,26,28446.379973865904,28519.317819334865,experiment,FIFO,0.28,0,variant_3
8071,INSPECTION_1_2,INSPECTION_1_2_LINE,28516.43411440981,0.23022295359987766,7,0.23022295359987766,70.05414054390712,2.8837049250541895,26,28446.379973865904,28519.317819334865,experiment,FIFO,0.28,0,variant_3
8071,INSPECTION_1_3,INSPECTION_1_3_LINE,28517.161258690547,0.7271442807359563,8,0.7271442807359563,70.78128482464308,2.1565606443182332,26,28446.379973865904,28519.317819334865,experiment,FIFO,0.28,0,variant_3
8071,INSPECTION_1_4,INSPECTION_1_4_LINE,28518.243475501426,1.08221681087889,9,1.08221681087889,71.86350163552197,1.0743438334393431,26,28446.379973865904,28519.317819334865,experiment,FIFO,0.28,0,variant_3
8071,INSPECTION_1_5,INSPECTION_1_5_LINE,28519.06002222471,0.8165467232829542,10,0.8165467232829542,72.68004835880492,0.25779711015638895,26,28446.379973865904,28519.317819334865,experiment,FIFO,0.28,0,variant_3
8071,INSPECTION_1_6,INSPECTION_1_6_LINE,28519.30892756237,0.24890533766301814,11,0.24890533766301814,72.92895369646794,0.008891772493370809,26,28446.379973865904,28519.317819334865,experiment,FIFO,0.28,0,variant_3
8071,INSPECTION_1_7,INSPECTION_1_7_LINE,28519.317819334865,0.008891772493370809,12,0.008891772493370809,72.93784546896131,0.0,25,28446.379973865904,28519.317819334865,experiment,FIFO,0.28,0,variant_3
8072,MOULDING_3,MOULDING_MACHINE_3,28448.71512571517,9.830306964631745,1,0.0,0.0,120.26456486115057,30,28448.71512571517,28568.97969057632,experiment,FIFO,0.28,0,variant_3
8072,ASSEMBLY_1_4,LINE_4_ASSEMBLY1,28490.222071169523,8.439191076871793,2,41.50694545435181,41.50694545435181,78.75761940679877,32,28448.71512571517,28568.97969057632,experiment,FIFO,0.28,0,variant_3
8072,ASSEMBLY_2_2,ASSEMBLY2_LINE_2,28519.518730128588,7.319202117450914,3,29.2966589590651,70.8036044134169,49.46096044773367,25,28448.71512571517,28568.97969057632,experiment,FIFO,0.28,0,variant_3
8072,SORTING,SORTING_ROBOT_1,28554.159739400817,12.718476402755186,4,34.641009272228985,105.44461368564589,14.819951175504684,26,28448.71512571517,28568.97969057632,experiment,FIFO,0.28,0,variant_3
8072,PACKAGING_1,PACKAGING_LINE_1,28562.20609327159,8.0463538707736,5,8.0463538707736,113.49096755641949,6.773597304731084,26,28448.71512571517,28568.97969057632,experiment,FIFO,0.28,0,variant_3
8072,INSPECTION_1_1,INSPECTION_1_1_LINE,28563.27187525572,1.0657819841289893,6,1.0657819841289893,114.55674954054848,5.707815320602094,27,28448.71512571517,28568.97969057632,experiment,FIFO,0.28,0,variant_3
8072,INSPECTION_1_2,INSPECTION_1_2_LINE,28565.060786419446,1.7889111637268797,7,1.7889111637268797,116.34566070427536,3.9189041568752145,29,28448.71512571517,28568.97969057632,experiment,FIFO,0.28,0,variant_3
8072,INSPECTION_1_3,INSPECTION_1_3_LINE,28565.14357591307,0.08278949362284038,8,0.08278949362284038,116.4284501978982,3.836114663252374,29,28448.71512571517,28568.97969057632,experiment,FIFO,0.28,0,variant_3
8072,INSPECTION_1_4,INSPECTION_1_4_LINE,28567.34944864286,2.2058727297917358,9,2.2058727297917358,118.63432292768994,1.6302419334606384,28,28448.71512571517,28568.97969057632,experiment,FIFO,0.28,0,variant_3
8072,INSPECTION_1_5,INSPECTION_1_5_LINE,28568.18857698626,0.8391283433993522,10,0.8391283433993522,119.47345127108929,0.7911135900612862,28,28448.71512571517,28568.97969057632,experiment,FIFO,0.28,0,variant_3
8072,INSPECTION_1_6,INSPECTION_1_6_LINE,28568.47661002507,0.2880330388106813,11,0.2880330388106813,119.76148430989997,0.5030805512506049,28,28448.71512571517,28568.97969057632,experiment,FIFO,0.28,0,variant_3
8072,INSPECTION_1_7,INSPECTION_1_7_LINE,28568.97969057632,0.5030805512506049,12,0.5030805512506049,120.26456486115057,0.0,27,28448.71512571517,28568.97969057632,experiment,FIFO,0.28,0,variant_3
8073,MOULDING_5,MOULDING_MACHINE_5,28443.516462384767,0.7708021306862065,1,0.0,0.0,95.26981012007309,31,28443.516462384767,28538.78627250484,experiment,FIFO,0.28,0,variant_2
8073,ASSEMBLY_1_3,LINE_3_ASSEMBLY1,28456.38761555365,12.871153168882302,2,12.871153168882302,12.871153168882302,82.39865695119079,32,28443.516462384767,28538.78627250484,experiment,FIFO,0.28,0,variant_2
8073,ASSEMBLY_2_2,ASSEMBLY2_LINE_2,28501.718188874787,1.6350683647178812,3,45.33057332113822,58.20172649002052,37.06808363005257,31,28443.516462384767,28538.78627250484,experiment,FIFO,0.28,0,variant_2
8073,SORTING,SORTING_ROBOT_1,28521.242890636186,1.8031939522843459,4,19.52470176139832,77.72642825141884,17.54338186865425,25,28443.516462384767,28538.78627250484,experiment,FIFO,0.28,0,variant_2
8073,PACKAGING_2,PACKAGING_LINE_2,28528.047435880748,6.804545244562178,5,6.804545244562178,84.53097349598102,10.738836624092073,29,28443.516462384767,28538.78627250484,experiment,FIFO,0.28,0,variant_2
8073,INSPECTION_2_1,INSPECTION_2_1_LINE,28529.179324641747,1.1318887609995727,6,1.1318887609995727,85.66286225698059,9.6069478630925,29,28443.516462384767,28538.78627250484,experiment,FIFO,0.28,0,variant_2
8073,INSPECTION_2_2,INSPECTION_2_2_LINE,28530.588663032548,1.409338390800258,7,1.409338390800258,87.07220064778085,8.197609472292243,30,28443.516462384767,28538.78627250484,experiment,FIFO,0.28,0,variant_2
8073,INSPECTION_2_3,INSPECTION_2_3_LINE,28531.20385554919,0.6151925166414003,8,0.6151925166414003,87.68739316442225,7.582416955650842,29,28443.516462384767,28538.78627250484,experiment,FIFO,0.28,0,variant_2
8073,INSPECTION_2_4,INSPECTION_2_4_LINE,28532.461812003767,1.257956454577652,9,1.257956454577652,88.9453496189999,6.32446050107319,29,28443.516462384767,28538.78627250484,experiment,FIFO,0.28,0,variant_2
8073,INSPECTION_2_5,INSPECTION_2_5_LINE,28534.07931174408,1.6174997403140878,10,1.6174997403140878,90.56284935931399,4.706960760759102,28,28443.516462384767,28538.78627250484,experiment,FIFO,0.28,0,variant_2
8073,INSPECTION_2_6,INSPECTION_2_6_LINE,28534.475187200063,0.39587545598260476,11,0.39587545598260476,90.95872481529659,4.311085304776498,28,28443.516462384767,28538.78627250484,experiment,FIFO,0.28,0,variant_2
8073,INSPECTION_2_7,INSPECTION_2_7_LINE,28538.78627250484,4.311085304776498,12,4.311085304776498,95.26981012007309,0.0,28,28443.516462384767,28538.78627250484,experiment,FIFO,0.28,0,variant_2
8074,MOULDING_1,MOULDING_MACHINE_1,28447.693105769427,0.37599745820625685,1,0.0,0.0,76.97839966916217,29,28447.693105769427,28524.67150543859,experiment,FIFO,0.28,0,variant_5
8074,MOULDING_1,MOULDING_MACHINE_1,28451.59639786529,3.903292095863435,2,3.903292095863435,3.903292095863435,73.07510757329874,30,28447.693105769427,28524.67150543859,experiment,FIFO,0.28,0,variant_5
8074,ASSEMBLY_1_1,LINE_1_ASSEMBLY1,28453.01228074132,1.4158828760300821,3,1.4158828760300821,5.319174971893517,71.65922469726866,30,28447.693105769427,28524.67150543859,experiment,FIFO,0.28,0,variant_5
8074,ASSEMBLY_2_1,ASSEMBLY2_LINE_1,28493.057251847345,0.7618086763759493,4,40.044971106024605,45.36414607791812,31.61425359124405,33,28447.693105769427,28524.67150543859,experiment,FIFO,0.28,0,variant_5
8074,SORTING,SORTING_ROBOT_1,28513.480325463373,3.1623064919622266,5,20.423073616027978,65.7872196939461,11.191179975216073,28,28447.693105769427,28524.67150543859,experiment,FIFO,0.28,0,variant_5
8074,PACKAGING_3,PACKAGING_LINE_3,28518.34645746207,4.866131998696801,6,4.866131998696801,70.6533516926429,6.325047976519272,26,28447.693105769427,28524.67150543859,experiment,FIFO,0.28,0,variant_5
8074,INSPECTION_1_1,INSPECTION_1_1_LINE,28519.01607854375,0.6696210816808161,7,0.6696210816808161,71.32297277432372,5.655426894838456,26,28447.693105769427,28524.67150543859,experiment,FIFO,0.28,0,variant_5
8074,INSPECTION_1_2,INSPECTION_1_2_LINE,28519.210671507448,0.1945929636967776,8,0.1945929636967776,71.5175657380205,5.4608339311416785,26,28447.693105769427,28524.67150543859,experiment,FIFO,0.28,0,variant_5
8074,INSPECTION_1_3,INSPECTION_1_3_LINE,28519.474776321546,0.2641048140976636,9,0.2641048140976636,71.78167055211816,5.196729117044015,25,28447.693105769427,28524.67150543859,experiment,FIFO,0.28,0,variant_5
8074,INSPECTION_1_4,INSPECTION_1_4_LINE,28520.83424158233,0.8978184802617761,10,1.3594652607862372,73.1411358129044,3.8372638562577777,25,28447.693105769427,28524.67150543859,experiment,FIFO,0.28,0,variant_5
8074,INSPECTION_1_5,INSPECTION_1_5_LINE,28522.748590636165,0.40908656011743005,11,1.9143490538335755,75.05548486673797,1.9229148024242022,26,28447.693105769427,28524.67150543859,experiment,FIFO,0.28,0,variant_5
8074,INSPECTION_1_6,INSPECTION_1_6_LINE,28522.838062078168,0.08947144200283219,12,0.08947144200283219,75.1449563087408,1.83344336042137,26,28447.693105769427,28524.67150543859,experiment,FIFO,0.28,0,variant_5
8074,INSPECTION_1_7,INSPECTION_1_7_LINE,28524.67150543859,0.10401689938953496,13,1.83344336042137,76.97839966916217,0.0,27,28447.693105769427,28524.67150543859,experiment,FIFO,0.28,0,variant_5
8075,MOULDING_3,MOULDING_MACHINE_3,28459.99964037385,9.32431896421258,1,0.0,0.0,105.6729621178456,33,28459.99964037385,28565.672602491697,experiment,FIFO,0.28,0,variant_1
8075,ASSEMBLY_1_5,LINE_5_ASSEMBLY1,28469.393329421226,9.39368904737421,2,9.39368904737421,9.39368904737421,96.27927307047139,36,28459.99964037385,28565.672602491697,experiment,FIFO,0.28,0,variant_1
8075,ASSEMBLY_2_1,ASSEMBLY2_LINE_1,28529.389031392475,22.228450067945232,3,59.99570197124922,69.38939101862343,36.28357109922217,30,28459.99964037385,28565.672602491697,experiment,FIFO,0.28,0,variant_1
8075,SORTING,SORTING_ROBOT_1,28558.22058828175,4.060848880933918,4,28.831556889275817,98.22094790789924,7.4520142099463555,26,28459.99964037385,28565.672602491697,experiment,FIFO,0.28,0,variant_1
8075,PACKAGING_2,PACKAGING_LINE_2,28558.613394404856,0.39280612310540164,5,0.39280612310540164,98.61375403100465,7.059208086840954,26,28459.99964037385,28565.672602491697,experiment,FIFO,0.28,0,variant_1
8075,INSPECTION_1_1,INSPECTION_1_1_LINE,28559.80655844705,1.19316404219353,6,1.19316404219353,99.80691807319818,5.866044044647424,26,28459.99964037385,28565.672602491697,experiment,FIFO,0.28,0,variant_1
8075,INSPECTION_1_2,INSPECTION_1_2_LINE,28559.94879602768,0.1422375806287164,7,0.1422375806287164,99.94915565382689,5.723806464018708,26,28459.99964037385,28565.672602491697,experiment,FIFO,0.28,0,variant_1
8075,INSPECTION_1_3,INSPECTION_1_3_LINE,28560.87853731841,0.9297412907326361,8,0.9297412907326361,100.87889694455953,4.7940651732860715,26,28459.99964037385,28565.672602491697,experiment,FIFO,0.28,0,variant_1
8075,INSPECTION_1_4,INSPECTION_1_4_LINE,28561.60755154243,0.7290142240199202,9,0.7290142240199202,101.60791116857945,4.065050949266151,26,28459.99964037385,28565.672602491697,experiment,FIFO,0.28,0,variant_1
8075,INSPECTION_1_5,INSPECTION_1_5_LINE,28562.998253997182,1.3907024547515903,10,1.3907024547515903,102.99861362333104,2.674348494514561,27,28459.99964037385,28565.672602491697,experiment,FIFO,0.28,0,variant_1
8075,INSPECTION_1_6,INSPECTION_1_6_LINE,28564.56167674933,1.5634227521477442,11,1.5634227521477442,104.56203637547878,1.1109257423668168,29,28459.99964037385,28565.672602491697,experiment,FIFO,0.28,0,variant_1
8075,INSPECTION_1_7,INSPECTION_1_7_LINE,28565.672602491697,1.1109257423668168,12,1.1109257423668168,105.6729621178456,0.0,28,28459.99964037385,28565.672602491697,experiment,FIFO,0.28,0,variant_1
8076,MOULDING_2,MOULDING_MACHINE_2,28453.14476576152,0.48732643342373194,1,0.0,0.0,185.74986611088752,31,28453.14476576152,28638.89463187241,experiment,FIFO,0.28,0,variant_5
8076,ASSEMBLY_1_4,LINE_4_ASSEMBLY1,28494.126121191024,3.9040500215014617,2,40.98135542950331,40.98135542950331,144.7685106813842,32,28453.14476576152,28638.89463187241,experiment,FIFO,0.28,0,variant_5
8076,ASSEMBLY_2_1,ASSEMBLY2_LINE_1,28571.58174461048,3.1911931511313014,3,77.45562341945697,118.43697884896028,67.31288726192724,29,28453.14476576152,28638.89463187241,experiment,FIFO,0.28,0,variant_5
8076,SORTING,SORTING_ROBOT_1,28609.477522640314,0.31365166796240374,4,37.89577802983331,156.3327568787936,29.417109232093935,32,28453.14476576152,28638.89463187241,experiment,FIFO,0.28,0,variant_5
8076,PACKAGING_2,PACKAGING_LINE_2,28619.44337271228,4.543505195717444,5,9.965850071966997,166.2986069507606,19.451259160126938,32,28453.14476576152,28638.89463187241,experiment,FIFO,0.28,0,variant_5
8076,INSPECTION_2_1,INSPECTION_2_1_LINE,28622.392014501165,0.9253440322681854,6,2.948641788883833,169.24724873964442,16.502617371243105,32,28453.14476576152,28638.89463187241,experiment,FIFO,0.28,0,variant_5
8076,INSPECTION_2_2,INSPECTION_2_2_LINE,28627.3957859174,0.4468600293294003,7,5.003771416235395,174.25102015587981,11.49884595500771,32,28453.14476576152,28638.89463187241,experiment,FIFO,0.28,0,variant_5
8076,INSPECTION_2_3,INSPECTION_2_3_LINE,28629.67923747158,2.2753548064501956,8,2.283451554179919,176.53447171005973,9.21539440082779,33,28453.14476576152,28638.89463187241,experiment,FIFO,0.28,0,variant_5
8076,INSPECTION_2_4,INSPECTION_2_4_LINE,28637.038253268816,2.0615527097361337,9,7.35901579723577,183.8934875072955,1.8563786035920202,36,28453.14476576152,28638.89463187241,experiment,FIFO,0.28,0,variant_5
8076,INSPECTION_2_5,INSPECTION_2_5_LINE,28637.68030669125,0.642053422434401,10,0.642053422434401,184.5355409297299,1.2143251811576192,36,28453.14476576152,28638.89463187241,experiment,FIFO,0.28,0,variant_5
8076,INSPECTION_2_6,INSPECTION_2_6_LINE,28638.084013771604,0.40370708035334246,11,0.40370708035334246,184.93924801008325,0.8106181008042768,36,28453.14476576152,28638.89463187241,experiment,FIFO,0.28,0,variant_5
8076,INSPECTION_2_7,INSPECTION_2_7_LINE,28638.89463187241,0.8106181008042768,12,0.8106181008042768,185.74986611088752,0.0,35,28453.14476576152,28638.89463187241,experiment,FIFO,0.28,0,variant_5
8077,MOULDING_1,MOULDING_MACHINE_1,28455.166415614687,1.7908130848700239,1,0.0,0.0,77.62054605215235,32,28455.166415614687,28532.78696166684,experiment,FIFO,0.28,0,variant_1
8077,ASSEMBLY_1_3,LINE_3_ASSEMBLY1,28458.40297854848,2.015362994832685,2,3.2365629337946302,3.2365629337946302,74.38398311835772,32,28455.166415614687,28532.78696166684,experiment,FIFO,0.28,0,variant_1
8077,ASSEMBLY_2_1,ASSEMBLY2_LINE_1,28501.22374561813,8.166493770782836,3,42.820767069646536,46.057330003441166,31.563216048711183,31,28455.166415614687,28532.78696166684,experiment,FIFO,0.28,0,variant_1
8077,SORTING,SORTING_ROBOT_1,28519.4396966839,1.672496865514404,4,18.21595106577297,64.27328106921414,13.347264982938214,25,28455.166415614687,28532.78696166684,experiment,FIFO,0.28,0,variant_1
8077,PACKAGING_3,PACKAGING_LINE_3,28521.14467305168,0.012642511679587187,5,1.7049763677787269,65.97825743699286,11.642288615159487,25,28455.166415614687,28532.78696166684,experiment,FIFO,0.28,0,variant_1
8077,INSPECTION_1_1,INSPECTION_1_1_LINE,28523.0504759302,0.18868028132419568,6,1.9058028785184433,67.8840603155113,9.736485736641043,26,28455.166415614687,28532.78696166684,experiment,FIFO,0.28,0,variant_1
8077,INSPECTION_1_2,INSPECTION_1_2_LINE,28524.283742191383,0.9796132969313476,7,1.2332662611843261,69.11732657669563,8.503219475456717,28,28455.166415614687,28532.78696166684,experiment,FIFO,0.28,0,variant_1
8077,INSPECTION_1_3,INSPECTION_1_3_LINE,28525.28900882364,0.9230231834626466,8,1.0052666322590085,70.12259320895464,7.497952843197709,28,28455.166415614687,28532.78696166684,experiment,FIFO,0.28,0,variant_1
8077,INSPECTION_1_4,INSPECTION_1_4_LINE,28525.66577147548,0.3767626518383622,9,0.3767626518383622,70.499355860793,7.1211901913593465,28,28455.166415614687,28532.78696166684,experiment,FIFO,0.28,0,variant_1
8077,INSPECTION_1_5,INSPECTION_1_5_LINE,28527.02477092493,0.5374897602159763,10,1.3589994494504936,71.8583553102435,5.762190741908853,29,28455.166415614687,28532.78696166684,experiment,FIFO,0.28,0,variant_1
8077,INSPECTION_1_6,INSPECTION_1_6_LINE,28532.18542847261,2.5727809450909263,11,5.160657547679875,77.01901285792337,0.6015331942289777,29,28455.166415614687,28532.78696166684,experiment,FIFO,0.28,0,variant_1
8077,INSPECTION_1_7,INSPECTION_1_7_LINE,28532.78696166684,0.6015331942289777,12,0.6015331942289777,77.62054605215235,0.0,28,28455.166415614687,28532.78696166684,experiment,FIFO,0.28,0,variant_1
8078,MOULDING_1,MOULDING_MACHINE_1,28465.52918006756,7.123923688435752,1,0.0,0.0,146.40930397546254,34,28465.52918006756,28611.93848404302,experiment,FIFO,0.28,0,variant_1
8078,ASSEMBLY_1_1,LINE_1_ASSEMBLY1,28473.32189414736,7.792714079801954,2,7.792714079801954,7.792714079801954,138.61658989566058,32,28465.52918006756,28611.93848404302,experiment,FIFO,0.28,0,variant_1
8078,ASSEMBLY_2_1,ASSEMBLY2_LINE_1,28556.12954919046,16.24029841329684,3,82.80765504309966,90.60036912290161,55.808934852560924,25,28465.52918006756,28611.93848404302,experiment,FIFO,0.28,0,variant_1
8078,SORTING,SORTING_ROBOT_1,28599.11374356608,3.0777813629538286,4,42.984194375618245,133.58456349851986,12.82474047694268,33,28465.52918006756,28611.93848404302,experiment,FIFO,0.28,0,variant_1
8078,PACKAGING_2,PACKAGING_LINE_2,28603.224404900724,4.110661334645556,5,4.110661334645556,137.6952248331654,8.714079142297123,33,28465.52918006756,28611.93848404302,experiment,FIFO,0.28,0,variant_1
8078,INSPECTION_1_1,INSPECTION_1_1_LINE,28603.91844774657,0.6940428458474344,6,0.6940428458474344,138.38926767901285,8.020036296449689,33,28465.52918006756,28611.93848404302,experiment,FIFO,0.28,0,variant_1
8078,INSPECTION_1_2,INSPECTION_1_2_LINE,28604.80144507347,0.8829973268984759,7,0.8829973268984759,139.27226500591132,7.137038969551213,33,28465.52918006756,28611.93848404302,experiment,FIFO,0.28,0,variant_1
8078,INSPECTION_1_3,INSPECTION_1_3_LINE,28605.96071729584,1.1592722223685996,8,1.1592722223685996,140.43153722827992,5.9777667471826135,33,28465.52918006756,28611.93848404302,experiment,FIFO,0.28,0,variant_1
8078,INSPECTION_1_4,INSPECTION_1_4_LINE,28607.62056010214,1.6598428063007304,9,1.6598428063007304,142.09138003458065,4.317923940881883,31,28465.52918006756,28611.93848404302,experiment,FIFO,0.28,0,variant_1
8078,INSPECTION_1_5,INSPECTION_1_5_LINE,28607.626726517807,0.006166415667394176,10,0.006166415667394176,142.09754645024805,4.311757525214489,31,28465.52918006756,28611.93848404302,experiment,FIFO,0.28,0,variant_1
8078,INSPECTION_1_6,INSPECTION_1_6_LINE,28611.27443198465,3.6477054668430355,11,3.6477054668430355,145.74525191709108,0.6640520583714533,32,28465.52918006756,28611.93848404302,experiment,FIFO,0.28,0,variant_1
8078,INSPECTION_1_7,INSPECTION_1_7_LINE,28611.93848404302,0.6640520583714533,12,0.6640520583714533,146.40930397546254,0.0,31,28465.52918006756,28611.93848404302,experiment,FIFO,0.28,0,variant_1
8079,MOULDING_2,MOULDING_MACHINE_2,28465.71470319525,2.715070559490414,1,0.0,0.0,182.69118805363905,35,28465.71470319525,28648.40589124889,experiment,FIFO,0.28,0,variant_2
8079,ASSEMBLY_1_4,LINE_4_ASSEMBLY1,28500.98795881116,6.861837620137521,2,35.273255615909875,35.273255615909875,147.41793243772918,31,28465.71470319525,28648.40589124889,experiment,FIFO,0.28,0,variant_2
8079,ASSEMBLY_2_1,ASSEMBLY2_LINE_1,28576.71820473579,2.008067832324741,3,75.73024592462752,111.0035015405374,71.68768651310165,31,28465.71470319525,28648.40589124889,experiment,FIFO,0.28,0,variant_2
8079,SORTING,SORTING_ROBOT_1,28622.90790388529,0.2013989428342029,4,46.18969914950139,157.1932006900388,25.49798736360026,32,28465.71470319525,28648.40589124889,experiment,FIFO,0.28,0,variant_2
8079,PACKAGING_2,PACKAGING_LINE_2,28628.6934026387,5.785498753408319,5,5.785498753408319,162.9786994434471,19.71248861019194,32,28465.71470319525,28648.40589124889,experiment,FIFO,0.28,0,variant_2
8079,INSPECTION_2_1,INSPECTION_2_1_LINE,28630.37531774969,0.5379944152082317,6,1.6819151109921222,164.66061455443923,18.030573499199818,34,28465.71470319525,28648.40589124889,experiment,FIFO,0.28,0,variant_2
8079,INSPECTION_2_2,INSPECTION_2_2_LINE,28635.404363542417,0.7694747549357999,7,5.02904579272581,169.68966034716505,13.001527706474008,36,28465.71470319525,28648.40589124889,experiment,FIFO,0.28,0,variant_2
8079,INSPECTION_2_3,INSPECTION_2_3_LINE,28635.90603913756,0.5016755951437517,8,0.5016755951437517,170.1913359423088,12.499852111330256,36,28465.71470319525,28648.40589124889,experiment,FIFO,0.28,0,variant_2
8079,INSPECTION_2_4,INSPECTION_2_4_LINE,28639.631571074777,0.05370783412581659,9,3.7255319372161466,173.91686787952494,8.77432017411411,35,28465.71470319525,28648.40589124889,experiment,FIFO,0.28,0,variant_2
8079,INSPECTION_2_5,INSPECTION_2_5_LINE,28643.478156842688,1.9496296885736228,10,3.846585767911165,177.7634536474361,4.927734406202944,36,28465.71470319525,28648.40589124889,experiment,FIFO,0.28,0,variant_2
8079,INSPECTION_2_6,INSPECTION_2_6_LINE,28646.45946778129,0.1324716680246638,11,2.981310938601382,180.7447645860375,1.9464234676015622,37,28465.71470319525,28648.40589124889,experiment,FIFO,0.28,0,variant_2
8079,INSPECTION_2_7,INSPECTION_2_7_LINE,28648.40589124889,1.4246097710165486,12,1.9464234676015622,182.69118805363905,0.0,36,28465.71470319525,28648.40589124889,experiment,FIFO,0.28,0,variant_2
8080,MOULDING_4,MOULDING_MACHINE_4,28468.931047184666,1.6751949161844095,1,0.0,0.0,128.1370752936382,36,28468.931047184666,28597.068122478304,experiment,FIFO,0.28,0,variant_5
8080,ASSEMBLY_1_4,LINE_4_ASSEMBLY1,28503.186461369256,2.198502558094333,2,34.255414184590336,34.255414184590336,93.88166110904785,30,28468.931047184666,28597.068122478304,experiment,FIFO,0.28,0,variant_5
8080,ASSEMBLY_2_2,ASSEMBLY2_LINE_2,28540.031743047937,0.11291469855495961,3,36.845281678681204,71.10069586327154,57.03637943036665,27,28468.931047184666,28597.068122478304,experiment,FIFO,0.28,0,variant_5
8080,SORTING,SORTING_ROBOT_1,28586.82633876957,2.0144293474913866,4,46.794595721632504,117.89529158490404,10.241783708734147,34,28468.931047184666,28597.068122478304,experiment,FIFO,0.28,0,variant_5
8080,PACKAGING_3,PACKAGING_LINE_3,28594.017517847773,7.191179078203277,5,7.191179078203277,125.08647066310732,3.05060463053087,34,28468.931047184666,28597.068122478304,experiment,FIFO,0.28,0,variant_5
8080,INSPECTION_1_1,INSPECTION_1_1_LINE,28594.1977152158,0.18019736802671105,6,0.18019736802671105,125.26666803113403,2.870407262504159,34,28468.931047184666,28597.068122478304,experiment,FIFO,0.28,0,variant_5
8080,INSPECTION_1_2,INSPECTION_1_2_LINE,28594.2964808778,0.09876566200182424,7,0.09876566200182424,125.36543369313586,2.7716416005023348,34,28468.931047184666,28597.068122478304,experiment,FIFO,0.28,0,variant_5
8080,INSPECTION_1_3,INSPECTION_1_3_LINE,28594.30825946384,0.011778586038417416,8,0.011778586038417416,125.37721227917427,2.7598630144639174,34,28468.931047184666,28597.068122478304,experiment,FIFO,0.28,0,variant_5
8080,INSPECTION_1_4,INSPECTION_1_4_LINE,28594.33775865568,0.02949919184175087,9,0.02949919184175087,125.40671147101602,2.7303638226221665,34,28468.931047184666,28597.068122478304,experiment,FIFO,0.28,0,variant_5
8080,INSPECTION_1_5,INSPECTION_1_5_LINE,28595.674898353514,1.3371396978327539,10,1.3371396978327539,126.74385116884878,1.3932241247894126,34,28468.931047184666,28597.068122478304,experiment,FIFO,0.28,0,variant_5
8080,INSPECTION_1_6,INSPECTION_1_6_LINE,28596.32153981496,0.6466414614442328,11,0.6466414614442328,127.39049263029301,0.7465826633451798,34,28468.931047184666,28597.068122478304,experiment,FIFO,0.28,0,variant_5
8080,INSPECTION_1_7,INSPECTION_1_7_LINE,28597.068122478304,0.7465826633451798,12,0.7465826633451798,128.1370752936382,0.0,33,28468.931047184666,28597.068122478304,experiment,FIFO,0.28,0,variant_5
8081,MOULDING_5,MOULDING_MACHINE_5,28481.180938674544,13.383200683139876,1,0.0,0.0,68.00837264622533,34,28481.180938674544,28549.18931132077,experiment,FIFO,0.28,0,variant_4
8081,ASSEMBLY_1_2,LINE_2_ASSEMBLY1,28481.842020029053,0.6610813545084966,2,0.6610813545084966,0.6610813545084966,67.34729129171683,34,28481.180938674544,28549.18931132077,experiment,FIFO,0.28,0,variant_4
8081,ASSEMBLY_2_2,ASSEMBLY2_LINE_2,28512.199528011137,2.127587829640106,3,30.357507982083916,31.018589336592413,36.98978330963291,28,28481.180938674544,28549.18931132077,experiment,FIFO,0.28,0,variant_4
8081,SORTING,SORTING_ROBOT_1,28541.44126299806,0.31065224108533585,4,29.241734986924712,60.260324323517125,7.7480483227082,26,28481.180938674544,28549.18931132077,experiment,FIFO,0.28,0,variant_4
8081,PACKAGING_1,PACKAGING_LINE_1,28544.328243036,2.886980037939793,5,2.886980037939793,63.14730436145692,4.8610682847684075,26,28481.180938674544,28549.18931132077,experiment,FIFO,0.28,0,variant_4
8081,INSPECTION_1_1,INSPECTION_1_1_LINE,28545.26983464828,0.941591612277989,6,0.941591612277989,64.0888959737349,3.9194766724904184,27,28481.180938674544,28549.18931132077,experiment,FIFO,0.28,0,variant_4
8081,INSPECTION_1_2,INSPECTION_1_2_LINE,28545.393204865,0.12337021671919501,7,0.12337021671919501,64.2122661904541,3.7961064557712234,27,28481.180938674544,28549.18931132077,experiment,FIFO,0.28,0,variant_4
8081,INSPECTION_1_3,INSPECTION_1_3_LINE,28547.212822945712,1.8196180807135534,8,1.8196180807135534,66.03188427116766,1.97648837505767,27,28481.180938674544,28549.18931132077,experiment,FIFO,0.28,0,variant_4
8081,INSPECTION_1_4,INSPECTION_1_4_LINE,28547.696385032952,0.4835620872399886,9,0.4835620872399886,66.51544635840764,1.4929262878176814,27,28481.180938674544,28549.18931132077,experiment,FIFO,0.28,0,variant_4
8081,INSPECTION_1_5,INSPECTION_1_5_LINE,28548.34165143722,0.6452664042662946,10,0.6452664042662946,67.16071276267394,0.8476598835513869,27,28481.180938674544,28549.18931132077,experiment,FIFO,0.28,0,variant_4
8081,INSPECTION_1_6,INSPECTION_1_6_LINE,28549.11332271087,0.771671273651009,11,0.771671273651009,67.93238403632495,0.07598860990037792,27,28481.180938674544,28549.18931132077,experiment,FIFO,0.28,0,variant_4
8081,INSPECTION_1_7,INSPECTION_1_7_LINE,28549.18931132077,0.07598860990037792,12,0.07598860990037792,68.00837264622533,0.0,26,28481.180938674544,28549.18931132077,experiment,FIFO,0.28,0,variant_4
8082,MOULDING_1,MOULDING_MACHINE_1,28480.18247414489,11.64592153787089,1,0.0,0.0,159.6072050645198,33,28480.18247414489,28639.78967920941,experiment,FIFO,0.28,0,variant_1
8082,ASSEMBLY_1_5,LINE_5_ASSEMBLY1,28500.934410223577,20.751936078686413,2,20.751936078686413,20.751936078686413,138.8552689858334,31,28480.18247414489,28639.78967920941,experiment,FIFO,0.28,0,variant_1
8082,ASSEMBLY_2_1,ASSEMBLY2_LINE_1,28574.710136903464,3.128392292983335,3,73.77572667988716,94.52766275857357,65.07954230594623,30,28480.18247414489,28639.78967920941,experiment,FIFO,0.28,0,variant_1
8082,SORTING,SORTING_ROBOT_1,28622.706504942456,9.65094537756886,4,47.99636803899193,142.5240307975655,17.083174266954302,32,28480.18247414489,28639.78967920941,experiment,FIFO,0.28,0,variant_1
8082,PACKAGING_1,PACKAGING_LINE_1,28626.250663480805,3.544158538348711,5,3.544158538348711,146.0681893359142,13.539015728605591,31,28480.18247414489,28639.78967920941,experiment,FIFO,0.28,0,variant_1
8082,INSPECTION_2_1,INSPECTION_2_1_LINE,28627.07038026089,0.8197167800863099,6,0.8197167800863099,146.88790611600052,12.719298948519281,31,28480.18247414489,28639.78967920941,experiment,FIFO,0.28,0,variant_1
8082,INSPECTION_2_2,INSPECTION_2_2_LINE,28627.42637861004,0.03059269263758324,7,0.35599834914683015,147.24390446514735,12.363300599372451,32,28480.18247414489,28639.78967920941,experiment,FIFO,0.28,0,variant_1
8082,INSPECTION_2_3,INSPECTION_2_3_LINE,28630.01955948296,0.3403220113796124,8,2.5931808729219483,149.8370853380693,9.770119726450503,34,28480.18247414489,28639.78967920941,experiment,FIFO,0.28,0,variant_1
8082,INSPECTION_2_4,INSPECTION_2_4_LINE,28637.89290313929,0.8546498704745318,9,7.8733436563306896,157.7104289944,1.896776070119813,36,28480.18247414489,28639.78967920941,experiment,FIFO,0.28,0,variant_1
8082,INSPECTION_2_5,INSPECTION_2_5_LINE,28639.11061300144,1.2177098621505138,10,1.2177098621505138,158.9281388565505,0.6790662079692993,35,28480.18247414489,28639.78967920941,experiment,FIFO,0.28,0,variant_1
8082,INSPECTION_2_6,INSPECTION_2_6_LINE,28639.1117666919,0.0011536904603417497,11,0.0011536904603417497,158.92929254701085,0.6779125175089575,35,28480.18247414489,28639.78967920941,experiment,FIFO,0.28,0,variant_1
8082,INSPECTION_2_7,INSPECTION_2_7_LINE,28639.78967920941,0.6779125175089575,12,0.6779125175089575,159.6072050645198,0.0,34,28480.18247414489,28639.78967920941,experiment,FIFO,0.28,0,variant_1
8083,MOULDING_2,MOULDING_MACHINE_2,28473.566367259456,4.235504211010266,1,0.0,0.0,81.57222246261153,33,28473.566367259456,28555.138589722068,experiment,FIFO,0.28,0,variant_2
8083,ASSEMBLY_1_1,LINE_1_ASSEMBLY1,28473.762786100764,0.19641884130760445,2,0.19641884130760445,0.19641884130760445,81.37580362130393,33,28473.566367259456,28555.138589722068,experiment,FIFO,0.28,0,variant_2
8083,ASSEMBLY_2_2,ASSEMBLY2_LINE_2,28509.99276215229,2.8895559340271575,3,36.229976051527046,36.42639489283465,45.145827569776884,28,28473.566367259456,28555.138589722068,experiment,FIFO,0.28,0,variant_2
8083,SORTING,SORTING_ROBOT_1,28539.45072824532,9.029421140920022,4,29.457966093028517,65.88436098586317,15.687861476748367,27,28473.566367259456,28555.138589722068,experiment,FIFO,0.28,0,variant_2
8083,PACKAGING_3,PACKAGING_LINE_3,28547.062873499846,7.612145254526695,5,7.612145254526695,73.49650624038986,8.075716222221672,27,28473.566367259456,28555.138589722068,experiment,FIFO,0.28,0,variant_2
8083,INSPECTION_1_1,INSPECTION_1_1_LINE,28547.259383547127,0.1965100472807535,6,0.1965100472807535,73.69301628767062,7.879206174940919,27,28473.566367259456,28555.138589722068,experiment,FIFO,0.28,0,variant_2
8083,INSPECTION_1_2,INSPECTION_1_2_LINE,28547.6824728629,0.2568868699745508,7,0.4230893157728133,74.11610560344343,7.456116859168105,27,28473.566367259456,28555.138589722068,experiment,FIFO,0.28,0,variant_2
8083,INSPECTION_1_3,INSPECTION_1_3_LINE,28548.01007731833,0.32760445542953676,8,0.32760445542953676,74.44371005887297,7.1285124037385685,27,28473.566367259456,28555.138589722068,experiment,FIFO,0.28,0,variant_2
8083,INSPECTION_1_4,INSPECTION_1_4_LINE,28551.63830378573,1.523016224065941,9,3.628226467400964,78.07193652627393,3.5002859363376047,26,28473.566367259456,28555.138589722068,experiment,FIFO,0.28,0,variant_2
8083,INSPECTION_1_5,INSPECTION_1_5_LINE,28552.147975785472,0.5096719997418404,10,0.5096719997418404,78.58160852601577,2.9906139365957642,26,28473.566367259456,28555.138589722068,experiment,FIFO,0.28,0,variant_2
8083,INSPECTION_1_6,INSPECTION_1_6_LINE,28554.496758991205,1.183505061424512,11,2.348783205732616,80.93039173174839,0.6418307308631483,26,28473.566367259456,28555.138589722068,experiment,FIFO,0.28,0,variant_2
8083,INSPECTION_1_7,INSPECTION_1_7_LINE,28555.138589722068,0.6418307308631483,12,0.6418307308631483,81.57222246261153,0.0,25,28473.566367259456,28555.138589722068,experiment,FIFO,0.28,0,variant_2
8084,MOULDING_2,MOULDING_MACHINE_2,28477.270049832103,3.109367748584191,1,0.0,0.0,147.0425299474664,33,28477.270049832103,28624.31257977957,experiment,FIFO,0.28,0,variant_2
8084,ASSEMBLY_1_3,LINE_3_ASSEMBLY1,28477.98202259044,0.7119727583376516,2,0.7119727583376516,0.7119727583376516,146.33055718912874,33,28477.270049832103,28624.31257977957,experiment,FIFO,0.28,0,variant_2
8084,ASSEMBLY_2_1,ASSEMBLY2_LINE_1,28567.48945301254,11.359903822078195,3,89.50743042209797,90.21940318043562,56.82312676703077,28,28477.270049832103,28624.31257977957,experiment,FIFO,0.28,0,variant_2
8084,SORTING,SORTING_ROBOT_1,28602.5783439597,3.4646003936213674,4,35.08889094716142,125.30829412759704,21.734235819869355,33,28477.270049832103,28624.31257977957,experiment,FIFO,0.28,0,variant_2
8084,PACKAGING_1,PACKAGING_LINE_1,28610.66719918632,8.088855226618762,5,8.088855226618762,133.3971493542158,13.645380593250593,32,28477.270049832103,28624.31257977957,experiment,FIFO,0.28,0,variant_2
8084,INSPECTION_1_1,INSPECTION_1_1_LINE,28614.15217409201,3.48497490569207,6,3.48497490569207,136.88212425990787,10.160405687558523,32,28477.270049832103,28624.31257977957,experiment,FIFO,0.28,0,variant_2
8084,INSPECTION_1_1,INSPECTION_1_1_LINE,28614.48994636271,0.3377722707009525,7,0.3377722707009525,137.21989653060882,9.82263341685757,31,28477.270049832103,28624.31257977957,experiment,FIFO,0.28,0,variant_2
8084,INSPECTION_1_2,INSPECTION_1_2_LINE,28618.11743646731,3.6274901045981096,8,3.6274901045981096,140.84738663520693,6.195143312259461,31,28477.270049832103,28624.31257977957,experiment,FIFO,0.28,0,variant_2
8084,INSPECTION_1_3,INSPECTION_1_3_LINE,28620.19797668045,2.080540213140921,9,2.080540213140921,142.92792684834785,4.11460309911854,32,28477.270049832103,28624.31257977957,experiment,FIFO,0.28,0,variant_2
8084,INSPECTION_1_4,INSPECTION_1_4_LINE,28620.37295166243,0.17497498197917594,10,0.17497498197917594,143.10290183032703,3.939628117139364,32,28477.270049832103,28624.31257977957,experiment,FIFO,0.28,0,variant_2
8084,INSPECTION_1_5,INSPECTION_1_5_LINE,28621.075879609525,0.7029279470953043,11,0.7029279470953043,143.80582977742233,3.2367001700440596,31,28477.270049832103,28624.31257977957,experiment,FIFO,0.28,0,variant_2
8084,INSPECTION_1_6,INSPECTION_1_6_LINE,28621.769697139986,0.6938175304603647,12,0.6938175304603647,144.4996473078827,2.542882639583695,32,28477.270049832103,28624.31257977957,experiment,FIFO,0.28,0,variant_2
8084,INSPECTION_1_7,INSPECTION_1_7_LINE,28624.31257977957,2.542882639583695,13,2.542882639583695,147.0425299474664,0.0,31,28477.270049832103,28624.31257977957,experiment,FIFO,0.28,0,variant_2
8085,MOULDING_3,MOULDING_MACHINE_3,28482.442426648264,6.4184527650686505,1,0.0,0.0,143.5330513335066,35,28482.442426648264,28625.97547798177,experiment,FIFO,0.28,0,variant_5
8085,ASSEMBLY_1_1,LINE_1_ASSEMBLY1,28482.767174445184,0.32474779691983713,2,0.32474779691983713,0.32474779691983713,143.20830353658675,35,28482.442426648264,28625.97547798177,experiment,FIFO,0.28,0,variant_5
8085,ASSEMBLY_2_1,ASSEMBLY2_LINE_1,28568.39055145935,0.2873339430188935,3,85.62337701416618,85.94812481108602,57.584926522420574,28,28482.442426648264,28625.97547798177,experiment,FIFO,0.28,0,variant_5
8085,SORTING,SORTING_ROBOT_1,28608.19831736862,4.608108029289724,4,39.80776590927053,125.75589072035655,17.777160613150045,31,28482.442426648264,28625.97547798177,experiment,FIFO,0.28,0,variant_5
8085,PACKAGING_2,PACKAGING_LINE_2,28614.899867516564,6.701550147943635,5,6.701550147943635,132.45744086830018,11.07561046520641,31,28482.442426648264,28625.97547798177,experiment,FIFO,0.28,0,variant_5
8085,INSPECTION_1_1,INSPECTION_1_1_LINE,28616.021567512234,1.1216999956704967,6,1.1216999956704967,133.57914086397068,9.953910469535913,31,28482.442426648264,28625.97547798177,experiment,FIFO,0.28,0,variant_5
8085,INSPECTION_1_2,INSPECTION_1_2_LINE,28618.75006111316,0.6326246458520473,7,2.7284936009273224,136.307634464898,7.2254168686085904,32,28482.442426648264,28625.97547798177,experiment,FIFO,0.28,0,variant_5
8085,INSPECTION_1_3,INSPECTION_1_3_LINE,28620.480285125293,0.2823084448427835,8,1.7302240121316572,138.03785847702966,5.495192856476933,32,28482.442426648264,28625.97547798177,experiment,FIFO,0.28,0,variant_5
8085,INSPECTION_1_4,INSPECTION_1_4_LINE,28622.141437603943,1.6611524786494556,9,1.6611524786494556,139.6990109556791,3.8340403778274776,32,28482.442426648264,28625.97547798177,experiment,FIFO,0.28,0,variant_5
8085,INSPECTION_1_4,INSPECTION_1_4_LINE,28622.225010771483,0.08357316753972555,10,0.08357316753972555,139.78258412321884,3.750467210287752,32,28482.442426648264,28625.97547798177,experiment,FIFO,0.28,0,variant_5
8085,INSPECTION_1_5,INSPECTION_1_5_LINE,28624.988105920867,2.7630951493847533,11,2.7630951493847533,142.5456792726036,0.9873720609029988,32,28482.442426648264,28625.97547798177,experiment,FIFO,0.28,0,variant_5
8085,INSPECTION_1_6,INSPECTION_1_6_LINE,28625.33714088396,0.3490349630919809,12,0.3490349630919809,142.89471423569557,0.6383370978110179,32,28482.442426648264,28625.97547798177,experiment,FIFO,0.28,0,variant_5
8085,INSPECTION_1_7,INSPECTION_1_7_LINE,28625.97547798177,0.6383370978110179,13,0.6383370978110179,143.5330513335066,0.0,31,28482.442426648264,28625.97547798177,experiment,FIFO,0.28,0,variant_5
8086,MOULDING_3,MOULDING_MACHINE_3,28491.56634071795,9.12391406968527,1,0.0,0.0,108.01733844316914,33,28491.56634071795,28599.58367916112,experiment,FIFO,0.28,0,variant_4
8086,ASSEMBLY_1_4,LINE_4_ASSEMBLY1,28512.3140985938,9.127637224544742,2,20.747757875851676,20.747757875851676,87.26958056731746,28,28491.56634071795,28599.58367916112,experiment,FIFO,0.28,0,variant_4
8086,ASSEMBLY_2_2,ASSEMBLY2_LINE_2,28546.66373944733,6.631996399391937,3,34.3496408535284,55.097398729380075,52.91993971378906,27,28491.56634071795,28599.58367916112,experiment,FIFO,0.28,0,variant_4
8086,SORTING,SORTING_ROBOT_1,28588.24021352308,1.413874753510754,4,41.57647407575132,96.6738728051314,11.343465638037742,33,28491.56634071795,28599.58367916112,experiment,FIFO,0.28,0,variant_4
8086,PACKAGING_1,PACKAGING_LINE_1,28593.933526714,5.69331319092089,5,5.69331319092089,102.36718599605229,5.650152447116852,34,28491.56634071795,28599.58367916112,experiment,FIFO,0.28,0,variant_4
8086,INSPECTION_2_1,INSPECTION_2_1_LINE,28595.810130192232,1.876603478231118,6,1.876603478231118,104.2437894742834,3.773548968885734,34,28491.56634071795,28599.58367916112,experiment,FIFO,0.28,0,variant_4
8086,INSPECTION_2_2,INSPECTION_2_2_LINE,28596.52706450357,0.7169343113382638,7,0.7169343113382638,104.96072378562167,3.0566146575474704,34,28491.56634071795,28599.58367916112,experiment,FIFO,0.28,0,variant_4
8086,INSPECTION_2_3,INSPECTION_2_3_LINE,28596.756993237825,0.22992873425391736,8,0.22992873425391736,105.19065251987558,2.826685923293553,34,28491.56634071795,28599.58367916112,experiment,FIFO,0.28,0,variant_4
8086,INSPECTION_2_4,INSPECTION_2_4_LINE,28597.21526173704,0.45826849921650137,9,0.45826849921650137,105.64892101909209,2.3684174240770517,33,28491.56634071795,28599.58367916112,experiment,FIFO,0.28,0,variant_4
8086,INSPECTION_2_5,INSPECTION_2_5_LINE,28597.27681024332,0.061548506277176784,10,0.061548506277176784,105.71046952536926,2.306868917799875,33,28491.56634071795,28599.58367916112,experiment,FIFO,0.28,0,variant_4
8086,INSPECTION_2_6,INSPECTION_2_6_LINE,28597.713701081266,0.43689083794743055,11,0.43689083794743055,106.1473603633167,1.8699780798524444,33,28491.56634071795,28599.58367916112,experiment,FIFO,0.28,0,variant_4
8086,INSPECTION_2_7,INSPECTION_2_7_LINE,28599.58367916112,1.8699780798524444,12,1.8699780798524444,108.01733844316914,0.0,32,28491.56634071795,28599.58367916112,experiment,FIFO,0.28,0,variant_4
8087,MOULDING_1,MOULDING_MACHINE_1,28492.4487182536,6.833121911487979,1,0.0,0.0,97.81836465142624,33,28492.4487182536,28590.267082905026,experiment,FIFO,0.28,0,variant_2
8087,ASSEMBLY_1_1,LINE_1_ASSEMBLY1,28492.872133409008,0.4234151554082928,2,0.4234151554082928,0.4234151554082928,97.39494949601794,33,28492.4487182536,28590.267082905026,experiment,FIFO,0.28,0,variant_2
8087,ASSEMBLY_2_2,ASSEMBLY2_LINE_2,28539.918828349382,20.40009822079446,3,47.04669494037444,47.47011009578273,50.34825455564351,27,28492.4487182536,28590.267082905026,experiment,FIFO,0.28,0,variant_2
8087,SORTING,SORTING_ROBOT_1,28584.81190942208,22.654595471052744,4,44.89308107269608,92.3631911684788,5.45517348294743,34,28492.4487182536,28590.267082905026,experiment,FIFO,0.28,0,variant_2
8087,PACKAGING_2,PACKAGING_LINE_2,28586.157266033813,1.345356611735042,5,1.345356611735042,93.70854778021385,4.109816871212388,34,28492.4487182536,28590.267082905026,experiment,FIFO,0.28,0,variant_2
8087,INSPECTION_2_1,INSPECTION_2_1_LINE,28586.913926794263,0.7566607604494493,6,0.7566607604494493,94.4652085406633,3.3531561107629386,34,28492.4487182536,28590.267082905026,experiment,FIFO,0.28,0,variant_2
8087,INSPECTION_2_2,INSPECTION_2_2_LINE,28587.83207301314,0.9181462188789737,7,0.9181462188789737,95.38335475954227,2.435009891883965,34,28492.4487182536,28590.267082905026,experiment,FIFO,0.28,0,variant_2
8087,INSPECTION_2_3,INSPECTION_2_3_LINE,28588.432807735964,0.6007347228223807,8,0.6007347228223807,95.98408948236465,1.8342751690615842,33,28492.4487182536,28590.267082905026,experiment,FIFO,0.28,0,variant_2
8087,INSPECTION_2_4,INSPECTION_2_4_LINE,28588.750203153,0.31739541703427676,9,0.31739541703427676,96.30148489939893,1.5168797520273074,33,28492.4487182536,28590.267082905026,experiment,FIFO,0.28,0,variant_2
8087,INSPECTION_2_5,INSPECTION_2_5_LINE,28588.8775823581,0.12737920510335243,10,0.12737920510335243,96.42886410450228,1.389500546923955,33,28492.4487182536,28590.267082905026,experiment,FIFO,0.28,0,variant_2
8087,INSPECTION_2_6,INSPECTION_2_6_LINE,28589.74736438313,0.8697820250272343,11,0.8697820250272343,97.29864612952952,0.5197185218967206,33,28492.4487182536,28590.267082905026,experiment,FIFO,0.28,0,variant_2
8087,INSPECTION_2_7,INSPECTION_2_7_LINE,28590.267082905026,0.5197185218967206,12,0.5197185218967206,97.81836465142624,0.0,32,28492.4487182536,28590.267082905026,experiment,FIFO,0.28,0,variant_2
8088,MOULDING_2,MOULDING_MACHINE_2,28494.2320874485,2.717856063572981,1,0.0,0.0,112.93021807862897,33,28494.2320874485,28607.16230552713,experiment,FIFO,0.28,0,variant_2
8088,ASSEMBLY_1_4,LINE_4_ASSEMBLY1,28513.89496012762,1.5808615338210075,2,19.662872679120483,19.662872679120483,93.26734539950849,28,28494.2320874485,28607.16230552713,experiment,FIFO,0.28,0,variant_2
8088,ASSEMBLY_2_2,ASSEMBLY2_LINE_2,28547.4682201826,0.8044807352707721,3,33.573260054978164,53.236132734098646,59.69408534453032,27,28494.2320874485,28607.16230552713,experiment,FIFO,0.28,0,variant_2
8088,SORTING,SORTING_ROBOT_1,28590.29351965786,2.053306134777813,4,42.82529947525836,96.06143220935701,16.86878586927196,32,28494.2320874485,28607.16230552713,experiment,FIFO,0.28,0,variant_2
8088,PACKAGING_3,PACKAGING_LINE_3,28596.91563732543,2.898119477657019,5,6.622117667571729,102.68354987692874,10.246668201700231,34,28494.2320874485,28607.16230552713,experiment,FIFO,0.28,0,variant_2
8088,INSPECTION_1_1,INSPECTION_1_1_LINE,28597.22050173638,0.30486441095126793,6,0.30486441095126793,102.98841428788,9.941803790748963,33,28494.2320874485,28607.16230552713,experiment,FIFO,0.28,0,variant_2
8088,INSPECTION_1_2,INSPECTION_1_2_LINE,28597.28123314925,0.06073141286833561,7,0.06073141286833561,103.04914570074834,9.881072377880628,33,28494.2320874485,28607.16230552713,experiment,FIFO,0.28,0,variant_2
8088,INSPECTION_1_3,INSPECTION_1_3_LINE,28603.034379824512,3.439386722409836,8,5.753146675262542,108.80229237601088,4.127925702618086,33,28494.2320874485,28607.16230552713,experiment,FIFO,0.28,0,variant_2
8088,INSPECTION_1_4,INSPECTION_1_4_LINE,28603.07553476593,0.04115494141660747,9,0.04115494141660747,108.84344731742749,4.086770761201478,33,28494.2320874485,28607.16230552713,experiment,FIFO,0.28,0,variant_2
8088,INSPECTION_1_5,INSPECTION_1_5_LINE,28605.13099637664,2.0554616107110633,10,2.0554616107110633,110.89890892813855,2.031309150490415,33,28494.2320874485,28607.16230552713,experiment,FIFO,0.28,0,variant_2
8088,INSPECTION_1_6,INSPECTION_1_6_LINE,28606.441334757856,1.3103383812158427,11,1.3103383812158427,112.2092473093544,0.7209707692745724,33,28494.2320874485,28607.16230552713,experiment,FIFO,0.28,0,variant_2
8088,INSPECTION_1_7,INSPECTION_1_7_LINE,28607.16230552713,0.7209707692745724,12,0.7209707692745724,112.93021807862897,0.0,32,28494.2320874485,28607.16230552713,experiment,FIFO,0.28,0,variant_2
8089,MOULDING_3,MOULDING_MACHINE_3,28504.494594678643,1.1411143468430964,1,0.0,0.0,151.23237455774142,30,28504.494594678643,28655.726969236384,experiment,FIFO,0.28,0,variant_4
8089,ASSEMBLY_1_3,LINE_3_ASSEMBLY1,28510.63663022222,6.14203554357664,2,6.14203554357664,6.14203554357664,145.09033901416478,28,28504.494594678643,28655.726969236384,experiment,FIFO,0.28,0,variant_4
8089,ASSEMBLY_2_1,ASSEMBLY2_LINE_1,28604.52218992713,27.80398519134178,3,93.88555970491143,100.02759524848807,51.204779309253354,33,28504.494594678643,28655.726969236384,experiment,FIFO,0.28,0,variant_4
8089,SORTING,SORTING_ROBOT_1,28640.01262023409,3.729206704731041,4,35.49043030695975,135.51802555544782,15.714349002293602,34,28504.494594678643,28655.726969236384,experiment,FIFO,0.28,0,variant_4
8089,PACKAGING_1,PACKAGING_LINE_1,28642.80083384731,2.788213613217522,5,2.788213613217522,138.30623916866534,12.92613538907608,34,28504.494594678643,28655.726969236384,experiment,FIFO,0.28,0,variant_4
8089,INSPECTION_2_1,INSPECTION_2_1_LINE,28647.10961364206,2.2637332624726696,6,4.308779794751899,142.61501896341724,8.61735559432418,36,28504.494594678643,28655.726969236384,experiment,FIFO,0.28,0,variant_4
8089,INSPECTION_2_2,INSPECTION_2_2_LINE,28647.664766912658,0.555153270597657,7,0.555153270597657,143.1701722340149,8.062202323726524,36,28504.494594678643,28655.726969236384,experiment,FIFO,0.28,0,variant_4
8089,INSPECTION_2_3,INSPECTION_2_3_LINE,28647.707114357152,0.04234744449422578,8,0.04234744449422578,143.21251967850912,8.019854879232298,36,28504.494594678643,28655.726969236384,experiment,FIFO,0.28,0,variant_4
8089,INSPECTION_2_4,INSPECTION_2_4_LINE,28652.60346556015,0.9199843137648713,9,4.8963512029986305,148.10887088150776,3.1235036762336676,35,28504.494594678643,28655.726969236384,experiment,FIFO,0.28,0,variant_4
8089,INSPECTION_2_5,INSPECTION_2_5_LINE,28652.89382387953,0.2903583193801751,10,0.2903583193801751,148.39922920088793,2.8331453568534926,35,28504.494594678643,28655.726969236384,experiment,FIFO,0.28,0,variant_4
8089,INSPECTION_2_6,INSPECTION_2_6_LINE,28654.21361988173,1.3197960022007464,11,1.3197960022007464,149.71902520308868,1.5133493546527461,35,28504.494594678643,28655.726969236384,experiment,FIFO,0.28,0,variant_4
8089,INSPECTION_2_7,INSPECTION_2_7_LINE,28655.726969236384,1.5133493546527461,12,1.5133493546527461,151.23237455774142,0.0,36,28504.494594678643,28655.726969236384,experiment,FIFO,0.28,0,variant_4
8090,MOULDING_5,MOULDING_MACHINE_5,28523.113130607537,12.027185006325453,1,0.0,0.0,123.10667725411622,27,28523.113130607537,28646.219807861653,experiment,FIFO,0.28,0,variant_2
8090,ASSEMBLY_1_2,LINE_2_ASSEMBLY1,28536.2703670246,12.559502388969122,2,13.157236417064269,13.157236417064269,109.94944083705195,28,28523.113130607537,28646.219807861653,experiment,FIFO,0.28,0,variant_2
8090,ASSEMBLY_2_2,ASSEMBLY2_LINE_2,28580.81205650641,3.1953705959276704,3,44.541689481808135,57.6989258988724,65.40775135524382,31,28523.113130607537,28646.219807861653,experiment,FIFO,0.28,0,variant_2
8090,SORTING,SORTING_ROBOT_1,28624.28212823945,0.28129659697879106,4,43.47007173304155,101.16899763191395,21.937679622202268,32,28523.113130607537,28646.219807861653,experiment,FIFO,0.28,0,variant_2
8090,PACKAGING_1,PACKAGING_LINE_1,28627.100040063186,0.8493765823805006,5,2.817911823734903,103.98690945564886,19.119767798467365,31,28523.113130607537,28646.219807861653,experiment,FIFO,0.28,0,variant_2
8090,INSPECTION_2_1,INSPECTION_2_1_LINE,28629.56471508252,2.464675019335118,6,2.464675019335118,106.45158447498397,16.655092779132247,33,28523.113130607537,28646.219807861653,experiment,FIFO,0.28,0,variant_2
8090,INSPECTION_2_2,INSPECTION_2_2_LINE,28632.839831962465,3.2751168799441075,7,3.2751168799441075,109.72670135492808,13.379975899188139,36,28523.113130607537,28646.219807861653,experiment,FIFO,0.28,0,variant_2
8090,INSPECTION_2_3,INSPECTION_2_3_LINE,28633.38013353142,0.5403015689553285,8,0.5403015689553285,110.26700292388341,12.83967433023281,36,28523.113130607537,28646.219807861653,experiment,FIFO,0.28,0,variant_2
8090,INSPECTION_2_4,INSPECTION_2_4_LINE,28637.910165935853,0.017262796562135918,9,4.530032404432859,114.79703532831627,8.309641925799951,36,28523.113130607537,28646.219807861653,experiment,FIFO,0.28,0,variant_2
8090,INSPECTION_2_5,INSPECTION_2_5_LINE,28641.527954150304,2.4173411488627607,10,3.6177882144511386,118.41482354276741,4.691853711348813,34,28523.113130607537,28646.219807861653,experiment,FIFO,0.28,0,variant_2
8090,INSPECTION_2_6,INSPECTION_2_6_LINE,28645.55555178349,4.027597633186815,11,4.027597633186815,122.44242117595422,0.6642560781619977,37,28523.113130607537,28646.219807861653,experiment,FIFO,0.28,0,variant_2
8090,INSPECTION_2_7,INSPECTION_2_7_LINE,28646.219807861653,0.6642560781619977,12,0.6642560781619977,123.10667725411622,0.0,37,28523.113130607537,28646.219807861653,experiment,FIFO,0.28,0,variant_2
8091,MOULDING_4,MOULDING_MACHINE_4,28521.33016784644,10.015029374480946,1,0.0,0.0,83.30315980349769,26,28521.33016784644,28604.63332764994,experiment,FIFO,0.28,0,variant_4
8091,ASSEMBLY_1_2,LINE_2_ASSEMBLY1,28523.710864635632,2.3806967891905515,2,2.3806967891905515,2.3806967891905515,80.92246301430714,27,28521.33016784644,28604.63332764994,experiment,FIFO,0.28,0,variant_4
8091,ASSEMBLY_2_2,ASSEMBLY2_LINE_2,28548.495272130272,1.0270519476725894,3,24.784407494640618,27.16510428383117,56.13805551966652,27,28521.33016784644,28604.63332764994,experiment,FIFO,0.28,0,variant_4
8091,SORTING,SORTING_ROBOT_1,28591.822546900465,1.5290272426063893,4,43.32727477019216,70.49237905402333,12.810780749474361,33,28521.33016784644,28604.63332764994,experiment,FIFO,0.28,0,variant_4
8091,PACKAGING_1,PACKAGING_LINE_1,28595.93079751261,1.9972707986089517,5,4.108250612145639,74.60062966616897,8.702530137328722,34,28521.33016784644,28604.63332764994,experiment,FIFO,0.28,0,variant_4
8091,INSPECTION_1_1,INSPECTION_1_1_LINE,28596.06613970045,0.13534218784116092,6,0.13534218784116092,74.73597185401013,8.567187949487561,34,28521.33016784644,28604.63332764994,experiment,FIFO,0.28,0,variant_4
8091,INSPECTION_1_2,INSPECTION_1_2_LINE,28597.13067454136,1.064534840908891,7,1.064534840908891,75.80050669491902,7.50265310857867,33,28521.33016784644,28604.63332764994,experiment,FIFO,0.28,0,variant_4
8091,INSPECTION_1_3,INSPECTION_1_3_LINE,28599.594993102102,2.464318560741958,8,2.464318560741958,78.26482525566098,5.038334547836712,32,28521.33016784644,28604.63332764994,experiment,FIFO,0.28,0,variant_4
8091,INSPECTION_1_4,INSPECTION_1_4_LINE,28600.87679996168,1.2818068595770455,9,1.2818068595770455,79.54663211523803,3.7565276882596663,32,28521.33016784644,28604.63332764994,experiment,FIFO,0.28,0,variant_4
8091,INSPECTION_1_5,INSPECTION_1_5_LINE,28601.46984913946,0.5930491777799034,10,0.5930491777799034,80.13968129301793,3.163478510479763,32,28521.33016784644,28604.63332764994,experiment,FIFO,0.28,0,variant_4
8091,INSPECTION_1_6,INSPECTION_1_6_LINE,28604.282756403965,2.812907264506066,11,2.812907264506066,82.952588557524,0.35057124597369693,33,28521.33016784644,28604.63332764994,experiment,FIFO,0.28,0,variant_4
8091,INSPECTION_1_7,INSPECTION_1_7_LINE,28604.63332764994,0.35057124597369693,12,0.35057124597369693,83.30315980349769,0.0,32,28521.33016784644,28604.63332764994,experiment,FIFO,0.28,0,variant_4
8092,MOULDING_4,MOULDING_MACHINE_4,28524.188784201622,2.8586163551808568,1,0.0,0.0,134.9690955250262,28,28524.188784201622,28659.15787972665,experiment,FIFO,0.28,0,variant_3
8092,ASSEMBLY_1_1,LINE_1_ASSEMBLY1,28530.535069258767,6.346285057144996,2,6.346285057144996,6.346285057144996,128.6228104678812,30,28524.188784201622,28659.15787972665,experiment,FIFO,0.28,0,variant_3
8092,ASSEMBLY_2_1,ASSEMBLY2_LINE_1,28614.34008513356,9.817895206429966,3,83.80501587479375,90.15130093193875,44.817794593087456,31,28524.188784201622,28659.15787972665,experiment,FIFO,0.28,0,variant_3
8092,SORTING,SORTING_ROBOT_1,28649.80422348567,0.42909752533887513,4,35.46413835210842,125.61543928404717,9.353656240979035,35,28524.188784201622,28659.15787972665,experiment,FIFO,0.28,0,variant_3
8092,PACKAGING_1,PACKAGING_LINE_1,28651.39832193238,1.5940984467124508,5,1.5940984467124508,127.20953773075962,7.759557794266584,35,28524.188784201622,28659.15787972665,experiment,FIFO,0.28,0,variant_3
8092,INSPECTION_2_1,INSPECTION_2_1_LINE,28651.99298872509,0.5946667927091767,6,0.5946667927091767,127.8042045234688,7.164891001557407,35,28524.188784201622,28659.15787972665,experiment,FIFO,0.28,0,variant_3
8092,INSPECTION_2_2,INSPECTION_2_2_LINE,28655.889238645457,3.8962499203662446,7,3.8962499203662446,131.70045444383504,3.268641081191163,36,28524.188784201622,28659.15787972665,experiment,FIFO,0.28,0,variant_3
8092,INSPECTION_2_3,INSPECTION_2_3_LINE,28656.120138215192,0.2308995697349019,8,0.2308995697349019,131.93135401356994,3.037741511456261,36,28524.188784201622,28659.15787972665,experiment,FIFO,0.28,0,variant_3
8092,INSPECTION_2_4,INSPECTION_2_4_LINE,28657.784861778466,1.6647235632735828,9,1.6647235632735828,133.59607757684353,1.373017948182678,36,28524.188784201622,28659.15787972665,experiment,FIFO,0.28,0,variant_3
8092,INSPECTION_2_5,INSPECTION_2_5_LINE,28658.73603082432,0.9511690458530211,10,0.9511690458530211,134.54724662269655,0.421848902329657,37,28524.188784201622,28659.15787972665,experiment,FIFO,0.28,0,variant_3
8092,INSPECTION_2_6,INSPECTION_2_6_LINE,28658.98856121164,0.2525303873226221,11,0.2525303873226221,134.79977701001917,0.16931851500703488,37,28524.188784201622,28659.15787972665,experiment,FIFO,0.28,0,variant_3
8092,INSPECTION_2_7,INSPECTION_2_7_LINE,28659.15787972665,0.16931851500703488,12,0.16931851500703488,134.9690955250262,0.0,36,28524.188784201622,28659.15787972665,experiment,FIFO,0.28,0,variant_3
8093,MOULDING_4,MOULDING_MACHINE_4,28525.06608735101,0.8773031493874441,1,0.0,0.0,82.23797937291965,28,28525.06608735101,28607.30406672393,experiment,FIFO,0.28,0,variant_6
8093,ASSEMBLY_1_5,LINE_5_ASSEMBLY1,28527.48841129036,2.4223239393504628,2,2.4223239393504628,2.4223239393504628,79.81565543356919,29,28525.06608735101,28607.30406672393,experiment,FIFO,0.28,0,variant_6
8093,ASSEMBLY_2_2,ASSEMBLY2_LINE_2,28552.40592088092,3.910648750646942,3,24.917509590559348,27.33983352990981,54.89814584300984,26,28525.06608735101,28607.30406672393,experiment,FIFO,0.28,0,variant_6
8093,SORTING,SORTING_ROBOT_1,28596.035962203125,4.213415302659996,4,43.630041322205216,70.96987485211503,11.268104520804627,34,28525.06608735101,28607.30406672393,experiment,FIFO,0.28,0,variant_6
8093,PACKAGING_3,PACKAGING_LINE_3,28600.05956831979,3.1439309943598346,5,4.023606116665178,74.9934809687802,7.244498404139449,32,28525.06608735101,28607.30406672393,experiment,FIFO,0.28,0,variant_6
8093,INSPECTION_2_1,INSPECTION_2_1_LINE,28600.23849429253,0.17892597274112632,6,0.17892597274112632,75.17240694152133,7.065572431398323,32,28525.06608735101,28607.30406672393,experiment,FIFO,0.28,0,variant_6
8093,INSPECTION_2_2,INSPECTION_2_2_LINE,28602.52882579755,2.290331505020731,7,2.290331505020731,77.46273844654206,4.775240926377592,33,28525.06608735101,28607.30406672393,experiment,FIFO,0.28,0,variant_6
8093,INSPECTION_2_3,INSPECTION_2_3_LINE,28604.57421236815,2.0453865705967473,8,2.0453865705967473,79.50812501713881,2.7298543557808443,33,28525.06608735101,28607.30406672393,experiment,FIFO,0.28,0,variant_6
8093,INSPECTION_2_4,INSPECTION_2_4_LINE,28605.5032259847,0.9290136165509466,9,0.9290136165509466,80.43713863368976,1.8008407392298977,33,28525.06608735101,28607.30406672393,experiment,FIFO,0.28,0,variant_6
8093,INSPECTION_2_5,INSPECTION_2_5_LINE,28606.88985240828,1.38662642358031,10,1.38662642358031,81.82376505727007,0.41421431564958766,33,28525.06608735101,28607.30406672393,experiment,FIFO,0.28,0,variant_6
8093,INSPECTION_2_6,INSPECTION_2_6_LINE,28607.276529309733,0.38667690145302913,11,0.38667690145302913,82.2104419587231,0.02753741419655853,32,28525.06608735101,28607.30406672393,experiment,FIFO,0.28,0,variant_6
8093,INSPECTION_2_7,INSPECTION_2_7_LINE,28607.30406672393,0.02753741419655853,12,0.02753741419655853,82.23797937291965,0.0,31,28525.06608735101,28607.30406672393,experiment,FIFO,0.28,0,variant_6
8094,MOULDING_4,MOULDING_MACHINE_4,28525.81799095876,0.7519036077501369,1,0.0,0.0,94.75422738546695,29,28525.81799095876,28620.572218344227,experiment,FIFO,0.28,0,variant_1
8094,ASSEMBLY_1_3,LINE_3_ASSEMBLY1,28530.014220432964,4.196229474204301,2,4.196229474204301,4.196229474204301,90.55799791126265,30,28525.81799095876,28620.572218344227,experiment,FIFO,0.28,0,variant_1
8094,ASSEMBLY_2_2,ASSEMBLY2_LINE_2,28568.64113695818,16.235216077260702,3,38.626916525216075,42.823145999420376,51.93108138604657,28,28525.81799095876,28620.572218344227,experiment,FIFO,0.28,0,variant_1
8094,SORTING,SORTING_ROBOT_1,28609.163870972352,0.9655536037316779,4,40.522734014171874,83.34588001359225,11.408347371874697,32,28525.81799095876,28620.572218344227,experiment,FIFO,0.28,0,variant_1
8094,PACKAGING_1,PACKAGING_LINE_1,28611.63428456261,0.9670853762909246,5,2.4704135902575217,85.81629360384977,8.937933781617176,32,28525.81799095876,28620.572218344227,experiment,FIFO,0.28,0,variant_1
8094,INSPECTION_2_1,INSPECTION_2_1_LINE,28612.93185827044,1.297573707830452,6,1.297573707830452,87.11386731168022,7.640360073786724,31,28525.81799095876,28620.572218344227,experiment,FIFO,0.28,0,variant_1
8094,INSPECTION_2_2,INSPECTION_2_2_LINE,28614.45900769228,1.5271494218395674,7,1.5271494218395674,88.64101673351979,6.113210651947156,31,28525.81799095876,28620.572218344227,experiment,FIFO,0.28,0,variant_1
8094,INSPECTION_2_3,INSPECTION_2_3_LINE,28616.43131945433,1.9723117620487756,8,1.9723117620487756,90.61332849556857,4.140898889898381,31,28525.81799095876,28620.572218344227,experiment,FIFO,0.28,0,variant_1
8094,INSPECTION_2_4,INSPECTION_2_4_LINE,28617.34474708387,0.9134276295408199,9,0.9134276295408199,91.52675612510939,3.227471260357561,31,28525.81799095876,28620.572218344227,experiment,FIFO,0.28,0,variant_1
8094,INSPECTION_2_5,INSPECTION_2_5_LINE,28619.387867577345,2.043120493475726,10,2.043120493475726,93.56987661858511,1.1843507668818347,32,28525.81799095876,28620.572218344227,experiment,FIFO,0.28,0,variant_1
8094,INSPECTION_2_6,INSPECTION_2_6_LINE,28620.33546800841,0.9476004310636199,11,0.9476004310636199,94.51747704964873,0.2367503358182148,32,28525.81799095876,28620.572218344227,experiment,FIFO,0.28,0,variant_1
8094,INSPECTION_2_7,INSPECTION_2_7_LINE,28620.572218344227,0.2367503358182148,12,0.2367503358182148,94.75422738546695,0.0,31,28525.81799095876,28620.572218344227,experiment,FIFO,0.28,0,variant_1
8095,MOULDING_1,MOULDING_MACHINE_1,28529.18923175759,7.569661783101765,1,0.0,0.0,117.7920497202831,30,28529.18923175759,28646.981281477874,experiment,FIFO,0.28,0,variant_4
8095,ASSEMBLY_1_3,LINE_3_ASSEMBLY1,28533.588827277585,3.5746068446205754,2,4.399595519993454,4.399595519993454,113.39245420028965,28,28529.18923175759,28646.981281477874,experiment,FIFO,0.28,0,variant_4
8095,ASSEMBLY_2_2,ASSEMBLY2_LINE_2,28577.61668591048,5.661633764811995,3,44.02785863289682,48.42745415289028,69.36459556739283,31,28529.18923175759,28646.981281477874,experiment,FIFO,0.28,0,variant_4
8095,SORTING,SORTING_ROBOT_1,28624.000831642472,1.0929277571813145,4,46.38414573199043,94.8115998848807,22.980449835402396,32,28529.18923175759,28646.981281477874,experiment,FIFO,0.28,0,variant_4
8095,PACKAGING_3,PACKAGING_LINE_3,28628.66450394456,4.663672302089253,5,4.663672302089253,99.47527218696996,18.316777533313143,32,28529.18923175759,28646.981281477874,experiment,FIFO,0.28,0,variant_4
8095,INSPECTION_2_1,INSPECTION_2_1_LINE,28629.837323334483,0.27260825196208316,6,1.1728193899216421,100.6480915768916,17.1439581433915,34,28529.18923175759,28646.981281477874,experiment,FIFO,0.28,0,variant_4
8095,INSPECTION_2_2,INSPECTION_2_2_LINE,28634.63488878748,1.7950568250162178,7,4.797565452998242,105.44565702988984,12.346392690393259,36,28529.18923175759,28646.981281477874,experiment,FIFO,0.28,0,variant_4
8095,INSPECTION_2_3,INSPECTION_2_3_LINE,28635.32358143817,0.6886926506886084,8,0.6886926506886084,106.13434968057845,11.65770003970465,36,28529.18923175759,28646.981281477874,experiment,FIFO,0.28,0,variant_4
8095,INSPECTION_2_4,INSPECTION_2_4_LINE,28639.57786324065,1.6676973047979118,9,4.254281802481273,110.38863148305973,7.403418237223377,35,28529.18923175759,28646.981281477874,experiment,FIFO,0.28,0,variant_4
8095,INSPECTION_2_5,INSPECTION_2_5_LINE,28641.528527154114,0.0005730038101319224,10,1.9506639134633588,112.33929539652308,5.4527543237600185,34,28529.18923175759,28646.981281477874,experiment,FIFO,0.28,0,variant_4
8095,INSPECTION_2_6,INSPECTION_2_6_LINE,28646.326996113265,0.771444329773658,11,4.798468959150341,117.13776435567343,0.6542853646096773,37,28529.18923175759,28646.981281477874,experiment,FIFO,0.28,0,variant_4
8095,INSPECTION_2_7,INSPECTION_2_7_LINE,28646.981281477874,0.6542853646096773,12,0.6542853646096773,117.7920497202831,0.0,36,28529.18923175759,28646.981281477874,experiment,FIFO,0.28,0,variant_4
8096,MOULDING_5,MOULDING_MACHINE_5,28524.381945534675,1.2688149271380098,1,0.0,0.0,112.74275642278371,29,28524.381945534675,28637.12470195746,experiment,FIFO,0.28,0,variant_4
8096,ASSEMBLY_1_1,LINE_1_ASSEMBLY1,28532.61285181868,2.07778255991434,2,8.230906284006778,8.230906284006778,104.51185013877694,29,28524.381945534675,28637.12470195746,experiment,FIFO,0.28,0,variant_4
8096,ASSEMBLY_2_2,ASSEMBLY2_LINE_2,28571.95505214567,3.3139151874893287,3,39.34220032698795,47.57310661099473,65.16964981178899,29,28524.381945534675,28637.12470195746,experiment,FIFO,0.28,0,variant_4
8096,SORTING,SORTING_ROBOT_1,28613.055559564888,3.578036924573098,4,41.10050741921805,88.67361403021278,24.06914239257094,31,28524.381945534675,28637.12470195746,experiment,FIFO,0.28,0,variant_4
8096,PACKAGING_1,PACKAGING_LINE_1,28619.23804780444,6.182488239552185,5,6.182488239552185,94.85610226976496,17.886654153018753,32,28524.381945534675,28637.12470195746,experiment,FIFO,0.28,0,variant_4
8096,INSPECTION_2_1,INSPECTION_2_1_LINE,28621.466670468897,2.2286226644573617,6,2.2286226644573617,97.08472493422232,15.658031488561392,31,28524.381945534675,28637.12470195746,experiment,FIFO,0.28,0,variant_4
8096,INSPECTION_2_2,INSPECTION_2_2_LINE,28626.94892588807,5.48225541917418,7,5.48225541917418,102.5669803533965,10.175776069387211,31,28524.381945534675,28637.12470195746,experiment,FIFO,0.28,0,variant_4
8096,INSPECTION_2_3,INSPECTION_2_3_LINE,28627.40388266513,0.45495677705912385,8,0.45495677705912385,103.02193713045563,9.720819292328088,32,28524.381945534675,28637.12470195746,experiment,FIFO,0.28,0,variant_4
8096,INSPECTION_2_4,INSPECTION_2_4_LINE,28634.97670055908,7.572817893949832,9,7.572817893949832,110.59475502440546,2.1480013983782555,36,28524.381945534675,28637.12470195746,experiment,FIFO,0.28,0,variant_4
8096,INSPECTION_2_5,INSPECTION_2_5_LINE,28635.10710483503,0.13040427595115034,10,0.13040427595115034,110.72515930035661,2.017597122427105,36,28524.381945534675,28637.12470195746,experiment,FIFO,0.28,0,variant_4
8096,INSPECTION_2_6,INSPECTION_2_6_LINE,28635.41533568361,0.30823084857911454,11,0.30823084857911454,111.03339014893572,1.7093662738479907,36,28524.381945534675,28637.12470195746,experiment,FIFO,0.28,0,variant_4
8096,INSPECTION_2_7,INSPECTION_2_7_LINE,28637.12470195746,1.7093662738479907,12,1.7093662738479907,112.74275642278371,0.0,35,28524.381945534675,28637.12470195746,experiment,FIFO,0.28,0,variant_4
8097,MOULDING_4,MOULDING_MACHINE_4,28556.80630186576,30.988310906999686,1,0.0,0.0,103.7564892920418,26,28556.80630186576,28660.5627911578,experiment,FIFO,0.28,0,variant_2
8097,ASSEMBLY_1_1,LINE_1_ASSEMBLY1,28576.15038336264,19.3440814968817,2,19.3440814968817,19.3440814968817,84.4124077951601,31,28556.80630186576,28660.5627911578,experiment,FIFO,0.28,0,variant_2
8097,ASSEMBLY_2_2,ASSEMBLY2_LINE_2,28611.198928967984,9.96130640287447,3,35.04854560534295,54.39262710222465,49.363862189817155,32,28556.80630186576,28660.5627911578,experiment,FIFO,0.28,0,variant_2
8097,SORTING,SORTING_ROBOT_1,28644.940565008,4.927944773909985,4,33.7416360400166,88.13426314224125,15.622226149800554,37,28556.80630186576,28660.5627911578,experiment,FIFO,0.28,0,variant_2
8097,PACKAGING_1,PACKAGING_LINE_1,28649.009550931736,4.068985923735454,5,4.068985923735454,92.2032490659767,11.5532402260651,36,28556.80630186576,28660.5627911578,experiment,FIFO,0.28,0,variant_2
8097,INSPECTION_1_1,INSPECTION_1_1_LINE,28651.129129760226,2.119578828489466,6,2.119578828489466,94.32282789446617,9.433661397575634,35,28556.80630186576,28660.5627911578,experiment,FIFO,0.28,0,variant_2
8097,INSPECTION_1_2,INSPECTION_1_2_LINE,28653.79594316212,2.666813401894615,7,2.666813401894615,96.98964129636079,6.766847995681019,35,28556.80630186576,28660.5627911578,experiment,FIFO,0.28,0,variant_2
8097,INSPECTION_1_3,INSPECTION_1_3_LINE,28656.142203232845,2.3462600707243837,8,2.3462600707243837,99.33590136708517,4.420587924956635,36,28556.80630186576,28660.5627911578,experiment,FIFO,0.28,0,variant_2
8097,INSPECTION_1_4,INSPECTION_1_4_LINE,28657.586500579942,1.444297347097745,9,1.444297347097745,100.78019871418292,2.97629057785889,36,28556.80630186576,28660.5627911578,experiment,FIFO,0.28,0,variant_2
8097,INSPECTION_1_5,INSPECTION_1_5_LINE,28657.98134345328,0.394842873338348,10,0.394842873338348,101.17504158752126,2.581447704520542,36,28556.80630186576,28660.5627911578,experiment,FIFO,0.28,0,variant_2
8097,INSPECTION_1_6,INSPECTION_1_6_LINE,28658.0515078126,0.07016435932018794,11,0.07016435932018794,101.24520594684145,2.5112833452003542,36,28556.80630186576,28660.5627911578,experiment,FIFO,0.28,0,variant_2
8097,INSPECTION_1_7,INSPECTION_1_7_LINE,28660.5627911578,2.5112833452003542,12,2.5112833452003542,103.7564892920418,0.0,35,28556.80630186576,28660.5627911578,experiment,FIFO,0.28,0,variant_2
8098,MOULDING_3,MOULDING_MACHINE_3,28537.80747248164,1.7100372314453125,1,0.0,0.0,111.9350673079316,29,28537.80747248164,28649.74253978957,experiment,FIFO,0.28,0,variant_6
8098,ASSEMBLY_1_5,LINE_5_ASSEMBLY1,28541.83447185049,4.026999368848919,2,4.026999368848919,4.026999368848919,107.90806793908268,26,28537.80747248164,28649.74253978957,experiment,FIFO,0.28,0,variant_6
8098,ASSEMBLY_2_2,ASSEMBLY2_LINE_2,28581.598168952947,0.7861124465380271,3,39.763697102458536,43.790696471307456,68.14437083662415,32,28537.80747248164,28649.74253978957,experiment,FIFO,0.28,0,variant_6
8098,SORTING,SORTING_ROBOT_1,28629.284474679844,5.002346440393012,4,47.686305726896535,91.47700219820399,20.458065109727613,32,28537.80747248164,28649.74253978957,experiment,FIFO,0.28,0,variant_6
8098,PACKAGING_3,PACKAGING_LINE_3,28635.943319767044,6.658845087200461,5,6.658845087200461,98.13584728540445,13.799220022527152,36,28537.80747248164,28649.74253978957,experiment,FIFO,0.28,0,variant_6
8098,INSPECTION_2_1,INSPECTION_2_1_LINE,28636.049963961355,0.10664419431122951,6,0.10664419431122951,98.24249147971568,13.692575828215922,36,28537.80747248164,28649.74253978957,experiment,FIFO,0.28,0,variant_6
8098,INSPECTION_2_2,INSPECTION_2_2_LINE,28639.454795829963,3.404831868607289,7,3.404831868607289,101.64732334832297,10.287743959608633,35,28537.80747248164,28649.74253978957,experiment,FIFO,0.28,0,variant_6
8098,INSPECTION_2_3,INSPECTION_2_3_LINE,28641.106704324444,1.6519084944811766,8,1.6519084944811766,103.29923184280415,8.635835465127457,34,28537.80747248164,28649.74253978957,experiment,FIFO,0.28,0,variant_6
8098,INSPECTION_2_4,INSPECTION_2_4_LINE,28642.89700432017,1.7902999957259453,9,1.7902999957259453,105.08953183853009,6.845535469401511,34,28537.80747248164,28649.74253978957,experiment,FIFO,0.28,0,variant_6
8098,INSPECTION_2_5,INSPECTION_2_5_LINE,28644.01256756363,0.5344107209421054,10,1.1155632434602012,106.2050950819903,5.72997222594131,37,28537.80747248164,28649.74253978957,experiment,FIFO,0.28,0,variant_6
8098,INSPECTION_2_6,INSPECTION_2_6_LINE,28646.55155861043,0.09209082914094324,11,2.53899104680022,108.74408612879051,3.1909811791410903,37,28537.80747248164,28649.74253978957,experiment,FIFO,0.28,0,variant_6
8098,INSPECTION_2_7,INSPECTION_2_7_LINE,28649.74253978957,1.3366485406804713,12,3.1909811791410903,111.9350673079316,0.0,35,28537.80747248164,28649.74253978957,experiment,FIFO,0.28,0,variant_6
8099,MOULDING_1,MOULDING_MACHINE_1,28544.90993116164,7.21912394598985,1,0.0,0.0,107.7489126188957,27,28544.90993116164,28652.658843780537,experiment,FIFO,0.28,0,variant_1
8099,ASSEMBLY_1_3,LINE_3_ASSEMBLY1,28565.261236943512,20.351305781870906,2,20.351305781870906,20.351305781870906,87.3976068370248,29,28544.90993116164,28652.658843780537,experiment,FIFO,0.28,0,variant_1
8099,ASSEMBLY_2_2,ASSEMBLY2_LINE_2,28595.13757838637,13.539409433422406,3,29.876341442857665,50.22764722472857,57.52126539416713,34,28544.90993116164,28652.658843780537,experiment,FIFO,0.28,0,variant_1
8099,SORTING,SORTING_ROBOT_1,28635.93077150913,6.6462968292871665,4,40.793193122761295,91.02084034748987,16.728072271405836,36,28544.90993116164,28652.658843780537,experiment,FIFO,0.28,0,variant_1
8099,PACKAGING_3,PACKAGING_LINE_3,28642.57803810091,6.634718333865749,5,6.647266591779044,97.66810693926891,10.080805679626792,34,28544.90993116164,28652.658843780537,experiment,FIFO,0.28,0,variant_1
8099,INSPECTION_2_1,INSPECTION_2_1_LINE,28644.845880379587,2.2678422786775627,6,2.2678422786775627,99.93594921794647,7.812963400949229,37,28544.90993116164,28652.658843780537,experiment,FIFO,0.28,0,variant_1
8099,INSPECTION_2_2,INSPECTION_2_2_LINE,28645.1588603663,0.3129799867128895,7,0.3129799867128895,100.24892920465936,7.49998341423634,37,28544.90993116164,28652.658843780537,experiment,FIFO,0.28,0,variant_1
8099,INSPECTION_2_3,INSPECTION_2_3_LINE,28646.292325256123,1.1334648898227897,8,1.1334648898227897,101.38239409448215,6.36651852441355,37,28544.90993116164,28652.658843780537,experiment,FIFO,0.28,0,variant_1
8099,INSPECTION_2_4,INSPECTION_2_4_LINE,28651.683481246386,5.391155990262632,9,5.391155990262632,106.77355008474478,0.9753625341509178,35,28544.90993116164,28652.658843780537,experiment,FIFO,0.28,0,variant_1
8099,INSPECTION_2_5,INSPECTION_2_5_LINE,28652.25336735546,0.5698861090750142,10,0.5698861090750142,107.3434361938198,0.40547642507590353,35,28544.90993116164,28652.658843780537,experiment,FIFO,0.28,0,variant_1
8099,INSPECTION_2_6,INSPECTION_2_6_LINE,28652.39844265253,0.14507529707043432,11,0.14507529707043432,107.48851149089023,0.2604011280054692,35,28544.90993116164,28652.658843780537,experiment,FIFO,0.28,0,variant_1
8099,INSPECTION_2_7,INSPECTION_2_7_LINE,28652.658843780537,0.2604011280054692,12,0.2604011280054692,107.7489126188957,0.0,34,28544.90993116164,28652.658843780537,experiment,FIFO,0.28,0,variant_1
8100,MOULDING_3,MOULDING_MACHINE_3,28553.92421840951,3.793145508680027,1,0.0,0.0,117.96261780579152,26,28553.92421840951,28671.8868362153,experiment,FIFO,0.28,0,variant_5
8100,ASSEMBLY_1_2,LINE_2_ASSEMBLY1,28568.500132734127,14.57591432461777,2,14.57591432461777,14.57591432461777,103.38670348117375,28,28553.92421840951,28671.8868362153,experiment,FIFO,0.28,0,variant_5
8100,ASSEMBLY_2_1,ASSEMBLY2_LINE_1,28619.10257829369,4.762493160127633,3,50.6024455595616,65.17835988417937,52.78425792161215,32,28553.92421840951,28671.8868362153,experiment,FIFO,0.28,0,variant_5
8100,SORTING,SORTING_ROBOT_1,28651.722820627387,0.5921485634680721,4,32.620242333698116,97.79860221787749,20.164015587914037,35,28553.92421840951,28671.8868362153,experiment,FIFO,0.28,0,variant_5
8100,PACKAGING_1,PACKAGING_LINE_1,28665.378399770085,11.087672460751492,5,13.655579142698116,111.4541813605756,6.508436445215921,37,28553.92421840951,28671.8868362153,experiment,FIFO,0.28,0,variant_5
8100,INSPECTION_1_1,INSPECTION_1_1_LINE,28666.206662641744,0.8282628716588079,6,0.8282628716588079,112.28244423223441,5.680173573557113,37,28553.92421840951,28671.8868362153,experiment,FIFO,0.28,0,variant_5
8100,INSPECTION_1_2,INSPECTION_1_2_LINE,28666.474550856616,0.26788821487207315,7,0.26788821487207315,112.55033244710648,5.41228535868504,37,28553.92421840951,28671.8868362153,experiment,FIFO,0.28,0,variant_5
8100,INSPECTION_1_3,INSPECTION_1_3_LINE,28668.703158482625,2.2286076260097616,8,2.2286076260097616,114.77894007311625,3.183677732675278,38,28553.92421840951,28671.8868362153,experiment,FIFO,0.28,0,variant_5
8100,INSPECTION_1_4,INSPECTION_1_4_LINE,28669.09963204962,0.39647356699424563,9,0.39647356699424563,115.17541364011049,2.7872041656810325,37,28553.92421840951,28671.8868362153,experiment,FIFO,0.28,0,variant_5
8100,INSPECTION_1_5,INSPECTION_1_5_LINE,28670.349479610195,1.2498475605752901,10,1.2498475605752901,116.42526120068578,1.5373566051057423,35,28553.92421840951,28671.8868362153,experiment,FIFO,0.28,0,variant_5
8100,INSPECTION_1_6,INSPECTION_1_6_LINE,28671.333435856308,0.983956246112939,11,0.983956246112939,117.40921744679872,0.5534003589928034,35,28553.92421840951,28671.8868362153,experiment,FIFO,0.28,0,variant_5
8100,INSPECTION_1_7,INSPECTION_1_7_LINE,28671.8868362153,0.5534003589928034,12,0.5534003589928034,117.96261780579152,0.0,34,28553.92421840951,28671.8868362153,experiment,FIFO,0.28,0,variant_5
8101,MOULDING_3,MOULDING_MACHINE_3,28562.53254305977,7.89837819416789,1,0.0,0.0,88.42101858053138,27,28562.53254305977,28650.9535616403,experiment,FIFO,0.28,0,variant_2
8101,ASSEMBLY_1_3,LINE_3_ASSEMBLY1,28571.727605513737,6.466368570225313,2,9.195062453967694,9.195062453967694,79.22595612656369,29,28562.53254305977,28650.9535616403,experiment,FIFO,0.28,0,variant_2
8101,ASSEMBLY_2_2,ASSEMBLY2_LINE_2,28601.23762256511,6.100044178740063,3,29.510017051372415,38.70507950534011,49.71593907519127,32,28562.53254305977,28650.9535616403,experiment,FIFO,0.28,0,variant_2
8101,SORTING,SORTING_ROBOT_1,28636.28341352936,0.35264202022881364,4,35.045790964250045,73.75087046959015,14.670148110941227,36,28562.53254305977,28650.9535616403,experiment,FIFO,0.28,0,variant_2
8101,PACKAGING_1,PACKAGING_LINE_1,28636.85448844216,0.571074912801123,5,0.571074912801123,74.32194538239128,14.099073198140104,36,28562.53254305977,28650.9535616403,experiment,FIFO,0.28,0,variant_2
8101,INSPECTION_2_1,INSPECTION_2_1_LINE,28639.164069680533,2.3095812383726297,6,2.3095812383726297,76.6315266207639,11.789491959767474,35,28562.53254305977,28650.9535616403,experiment,FIFO,0.28,0,variant_2
8101,INSPECTION_2_2,INSPECTION_2_2_LINE,28639.689306698205,0.23451086824206868,7,0.5252370176713157,77.15676363843522,11.264254942096159,35,28562.53254305977,28650.9535616403,experiment,FIFO,0.28,0,variant_2
8101,INSPECTION_2_3,INSPECTION_2_3_LINE,28641.10699763485,0.00029331040786928497,8,1.4176909366469772,78.5744545750822,9.846564005449181,34,28562.53254305977,28650.9535616403,experiment,FIFO,0.28,0,variant_2
8101,INSPECTION_2_4,INSPECTION_2_4_LINE,28643.30798130625,0.4109769860806409,9,2.200983671398717,80.77543824648092,7.645580334050464,35,28562.53254305977,28650.9535616403,experiment,FIFO,0.28,0,variant_2
8101,INSPECTION_2_5,INSPECTION_2_5_LINE,28645.44630904001,1.4337414763795095,10,2.13832773375907,82.91376598023999,5.507252600291395,37,28562.53254305977,28650.9535616403,experiment,FIFO,0.28,0,variant_2
8101,INSPECTION_2_6,INSPECTION_2_6_LINE,28646.99062053583,0.4390619254008925,11,1.5443114958216029,84.45807747606159,3.9629411044697918,36,28562.53254305977,28650.9535616403,experiment,FIFO,0.28,0,variant_2
8101,INSPECTION_2_7,INSPECTION_2_7_LINE,28650.9535616403,1.211021850729594,12,3.9629411044697918,88.42101858053138,0.0,35,28562.53254305977,28650.9535616403,experiment,FIFO,0.28,0,variant_2
8102,MOULDING_4,MOULDING_MACHINE_4,28569.359088671845,10.220687368484505,1,0.0,0.0,112.50464594475488,28,28569.359088671845,28681.8637346166,experiment,FIFO,0.28,0,variant_4
8102,ASSEMBLY_1_4,LINE_4_ASSEMBLY1,28588.82718566101,19.468096989166952,2,19.468096989166952,19.468096989166952,93.03654895558793,33,28569.359088671845,28681.8637346166,experiment,FIFO,0.28,0,variant_4
8102,ASSEMBLY_2_1,ASSEMBLY2_LINE_1,28639.824567643387,2.505737206705817,3,50.99738198237537,70.46547897154232,42.03916697321256,34,28569.359088671845,28681.8637346166,experiment,FIFO,0.28,0,variant_4
8102,SORTING,SORTING_ROBOT_1,28654.19095662027,0.7980609816477227,4,14.366388976883172,84.8318679484255,27.672777996329387,35,28569.359088671845,28681.8637346166,experiment,FIFO,0.28,0,variant_4
8102,PACKAGING_1,PACKAGING_LINE_1,28673.156089767253,7.777689997168636,5,18.965133146983135,103.79700109540863,8.707644849346252,32,28569.359088671845,28681.8637346166,experiment,FIFO,0.28,0,variant_4
8102,INSPECTION_1_1,INSPECTION_1_1_LINE,28674.61978770429,1.4636979370370682,6,1.4636979370370682,105.2606990324457,7.243946912309184,33,28569.359088671845,28681.8637346166,experiment,FIFO,0.28,0,variant_4
8102,INSPECTION_1_2,INSPECTION_1_2_LINE,28675.134273397405,0.5144856931146933,7,0.5144856931146933,105.7751847255604,6.729461219194491,33,28569.359088671845,28681.8637346166,experiment,FIFO,0.28,0,variant_4
8102,INSPECTION_1_2,INSPECTION_1_2_LINE,28676.1255721982,0.9912988007963577,8,0.9912988007963577,106.76648352635675,5.738162418398133,33,28569.359088671845,28681.8637346166,experiment,FIFO,0.28,0,variant_4
8102,INSPECTION_1_3,INSPECTION_1_3_LINE,28678.79335478139,0.8334678833452926,9,2.6677825831866357,109.43426610954339,3.0703798352114973,34,28569.359088671845,28681.8637346166,experiment,FIFO,0.28,0,variant_4
8102,INSPECTION_1_4,INSPECTION_1_4_LINE,28679.75323699808,0.9598822166917671,10,0.9598822166917671,110.39414832623515,2.11049761851973,34,28569.359088671845,28681.8637346166,experiment,FIFO,0.28,0,variant_4
8102,INSPECTION_1_5,INSPECTION_1_5_LINE,28679.88513945324,0.13190245515943388,11,0.13190245515943388,110.52605078139459,1.9785951633602963,34,28569.359088671845,28681.8637346166,experiment,FIFO,0.28,0,variant_4
8102,INSPECTION_1_6,INSPECTION_1_6_LINE,28680.32573801461,0.44059856137027964,12,0.44059856137027964,110.96664934276487,1.5379966019900166,35,28569.359088671845,28681.8637346166,experiment,FIFO,0.28,0,variant_4
8102,INSPECTION_1_7,INSPECTION_1_7_LINE,28681.8637346166,0.787234708568576,13,1.5379966019900166,112.50464594475488,0.0,34,28569.359088671845,28681.8637346166,experiment,FIFO,0.28,0,variant_4
8103,MOULDING_2,MOULDING_MACHINE_2,28563.538782882784,2.022136825224152,1,0.0,0.0,106.29722398907325,28,28563.538782882784,28669.836006871858,experiment,FIFO,0.28,0,variant_2
8103,ASSEMBLY_1_3,LINE_3_ASSEMBLY1,28593.429293792047,21.70168827831003,2,29.890510909262957,29.890510909262957,76.40671307981029,34,28563.538782882784,28669.836006871858,experiment,FIFO,0.28,0,variant_2
8103,ASSEMBLY_2_2,ASSEMBLY2_LINE_2,28618.628963236024,4.300454353342502,3,25.199669443976745,55.0901803532397,51.20704363583354,32,28563.538782882784,28669.836006871858,experiment,FIFO,0.28,0,variant_2
8103,SORTING,SORTING_ROBOT_1,28651.13067206392,1.3264485782492557,4,32.50170882789462,87.59188918113432,18.705334807938925,35,28563.538782882784,28669.836006871858,experiment,FIFO,0.28,0,variant_2
8103,PACKAGING_1,PACKAGING_LINE_1,28654.290727309333,2.8924053769515012,5,3.1600552454146964,90.75194442654902,15.545279562524229,35,28563.538782882784,28669.836006871858,experiment,FIFO,0.28,0,variant_2
8103,INSPECTION_1_1,INSPECTION_1_1_LINE,28657.42157337726,3.13084606792836,6,3.13084606792836,93.88279049447738,12.414433494595869,36,28563.538782882784,28669.836006871858,experiment,FIFO,0.28,0,variant_2
8103,INSPECTION_1_2,INSPECTION_1_2_LINE,28659.20704910162,1.7854757243585482,7,1.7854757243585482,95.66826621883592,10.62895777023732,36,28563.538782882784,28669.836006871858,experiment,FIFO,0.28,0,variant_2
8103,INSPECTION_1_3,INSPECTION_1_3_LINE,28661.9213903348,2.714341233178857,8,2.714341233178857,98.38260745201478,7.914616537058464,36,28563.538782882784,28669.836006871858,experiment,FIFO,0.28,0,variant_2
8103,INSPECTION_1_4,INSPECTION_1_4_LINE,28666.797081421493,4.8756910866941325,9,4.8756910866941325,103.25829853870891,3.0389254503643315,38,28563.538782882784,28669.836006871858,experiment,FIFO,0.28,0,variant_2
8103,INSPECTION_1_5,INSPECTION_1_5_LINE,28667.68945165476,0.8923702332685934,10,0.8923702332685934,104.15066877197751,2.146555217095738,38,28563.538782882784,28669.836006871858,experiment,FIFO,0.28,0,variant_2
8103,INSPECTION_1_6,INSPECTION_1_6_LINE,28669.53696418622,1.847512531458051,11,1.847512531458051,105.99818130343556,0.2990426856376871,36,28563.538782882784,28669.836006871858,experiment,FIFO,0.28,0,variant_2
8103,INSPECTION_1_7,INSPECTION_1_7_LINE,28669.836006871858,0.2990426856376871,12,0.2990426856376871,106.29722398907325,0.0,35,28563.538782882784,28669.836006871858,experiment,FIFO,0.28,0,variant_2
8104,MOULDING_2,MOULDING_MACHINE_2,28564.17157033869,0.6327874559065094,1,0.0,0.0,142.09572444072546,29,28564.17157033869,28706.267294779416,experiment,FIFO,0.28,0,variant_6
8104,ASSEMBLY_1_3,LINE_3_ASSEMBLY1,28614.052971994188,20.62367820214058,2,49.88140165549703,49.88140165549703,92.21432278522843,32,28564.17157033869,28706.267294779416,experiment,FIFO,0.28,0,variant_6
8104,ASSEMBLY_2_1,ASSEMBLY2_LINE_1,28683.378845424424,6.818712599208084,3,69.32587343023624,119.20727508573327,22.88844935499219,33,28564.17157033869,28706.267294779416,experiment,FIFO,0.28,0,variant_6
8104,SORTING,SORTING_ROBOT_1,28692.11633386088,7.066428955262381,4,8.737488436454441,127.94476352218771,14.150960918537749,32,28564.17157033869,28706.267294779416,experiment,FIFO,0.28,0,variant_6
8104,PACKAGING_3,PACKAGING_LINE_3,28692.272588950327,0.1562550894486776,5,0.1562550894486776,128.1010186116364,13.994705829089071,32,28564.17157033869,28706.267294779416,experiment,FIFO,0.28,0,variant_6
8104,INSPECTION_2_1,INSPECTION_2_1_LINE,28694.255372028983,1.9827830786562117,6,1.9827830786562117,130.0838016902926,12.01192275043286,33,28564.17157033869,28706.267294779416,experiment,FIFO,0.28,0,variant_6
8104,INSPECTION_2_2,INSPECTION_2_2_LINE,28697.60422193919,0.15101130773837212,7,3.3488499102058995,133.4326516004985,8.66307284022696,34,28564.17157033869,28706.267294779416,experiment,FIFO,0.28,0,variant_6
8104,INSPECTION_2_3,INSPECTION_2_3_LINE,28700.098815397097,0.15390869848488364,8,2.494593457908195,135.9272450584067,6.168479382318765,35,28564.17157033869,28706.267294779416,experiment,FIFO,0.28,0,variant_6
8104,INSPECTION_2_4,INSPECTION_2_4_LINE,28700.9258863641,0.8270709670032375,9,0.8270709670032375,136.75431602540993,5.341408415315527,35,28564.17157033869,28706.267294779416,experiment,FIFO,0.28,0,variant_6
8104,INSPECTION_2_5,INSPECTION_2_5_LINE,28701.00163797692,0.07575161281783949,10,0.07575161281783949,136.83006763822777,5.265656802497688,35,28564.17157033869,28706.267294779416,experiment,FIFO,0.28,0,variant_6
8104,INSPECTION_2_6,INSPECTION_2_6_LINE,28702.43428029312,0.4718031820229953,11,1.4326423162019637,138.26270995442974,3.833014486295724,35,28564.17157033869,28706.267294779416,experiment,FIFO,0.28,0,variant_6
8104,INSPECTION_2_7,INSPECTION_2_7_LINE,28706.267294779416,1.6144500339505612,12,3.833014486295724,142.09572444072546,0.0,35,28564.17157033869,28706.267294779416,experiment,FIFO,0.28,0,variant_6
8105,MOULDING_3,MOULDING_MACHINE_3,28571.05085379712,4.534287214832148,1,0.0,0.0,101.39841712306588,29,28571.05085379712,28672.449270920188,experiment,FIFO,0.28,0,variant_6
8105,ASSEMBLY_1_5,LINE_5_ASSEMBLY1,28572.59317749533,1.5423236982096569,2,1.5423236982096569,1.5423236982096569,99.85609342485623,29,28571.05085379712,28672.449270920188,experiment,FIFO,0.28,0,variant_6
8105,ASSEMBLY_2_1,ASSEMBLY2_LINE_1,28635.35940254269,16.25682424900151,3,62.7662250473586,64.30854874556826,37.08986837749762,36,28571.05085379712,28672.449270920188,experiment,FIFO,0.28,0,variant_6
8105,SORTING,SORTING_ROBOT_1,28652.39970807329,0.6768874459048675,4,17.040305530601472,81.34885427616973,20.04956284689615,35,28571.05085379712,28672.449270920188,experiment,FIFO,0.28,0,variant_6
8105,PACKAGING_3,PACKAGING_LINE_3,28659.545641585424,5.784278494225873,5,7.145933512132615,88.49478778830235,12.903629334763536,36,28571.05085379712,28672.449270920188,experiment,FIFO,0.28,0,variant_6
8105,INSPECTION_2_1,INSPECTION_2_1_LINE,28661.10434243704,1.2845394831929298,6,1.5587008516158676,90.05348863991821,11.344928483147669,35,28571.05085379712,28672.449270920188,experiment,FIFO,0.28,0,variant_6
8105,INSPECTION_2_2,INSPECTION_2_2_LINE,28663.078412896142,1.9740704591022222,7,1.9740704591022222,92.02755909902044,9.370858024045447,36,28571.05085379712,28672.449270920188,experiment,FIFO,0.28,0,variant_6
8105,INSPECTION_2_3,INSPECTION_2_3_LINE,28665.43367999834,0.14333187436204753,8,2.3552671021971037,94.38282620121754,7.015590921848343,37,28571.05085379712,28672.449270920188,experiment,FIFO,0.28,0,variant_6
8105,INSPECTION_2_4,INSPECTION_2_4_LINE,28667.191739919344,0.39124064588395413,9,1.7580599210050423,96.14088612222258,5.257531000843301,37,28571.05085379712,28672.449270920188,experiment,FIFO,0.28,0,variant_6
8105,INSPECTION_2_5,INSPECTION_2_5_LINE,28667.569949800483,0.3782098811389005,10,0.3782098811389005,96.51909600336148,4.8793211197044,38,28571.05085379712,28672.449270920188,experiment,FIFO,0.28,0,variant_6
8105,INSPECTION_2_6,INSPECTION_2_6_LINE,28669.143835055103,0.38087872609321494,11,1.5738852546201088,98.09298125798159,3.3054358650842914,36,28571.05085379712,28672.449270920188,experiment,FIFO,0.28,0,variant_6
8105,INSPECTION_2_7,INSPECTION_2_7_LINE,28672.449270920188,3.3054358650842914,12,3.3054358650842914,101.39841712306588,0.0,32,28571.05085379712,28672.449270920188,experiment,FIFO,0.28,0,variant_6
8106,MOULDING_4,MOULDING_MACHINE_4,28590.562202871,21.203114199153788,1,0.0,0.0,90.51429703703252,33,28590.562202871,28681.07649990803,experiment,FIFO,0.28,0,variant_1
8106,ASSEMBLY_1_4,LINE_4_ASSEMBLY1,28600.645336549405,10.083133678406739,2,10.083133678406739,10.083133678406739,80.43116335862578,32,28590.562202871,28681.07649990803,experiment,FIFO,0.28,0,variant_1
8106,ASSEMBLY_2_1,ASSEMBLY2_LINE_1,28664.96201278913,18.120881308288517,3,64.31667623972317,74.3998099181299,16.114487118902616,37,28590.562202871,28681.07649990803,experiment,FIFO,0.28,0,variant_1
8106,SORTING,SORTING_ROBOT_1,28665.42328360908,0.4612708199529152,4,0.4612708199529152,74.86108073808282,15.653216298949701,37,28590.562202871,28681.07649990803,experiment,FIFO,0.28,0,variant_1
8106,PACKAGING_2,PACKAGING_LINE_2,28666.816106058403,0.085977618189645,5,1.3928224493211019,76.25390318740392,14.2603938496286,38,28590.562202871,28681.07649990803,experiment,FIFO,0.28,0,variant_1
8106,INSPECTION_1_1,INSPECTION_1_1_LINE,28667.114360067782,0.1043073287291918,6,0.2982540093798889,76.55215719678381,13.96213984024871,37,28590.562202871,28681.07649990803,experiment,FIFO,0.28,0,variant_1
8106,INSPECTION_1_2,INSPECTION_1_2_LINE,28670.52310221831,0.5043576926618698,7,3.408742150528269,79.96089934731208,10.553397689720441,35,28590.562202871,28681.07649990803,experiment,FIFO,0.28,0,variant_1
8106,INSPECTION_1_3,INSPECTION_1_3_LINE,28677.959886898043,7.436784679732227,8,7.436784679732227,87.3976840270443,3.116613009988214,34,28590.562202871,28681.07649990803,experiment,FIFO,0.28,0,variant_1
8106,INSPECTION_1_4,INSPECTION_1_4_LINE,28678.43648105023,0.4765941521873174,9,0.4765941521873174,87.87427817923162,2.6400188578008965,34,28590.562202871,28681.07649990803,experiment,FIFO,0.28,0,variant_1
8106,INSPECTION_1_5,INSPECTION_1_5_LINE,28678.473959317907,0.037478267677215626,10,0.037478267677215626,87.91175644690884,2.602540590123681,34,28590.562202871,28681.07649990803,experiment,FIFO,0.28,0,variant_1
8106,INSPECTION_1_6,INSPECTION_1_6_LINE,28679.582839838426,1.1088805205181416,11,1.1088805205181416,89.02063696742698,1.4936600696055393,34,28590.562202871,28681.07649990803,experiment,FIFO,0.28,0,variant_1
8106,INSPECTION_1_7,INSPECTION_1_7_LINE,28681.07649990803,1.4936600696055393,12,1.4936600696055393,90.51429703703252,0.0,35,28590.562202871,28681.07649990803,experiment,FIFO,0.28,0,variant_1
8107,MOULDING_5,MOULDING_MACHINE_5,28581.26025047885,9.694051635720825,1,0.0,0.0,93.29419996132856,32,28581.26025047885,28674.554450440177,experiment,FIFO,0.28,0,variant_4
8107,ASSEMBLY_1_2,LINE_2_ASSEMBLY1,28587.50663746671,6.246386987862934,2,6.246386987862934,6.246386987862934,87.04781297346562,34,28581.26025047885,28674.554450440177,experiment,FIFO,0.28,0,variant_4
8107,ASSEMBLY_2_1,ASSEMBLY2_LINE_1,28637.31883043668,1.9594278939912328,3,49.812192969970056,56.05857995783299,37.23562000349557,35,28581.26025047885,28674.554450440177,experiment,FIFO,0.28,0,variant_4
8107,SORTING,SORTING_ROBOT_1,28653.392895638623,0.9931875653310271,4,16.074065201941266,72.13264515977426,21.161554801554303,35,28581.26025047885,28674.554450440177,experiment,FIFO,0.28,0,variant_4
8107,PACKAGING_3,PACKAGING_LINE_3,28663.49162677836,3.9459851929350407,5,10.098731139736628,82.23137629951088,11.062823661817674,36,28581.26025047885,28674.554450440177,experiment,FIFO,0.28,0,variant_4
8107,INSPECTION_2_1,INSPECTION_2_1_LINE,28664.712653917653,1.221027139294165,6,1.221027139294165,83.45240343880505,9.84179652252351,37,28581.26025047885,28674.554450440177,experiment,FIFO,0.28,0,variant_4
8107,INSPECTION_2_2,INSPECTION_2_2_LINE,28669.5348827629,4.822228845245263,7,4.822228845245263,88.27463228405031,5.019567677278246,36,28581.26025047885,28674.554450440177,experiment,FIFO,0.28,0,variant_4
8107,INSPECTION_2_3,INSPECTION_2_3_LINE,28671.67098585212,2.1361030892221606,8,2.1361030892221606,90.41073537327247,2.8834645880560856,35,28581.26025047885,28674.554450440177,experiment,FIFO,0.28,0,variant_4
8107,INSPECTION_2_4,INSPECTION_2_4_LINE,28671.76267239836,0.09168654623863404,9,0.09168654623863404,90.50242191951111,2.7917780418174516,35,28581.26025047885,28674.554450440177,experiment,FIFO,0.28,0,variant_4
8107,INSPECTION_2_5,INSPECTION_2_5_LINE,28672.64203704772,0.8793646493613778,10,0.8793646493613778,91.38178656887249,1.9124133924560738,32,28581.26025047885,28674.554450440177,experiment,FIFO,0.28,0,variant_4
8107,INSPECTION_2_6,INSPECTION_2_6_LINE,28672.816247151004,0.17421010328325792,11,0.17421010328325792,91.55599667215574,1.7382032891728159,32,28581.26025047885,28674.554450440177,experiment,FIFO,0.28,0,variant_4
8107,INSPECTION_2_7,INSPECTION_2_7_LINE,28674.554450440177,1.7382032891728159,12,1.7382032891728159,93.29419996132856,0.0,33,28581.26025047885,28674.554450440177,experiment,FIFO,0.28,0,variant_4
8108,MOULDING_1,MOULDING_MACHINE_1,28573.051621335107,0.2015429709244927,1,0.0,0.0,142.1517455210742,30,28573.051621335107,28715.20336685618,experiment,FIFO,0.28,0,variant_3
8108,ASSEMBLY_1_3,LINE_3_ASSEMBLY1,28621.23547514074,7.182503146552335,2,48.18385380563268,48.18385380563268,93.96789171544151,31,28573.051621335107,28715.20336685618,experiment,FIFO,0.28,0,variant_3
8108,ASSEMBLY_2_1,ASSEMBLY2_LINE_1,28688.136144021337,4.757298596912733,3,66.90066888059664,115.08452268622932,27.06722283484487,34,28573.051621335107,28715.20336685618,experiment,FIFO,0.28,0,variant_3
8108,SORTING,SORTING_ROBOT_1,28699.0501887178,2.881227824029338,4,10.914044696462952,125.99856738269227,16.153178138381918,35,28573.051621335107,28715.20336685618,experiment,FIFO,0.28,0,variant_3
8108,PACKAGING_3,PACKAGING_LINE_3,28705.585152356813,6.534963639012858,5,6.534963639012858,132.53353102170513,9.61821449936906,36,28573.051621335107,28715.20336685618,experiment,FIFO,0.28,0,variant_3
8108,INSPECTION_1_1,INSPECTION_1_1_LINE,28706.006922507404,0.4217701505913283,6,0.4217701505913283,132.95530117229646,9.196444348777732,36,28573.051621335107,28715.20336685618,experiment,FIFO,0.28,0,variant_3
8108,INSPECTION_1_2,INSPECTION_1_2_LINE,28706.979508340668,0.97258583326402,7,0.97258583326402,133.92788700556048,8.223858515513712,35,28573.051621335107,28715.20336685618,experiment,FIFO,0.28,0,variant_3
8108,INSPECTION_1_3,INSPECTION_1_3_LINE,28709.63661285922,2.6571045185519324,8,2.6571045185519324,136.5849915241124,5.566753996961779,36,28573.051621335107,28715.20336685618,experiment,FIFO,0.28,0,variant_3
8108,INSPECTION_1_4,INSPECTION_1_4_LINE,28710.48674797112,0.8501351119011815,9,0.8501351119011815,137.4351266360136,4.716618885060598,35,28573.051621335107,28715.20336685618,experiment,FIFO,0.28,0,variant_3
8108,INSPECTION_1_5,INSPECTION_1_5_LINE,28713.23048128289,2.743733311770484,10,2.743733311770484,140.17885994778408,1.9728855732901138,35,28573.051621335107,28715.20336685618,experiment,FIFO,0.28,0,variant_3
8108,INSPECTION_1_6,INSPECTION_1_6_LINE,28714.90432718723,1.6738459043372131,11,1.6738459043372131,141.8527058521213,0.2990396689529007,35,28573.051621335107,28715.20336685618,experiment,FIFO,0.28,0,variant_3
8108,INSPECTION_1_7,INSPECTION_1_7_LINE,28715.20336685618,0.2990396689529007,12,0.2990396689529007,142.1517455210742,0.0,34,28573.051621335107,28715.20336685618,experiment,FIFO,0.28,0,variant_3
8109,MOULDING_5,MOULDING_MACHINE_5,28581.82316260012,0.5629121212732571,1,0.0,0.0,87.02160085925425,34,28581.82316260012,28668.844763459376,experiment,FIFO,0.28,0,variant_6
8109,ASSEMBLY_1_1,LINE_1_ASSEMBLY1,28586.654217596697,4.8310549965754035,2,4.8310549965754035,4.8310549965754035,82.19054586267885,34,28581.82316260012,28668.844763459376,experiment,FIFO,0.28,0,variant_6
8109,ASSEMBLY_2_2,ASSEMBLY2_LINE_2,28614.32850888268,2.967778419802926,3,27.67429128598451,32.50534628255991,54.51625457669434,31,28581.82316260012,28668.844763459376,experiment,FIFO,0.28,0,variant_6
8109,SORTING,SORTING_ROBOT_1,28649.37512596033,4.252287719547894,4,35.04661707764899,67.5519633602089,19.469637499045348,36,28581.82316260012,28668.844763459376,experiment,FIFO,0.28,0,variant_6
8109,PACKAGING_3,PACKAGING_LINE_3,28653.7613630912,1.596893094942061,5,4.386237130867812,71.93820049107671,15.083400368177536,35,28581.82316260012,28668.844763459376,experiment,FIFO,0.28,0,variant_6
8109,INSPECTION_2_1,INSPECTION_2_1_LINE,28655.393612065003,1.6322489738049626,6,1.6322489738049626,73.57044946488168,13.451151394372573,36,28581.82316260012,28668.844763459376,experiment,FIFO,0.28,0,variant_6
8109,INSPECTION_2_2,INSPECTION_2_2_LINE,28660.229389248347,0.6284963999059983,7,4.835777183343453,78.40622664822513,8.61537421102912,36,28581.82316260012,28668.844763459376,experiment,FIFO,0.28,0,variant_6
8109,INSPECTION_2_3,INSPECTION_2_3_LINE,28664.41192946864,1.4741712060604186,8,4.18254022029214,82.58876686851727,4.432833990736981,36,28581.82316260012,28668.844763459376,experiment,FIFO,0.28,0,variant_6
8109,INSPECTION_2_4,INSPECTION_2_4_LINE,28664.544487962183,0.13255849354391103,9,0.13255849354391103,82.72132536206118,4.30027549719307,37,28581.82316260012,28668.844763459376,experiment,FIFO,0.28,0,variant_6
8109,INSPECTION_2_5,INSPECTION_2_5_LINE,28665.83653441662,1.1243813284600037,10,1.292046454436786,84.01337181649797,3.008229042756284,37,28581.82316260012,28668.844763459376,experiment,FIFO,0.28,0,variant_6
8109,INSPECTION_2_6,INSPECTION_2_6_LINE,28668.667310054247,2.8307756376270845,11,2.8307756376270845,86.84414745412505,0.17745340512919938,38,28581.82316260012,28668.844763459376,experiment,FIFO,0.28,0,variant_6
8109,INSPECTION_2_7,INSPECTION_2_7_LINE,28668.844763459376,0.17745340512919938,12,0.17745340512919938,87.02160085925425,0.0,37,28581.82316260012,28668.844763459376,experiment,FIFO,0.28,0,variant_6
8110,MOULDING_1,MOULDING_MACHINE_1,28574.771384428423,1.6154992307419889,1,0.0,0.0,92.20714687416694,31,28574.771384428423,28666.97853130259,experiment,FIFO,0.28,0,variant_6
8110,ASSEMBLY_1_5,LINE_5_ASSEMBLY1,28581.807801360534,7.036416932111024,2,7.036416932111024,7.036416932111024,85.17072994205591,33,28574.771384428423,28666.97853130259,experiment,FIFO,0.28,0,variant_6
8110,ASSEMBLY_2_2,ASSEMBLY2_LINE_2,28611.36073046288,0.16180149489446194,3,29.552929102344933,36.58934603445596,55.61780083971098,32,28574.771384428423,28666.97853130259,experiment,FIFO,0.28,0,variant_6
8110,SORTING,SORTING_ROBOT_1,28645.122838240783,0.18227323278188123,4,33.76210777790402,70.35145381235998,21.85569306180696,37,28574.771384428423,28666.97853130259,experiment,FIFO,0.28,0,variant_6
8110,PACKAGING_3,PACKAGING_LINE_3,28652.164469996256,7.041631755473645,5,7.041631755473645,77.39308556783362,14.814061306333315,35,28574.771384428423,28666.97853130259,experiment,FIFO,0.28,0,variant_6
8110,INSPECTION_2_1,INSPECTION_2_1_LINE,28653.493797451087,1.3293274548304908,6,1.3293274548304908,78.72241302266411,13.484733851502824,35,28574.771384428423,28666.97853130259,experiment,FIFO,0.28,0,variant_6
8110,INSPECTION_2_2,INSPECTION_2_2_LINE,28659.60089284844,3.711654202983482,7,6.107095397353987,84.8295084200181,7.377638454148837,36,28574.771384428423,28666.97853130259,experiment,FIFO,0.28,0,variant_6
8110,INSPECTION_2_3,INSPECTION_2_3_LINE,28662.93775826258,3.336865414137719,8,3.336865414137719,88.16637383415582,4.040773040011118,36,28574.771384428423,28666.97853130259,experiment,FIFO,0.28,0,variant_6
8110,INSPECTION_2_4,INSPECTION_2_4_LINE,28664.08907227024,1.1513140076604031,9,1.1513140076604031,89.31768784181622,2.8894590323507146,36,28574.771384428423,28666.97853130259,experiment,FIFO,0.28,0,variant_6
8110,INSPECTION_2_5,INSPECTION_2_5_LINE,28664.71215308816,0.6230808179207088,10,0.6230808179207088,89.94076865973693,2.2663782144300058,37,28574.771384428423,28666.97853130259,experiment,FIFO,0.28,0,variant_6
8110,INSPECTION_2_6,INSPECTION_2_6_LINE,28665.18696949126,0.4748164031007036,11,0.4748164031007036,90.41558506283764,1.7915618113293021,37,28574.771384428423,28666.97853130259,experiment,FIFO,0.28,0,variant_6
8110,INSPECTION_2_7,INSPECTION_2_7_LINE,28666.97853130259,1.7915618113293021,12,1.7915618113293021,92.20714687416694,0.0,37,28574.771384428423,28666.97853130259,experiment,FIFO,0.28,0,variant_6
8111,MOULDING_3,MOULDING_MACHINE_3,28581.65627965394,5.337744307660614,1,0.0,0.0,101.32567919412759,33,28581.65627965394,28682.981958848068,experiment,FIFO,0.28,0,variant_5
8111,ASSEMBLY_1_2,LINE_2_ASSEMBLY1,28603.293746011102,15.78710854439123,2,21.63746635716234,21.63746635716234,79.68821283696525,33,28581.65627965394,28682.981958848068,experiment,FIFO,0.28,0,variant_5
8111,ASSEMBLY_2_1,ASSEMBLY2_LINE_1,28668.111218534665,3.1492057455361646,3,64.81747252356217,86.45493888072451,14.870740313403076,38,28581.65627965394,28682.981958848068,experiment,FIFO,0.28,0,variant_5
8111,SORTING,SORTING_ROBOT_1,28672.533629996225,4.422411461560841,4,4.422411461560841,90.87735034228535,10.448328851842234,32,28581.65627965394,28682.981958848068,experiment,FIFO,0.28,0,variant_5
8111,PACKAGING_1,PACKAGING_LINE_1,28673.370479708,0.2143899407456047,5,0.8368497117735387,91.71420005405889,9.611479140068695,32,28581.65627965394,28682.981958848068,experiment,FIFO,0.28,0,variant_5
8111,INSPECTION_2_1,INSPECTION_2_1_LINE,28673.7570996278,0.3866199198018876,6,0.3866199198018876,92.10081997386078,9.224859220266808,33,28581.65627965394,28682.981958848068,experiment,FIFO,0.28,0,variant_5
8111,INSPECTION_2_2,INSPECTION_2_2_LINE,28674.984165956605,1.2270663288036303,7,1.2270663288036303,93.32788630266441,7.9977928914631775,33,28581.65627965394,28682.981958848068,experiment,FIFO,0.28,0,variant_5
8111,INSPECTION_2_3,INSPECTION_2_3_LINE,28675.676706978484,0.6925410218791512,8,0.6925410218791512,94.02042732454356,7.305251869584026,33,28581.65627965394,28682.981958848068,experiment,FIFO,0.28,0,variant_5
8111,INSPECTION_2_4,INSPECTION_2_4_LINE,28675.893288510186,0.21658153170210426,9,0.21658153170210426,94.23700885624567,7.088670337881922,33,28581.65627965394,28682.981958848068,experiment,FIFO,0.28,0,variant_5
8111,INSPECTION_2_5,INSPECTION_2_5_LINE,28677.39694516118,1.5036566509952536,10,1.5036566509952536,95.74066550724092,5.585013686886668,34,28581.65627965394,28682.981958848068,experiment,FIFO,0.28,0,variant_5
8111,INSPECTION_2_6,INSPECTION_2_6_LINE,28678.12121461381,0.724269452628505,11,0.724269452628505,96.46493495986942,4.8607442342581635,34,28581.65627965394,28682.981958848068,experiment,FIFO,0.28,0,variant_5
8111,INSPECTION_2_7,INSPECTION_2_7_LINE,28682.981958848068,4.8607442342581635,12,4.8607442342581635,101.32567919412759,0.0,33,28581.65627965394,28682.981958848068,experiment,FIFO,0.28,0,variant_5
8112,MOULDING_4,MOULDING_MACHINE_4,28592.0959151345,1.5337122635028209,1,0.0,0.0,77.0434675643155,34,28592.0959151345,28669.139382698817,experiment,FIFO,0.28,0,variant_3
8112,ASSEMBLY_1_1,LINE_1_ASSEMBLY1,28594.33584387969,2.239928745188081,2,2.239928745188081,2.239928745188081,74.80353881912743,34,28592.0959151345,28669.139382698817,experiment,FIFO,0.28,0,variant_3
8112,ASSEMBLY_2_1,ASSEMBLY2_LINE_1,28646.84113148084,7.01656383745285,3,52.505287601150485,54.745216346338566,22.29825121797694,37,28592.0959151345,28669.139382698817,experiment,FIFO,0.28,0,variant_3
8112,SORTING,SORTING_ROBOT_1,28654.95808245309,0.767125832819147,4,8.11695097224947,62.862167318588035,14.18130024572747,35,28592.0959151345,28669.139382698817,experiment,FIFO,0.28,0,variant_3
8112,PACKAGING_2,PACKAGING_LINE_2,28658.957842234187,3.999759781097964,5,3.999759781097964,66.861927099686,10.181540464629506,37,28592.0959151345,28669.139382698817,experiment,FIFO,0.28,0,variant_3
8112,INSPECTION_2_1,INSPECTION_2_1_LINE,28659.819802953847,0.8619607196596917,6,0.8619607196596917,67.72388781934569,9.319579744969815,36,28592.0959151345,28669.139382698817,experiment,FIFO,0.28,0,variant_3
8112,INSPECTION_2_2,INSPECTION_2_2_LINE,28660.82933407088,0.599944822533871,7,1.0095311170334753,68.73341893637917,8.31004862793634,35,28592.0959151345,28669.139382698817,experiment,FIFO,0.28,0,variant_3
8112,INSPECTION_2_3,INSPECTION_2_3_LINE,28665.290348123977,0.8784186553384643,8,4.461014053096733,73.1944329894759,3.8490345748396066,37,28592.0959151345,28669.139382698817,experiment,FIFO,0.28,0,variant_3
8112,INSPECTION_2_4,INSPECTION_2_4_LINE,28666.80049927346,1.5101511494831357,9,1.5101511494831357,74.70458413895904,2.338883425356471,38,28592.0959151345,28669.139382698817,experiment,FIFO,0.28,0,variant_3
8112,INSPECTION_2_5,INSPECTION_2_5_LINE,28667.103042059985,0.30254278652500943,10,0.30254278652500943,75.00712692548404,2.0363406388314615,37,28592.0959151345,28669.139382698817,experiment,FIFO,0.28,0,variant_3
8112,INSPECTION_2_6,INSPECTION_2_6_LINE,28668.76295632901,0.09564627476356691,11,1.659914269024739,76.66704119450878,0.3764263698067225,38,28592.0959151345,28669.139382698817,experiment,FIFO,0.28,0,variant_3
8112,INSPECTION_2_7,INSPECTION_2_7_LINE,28669.139382698817,0.29461923944109003,12,0.3764263698067225,77.0434675643155,0.0,36,28592.0959151345,28669.139382698817,experiment,FIFO,0.28,0,variant_3
8113,MOULDING_1,MOULDING_MACHINE_1,28601.479953409184,0.23993772188259754,1,0.0,0.0,70.8816349656845,33,28601.479953409184,28672.361588374868,experiment,FIFO,0.28,0,variant_5
8113,ASSEMBLY_1_5,LINE_5_ASSEMBLY1,28602.06930827384,0.5893548646563431,2,0.5893548646563431,0.5893548646563431,70.29228010102815,33,28601.479953409184,28672.361588374868,experiment,FIFO,0.28,0,variant_5
8113,ASSEMBLY_2_2,ASSEMBLY2_LINE_2,28662.090416178988,43.46145294296366,3,60.0211079051478,60.610462769804144,10.271172195880354,36,28601.479953409184,28672.361588374868,experiment,FIFO,0.28,0,variant_5
8113,SORTING,SORTING_ROBOT_1,28664.13422810873,2.043811929743242,4,2.043811929743242,62.654274699547386,8.227360266137111,36,28601.479953409184,28672.361588374868,experiment,FIFO,0.28,0,variant_5
8113,PACKAGING_2,PACKAGING_LINE_2,28666.730128440213,2.595900331481971,5,2.595900331481971,65.25017503102936,5.63145993465514,38,28601.479953409184,28672.361588374868,experiment,FIFO,0.28,0,variant_5
8113,INSPECTION_1_1,INSPECTION_1_1_LINE,28667.010052739053,0.2799242988403421,6,0.2799242988403421,65.5300993298697,5.351535635814798,37,28601.479953409184,28672.361588374868,experiment,FIFO,0.28,0,variant_5
8113,INSPECTION_1_2,INSPECTION_1_2_LINE,28670.01874452565,3.008691786595591,7,3.008691786595591,68.53879111646529,2.342843849219207,35,28601.479953409184,28672.361588374868,experiment,FIFO,0.28,0,variant_5
8113,INSPECTION_1_3,INSPECTION_1_3_LINE,28670.193935948264,0.17519142261517118,8,0.17519142261517118,68.71398253908046,2.167652426604036,35,28601.479953409184,28672.361588374868,experiment,FIFO,0.28,0,variant_5
8113,INSPECTION_1_4,INSPECTION_1_4_LINE,28670.76723679638,0.5733008481147408,9,0.5733008481147408,69.2872833871952,1.5943515784892952,35,28601.479953409184,28672.361588374868,experiment,FIFO,0.28,0,variant_5
8113,INSPECTION_1_5,INSPECTION_1_5_LINE,28670.83942090385,0.0721841074700933,10,0.0721841074700933,69.3594674946653,1.522167471019202,35,28601.479953409184,28672.361588374868,experiment,FIFO,0.28,0,variant_5
8113,INSPECTION_1_6,INSPECTION_1_6_LINE,28671.771086012883,0.43765015657481854,11,0.9316651090339292,70.29113260369923,0.5905023619852727,35,28601.479953409184,28672.361588374868,experiment,FIFO,0.28,0,variant_5
8113,INSPECTION_1_7,INSPECTION_1_7_LINE,28672.361588374868,0.4747521595672879,12,0.5905023619852727,70.8816349656845,0.0,33,28601.479953409184,28672.361588374868,experiment,FIFO,0.28,0,variant_5
8114,MOULDING_1,MOULDING_MACHINE_1,28604.798561265576,2.349977691148524,1,0.0,0.0,136.0485452055509,33,28604.798561265576,28740.847106471127,experiment,FIFO,0.28,0,variant_4
8114,ASSEMBLY_1_3,LINE_3_ASSEMBLY1,28647.35313454523,26.117659404488222,2,42.554573279652686,42.554573279652686,93.49397192589822,36,28604.798561265576,28740.847106471127,experiment,FIFO,0.28,0,variant_4
8114,ASSEMBLY_2_1,ASSEMBLY2_LINE_1,28701.510668508163,7.002623908654641,3,54.157533962934394,96.71210724258708,39.33643796296383,35,28604.798561265576,28740.847106471127,experiment,FIFO,0.28,0,variant_4
8114,SORTING,SORTING_ROBOT_1,28729.05779825968,4.291188448722096,4,27.547129751517787,124.25923699410487,11.789308211446041,32,28604.798561265576,28740.847106471127,experiment,FIFO,0.28,0,variant_4
8114,PACKAGING_2,PACKAGING_LINE_2,28730.737856610613,1.6800583509320859,5,1.6800583509320859,125.93929534503695,10.109249860513955,32,28604.798561265576,28740.847106471127,experiment,FIFO,0.28,0,variant_4
8114,INSPECTION_2_1,INSPECTION_2_1_LINE,28731.544014831303,0.8061582206901221,6,0.8061582206901221,126.74545356572708,9.303091639823833,33,28604.798561265576,28740.847106471127,experiment,FIFO,0.28,0,variant_4
8114,INSPECTION_2_2,INSPECTION_2_2_LINE,28734.79465089958,3.2506360682782542,7,3.2506360682782542,129.99608963400533,6.052455571545579,35,28604.798561265576,28740.847106471127,experiment,FIFO,0.28,0,variant_4
8114,INSPECTION_2_3,INSPECTION_2_3_LINE,28736.76227974484,1.9676288452574227,8,1.9676288452574227,131.96371847926275,4.084826726288156,34,28604.798561265576,28740.847106471127,experiment,FIFO,0.28,0,variant_4
8114,INSPECTION_2_4,INSPECTION_2_4_LINE,28738.98064400404,2.2183642592026445,9,2.2183642592026445,134.1820827384654,1.866462467085512,35,28604.798561265576,28740.847106471127,experiment,FIFO,0.28,0,variant_4
8114,INSPECTION_2_5,INSPECTION_2_5_LINE,28739.36572652441,0.385082520369906,10,0.385082520369906,134.5671652588353,1.481379946715606,35,28604.798561265576,28740.847106471127,experiment,FIFO,0.28,0,variant_4
8114,INSPECTION_2_6,INSPECTION_2_6_LINE,28739.985034870315,0.6193083459038462,11,0.6193083459038462,135.18647360473915,0.8620716008117597,35,28604.798561265576,28740.847106471127,experiment,FIFO,0.28,0,variant_4
8114,INSPECTION_2_7,INSPECTION_2_7_LINE,28740.847106471127,0.8620716008117597,12,0.8620716008117597,136.0485452055509,0.0,35,28604.798561265576,28740.847106471127,experiment,FIFO,0.28,0,variant_4
8115,MOULDING_4,MOULDING_MACHINE_4,28618.393144612983,15.5437958747425,1,0.0,0.0,71.0643954680636,32,28618.393144612983,28689.457540081046,experiment,FIFO,0.28,0,variant_6
8115,ASSEMBLY_1_1,LINE_1_ASSEMBLY1,28618.575868020547,0.18272340756448102,2,0.18272340756448102,0.18272340756448102,70.88167206049911,32,28618.393144612983,28689.457540081046,experiment,FIFO,0.28,0,variant_6
8115,ASSEMBLY_2_2,ASSEMBLY2_LINE_2,28669.314205247392,0.923767314030556,3,50.73833722684503,50.921060634409514,20.14333483365408,36,28618.393144612983,28689.457540081046,experiment,FIFO,0.28,0,variant_6
8115,SORTING,SORTING_ROBOT_1,28681.59849653999,2.446374652990926,4,12.284291292598937,63.20535192700845,7.859043541055144,35,28618.393144612983,28689.457540081046,experiment,FIFO,0.28,0,variant_6
8115,PACKAGING_3,PACKAGING_LINE_3,28682.58844744271,0.9899509027200111,5,0.9899509027200111,64.19530282972846,6.8690926383351325,34,28618.393144612983,28689.457540081046,experiment,FIFO,0.28,0,variant_6
8115,INSPECTION_2_1,INSPECTION_2_1_LINE,28685.01395933553,2.425511892819486,6,2.425511892819486,66.62081472254795,4.443580745515646,33,28618.393144612983,28689.457540081046,experiment,FIFO,0.28,0,variant_6
8115,INSPECTION_2_2,INSPECTION_2_2_LINE,28685.23686135116,0.2229020156300976,7,0.2229020156300976,66.84371673817805,4.220678729885549,33,28618.393144612983,28689.457540081046,experiment,FIFO,0.28,0,variant_6
8115,INSPECTION_2_3,INSPECTION_2_3_LINE,28685.46677836419,0.2299170130281709,8,0.2299170130281709,67.07363375120622,3.990761716857378,33,28618.393144612983,28689.457540081046,experiment,FIFO,0.28,0,variant_6
8115,INSPECTION_2_4,INSPECTION_2_4_LINE,28685.667681307885,0.20090294369583717,9,0.20090294369583717,67.27453669490205,3.7898587731615407,34,28618.393144612983,28689.457540081046,experiment,FIFO,0.28,0,variant_6
8115,INSPECTION_2_5,INSPECTION_2_5_LINE,28687.20771886754,1.5400375596545928,10,1.5400375596545928,68.81457425455665,2.249821213506948,34,28618.393144612983,28689.457540081046,experiment,FIFO,0.28,0,variant_6
8115,INSPECTION_2_6,INSPECTION_2_6_LINE,28687.62578747617,0.4180686086292553,11,0.4180686086292553,69.2326428631859,1.8317526048776926,34,28618.393144612983,28689.457540081046,experiment,FIFO,0.28,0,variant_6
8115,INSPECTION_2_6,INSPECTION_2_6_LINE,28688.89375755885,1.2679700826811313,12,1.2679700826811313,70.50061294586703,0.5637825221965613,34,28618.393144612983,28689.457540081046,experiment,FIFO,0.28,0,variant_6
8115,INSPECTION_2_7,INSPECTION_2_7_LINE,28689.457540081046,0.5637825221965613,13,0.5637825221965613,71.0643954680636,0.0,33,28618.393144612983,28689.457540081046,experiment,FIFO,0.28,0,variant_6
8116,MOULDING_1,MOULDING_MACHINE_1,28608.715943615847,2.536959724915505,1,0.0,0.0,95.93690112961849,32,28608.715943615847,28704.652844745466,experiment,FIFO,0.28,0,variant_3
8116,ASSEMBLY_1_5,LINE_5_ASSEMBLY1,28611.78040164434,3.064458028493391,2,3.064458028493391,3.064458028493391,92.8724431011251,32,28608.715943615847,28704.652844745466,experiment,FIFO,0.28,0,variant_3
8116,ASSEMBLY_2_1,ASSEMBLY2_LINE_1,28676.560132825216,8.448914290551329,3,64.77973118087539,67.84418920936878,28.092711920249712,33,28608.715943615847,28704.652844745466,experiment,FIFO,0.28,0,variant_3
8116,SORTING,SORTING_ROBOT_1,28685.049904905616,3.2074272653699154,4,8.489772080400144,76.33396128976892,19.60293983984957,33,28608.715943615847,28704.652844745466,experiment,FIFO,0.28,0,variant_3
8116,PACKAGING_3,PACKAGING_LINE_3,28690.45885020459,5.4089452989755955,5,5.4089452989755955,81.74290658874452,14.193994540873973,32,28608.715943615847,28704.652844745466,experiment,FIFO,0.28,0,variant_3
8116,INSPECTION_2_1,INSPECTION_2_1_LINE,28690.53709536673,0.078245162138046,6,0.078245162138046,81.82115175088256,14.115749378735927,32,28608.715943615847,28704.652844745466,experiment,FIFO,0.28,0,variant_3
8116,INSPECTION_2_2,INSPECTION_2_2_LINE,28697.45321063145,6.916115264721157,7,6.916115264721157,88.73726701560372,7.199634114014771,34,28608.715943615847,28704.652844745466,experiment,FIFO,0.28,0,variant_3
8116,INSPECTION_2_3,INSPECTION_2_3_LINE,28699.944906698613,2.4916960671616835,8,2.4916960671616835,91.2289630827654,4.707938046853087,35,28608.715943615847,28704.652844745466,experiment,FIFO,0.28,0,variant_3
8116,INSPECTION_2_4,INSPECTION_2_4_LINE,28700.031304701,0.08639800238597672,9,0.08639800238597672,91.31536108515138,4.62154004446711,35,28608.715943615847,28704.652844745466,experiment,FIFO,0.28,0,variant_3
8116,INSPECTION_2_5,INSPECTION_2_5_LINE,28700.92356935753,0.8922646565297327,10,0.8922646565297327,92.20762574168111,3.7292753879373777,35,28608.715943615847,28704.652844745466,experiment,FIFO,0.28,0,variant_3
8116,INSPECTION_2_6,INSPECTION_2_6_LINE,28701.962477111098,1.0389077535692195,11,1.0389077535692195,93.24653349525033,2.690367634368158,35,28608.715943615847,28704.652844745466,experiment,FIFO,0.28,0,variant_3
8116,INSPECTION_2_7,INSPECTION_2_7_LINE,28704.652844745466,2.690367634368158,12,2.690367634368158,95.93690112961849,0.0,35,28608.715943615847,28704.652844745466,experiment,FIFO,0.28,0,variant_3
8117,MOULDING_2,MOULDING_MACHINE_2,28613.27580460919,0.2507134769621189,1,0.0,0.0,73.4092651921892,32,28613.27580460919,28686.68506980138,experiment,FIFO,0.28,0,variant_5
8117,ASSEMBLY_1_1,LINE_1_ASSEMBLY1,28618.01523854985,4.739433940660092,2,4.739433940660092,4.739433940660092,68.6698312515291,31,28613.27580460919,28686.68506980138,experiment,FIFO,0.28,0,variant_5
8117,ASSEMBLY_2_2,ASSEMBLY2_LINE_2,28668.39043793336,6.300021754374029,3,50.375199383510335,55.11463332417043,18.29463186801877,38,28613.27580460919,28686.68506980138,experiment,FIFO,0.28,0,variant_5
8117,SORTING,SORTING_ROBOT_1,28679.152121887,6.618491890774749,4,10.761683953638567,65.876317277809,7.532947914380202,34,28613.27580460919,28686.68506980138,experiment,FIFO,0.28,0,variant_5
8117,PACKAGING_3,PACKAGING_LINE_3,28680.2822502814,1.130128394401254,5,1.130128394401254,67.00644567221025,6.402819519978948,35,28613.27580460919,28686.68506980138,experiment,FIFO,0.28,0,variant_5
8117,INSPECTION_2_1,INSPECTION_2_1_LINE,28680.68967024106,0.40741995965800015,6,0.40741995965800015,67.41386563186825,5.995399560320948,36,28613.27580460919,28686.68506980138,experiment,FIFO,0.28,0,variant_5
8117,INSPECTION_2_2,INSPECTION_2_2_LINE,28680.710770995232,0.021100754172948655,7,0.021100754172948655,67.4349663860412,5.974298806147999,36,28613.27580460919,28686.68506980138,experiment,FIFO,0.28,0,variant_5
8117,INSPECTION_2_3,INSPECTION_2_3_LINE,28680.78770131433,0.07693031909730053,8,0.07693031909730053,67.5118967051385,5.897368487050699,36,28613.27580460919,28686.68506980138,experiment,FIFO,0.28,0,variant_5
8117,INSPECTION_2_4,INSPECTION_2_4_LINE,28681.33489295704,0.5471916427086398,9,0.5471916427086398,68.05908834784714,5.350176844342059,35,28613.27580460919,28686.68506980138,experiment,FIFO,0.28,0,variant_5
8117,INSPECTION_2_5,INSPECTION_2_5_LINE,28683.40405614912,2.06916319208176,10,2.06916319208176,70.1282515399289,3.281013652260299,33,28613.27580460919,28686.68506980138,experiment,FIFO,0.28,0,variant_5
8117,INSPECTION_2_6,INSPECTION_2_6_LINE,28685.452379238115,2.048323088994948,11,2.048323088994948,72.17657462892385,1.2326905632653506,33,28613.27580460919,28686.68506980138,experiment,FIFO,0.28,0,variant_5
8117,INSPECTION_2_7,INSPECTION_2_7_LINE,28686.68506980138,1.2326905632653506,12,1.2326905632653506,73.4092651921892,0.0,34,28613.27580460919,28686.68506980138,experiment,FIFO,0.28,0,variant_5
8118,MOULDING_3,MOULDING_MACHINE_3,28624.48324656102,7.583173747716501,1,0.0,0.0,85.9901269189395,32,28624.48324656102,28710.47337347996,experiment,FIFO,0.28,0,variant_6
8118,ASSEMBLY_1_2,LINE_2_ASSEMBLY1,28626.856601885826,2.3733553248057433,2,2.3733553248057433,2.3733553248057433,83.61677159413375,31,28624.48324656102,28710.47337347996,experiment,FIFO,0.28,0,variant_6
8118,ASSEMBLY_2_1,ASSEMBLY2_LINE_1,28688.34361539944,0.20747137810394634,3,61.48701351361524,63.86036883842098,22.129758080518513,34,28624.48324656102,28710.47337347996,experiment,FIFO,0.28,0,variant_6
8118,SORTING,SORTING_ROBOT_1,28699.37080870352,0.32061998571953154,4,11.027193304078537,74.88756214249952,11.102564776439976,35,28624.48324656102,28710.47337347996,experiment,FIFO,0.28,0,variant_6
8118,PACKAGING_2,PACKAGING_LINE_2,28699.51277406688,0.14196536336021381,5,0.14196536336021381,75.02952750585973,10.960599413079763,35,28624.48324656102,28710.47337347996,experiment,FIFO,0.28,0,variant_6
8118,INSPECTION_2_1,INSPECTION_2_1_LINE,28702.442905045104,2.7953152006230084,6,2.9301309782240423,77.95965848408377,8.03046843485572,35,28624.48324656102,28710.47337347996,experiment,FIFO,0.28,0,variant_6
8118,INSPECTION_2_2,INSPECTION_2_2_LINE,28706.320980893328,3.4071172502481204,7,3.878075848224398,81.83773433230817,4.152392586631322,35,28624.48324656102,28710.47337347996,experiment,FIFO,0.28,0,variant_6
8118,INSPECTION_2_3,INSPECTION_2_3_LINE,28707.149392945823,0.8284120524949685,8,0.8284120524949685,82.66614638480314,3.3239805341363535,35,28624.48324656102,28710.47337347996,experiment,FIFO,0.28,0,variant_6
8118,INSPECTION_2_4,INSPECTION_2_4_LINE,28709.668870377816,2.3048725243897934,9,2.5194774319934368,85.18562381679658,0.8045031021429168,35,28624.48324656102,28710.47337347996,experiment,FIFO,0.28,0,variant_6
8118,INSPECTION_2_5,INSPECTION_2_5_LINE,28709.83098146049,0.162111082674528,10,0.162111082674528,85.3477348994711,0.6423920194683888,35,28624.48324656102,28710.47337347996,experiment,FIFO,0.28,0,variant_6
8118,INSPECTION_2_6,INSPECTION_2_6_LINE,28710.13005234436,0.29907088386971736,11,0.29907088386971736,85.64680578334082,0.3433211355986714,36,28624.48324656102,28710.47337347996,experiment,FIFO,0.28,0,variant_6
8118,INSPECTION_2_7,INSPECTION_2_7_LINE,28710.47337347996,0.3433211355986714,12,0.3433211355986714,85.9901269189395,0.0,35,28624.48324656102,28710.47337347996,experiment,FIFO,0.28,0,variant_6
8119,MOULDING_2,MOULDING_MACHINE_2,28621.62006898391,2.7063290154983406,1,0.0,0.0,68.38982566338382,32,28621.62006898391,28690.009894647294,experiment,FIFO,0.28,0,variant_1
8119,ASSEMBLY_1_4,LINE_4_ASSEMBLY1,28634.73032192093,13.110252937021869,2,13.110252937021869,13.110252937021869,55.27957272636195,36,28621.62006898391,28690.009894647294,experiment,FIFO,0.28,0,variant_1
8119,ASSEMBLY_2_2,ASSEMBLY2_LINE_2,28675.359203357053,6.04499810966081,3,40.628881436121446,53.739134373143315,14.650691290240502,33,28621.62006898391,28690.009894647294,experiment,FIFO,0.28,0,variant_1
8119,SORTING,SORTING_ROBOT_1,28681.842477640246,0.24398110025504138,4,6.483274283193168,60.22240865633648,8.167417007047334,35,28621.62006898391,28690.009894647294,experiment,FIFO,0.28,0,variant_1
8119,PACKAGING_2,PACKAGING_LINE_2,28683.04191575973,1.1994381194854213,5,1.1994381194854213,61.421846775821905,6.967978887561912,33,28621.62006898391,28690.009894647294,experiment,FIFO,0.28,0,variant_1
8119,INSPECTION_1_1,INSPECTION_1_1_LINE,28683.391702983423,0.34978722369123716,6,0.34978722369123716,61.77163399951314,6.618191663870675,33,28621.62006898391,28690.009894647294,experiment,FIFO,0.28,0,variant_1
8119,INSPECTION_1_2,INSPECTION_1_2_LINE,28684.49321741474,1.1015144313169003,7,1.1015144313169003,62.87314843083004,5.516677232553775,33,28621.62006898391,28690.009894647294,experiment,FIFO,0.28,0,variant_1
8119,INSPECTION_1_3,INSPECTION_1_3_LINE,28685.29559089739,0.8023734826492728,8,0.8023734826492728,63.675521913479315,4.714303749904502,33,28621.62006898391,28690.009894647294,experiment,FIFO,0.28,0,variant_1
8119,INSPECTION_1_4,INSPECTION_1_4_LINE,28687.13702234214,1.8414314447509241,9,1.8414314447509241,65.51695335823024,2.872872305153578,34,28621.62006898391,28690.009894647294,experiment,FIFO,0.28,0,variant_1
8119,INSPECTION_1_5,INSPECTION_1_5_LINE,28688.3263104863,1.1892881441599457,10,1.1892881441599457,66.70624150239018,1.6835841609936324,34,28621.62006898391,28690.009894647294,experiment,FIFO,0.28,0,variant_1
8119,INSPECTION_1_6,INSPECTION_1_6_LINE,28689.25050400484,0.9241935185418697,11,0.9241935185418697,67.63043502093205,0.7593906424517627,34,28621.62006898391,28690.009894647294,experiment,FIFO,0.28,0,variant_1
8119,INSPECTION_1_7,INSPECTION_1_7_LINE,28690.009894647294,0.7593906424517627,12,0.7593906424517627,68.38982566338382,0.0,32,28621.62006898391,28690.009894647294,experiment,FIFO,0.28,0,variant_1
8120,MOULDING_4,MOULDING_MACHINE_4,28627.34196008257,5.657792786088976,1,0.0,0.0,113.76844048001658,32,28627.34196008257,28741.110400562586,experiment,FIFO,0.28,0,variant_1
8120,ASSEMBLY_1_2,LINE_2_ASSEMBLY1,28668.60538402726,41.26342394469248,2,41.26342394469248,41.26342394469248,72.5050165353241,38,28627.34196008257,28741.110400562586,experiment,FIFO,0.28,0,variant_1
8120,ASSEMBLY_2_2,ASSEMBLY2_LINE_2,28697.44858255425,0.8990372559419484,3,28.843198526989,70.10662247168148,43.6618180083351,34,28627.34196008257,28741.110400562586,experiment,FIFO,0.28,0,variant_1
8120,SORTING,SORTING_ROBOT_1,28724.76660981096,4.487297520478023,4,27.318027256707865,97.42464972838934,16.34379075162724,35,28627.34196008257,28741.110400562586,experiment,FIFO,0.28,0,variant_1
8120,PACKAGING_1,PACKAGING_LINE_1,28730.20167090663,5.435061095671699,5,5.435061095671699,102.85971082406104,10.90872965595554,32,28627.34196008257,28741.110400562586,experiment,FIFO,0.28,0,variant_1
8120,INSPECTION_1_1,INSPECTION_1_1_LINE,28733.34975434169,1.4883558565416024,6,3.148083435058652,106.00779425911969,7.760646220896888,34,28627.34196008257,28741.110400562586,experiment,FIFO,0.28,0,variant_1
8120,INSPECTION_1_2,INSPECTION_1_2_LINE,28735.484389176407,2.134634834717872,7,2.134634834717872,108.14242909383756,5.626011386179016,35,28627.34196008257,28741.110400562586,experiment,FIFO,0.28,0,variant_1
8120,INSPECTION_1_3,INSPECTION_1_3_LINE,28735.760529264,0.27614008759337594,8,0.27614008759337594,108.41856918143094,5.34987129858564,34,28627.34196008257,28741.110400562586,experiment,FIFO,0.28,0,variant_1
8120,INSPECTION_1_4,INSPECTION_1_4_LINE,28736.71361311783,0.9530838538303215,9,0.9530838538303215,109.37165303526126,4.396787444755319,34,28627.34196008257,28741.110400562586,experiment,FIFO,0.28,0,variant_1
8120,INSPECTION_1_5,INSPECTION_1_5_LINE,28737.789437873613,1.075824755782378,10,1.075824755782378,110.44747779104364,3.3209626889729407,34,28627.34196008257,28741.110400562586,experiment,FIFO,0.28,0,variant_1
8120,INSPECTION_1_6,INSPECTION_1_6_LINE,28738.715847335363,0.9264094617501542,11,0.9264094617501542,111.37388725279379,2.3945532272227865,35,28627.34196008257,28741.110400562586,experiment,FIFO,0.28,0,variant_1
8120,INSPECTION_1_7,INSPECTION_1_7_LINE,28741.110400562586,2.3945532272227865,12,2.3945532272227865,113.76844048001658,0.0,34,28627.34196008257,28741.110400562586,experiment,FIFO,0.28,0,variant_1
8121,MOULDING_3,MOULDING_MACHINE_3,28631.223011775262,6.739765214242652,1,0.0,0.0,78.44400744607992,35,28631.223011775262,28709.667019221342,experiment,FIFO,0.28,0,variant_4
8121,ASSEMBLY_1_4,LINE_4_ASSEMBLY1,28638.67147073399,3.941148813057225,2,7.448458958726405,7.448458958726405,70.99554848735352,36,28631.223011775262,28709.667019221342,experiment,FIFO,0.28,0,variant_4
8121,ASSEMBLY_2_2,ASSEMBLY2_LINE_2,28684.27439800028,8.91519464322846,3,45.60292726629268,53.05138622501909,25.392621221060836,33,28631.223011775262,28709.667019221342,experiment,FIFO,0.28,0,variant_4
8121,SORTING,SORTING_ROBOT_1,28696.16896089377,4.052627032891905,4,11.89456289348891,64.945949118508,13.498058327571925,34,28631.223011775262,28709.667019221342,experiment,FIFO,0.28,0,variant_4
8121,PACKAGING_1,PACKAGING_LINE_1,28696.59326888525,0.4243079914813279,5,0.4243079914813279,65.37025710998932,13.073750336090598,34,28631.223011775262,28709.667019221342,experiment,FIFO,0.28,0,variant_4
8121,INSPECTION_2_1,INSPECTION_2_1_LINE,28699.64758984448,3.0543209592287894,6,3.0543209592287894,68.42457806921811,10.019429376861808,35,28631.223011775262,28709.667019221342,experiment,FIFO,0.28,0,variant_4
8121,INSPECTION_2_2,INSPECTION_2_2_LINE,28702.91386364308,3.2662737985992862,7,3.2662737985992862,71.6908518678174,6.753155578262522,35,28631.223011775262,28709.667019221342,experiment,FIFO,0.28,0,variant_4
8121,INSPECTION_2_3,INSPECTION_2_3_LINE,28703.673542884266,0.7596792411859496,8,0.7596792411859496,72.45053110900335,5.993476337076572,36,28631.223011775262,28709.667019221342,experiment,FIFO,0.28,0,variant_4
8121,INSPECTION_2_4,INSPECTION_2_4_LINE,28707.363997853427,3.6904549691607826,9,3.6904549691607826,76.14098607816413,2.3030213679157896,35,28631.223011775262,28709.667019221342,experiment,FIFO,0.28,0,variant_4
8121,INSPECTION_2_5,INSPECTION_2_5_LINE,28708.73570970405,1.3717118506247061,10,1.3717118506247061,77.51269792878884,0.9313095172910835,36,28631.223011775262,28709.667019221342,experiment,FIFO,0.28,0,variant_4
8121,INSPECTION_2_6,INSPECTION_2_6_LINE,28709.56853506374,0.832825359688286,11,0.832825359688286,78.34552328847712,0.0984841576027975,36,28631.223011775262,28709.667019221342,experiment,FIFO,0.28,0,variant_4
8121,INSPECTION_2_7,INSPECTION_2_7_LINE,28709.667019221342,0.0984841576027975,12,0.0984841576027975,78.44400744607992,0.0,35,28631.223011775262,28709.667019221342,experiment,FIFO,0.28,0,variant_4
8122,MOULDING_4,MOULDING_MACHINE_4,28629.73027017604,2.3883100934726826,1,0.0,0.0,97.29046962900611,34,28629.73027017604,28727.020739805048,experiment,FIFO,0.28,0,variant_4
8122,ASSEMBLY_1_1,LINE_1_ASSEMBLY1,28632.60289631664,2.8726261405972764,2,2.8726261405972764,2.8726261405972764,94.41784348840883,36,28629.73027017604,28727.020739805048,experiment,FIFO,0.28,0,variant_4
8122,ASSEMBLY_2_1,ASSEMBLY2_LINE_1,28694.508044599508,6.164429200067389,3,61.90514828286905,64.77777442346633,32.512695205539785,34,28629.73027017604,28727.020739805048,experiment,FIFO,0.28,0,variant_4
8122,SORTING,SORTING_ROBOT_1,28712.116103841185,0.500022285097657,4,17.60805924167653,82.38583366514285,14.904635963863257,35,28629.73027017604,28727.020739805048,experiment,FIFO,0.28,0,variant_4
8122,PACKAGING_3,PACKAGING_LINE_3,28718.00841969434,5.892315853154287,5,5.892315853154287,88.27814951829714,9.01232011070897,34,28629.73027017604,28727.020739805048,experiment,FIFO,0.28,0,variant_4
8122,INSPECTION_1_1,INSPECTION_1_1_LINE,28720.231775650056,2.2233559557171247,6,2.2233559557171247,90.50150547401427,6.788964154991845,34,28629.73027017604,28727.020739805048,experiment,FIFO,0.28,0,variant_4
8122,INSPECTION_1_2,INSPECTION_1_2_LINE,28721.26432066237,1.0325450123127666,7,1.0325450123127666,91.53405048632703,5.7564191426790785,34,28629.73027017604,28727.020739805048,experiment,FIFO,0.28,0,variant_4
8122,INSPECTION_1_3,INSPECTION_1_3_LINE,28721.98748392251,0.7231632601396996,8,0.7231632601396996,92.25721374646673,5.033255882539379,35,28629.73027017604,28727.020739805048,experiment,FIFO,0.28,0,variant_4
8122,INSPECTION_1_4,INSPECTION_1_4_LINE,28722.430068094367,0.44258417185847065,9,0.44258417185847065,92.6997979183252,4.590671710680908,35,28629.73027017604,28727.020739805048,experiment,FIFO,0.28,0,variant_4
8122,INSPECTION_1_5,INSPECTION_1_5_LINE,28722.9876141694,0.557546075033315,10,0.557546075033315,93.25734399335852,4.033125635647593,35,28629.73027017604,28727.020739805048,experiment,FIFO,0.28,0,variant_4
8122,INSPECTION_1_6,INSPECTION_1_6_LINE,28723.415268347395,0.42765417799455463,11,0.42765417799455463,93.68499817135307,3.6054714576530387,35,28629.73027017604,28727.020739805048,experiment,FIFO,0.28,0,variant_4
8122,INSPECTION_1_7,INSPECTION_1_7_LINE,28727.020739805048,0.18866970438466524,12,3.6054714576530387,97.29046962900611,0.0,33,28629.73027017604,28727.020739805048,experiment,FIFO,0.28,0,variant_4
8123,MOULDING_4,MOULDING_MACHINE_4,28645.99177554641,16.26150537036665,1,0.0,0.0,146.76068082496204,38,28645.99177554641,28792.75245637137,experiment,FIFO,0.28,0,variant_4
8123,ASSEMBLY_1_1,LINE_1_ASSEMBLY1,28678.949530278227,16.25422051217538,2,32.95775473181857,32.95775473181857,113.80292609314347,34,28645.99177554641,28792.75245637137,experiment,FIFO,0.28,0,variant_4
8123,ASSEMBLY_2_1,ASSEMBLY2_LINE_1,28744.932043371708,11.393281580298208,3,65.98251309348052,98.94026782529909,47.82041299966295,33,28645.99177554641,28792.75245637137,experiment,FIFO,0.28,0,variant_4
8123,SORTING,SORTING_ROBOT_1,28757.295203109275,1.7290549130957515,4,12.363159737567912,111.303427562867,35.45725326209504,34,28645.99177554641,28792.75245637137,experiment,FIFO,0.28,0,variant_4
8123,PACKAGING_1,PACKAGING_LINE_1,28780.692144813125,1.1679200876424147,5,23.396941703849734,134.70036926671673,12.060311558245303,32,28645.99177554641,28792.75245637137,experiment,FIFO,0.28,0,variant_4
8123,INSPECTION_2_1,INSPECTION_2_1_LINE,28781.877088322217,0.01953705953565077,6,1.1849435090916813,135.88531277580842,10.875368049153622,29,28645.99177554641,28792.75245637137,experiment,FIFO,0.28,0,variant_4
8123,INSPECTION_2_2,INSPECTION_2_2_LINE,28783.402733160307,1.4665361765764828,7,1.5256448380896472,137.41095761389806,9.349723211063974,29,28645.99177554641,28792.75245637137,experiment,FIFO,0.28,0,variant_4
8123,INSPECTION_2_3,INSPECTION_2_3_LINE,28787.985500821564,2.1184104790991114,8,4.582767661257094,141.99372527515516,4.76695554980688,26,28645.99177554641,28792.75245637137,experiment,FIFO,0.28,0,variant_4
8123,INSPECTION_2_4,INSPECTION_2_4_LINE,28789.038879163487,1.053378341923235,9,1.053378341923235,143.0471036170784,3.7135772078836453,26,28645.99177554641,28792.75245637137,experiment,FIFO,0.28,0,variant_4
8123,INSPECTION_2_5,INSPECTION_2_5_LINE,28790.64366476885,1.6047856053628493,10,1.6047856053628493,144.65188922244124,2.108791602520796,27,28645.99177554641,28792.75245637137,experiment,FIFO,0.28,0,variant_4
8123,INSPECTION_2_6,INSPECTION_2_6_LINE,28791.41180372649,0.7681389576391666,11,0.7681389576391666,145.4200281800804,1.3406526448816294,25,28645.99177554641,28792.75245637137,experiment,FIFO,0.28,0,variant_4
8123,INSPECTION_2_7,INSPECTION_2_7_LINE,28792.75245637137,1.3406526448816294,12,1.3406526448816294,146.76068082496204,0.0,24,28645.99177554641,28792.75245637137,experiment,FIFO,0.28,0,variant_4
8124,MOULDING_2,MOULDING_MACHINE_2,28629.47198105759,0.15023053188269841,1,0.0,0.0,114.62378975189131,33,28629.47198105759,28744.095770809483,experiment,FIFO,0.28,0,variant_3
8124,ASSEMBLY_1_2,LINE_2_ASSEMBLY1,28670.527656780592,1.922272753330617,2,41.055675723000604,41.055675723000604,73.5681140288907,35,28629.47198105759,28744.095770809483,experiment,FIFO,0.28,0,variant_3
8124,ASSEMBLY_2_2,ASSEMBLY2_LINE_2,28703.244143569456,5.795561015205749,3,32.71648678886413,73.77216251186474,40.85162724002657,35,28629.47198105759,28744.095770809483,experiment,FIFO,0.28,0,variant_3
8124,SORTING,SORTING_ROBOT_1,28729.32528331232,0.26748505263822153,4,26.081139742862433,99.85330225472717,14.77048749716414,32,28629.47198105759,28744.095770809483,experiment,FIFO,0.28,0,variant_3
8124,PACKAGING_3,PACKAGING_LINE_3,28733.55181873935,3.9694806093611987,5,4.226535427031195,104.07983768175836,10.543952070132946,34,28629.47198105759,28744.095770809483,experiment,FIFO,0.28,0,variant_3
8124,INSPECTION_2_1,INSPECTION_2_1_LINE,28734.913540175763,1.3617214364130632,6,1.3617214364130632,105.44155911817143,9.182230633719882,35,28629.47198105759,28744.095770809483,experiment,FIFO,0.28,0,variant_3
8124,INSPECTION_2_2,INSPECTION_2_2_LINE,28735.13612057924,0.22258040347514907,7,0.22258040347514907,105.66413952164658,8.959650230244733,35,28629.47198105759,28744.095770809483,experiment,FIFO,0.28,0,variant_3
8124,INSPECTION_2_3,INSPECTION_2_3_LINE,28737.242725882774,0.48044613793535973,8,2.1066053035356163,107.77074482518219,6.853044926709117,34,28629.47198105759,28744.095770809483,experiment,FIFO,0.28,0,variant_3
8124,INSPECTION_2_4,INSPECTION_2_4_LINE,28739.46640897953,0.48576497548856423,9,2.223683096755849,109.99442792193804,4.629361829953268,35,28629.47198105759,28744.095770809483,experiment,FIFO,0.28,0,variant_3
8124,INSPECTION_2_5,INSPECTION_2_5_LINE,28741.00257523573,1.536166256199067,10,1.536166256199067,111.53059417813711,3.093195573754201,35,28629.47198105759,28744.095770809483,experiment,FIFO,0.28,0,variant_3
8124,INSPECTION_2_6,INSPECTION_2_6_LINE,28743.1972610472,2.1946858114715724,11,2.1946858114715724,113.72527998960868,0.8985097622826288,34,28629.47198105759,28744.095770809483,experiment,FIFO,0.28,0,variant_3
8124,INSPECTION_2_7,INSPECTION_2_7_LINE,28744.095770809483,0.8985097622826288,12,0.8985097622826288,114.62378975189131,0.0,33,28629.47198105759,28744.095770809483,experiment,FIFO,0.28,0,variant_3
8125,MOULDING_2,MOULDING_MACHINE_2,28631.619172557283,1.219379893878795,1,0.0,0.0,95.21289754338068,36,28631.619172557283,28726.832070100663,experiment,FIFO,0.28,0,variant_4
8125,ASSEMBLY_1_3,LINE_3_ASSEMBLY1,28652.27304477453,4.919910229302332,2,20.653872217248136,20.653872217248136,74.55902532613254,35,28631.619172557283,28726.832070100663,experiment,FIFO,0.28,0,variant_4
8125,ASSEMBLY_2_2,ASSEMBLY2_LINE_2,28691.663791883377,1.686299029050133,3,39.39074710884597,60.04461932609411,35.16827821728657,32,28631.619172557283,28726.832070100663,experiment,FIFO,0.28,0,variant_4
8125,SORTING,SORTING_ROBOT_1,28711.616081556087,2.994886515883991,4,19.95228967271032,79.99690899880443,15.215988544576248,35,28631.619172557283,28726.832070100663,experiment,FIFO,0.28,0,variant_4
8125,PACKAGING_1,PACKAGING_LINE_1,28712.60326151381,0.9871799577231286,5,0.9871799577231286,80.98408895652756,14.22880858685312,35,28631.619172557283,28726.832070100663,experiment,FIFO,0.28,0,variant_4
8125,INSPECTION_1_1,INSPECTION_1_1_LINE,28713.775591635807,1.17233012199722,6,1.17233012199722,82.15641907852478,13.0564784648559,35,28631.619172557283,28726.832070100663,experiment,FIFO,0.28,0,variant_4
8125,INSPECTION_1_2,INSPECTION_1_2_LINE,28714.16317296919,0.38758133338342304,7,0.38758133338342304,82.5440004119082,12.668897131472477,35,28631.619172557283,28726.832070100663,experiment,FIFO,0.28,0,variant_4
8125,INSPECTION_1_3,INSPECTION_1_3_LINE,28714.518821836708,0.3556488675167202,8,0.3556488675167202,82.89964927942492,12.313248263955757,35,28631.619172557283,28726.832070100663,experiment,FIFO,0.28,0,variant_4
8125,INSPECTION_1_4,INSPECTION_1_4_LINE,28715.2253376734,0.4533832365705166,9,0.7065158366931428,83.60616511611806,11.606732427262614,34,28631.619172557283,28726.832070100663,experiment,FIFO,0.28,0,variant_4
8125,INSPECTION_1_5,INSPECTION_1_5_LINE,28719.441819119347,3.6607971801604435,10,4.216481445946556,87.82264656206462,7.390250981316058,34,28631.619172557283,28726.832070100663,experiment,FIFO,0.28,0,variant_4
8125,INSPECTION_1_6,INSPECTION_1_6_LINE,28721.361613934547,1.919794815199566,11,1.919794815199566,89.74244137726419,5.470456166116492,34,28631.619172557283,28726.832070100663,experiment,FIFO,0.28,0,variant_4
8125,INSPECTION_1_7,INSPECTION_1_7_LINE,28726.832070100663,5.470456166116492,12,5.470456166116492,95.21289754338068,0.0,34,28631.619172557283,28726.832070100663,experiment,FIFO,0.28,0,variant_4
8126,MOULDING_3,MOULDING_MACHINE_3,28643.022658010937,8.182711301637028,1,0.0,0.0,84.4877430555498,35,28643.022658010937,28727.510401066487,experiment,FIFO,0.28,0,variant_3
8126,ASSEMBLY_1_3,LINE_3_ASSEMBLY1,28663.59792706272,5.959415920489846,2,20.575269051783835,20.575269051783835,63.912474003765965,36,28643.022658010937,28727.510401066487,experiment,FIFO,0.28,0,variant_3
8126,ASSEMBLY_2_2,ASSEMBLY2_LINE_2,28695.66019337389,0.9233119011259987,3,32.06226631116806,52.637535362951894,31.850207692597905,34,28643.022658010937,28727.510401066487,experiment,FIFO,0.28,0,variant_3
8126,SORTING,SORTING_ROBOT_1,28718.44480294756,4.915859684446332,4,22.784609573671332,75.42214493662323,9.065598118926573,34,28643.022658010937,28727.510401066487,experiment,FIFO,0.28,0,variant_3
8126,PACKAGING_1,PACKAGING_LINE_1,28720.17827038061,1.733467433048645,5,1.733467433048645,77.15561236967187,7.332130685877928,34,28643.022658010937,28727.510401066487,experiment,FIFO,0.28,0,variant_3
8126,INSPECTION_1_1,INSPECTION_1_1_LINE,28720.557942545827,0.3261668957711663,6,0.3796721652179258,77.5352845348898,6.952458520660002,34,28643.022658010937,28727.510401066487,experiment,FIFO,0.28,0,variant_3
8126,INSPECTION_1_2,INSPECTION_1_2_LINE,28721.459906928045,0.19558626567595638,7,0.9019643822175567,78.43724891710735,6.0504941384424455,35,28643.022658010937,28727.510401066487,experiment,FIFO,0.28,0,variant_3
8126,INSPECTION_1_3,INSPECTION_1_3_LINE,28722.378194341247,0.39071041873830836,8,0.9182874132020515,79.3555363303094,5.132206725240394,35,28643.022658010937,28727.510401066487,experiment,FIFO,0.28,0,variant_3
8126,INSPECTION_1_4,INSPECTION_1_4_LINE,28722.64339017066,0.21332207629166078,9,0.26519582941182307,79.62073215972123,4.867010895828571,35,28643.022658010937,28727.510401066487,experiment,FIFO,0.28,0,variant_3
8126,INSPECTION_1_5,INSPECTION_1_5_LINE,28723.08602785657,0.09841368717025034,10,0.44263768591190455,80.06336984563313,4.424373209916666,35,28643.022658010937,28727.510401066487,experiment,FIFO,0.28,0,variant_3
8126,INSPECTION_1_5,INSPECTION_1_5_LINE,28723.75769403551,0.6716661789396312,11,0.6716661789396312,80.73503602457276,3.752707030977035,35,28643.022658010937,28727.510401066487,experiment,FIFO,0.28,0,variant_3
8126,INSPECTION_1_6,INSPECTION_1_6_LINE,28723.83949736523,0.081803329718241,12,0.081803329718241,80.816839354291,3.670903701258794,35,28643.022658010937,28727.510401066487,experiment,FIFO,0.28,0,variant_3
8126,INSPECTION_1_7,INSPECTION_1_7_LINE,28727.510401066487,0.4896612614393234,13,3.670903701258794,84.4877430555498,0.0,32,28643.022658010937,28727.510401066487,experiment,FIFO,0.28,0,variant_3
8127,MOULDING_5,MOULDING_MACHINE_5,28637.64162463853,2.1185840889484098,1,0.0,0.0,125.65291172177604,36,28637.64162463853,28763.294536360307,experiment,FIFO,0.28,0,variant_3
8127,ASSEMBLY_1_3,LINE_3_ASSEMBLY1,28657.63851114223,5.365466367700719,2,19.996886503700807,19.996886503700807,105.65602521807523,36,28637.64162463853,28763.294536360307,experiment,FIFO,0.28,0,variant_3
8127,ASSEMBLY_2_1,ASSEMBLY2_LINE_1,28730.28375708565,3.27574000360255,3,72.64524594341856,92.64213244711937,33.01077927465667,32,28637.64162463853,28763.294536360307,experiment,FIFO,0.28,0,variant_3
8127,SORTING,SORTING_ROBOT_1,28743.588430245487,2.8143521791134845,4,13.304673159836966,105.94680560695633,19.706106114819704,34,28637.64162463853,28763.294536360307,experiment,FIFO,0.28,0,variant_3
8127,PACKAGING_3,PACKAGING_LINE_3,28749.54184215008,5.95341190459294,5,5.95341190459294,111.90021751154927,13.752694210226764,36,28637.64162463853,28763.294536360307,experiment,FIFO,0.28,0,variant_3
8127,INSPECTION_1_1,INSPECTION_1_1_LINE,28750.22816014048,0.6863179903994023,6,0.6863179903994023,112.58653550194867,13.066376219827362,35,28637.64162463853,28763.294536360307,experiment,FIFO,0.28,0,variant_3
8127,INSPECTION_1_2,INSPECTION_1_2_LINE,28751.69787190435,0.9852735947060864,7,1.4697117638716009,114.05624726582028,11.59666445595576,35,28637.64162463853,28763.294536360307,experiment,FIFO,0.28,0,variant_3
8127,INSPECTION_1_3,INSPECTION_1_3_LINE,28758.28274554297,3.4781196012663713,8,6.584873638617864,120.64112090443814,5.011790817337896,34,28637.64162463853,28763.294536360307,experiment,FIFO,0.28,0,variant_3
8127,INSPECTION_1_4,INSPECTION_1_4_LINE,28758.47824965057,0.19550410759984516,9,0.19550410759984516,120.83662501203798,4.816286709738051,34,28637.64162463853,28763.294536360307,experiment,FIFO,0.28,0,variant_3
8127,INSPECTION_1_5,INSPECTION_1_5_LINE,28760.351635165087,1.780671142743813,10,1.8733855145183043,122.71001052655629,2.942901195219747,35,28637.64162463853,28763.294536360307,experiment,FIFO,0.28,0,variant_3
8127,INSPECTION_1_6,INSPECTION_1_6_LINE,28760.35967550443,0.008040339344006497,11,0.008040339344006497,122.7180508659003,2.9348608558757405,35,28637.64162463853,28763.294536360307,experiment,FIFO,0.28,0,variant_3
8127,INSPECTION_1_7,INSPECTION_1_7_LINE,28763.294536360307,0.9104156268185761,12,2.9348608558757405,125.65291172177604,0.0,35,28637.64162463853,28763.294536360307,experiment,FIFO,0.28,0,variant_3
8128,MOULDING_5,MOULDING_MACHINE_5,28643.783867486763,6.142242848232854,1,0.0,0.0,80.47292430718517,37,28643.783867486763,28724.25679179395,experiment,FIFO,0.28,0,variant_3
8128,ASSEMBLY_1_1,LINE_1_ASSEMBLY1,28662.69530976605,18.911442279288167,2,18.911442279288167,18.911442279288167,61.561482027897,36,28643.783867486763,28724.25679179395,experiment,FIFO,0.28,0,variant_3
8128,ASSEMBLY_2_2,ASSEMBLY2_LINE_2,28694.736881472763,3.0730895893866546,3,32.04157170671169,50.95301398599986,29.519910321185307,34,28643.783867486763,28724.25679179395,experiment,FIFO,0.28,0,variant_3
8128,SORTING,SORTING_ROBOT_1,28713.528943263114,1.4128394219296752,4,18.792061790351,69.74507577635086,10.727848530834308,35,28643.783867486763,28724.25679179395,experiment,FIFO,0.28,0,variant_3
8128,PACKAGING_2,PACKAGING_LINE_2,28714.0679614152,0.5390181520851911,5,0.5390181520851911,70.28409392843605,10.188830378749117,35,28643.783867486763,28724.25679179395,experiment,FIFO,0.28,0,variant_3
8128,INSPECTION_2_1,INSPECTION_2_1_LINE,28714.58685104182,0.5188896266190568,6,0.5188896266190568,70.8029835550551,9.66994075213006,35,28643.783867486763,28724.25679179395,experiment,FIFO,0.28,0,variant_3
8128,INSPECTION_2_2,INSPECTION_2_2_LINE,28717.477197962387,2.8903469205688452,7,2.8903469205688452,73.69333047562395,6.779593831561215,35,28643.783867486763,28724.25679179395,experiment,FIFO,0.28,0,variant_3
8128,INSPECTION_2_3,INSPECTION_2_3_LINE,28718.36261423381,0.8854162714233098,8,0.8854162714233098,74.57874674704726,5.894177560137905,34,28643.783867486763,28724.25679179395,experiment,FIFO,0.28,0,variant_3
8128,INSPECTION_2_4,INSPECTION_2_4_LINE,28721.215687422227,2.8530731884166016,9,2.8530731884166016,77.43181993546386,3.0411043717213033,34,28643.783867486763,28724.25679179395,experiment,FIFO,0.28,0,variant_3
8128,INSPECTION_2_5,INSPECTION_2_5_LINE,28722.76305427609,1.5473668538616039,10,1.5473668538616039,78.97918678932547,1.4937375178596994,35,28643.783867486763,28724.25679179395,experiment,FIFO,0.28,0,variant_3
8128,INSPECTION_2_6,INSPECTION_2_6_LINE,28723.21472431991,0.4516700438216503,11,0.4516700438216503,79.43085683314712,1.0420674740380491,35,28643.783867486763,28724.25679179395,experiment,FIFO,0.28,0,variant_3
8128,INSPECTION_2_7,INSPECTION_2_7_LINE,28724.25679179395,1.0420674740380491,12,1.0420674740380491,80.47292430718517,0.0,34,28643.783867486763,28724.25679179395,experiment,FIFO,0.28,0,variant_3
8129,MOULDING_1,MOULDING_MACHINE_1,28643.368858311616,5.588123592748161,1,0.0,0.0,74.37751268891952,36,28643.368858311616,28717.746371000536,experiment,FIFO,0.28,0,variant_1
8129,ASSEMBLY_1_4,LINE_4_ASSEMBLY1,28645.73120157913,2.3623432675121876,2,2.3623432675121876,2.3623432675121876,72.01516942140734,37,28643.368858311616,28717.746371000536,experiment,FIFO,0.28,0,variant_1
8129,ASSEMBLY_2_2,ASSEMBLY2_LINE_2,28689.977492854327,5.703094854045048,3,44.24629127519802,46.608634542710206,27.768878146209317,33,28643.368858311616,28717.746371000536,experiment,FIFO,0.28,0,variant_1
8129,SORTING,SORTING_ROBOT_1,28708.621195040203,9.250386336683732,4,18.643702185876464,65.25233672858667,9.125175960332854,36,28643.368858311616,28717.746371000536,experiment,FIFO,0.28,0,variant_1
8129,PACKAGING_1,PACKAGING_LINE_1,28710.91690861035,2.2957135701472,5,2.2957135701472,67.54805029873387,6.829462390185654,35,28643.368858311616,28717.746371000536,experiment,FIFO,0.28,0,variant_1
8129,INSPECTION_1_1,INSPECTION_1_1_LINE,28711.812124881137,0.8952162707864773,6,0.8952162707864773,68.44326656952035,5.934246119399177,35,28643.368858311616,28717.746371000536,experiment,FIFO,0.28,0,variant_1
8129,INSPECTION_1_2,INSPECTION_1_2_LINE,28713.300753120064,1.488628238927049,7,1.488628238927049,69.9318948084474,4.445617880472128,35,28643.368858311616,28717.746371000536,experiment,FIFO,0.28,0,variant_1
8129,INSPECTION_1_3,INSPECTION_1_3_LINE,28713.376538915807,0.07578579574328614,8,0.07578579574328614,70.00768060419068,4.369832084728841,35,28643.368858311616,28717.746371000536,experiment,FIFO,0.28,0,variant_1
8129,INSPECTION_1_4,INSPECTION_1_4_LINE,28714.77195443683,1.3954155210230965,9,1.3954155210230965,71.40309612521378,2.974416563705745,35,28643.368858311616,28717.746371000536,experiment,FIFO,0.28,0,variant_1
8129,INSPECTION_1_5,INSPECTION_1_5_LINE,28715.781021939187,1.0090675023566291,10,1.0090675023566291,72.41216362757041,1.9653490613491158,34,28643.368858311616,28717.746371000536,experiment,FIFO,0.28,0,variant_1
8129,INSPECTION_1_6,INSPECTION_1_6_LINE,28717.478730503342,1.6977085641556187,11,1.6977085641556187,74.10987219172603,0.26764049719349714,35,28643.368858311616,28717.746371000536,experiment,FIFO,0.28,0,variant_1
8129,INSPECTION_1_7,INSPECTION_1_7_LINE,28717.746371000536,0.26764049719349714,12,0.26764049719349714,74.37751268891952,0.0,34,28643.368858311616,28717.746371000536,experiment,FIFO,0.28,0,variant_1
8130,MOULDING_5,MOULDING_MACHINE_5,28647.960882588945,4.177015102181031,1,0.0,0.0,125.61933811419294,37,28647.960882588945,28773.580220703137,experiment,FIFO,0.28,0,variant_4
8130,ASSEMBLY_1_4,LINE_4_ASSEMBLY1,28648.63286557529,0.6719829863468476,2,0.6719829863468476,0.6719829863468476,124.9473551278461,36,28647.960882588945,28773.580220703137,experiment,FIFO,0.28,0,variant_4
8130,ASSEMBLY_2_1,ASSEMBLY2_LINE_1,28727.008017082047,25.497348573884665,3,78.37515150675608,79.04713449310293,46.57220362109001,34,28647.960882588945,28773.580220703137,experiment,FIFO,0.28,0,variant_4
8130,SORTING,SORTING_ROBOT_1,28739.914155738672,2.7234473088319646,4,12.906138656624535,91.95327314972747,33.66606496446548,35,28647.960882588945,28773.580220703137,experiment,FIFO,0.28,0,variant_4
8130,PACKAGING_1,PACKAGING_LINE_1,28757.91868020082,11.953567845066573,5,18.004524462146946,109.95779761187441,15.66154050231853,34,28647.960882588945,28773.580220703137,experiment,FIFO,0.28,0,variant_4
8130,INSPECTION_1_1,INSPECTION_1_1_LINE,28758.365415560773,0.01842108335404191,6,0.446735359953891,110.4045329718283,15.21480514236464,34,28647.960882588945,28773.580220703137,experiment,FIFO,0.28,0,variant_4
8130,INSPECTION_1_2,INSPECTION_1_2_LINE,28762.20234580847,1.723124175619887,7,3.8369302476967277,114.24146321952503,11.377874894667912,36,28647.960882588945,28773.580220703137,experiment,FIFO,0.28,0,variant_4
8130,INSPECTION_1_3,INSPECTION_1_3_LINE,28762.4418117796,0.23946597113172174,8,0.23946597113172174,114.48092919065675,11.13840892353619,35,28647.960882588945,28773.580220703137,experiment,FIFO,0.28,0,variant_4
8130,INSPECTION_1_4,INSPECTION_1_4_LINE,28763.19624506544,0.21526859381629038,9,0.7544332858378766,115.23536247649463,10.383975637698313,36,28647.960882588945,28773.580220703137,experiment,FIFO,0.28,0,variant_4
8130,INSPECTION_1_5,INSPECTION_1_5_LINE,28769.058721387744,0.28908829337888164,10,5.862476322305156,121.09783879879978,4.521499315393157,34,28647.960882588945,28773.580220703137,experiment,FIFO,0.28,0,variant_4
8130,INSPECTION_1_6,INSPECTION_1_6_LINE,28773.51547732472,0.7751228705201356,11,4.456755936975242,125.55459473577503,0.06474337841791566,34,28647.960882588945,28773.580220703137,experiment,FIFO,0.28,0,variant_4
8130,INSPECTION_1_7,INSPECTION_1_7_LINE,28773.580220703137,0.028767491196049377,12,0.06474337841791566,125.61933811419294,0.0,32,28647.960882588945,28773.580220703137,experiment,FIFO,0.28,0,variant_4
8131,MOULDING_5,MOULDING_MACHINE_5,28650.800542696616,2.8396601076710795,1,0.0,0.0,84.87566084509308,36,28650.800542696616,28735.67620354171,experiment,FIFO,0.28,0,variant_5
8131,ASSEMBLY_1_3,LINE_3_ASSEMBLY1,28666.76777506485,3.1698480021295836,2,15.967232368235273,15.967232368235273,68.90842847685781,38,28650.800542696616,28735.67620354171,experiment,FIFO,0.28,0,variant_5
8131,ASSEMBLY_2_2,ASSEMBLY2_LINE_2,28696.54954529831,0.8893519244193158,3,29.78177023345779,45.749002601693064,39.126658243400016,34,28650.800542696616,28735.67620354171,experiment,FIFO,0.28,0,variant_5
8131,SORTING,SORTING_ROBOT_1,28720.27931229048,1.8345093429197732,4,23.72976699217179,69.47876959386485,15.396891251228226,34,28650.800542696616,28735.67620354171,experiment,FIFO,0.28,0,variant_5
8131,PACKAGING_3,PACKAGING_LINE_3,28721.797973718363,1.518661427882762,5,1.518661427882762,70.99743102174762,13.878229823345464,35,28650.800542696616,28735.67620354171,experiment,FIFO,0.28,0,variant_5
8131,PACKAGING_3,PACKAGING_LINE_3,28729.58233812999,7.784364411625575,6,7.784364411625575,78.78179543337319,6.093865411719889,32,28650.800542696616,28735.67620354171,experiment,FIFO,0.28,0,variant_5
8131,INSPECTION_1_1,INSPECTION_1_1_LINE,28731.861398485147,2.2790603551584354,7,2.2790603551584354,81.06085578853163,3.814805056561454,33,28650.800542696616,28735.67620354171,experiment,FIFO,0.28,0,variant_5
8131,INSPECTION_1_2,INSPECTION_1_2_LINE,28732.716932563915,0.8555340787679597,8,0.8555340787679597,81.91638986729959,2.9592709777934942,33,28650.800542696616,28735.67620354171,experiment,FIFO,0.28,0,variant_5
8131,INSPECTION_1_3,INSPECTION_1_3_LINE,28734.22240278645,1.505470222535223,9,1.505470222535223,83.42186008983481,1.4538007552582712,35,28650.800542696616,28735.67620354171,experiment,FIFO,0.28,0,variant_5
8131,INSPECTION_1_4,INSPECTION_1_4_LINE,28734.810074489647,0.5876717031969747,10,0.5876717031969747,84.00953179303178,0.8661290520612965,35,28650.800542696616,28735.67620354171,experiment,FIFO,0.28,0,variant_5
8131,INSPECTION_1_5,INSPECTION_1_5_LINE,28735.06940672305,0.2593322334032564,11,0.2593322334032564,84.26886402643504,0.6067968186580401,35,28650.800542696616,28735.67620354171,experiment,FIFO,0.28,0,variant_5
8131,INSPECTION_1_6,INSPECTION_1_6_LINE,28735.412943958898,0.34353723584717955,12,0.34353723584717955,84.61240126228222,0.2632595828108606,35,28650.800542696616,28735.67620354171,experiment,FIFO,0.28,0,variant_5
8131,INSPECTION_1_7,INSPECTION_1_7_LINE,28735.67620354171,0.2632595828108606,13,0.2632595828108606,84.87566084509308,0.0,34,28650.800542696616,28735.67620354171,experiment,FIFO,0.28,0,variant_5
8132,MOULDING_2,MOULDING_MACHINE_2,28655.53768224645,7.252953388720925,1,0.0,0.0,95.13483501261726,37,28655.53768224645,28750.672517259067,experiment,FIFO,0.28,0,variant_6
8132,ASSEMBLY_1_3,LINE_3_ASSEMBLY1,28689.808942449286,6.851614704595704,2,34.27126020283686,34.27126020283686,60.8635748097804,33,28655.53768224645,28750.672517259067,experiment,FIFO,0.28,0,variant_6
8132,ASSEMBLY_2_2,ASSEMBLY2_LINE_2,28711.383537214155,4.240249032834981,3,21.57459476486838,55.845854967705236,39.28898004491202,35,28655.53768224645,28750.672517259067,experiment,FIFO,0.28,0,variant_6
8132,SORTING,SORTING_ROBOT_1,28737.13953381887,5.847193779125519,4,25.75599660471562,81.60185157242086,13.532983440196404,34,28655.53768224645,28750.672517259067,experiment,FIFO,0.28,0,variant_6
8132,PACKAGING_2,PACKAGING_LINE_2,28743.704926891933,6.565393073062296,5,6.565393073062296,88.16724464548315,6.9675903671341075,34,28655.53768224645,28750.672517259067,experiment,FIFO,0.28,0,variant_6
8132,INSPECTION_2_1,INSPECTION_2_1_LINE,28744.938252704764,1.2333258128310263,6,1.2333258128310263,89.40057045831418,5.734264554303081,33,28655.53768224645,28750.672517259067,experiment,FIFO,0.28,0,variant_6
8132,INSPECTION_2_2,INSPECTION_2_2_LINE,28745.368408944552,0.43015623978863005,7,0.43015623978863005,89.83072669810281,5.304108314514451,33,28655.53768224645,28750.672517259067,experiment,FIFO,0.28,0,variant_6
8132,INSPECTION_2_3,INSPECTION_2_3_LINE,28746.722318654472,1.3539097099201172,8,1.3539097099201172,91.18463640802293,3.950198604594334,34,28655.53768224645,28750.672517259067,experiment,FIFO,0.28,0,variant_6
8132,INSPECTION_2_4,INSPECTION_2_4_LINE,28747.10100183396,0.37868317948596086,9,0.37868317948596086,91.56331958750889,3.571515425108373,34,28655.53768224645,28750.672517259067,experiment,FIFO,0.28,0,variant_6
8132,INSPECTION_2_5,INSPECTION_2_5_LINE,28748.05061461751,0.9496127835518564,10,0.9496127835518564,92.51293237106074,2.6219026415565168,36,28655.53768224645,28750.672517259067,experiment,FIFO,0.28,0,variant_6
8132,INSPECTION_2_6,INSPECTION_2_6_LINE,28750.477533809742,2.4269191922321625,11,2.4269191922321625,94.9398515632929,0.1949834493243543,35,28655.53768224645,28750.672517259067,experiment,FIFO,0.28,0,variant_6
8132,INSPECTION_2_7,INSPECTION_2_7_LINE,28750.672517259067,0.1949834493243543,12,0.1949834493243543,95.13483501261726,0.0,35,28655.53768224645,28750.672517259067,experiment,FIFO,0.28,0,variant_6
8133,MOULDING_2,MOULDING_MACHINE_2,28658.1590383325,2.6213560860487632,1,0.0,0.0,88.07069605731522,37,28658.1590383325,28746.229734389814,experiment,FIFO,0.28,0,variant_6
8133,ASSEMBLY_1_4,LINE_4_ASSEMBLY1,28684.72312506679,26.564086734291777,2,26.564086734291777,26.564086734291777,61.50660932302344,33,28658.1590383325,28746.229734389814,experiment,FIFO,0.28,0,variant_6
8133,ASSEMBLY_2_2,ASSEMBLY2_LINE_2,28706.836906968303,3.592763398846728,3,22.113781901512993,48.67786863580477,39.39282742151045,35,28658.1590383325,28746.229734389814,experiment,FIFO,0.28,0,variant_6
8133,SORTING,SORTING_ROBOT_1,28729.63511896961,0.3098356572918419,4,22.798212001307547,71.47608063711232,16.5946154202029,32,28658.1590383325,28746.229734389814,experiment,FIFO,0.28,0,variant_6
8133,PACKAGING_3,PACKAGING_LINE_3,28735.245302642183,1.6934839028326678,5,5.61018367257202,77.08626430968434,10.984431747630879,35,28658.1590383325,28746.229734389814,experiment,FIFO,0.28,0,variant_6
8133,INSPECTION_2_1,INSPECTION_2_1_LINE,28735.83046858467,0.5851659424879472,6,0.5851659424879472,77.67143025217229,10.399265805142932,34,28658.1590383325,28746.229734389814,experiment,FIFO,0.28,0,variant_6
8133,INSPECTION_2_2,INSPECTION_2_2_LINE,28736.01789757913,0.1874289944607881,7,0.1874289944607881,77.85885924663307,10.211836810682144,34,28658.1590383325,28746.229734389814,experiment,FIFO,0.28,0,variant_6
8133,INSPECTION_2_3,INSPECTION_2_3_LINE,28738.349269433184,1.1065435504096968,8,2.331371854052122,80.1902311006852,7.880464956630021,34,28658.1590383325,28746.229734389814,experiment,FIFO,0.28,0,variant_6
8133,INSPECTION_2_4,INSPECTION_2_4_LINE,28739.957710361028,0.4913013814984879,9,1.60844092784464,81.79867202852984,6.272024028785381,35,28658.1590383325,28746.229734389814,experiment,FIFO,0.28,0,variant_6
8133,INSPECTION_2_5,INSPECTION_2_5_LINE,28742.163898161827,1.1613229260983644,10,2.2061878007989435,84.00485982932878,4.065836227986438,34,28658.1590383325,28746.229734389814,experiment,FIFO,0.28,0,variant_6
8133,INSPECTION_2_6,INSPECTION_2_6_LINE,28744.06197583501,0.8647147878109536,11,1.8980776731841615,85.90293750251294,2.167758554802276,34,28658.1590383325,28746.229734389814,experiment,FIFO,0.28,0,variant_6
8133,INSPECTION_2_7,INSPECTION_2_7_LINE,28746.229734389814,2.133963580330601,12,2.167758554802276,88.07069605731522,0.0,33,28658.1590383325,28746.229734389814,experiment,FIFO,0.28,0,variant_6
8134,MOULDING_4,MOULDING_MACHINE_4,28652.69687499968,0.04987088412599405,1,0.0,0.0,128.80241738199038,35,28652.69687499968,28781.49929238167,experiment,FIFO,0.28,0,variant_3
8134,ASSEMBLY_1_2,LINE_2_ASSEMBLY1,28670.740501019,0.21284423840916133,2,18.043626019320072,18.043626019320072,110.75879136267031,35,28652.69687499968,28781.49929238167,experiment,FIFO,0.28,0,variant_3
8134,ASSEMBLY_2_1,ASSEMBLY2_LINE_1,28733.53876179141,0.31680472434163676,3,62.79826077240796,80.84188679172803,47.96053059026235,34,28652.69687499968,28781.49929238167,experiment,FIFO,0.28,0,variant_3
8134,SORTING,SORTING_ROBOT_1,28747.4852917772,2.1954121410708467,4,13.94652998579113,94.78841677751916,34.01400060447122,34,28652.69687499968,28781.49929238167,experiment,FIFO,0.28,0,variant_3
8134,PACKAGING_1,PACKAGING_LINE_1,28764.180989853267,6.262309652447584,5,16.695698076066037,111.4841148535852,17.318302528405184,34,28652.69687499968,28781.49929238167,experiment,FIFO,0.28,0,variant_3
8134,INSPECTION_1_1,INSPECTION_1_1_LINE,28768.86417090993,4.6831810566618515,6,4.6831810566618515,116.16729591024705,12.635121471743332,34,28652.69687499968,28781.49929238167,experiment,FIFO,0.28,0,variant_3
8134,INSPECTION_1_2,INSPECTION_1_2_LINE,28769.11735264515,0.2531817352210055,7,0.2531817352210055,116.42047764546805,12.381939736522327,34,28652.69687499968,28781.49929238167,experiment,FIFO,0.28,0,variant_3
8134,INSPECTION_1_3,INSPECTION_1_3_LINE,28770.01498385612,0.8976312109698483,8,0.8976312109698483,117.3181088564379,11.484308525552478,34,28652.69687499968,28781.49929238167,experiment,FIFO,0.28,0,variant_3
8134,INSPECTION_1_4,INSPECTION_1_4_LINE,28774.24486878444,4.229884928321553,9,4.229884928321553,121.54799378475946,7.254423597230925,32,28652.69687499968,28781.49929238167,experiment,FIFO,0.28,0,variant_3
8134,INSPECTION_1_5,INSPECTION_1_5_LINE,28776.28014061653,2.035271832090075,10,2.035271832090075,123.58326561684953,5.21915176514085,32,28652.69687499968,28781.49929238167,experiment,FIFO,0.28,0,variant_3
8134,INSPECTION_1_6,INSPECTION_1_6_LINE,28776.68044364504,0.40030302850937005,11,0.40030302850937005,123.9835686453589,4.81884873663148,32,28652.69687499968,28781.49929238167,experiment,FIFO,0.28,0,variant_3
8134,INSPECTION_1_7,INSPECTION_1_7_LINE,28781.49929238167,3.4455049637399497,12,4.81884873663148,128.80241738199038,0.0,29,28652.69687499968,28781.49929238167,experiment,FIFO,0.28,0,variant_3
8135,MOULDING_3,MOULDING_MACHINE_3,28655.0469346298,0.08908136616082629,1,0.0,0.0,125.99824726555016,36,28655.0469346298,28781.04518189535,experiment,FIFO,0.28,0,variant_4
8135,ASSEMBLY_1_3,LINE_3_ASSEMBLY1,28682.95732774469,16.189552679839835,2,27.910393114889303,27.910393114889303,98.08785415066086,34,28655.0469346298,28781.04518189535,experiment,FIFO,0.28,0,variant_4
8135,ASSEMBLY_2_1,ASSEMBLY2_LINE_1,28754.490621342,9.55857797029239,3,71.53329359730924,99.44368671219854,26.55456055335162,34,28655.0469346298,28781.04518189535,experiment,FIFO,0.28,0,variant_4
8135,SORTING,SORTING_ROBOT_1,28760.918375833782,0.5857022921336466,4,6.427754491782252,105.8714412039808,20.12680606156937,35,28655.0469346298,28781.04518189535,experiment,FIFO,0.28,0,variant_4
8135,PACKAGING_3,PACKAGING_LINE_3,28769.395590849366,8.477215015584079,5,8.477215015584079,114.34865621956487,11.64959104598529,34,28655.0469346298,28781.04518189535,experiment,FIFO,0.28,0,variant_4
8135,INSPECTION_2_1,INSPECTION_2_1_LINE,28774.966295572103,0.7763842340791598,6,5.570704722736991,119.91936094230186,6.078886323248298,32,28655.0469346298,28781.04518189535,experiment,FIFO,0.28,0,variant_4
8135,INSPECTION_2_2,INSPECTION_2_2_LINE,28778.421593593204,0.8636365023958206,7,3.4552980211010436,123.37465896340291,2.6235883021472546,31,28655.0469346298,28781.04518189535,experiment,FIFO,0.28,0,variant_4
8135,INSPECTION_2_3,INSPECTION_2_3_LINE,28779.61917252956,0.0007146945754357148,8,1.1975789363568765,124.57223789975978,1.426009365790378,32,28655.0469346298,28781.04518189535,experiment,FIFO,0.28,0,variant_4
8135,INSPECTION_2_4,INSPECTION_2_4_LINE,28779.82733245653,0.2081599269695289,9,0.2081599269695289,124.78039782672931,1.2178494388208492,32,28655.0469346298,28781.04518189535,experiment,FIFO,0.28,0,variant_4
8135,INSPECTION_2_5,INSPECTION_2_5_LINE,28780.66597629109,0.8386438345587521,10,0.8386438345587521,125.61904166128807,0.37920560426209704,32,28655.0469346298,28781.04518189535,experiment,FIFO,0.28,0,variant_4
8135,INSPECTION_2_6,INSPECTION_2_6_LINE,28780.836452966152,0.17047667506267317,11,0.17047667506267317,125.78951833635074,0.20872892919942387,31,28655.0469346298,28781.04518189535,experiment,FIFO,0.28,0,variant_4
8135,INSPECTION_2_7,INSPECTION_2_7_LINE,28781.04518189535,0.20872892919942387,12,0.20872892919942387,125.99824726555016,0.0,30,28655.0469346298,28781.04518189535,experiment,FIFO,0.28,0,variant_4
8136,MOULDING_2,MOULDING_MACHINE_2,28664.4582611158,6.299222783301957,1,0.0,0.0,107.26448411542879,37,28664.4582611158,28771.72274523123,experiment,FIFO,0.28,0,variant_5
8136,ASSEMBLY_1_5,LINE_5_ASSEMBLY1,28669.48182208887,5.023560973069834,2,5.023560973069834,5.023560973069834,102.24092314235895,36,28664.4582611158,28771.72274523123,experiment,FIFO,0.28,0,variant_5
8136,ASSEMBLY_2_1,ASSEMBLY2_LINE_1,28733.221957067068,2.9381999814177107,3,63.7401349781976,68.76369595126744,38.50078816416135,34,28664.4582611158,28771.72274523123,experiment,FIFO,0.28,0,variant_5
8136,SORTING,SORTING_ROBOT_1,28745.28987963613,1.701449390642665,4,12.06792256906192,80.83161852032936,26.43286559509943,33,28664.4582611158,28771.72274523123,experiment,FIFO,0.28,0,variant_5
8136,PACKAGING_3,PACKAGING_LINE_3,28755.97392657344,6.432084423358901,5,10.684046937309176,91.51566545763853,15.748818657790252,34,28664.4582611158,28771.72274523123,experiment,FIFO,0.28,0,variant_5
8136,INSPECTION_1_1,INSPECTION_1_1_LINE,28756.09571867565,0.12179210221074754,6,0.12179210221074754,91.63745755984928,15.627026555579505,34,28664.4582611158,28771.72274523123,experiment,FIFO,0.28,0,variant_5
8136,INSPECTION_1_2,INSPECTION_1_2_LINE,28756.92510163177,0.8293829561189341,7,0.8293829561189341,92.46684051596822,14.79764359946057,34,28664.4582611158,28771.72274523123,experiment,FIFO,0.28,0,variant_5
8136,INSPECTION_1_3,INSPECTION_1_3_LINE,28758.88915033937,0.606404796402785,8,1.9640487076030695,94.43088922357128,12.833594891857501,34,28664.4582611158,28771.72274523123,experiment,FIFO,0.28,0,variant_5
8136,INSPECTION_1_4,INSPECTION_1_4_LINE,28762.78472845096,3.8955781115873833,9,3.8955781115873833,98.32646733515867,8.938016780270118,36,28664.4582611158,28771.72274523123,experiment,FIFO,0.28,0,variant_5
8136,INSPECTION_1_5,INSPECTION_1_5_LINE,28768.09040152164,5.305673070681223,10,5.305673070681223,103.63214040583989,3.632343709588895,34,28664.4582611158,28771.72274523123,experiment,FIFO,0.28,0,variant_5
8136,INSPECTION_1_6,INSPECTION_1_6_LINE,28771.552464379816,3.4620628581760684,11,3.4620628581760684,107.09420326401596,0.17028085141282645,35,28664.4582611158,28771.72274523123,experiment,FIFO,0.28,0,variant_5
8136,INSPECTION_1_7,INSPECTION_1_7_LINE,28771.72274523123,0.17028085141282645,12,0.17028085141282645,107.26448411542879,0.0,34,28664.4582611158,28771.72274523123,experiment,FIFO,0.28,0,variant_5
8137,MOULDING_1,MOULDING_MACHINE_1,28661.372784327323,4.923901027599641,1,0.0,0.0,92.64362264431838,36,28661.372784327323,28754.01640697164,experiment,FIFO,0.28,0,variant_3
8137,ASSEMBLY_1_1,LINE_1_ASSEMBLY1,28695.89352918214,16.94399890391287,2,34.52074485481717,34.52074485481717,58.12287778950122,34,28661.372784327323,28754.01640697164,experiment,FIFO,0.28,0,variant_3
8137,ASSEMBLY_2_2,ASSEMBLY2_LINE_2,28727.918306262105,8.160286678936245,3,32.02477707996513,66.5455219347823,26.098100709536084,32,28661.372784327323,28754.01640697164,experiment,FIFO,0.28,0,variant_3
8137,SORTING,SORTING_ROBOT_1,28740.32473051903,0.4105747803587292,4,12.406424256925675,78.95194619170798,13.691676452610409,36,28661.372784327323,28754.01640697164,experiment,FIFO,0.28,0,variant_3
8137,PACKAGING_2,PACKAGING_LINE_2,28744.795093705325,1.0901668133919884,5,4.47036318629398,83.42230937800196,9.221313266316429,33,28661.372784327323,28754.01640697164,experiment,FIFO,0.28,0,variant_3
8137,INSPECTION_2_1,INSPECTION_2_1_LINE,28746.1284100914,1.1901573866380204,6,1.3333163860770583,84.75562576407901,7.8879968802393705,34,28661.372784327323,28754.01640697164,experiment,FIFO,0.28,0,variant_3
8137,INSPECTION_2_2,INSPECTION_2_2_LINE,28748.65320119705,2.5247911056467274,7,2.5247911056467274,87.28041686972574,5.363205774592643,36,28661.372784327323,28754.01640697164,experiment,FIFO,0.28,0,variant_3
8137,INSPECTION_2_3,INSPECTION_2_3_LINE,28752.04981494698,3.3966137499301112,8,3.3966137499301112,90.67703061965585,1.966592024662532,35,28661.372784327323,28754.01640697164,experiment,FIFO,0.28,0,variant_3
8137,INSPECTION_2_4,INSPECTION_2_4_LINE,28752.141852157503,0.09203721052472247,9,0.09203721052472247,90.76906783018057,1.8745548141378094,35,28661.372784327323,28754.01640697164,experiment,FIFO,0.28,0,variant_3
8137,INSPECTION_2_5,INSPECTION_2_5_LINE,28752.830877078264,0.6890249207608576,10,0.6890249207608576,91.45809275094143,1.1855298933769518,35,28661.372784327323,28754.01640697164,experiment,FIFO,0.28,0,variant_3
8137,INSPECTION_2_6,INSPECTION_2_6_LINE,28752.890352113507,0.059475035242940066,11,0.059475035242940066,91.51756778618437,1.1260548581340117,35,28661.372784327323,28754.01640697164,experiment,FIFO,0.28,0,variant_3
8137,INSPECTION_2_7,INSPECTION_2_7_LINE,28754.01640697164,1.1260548581340117,12,1.1260548581340117,92.64362264431838,0.0,34,28661.372784327323,28754.01640697164,experiment,FIFO,0.28,0,variant_3
8138,MOULDING_2,MOULDING_MACHINE_2,28666.64849604401,2.190234928209975,1,0.0,0.0,117.64554523615152,38,28666.64849604401,28784.29404128016,experiment,FIFO,0.28,0,variant_5
8138,ASSEMBLY_1_2,LINE_2_ASSEMBLY1,28700.436674433822,29.696173414820805,2,33.78817838981195,33.78817838981195,83.85736684633957,35,28666.64849604401,28784.29404128016,experiment,FIFO,0.28,0,variant_5
8138,ASSEMBLY_2_1,ASSEMBLY2_LINE_1,28758.032497956006,3.541876614006469,3,57.59582352218422,91.38400191199617,26.261543324155355,34,28666.64849604401,28784.29404128016,experiment,FIFO,0.28,0,variant_5
8138,SORTING,SORTING_ROBOT_1,28763.02295518248,2.1045793486991897,4,4.990457226474973,96.37445913847114,21.27108609768038,36,28666.64849604401,28784.29404128016,experiment,FIFO,0.28,0,variant_5
8138,PACKAGING_2,PACKAGING_LINE_2,28768.07833330517,1.4852492855679884,5,5.055378122688126,101.42983726115926,16.215707974992256,34,28666.64849604401,28784.29404128016,experiment,FIFO,0.28,0,variant_5
8138,INSPECTION_1_1,INSPECTION_1_1_LINE,28775.408899560363,6.54472865043499,6,7.330566255193844,108.76040351635311,8.885141719798412,32,28666.64849604401,28784.29404128016,experiment,FIFO,0.28,0,variant_5
8138,INSPECTION_1_2,INSPECTION_1_2_LINE,28777.307816887587,1.8989173272238986,7,1.8989173272238986,110.659320843577,6.986224392574513,32,28666.64849604401,28784.29404128016,experiment,FIFO,0.28,0,variant_5
8138,INSPECTION_1_3,INSPECTION_1_3_LINE,28777.96965749243,0.6618406048437464,8,0.6618406048437464,111.32116144842075,6.324383787730767,32,28666.64849604401,28784.29404128016,experiment,FIFO,0.28,0,variant_5
8138,INSPECTION_1_4,INSPECTION_1_4_LINE,28779.56549197679,1.595834484360239,9,1.595834484360239,112.91699593278099,4.728549303370528,32,28666.64849604401,28784.29404128016,experiment,FIFO,0.28,0,variant_5
8138,INSPECTION_1_4,INSPECTION_1_4_LINE,28780.01894596003,0.178863784938585,10,0.45345398323843256,113.37044991601942,4.275095320132095,32,28666.64849604401,28784.29404128016,experiment,FIFO,0.28,0,variant_5
8138,INSPECTION_1_5,INSPECTION_1_5_LINE,28781.800341582115,1.781395622085256,11,1.781395622085256,115.15184553810468,2.4936996980468393,29,28666.64849604401,28784.29404128016,experiment,FIFO,0.28,0,variant_5
8138,INSPECTION_1_6,INSPECTION_1_6_LINE,28782.16375147816,0.3634098960465053,12,0.3634098960465053,115.51525543415119,2.130289802000334,29,28666.64849604401,28784.29404128016,experiment,FIFO,0.28,0,variant_5
8138,INSPECTION_1_7,INSPECTION_1_7_LINE,28784.29404128016,0.044581469366676174,13,2.130289802000334,117.64554523615152,0.0,27,28666.64849604401,28784.29404128016,experiment,FIFO,0.28,0,variant_5
8139,MOULDING_4,MOULDING_MACHINE_4,28667.524746329,2.9672043735990883,1,0.0,0.0,141.28707196938194,38,28667.524746329,28808.81181829838,experiment,FIFO,0.28,0,variant_4
8139,ASSEMBLY_1_1,LINE_1_ASSEMBLY1,28714.438535224523,18.545006042382738,2,46.913788895522885,46.913788895522885,94.37328307385906,35,28667.524746329,28808.81181829838,experiment,FIFO,0.28,0,variant_4
8139,ASSEMBLY_2_1,ASSEMBLY2_LINE_1,28766.7992308604,0.5933996685926104,3,52.36069563587807,99.27448453140096,42.01258743798098,34,28667.524746329,28808.81181829838,experiment,FIFO,0.28,0,variant_4
8139,SORTING,SORTING_ROBOT_1,28782.745454000746,3.4936752838621032,4,15.946223140344955,115.22070767174591,26.066364297636028,29,28667.524746329,28808.81181829838,experiment,FIFO,0.28,0,variant_4
8139,PACKAGING_1,PACKAGING_LINE_1,28793.59162265436,4.805949908695766,5,10.846168653613859,126.06687632535977,15.22019564402217,24,28667.524746329,28808.81181829838,experiment,FIFO,0.28,0,variant_4
8139,INSPECTION_1_1,INSPECTION_1_1_LINE,28796.44226213716,2.850639482800034,6,2.850639482800034,128.9175158081598,12.369556161222135,25,28667.524746329,28808.81181829838,experiment,FIFO,0.28,0,variant_4
8139,INSPECTION_1_1,INSPECTION_1_1_LINE,28797.06846523298,0.27173911017234786,7,0.6262030958205287,129.54371890398033,11.743353065401607,25,28667.524746329,28808.81181829838,experiment,FIFO,0.28,0,variant_4
8139,INSPECTION_1_2,INSPECTION_1_2_LINE,28799.521240277045,2.452775044064765,8,2.452775044064765,131.9964939480451,9.290578021336842,27,28667.524746329,28808.81181829838,experiment,FIFO,0.28,0,variant_4
8139,INSPECTION_1_3,INSPECTION_1_3_LINE,28800.86224547162,1.3410051945757004,9,1.3410051945757004,133.3374991426208,7.949572826761141,27,28667.524746329,28808.81181829838,experiment,FIFO,0.28,0,variant_4
8139,INSPECTION_1_4,INSPECTION_1_4_LINE,28801.360621196007,0.4983757243862783,10,0.4983757243862783,133.83587486700708,7.451197102374863,27,28667.524746329,28808.81181829838,experiment,FIFO,0.28,0,variant_4
8139,INSPECTION_1_5,INSPECTION_1_5_LINE,28802.155335275733,0.7947140797259635,11,0.7947140797259635,134.63058894673304,6.656483022648899,27,28667.524746329,28808.81181829838,experiment,FIFO,0.28,0,variant_4
8139,INSPECTION_1_6,INSPECTION_1_6_LINE,28805.127697169337,0.5388976093381643,12,2.972361893604102,137.60295084033714,3.6841211290447973,26,28667.524746329,28808.81181829838,experiment,FIFO,0.28,0,variant_4
8139,INSPECTION_1_7,INSPECTION_1_7_LINE,28808.81181829838,1.0845422862366831,13,3.6841211290447973,141.28707196938194,0.0,23,28667.524746329,28808.81181829838,experiment,FIFO,0.28,0,variant_4
8140,MOULDING_4,MOULDING_MACHINE_4,28686.378995457297,18.854249128296942,1,0.0,0.0,91.67479196063505,35,28686.378995457297,28778.05378741793,experiment,FIFO,0.28,0,variant_2
8140,ASSEMBLY_1_1,LINE_1_ASSEMBLY1,28735.54023900136,4.059918791583186,2,49.16124354406202,49.16124354406202,42.51354841657303,35,28686.378995457297,28778.05378741793,experiment,FIFO,0.28,0,variant_2
8140,ASSEMBLY_2_2,ASSEMBLY2_LINE_2,28748.734123949944,7.973472954105091,3,13.193884948585037,62.355128492647054,29.319663467987993,36,28686.378995457297,28778.05378741793,experiment,FIFO,0.28,0,variant_2
8140,SORTING,SORTING_ROBOT_1,28757.567477362933,0.2722742536570877,4,8.8333534129888,71.18848190563585,20.486310054999194,34,28686.378995457297,28778.05378741793,experiment,FIFO,0.28,0,variant_2
8140,PACKAGING_2,PACKAGING_LINE_2,28758.818737870504,0.7227640896526282,5,1.2512605075717147,72.43974241320757,19.23504954742748,34,28686.378995457297,28778.05378741793,experiment,FIFO,0.28,0,variant_2
8140,INSPECTION_1_1,INSPECTION_1_1_LINE,28761.75149316301,2.9327552925060445,6,2.9327552925060445,75.37249770571361,16.302294254921435,36,28686.378995457297,28778.05378741793,experiment,FIFO,0.28,0,variant_2
8140,INSPECTION_1_2,INSPECTION_1_2_LINE,28762.57385947669,0.06163596686019446,7,0.8223663136814139,76.19486401939503,15.479927941240021,35,28686.378995457297,28778.05378741793,experiment,FIFO,0.28,0,variant_2
8140,INSPECTION_1_3,INSPECTION_1_3_LINE,28765.697418911022,2.5257275171388756,8,3.123559434330673,79.3184234537257,12.356368506909348,35,28686.378995457297,28778.05378741793,experiment,FIFO,0.28,0,variant_2
8140,INSPECTION_1_4,INSPECTION_1_4_LINE,28765.75513952693,0.05772061590687372,9,0.05772061590687372,79.37614406963257,12.298647891002474,35,28686.378995457297,28778.05378741793,experiment,FIFO,0.28,0,variant_2
8140,INSPECTION_1_5,INSPECTION_1_5_LINE,28770.24718481233,0.26082484237122117,10,4.492045285402128,83.8681893550347,7.806602605600347,34,28686.378995457297,28778.05378741793,experiment,FIFO,0.28,0,variant_2
8140,INSPECTION_1_6,INSPECTION_1_6_LINE,28776.11989661996,0.48262586501732585,11,5.872711807627638,89.74090116266234,1.9338907979727082,32,28686.378995457297,28778.05378741793,experiment,FIFO,0.28,0,variant_2
8140,INSPECTION_1_7,INSPECTION_1_7_LINE,28778.05378741793,1.6218165751306515,12,1.9338907979727082,91.67479196063505,0.0,31,28686.378995457297,28778.05378741793,experiment,FIFO,0.28,0,variant_2
8141,MOULDING_3,MOULDING_MACHINE_3,28673.50275637517,6.664385370397213,1,0.0,0.0,110.79372499499004,33,28673.50275637517,28784.29648137016,experiment,FIFO,0.28,0,variant_3
8141,ASSEMBLY_1_1,LINE_1_ASSEMBLY1,28716.44361764502,2.005082420499093,2,42.940861269853485,42.940861269853485,67.85286372513656,35,28673.50275637517,28784.29648137016,experiment,FIFO,0.28,0,variant_3
8141,ASSEMBLY_2_2,ASSEMBLY2_LINE_2,28736.1266050044,0.12928050635309773,3,19.682987359377876,62.62384862923136,48.16987636575868,34,28673.50275637517,28784.29648137016,experiment,FIFO,0.28,0,variant_3
8141,SORTING,SORTING_ROBOT_1,28749.972444682106,0.5586308873462258,4,13.845839677705953,76.46968830693731,34.32403668805273,36,28673.50275637517,28784.29648137016,experiment,FIFO,0.28,0,variant_3
8141,PACKAGING_1,PACKAGING_LINE_1,28772.713781429684,3.4861190884766984,5,22.741336747578316,99.21102505451563,11.582699940474413,34,28673.50275637517,28784.29648137016,experiment,FIFO,0.28,0,variant_3
8141,INSPECTION_2_1,INSPECTION_2_1_LINE,28775.574737339608,0.6084417675047007,6,2.860955909924087,102.07198096443972,8.721744030550326,32,28673.50275637517,28784.29648137016,experiment,FIFO,0.28,0,variant_3
8141,INSPECTION_2_2,INSPECTION_2_2_LINE,28779.59961097653,1.1780173833249137,7,4.0248736369212565,106.09685460136097,4.696870393629069,32,28673.50275637517,28784.29648137016,experiment,FIFO,0.28,0,variant_3
8141,INSPECTION_2_3,INSPECTION_2_3_LINE,28781.52287391348,1.9037013839188148,8,1.9232629369507777,108.02011753831175,2.773607456678292,29,28673.50275637517,28784.29648137016,experiment,FIFO,0.28,0,variant_3
8141,INSPECTION_2_4,INSPECTION_2_4_LINE,28781.80762259079,0.28474867730983533,9,0.28474867730983533,108.30486621562159,2.4888587793684565,29,28673.50275637517,28784.29648137016,experiment,FIFO,0.28,0,variant_3
8141,INSPECTION_2_5,INSPECTION_2_5_LINE,28782.747530905828,0.9399083150383376,10,0.9399083150383376,109.24477453065992,1.5489504643301188,29,28673.50275637517,28784.29648137016,experiment,FIFO,0.28,0,variant_3
8141,INSPECTION_2_6,INSPECTION_2_6_LINE,28783.575823026385,0.8282921205573075,11,0.8282921205573075,110.07306665121723,0.7206583437728113,29,28673.50275637517,28784.29648137016,experiment,FIFO,0.28,0,variant_3
8141,INSPECTION_2_7,INSPECTION_2_7_LINE,28784.29648137016,0.7206583437728113,12,0.7206583437728113,110.79372499499004,0.0,26,28673.50275637517,28784.29648137016,experiment,FIFO,0.28,0,variant_3
8142,MOULDING_2,MOULDING_MACHINE_2,28676.5829962286,5.6460122283497185,1,0.0,0.0,96.96845698334073,34,28676.5829962286,28773.55145321194,experiment,FIFO,0.28,0,variant_4
8142,MOULDING_2,MOULDING_MACHINE_2,28678.75796354908,2.1749673204794817,2,2.1749673204794817,2.1749673204794817,94.79348966286125,34,28676.5829962286,28773.55145321194,experiment,FIFO,0.28,0,variant_4
8142,ASSEMBLY_1_1,LINE_1_ASSEMBLY1,28719.95863742944,3.5150197844195645,3,41.20067388036114,43.37564120084062,53.59281578250011,34,28676.5829962286,28773.55145321194,experiment,FIFO,0.28,0,variant_4
8142,ASSEMBLY_2_2,ASSEMBLY2_LINE_2,28738.28586128025,2.1592562758487475,4,18.32722385080706,61.70286505164768,35.26559193169305,34,28676.5829962286,28773.55145321194,experiment,FIFO,0.28,0,variant_4
8142,SORTING,SORTING_ROBOT_1,28752.717380444843,2.744935762737441,5,14.431519164594647,76.13438421624232,20.834072767098405,35,28676.5829962286,28773.55145321194,experiment,FIFO,0.28,0,variant_4
8142,PACKAGING_2,PACKAGING_LINE_2,28757.67354553459,4.956165089748538,6,4.956165089748538,81.09054930599086,15.877907677349867,34,28676.5829962286,28773.55145321194,experiment,FIFO,0.28,0,variant_4
8142,INSPECTION_1_1,INSPECTION_1_1_LINE,28758.34699447742,0.6734489428272354,7,0.6734489428272354,81.7639982488181,15.204458734522632,34,28676.5829962286,28773.55145321194,experiment,FIFO,0.28,0,variant_4
8142,INSPECTION_1_2,INSPECTION_1_2_LINE,28760.47922163285,2.1322271554308827,8,2.1322271554308827,83.89622540424898,13.07223157909175,35,28676.5829962286,28773.55145321194,experiment,FIFO,0.28,0,variant_4
8142,INSPECTION_1_3,INSPECTION_1_3_LINE,28760.842543525247,0.36332189239692525,9,0.36332189239692525,84.2595472966459,12.708909686694824,35,28676.5829962286,28773.55145321194,experiment,FIFO,0.28,0,variant_4
8142,INSPECTION_1_4,INSPECTION_1_4_LINE,28762.980976471623,0.19624802066391567,10,2.1384329463762697,86.39798024302218,10.570476740318554,36,28676.5829962286,28773.55145321194,experiment,FIFO,0.28,0,variant_4
8142,INSPECTION_1_5,INSPECTION_1_5_LINE,28768.769633094365,0.6792315727252571,11,5.788656622742565,92.18663686576474,4.78182011757599,34,28676.5829962286,28773.55145321194,experiment,FIFO,0.28,0,variant_4
8142,INSPECTION_1_6,INSPECTION_1_6_LINE,28772.7403544542,1.1878900743831764,12,3.9707213598339877,96.15735822559873,0.8110987577420019,34,28676.5829962286,28773.55145321194,experiment,FIFO,0.28,0,variant_4
8142,INSPECTION_1_7,INSPECTION_1_7_LINE,28773.55145321194,0.8110987577420019,13,0.8110987577420019,96.96845698334073,0.0,33,28676.5829962286,28773.55145321194,experiment,FIFO,0.28,0,variant_4
8143,MOULDING_1,MOULDING_MACHINE_1,28674.15333924853,2.7917484252793656,1,0.0,0.0,75.83229060503072,34,28674.15333924853,28749.98562985356,experiment,FIFO,0.28,0,variant_6
8143,ASSEMBLY_1_4,LINE_4_ASSEMBLY1,28694.484681757087,9.761556690296857,2,20.33134250855801,20.33134250855801,55.50094809647271,34,28674.15333924853,28749.98562985356,experiment,FIFO,0.28,0,variant_6
8143,ASSEMBLY_2_2,ASSEMBLY2_LINE_2,28719.75801958317,8.374482369014004,3,25.273337826081843,45.60468033463985,30.22761027039087,34,28674.15333924853,28749.98562985356,experiment,FIFO,0.28,0,variant_6
8143,SORTING,SORTING_ROBOT_1,28737.19070842984,0.05117461096961051,4,17.432688846671226,63.03736918131108,12.794921423719643,34,28674.15333924853,28749.98562985356,experiment,FIFO,0.28,0,variant_6
8143,PACKAGING_3,PACKAGING_LINE_3,28737.399403290587,0.20869486074661836,5,0.20869486074661836,63.2460640420577,12.586226562973025,34,28674.15333924853,28749.98562985356,experiment,FIFO,0.28,0,variant_6
8143,INSPECTION_1_1,INSPECTION_1_1_LINE,28741.336017186928,3.9366138963414414,6,3.9366138963414414,67.18267793839914,8.649612666631583,34,28674.15333924853,28749.98562985356,experiment,FIFO,0.28,0,variant_6
8143,INSPECTION_1_2,INSPECTION_1_2_LINE,28743.1434195996,1.8074024126726727,7,1.8074024126726727,68.99008035107181,6.8422102539589105,34,28674.15333924853,28749.98562985356,experiment,FIFO,0.28,0,variant_6
8143,INSPECTION_1_3,INSPECTION_1_3_LINE,28743.703541514493,0.5601219148920791,8,0.5601219148920791,69.55020226596389,6.282088339066831,34,28674.15333924853,28749.98562985356,experiment,FIFO,0.28,0,variant_6
8143,INSPECTION_1_4,INSPECTION_1_4_LINE,28745.710438768267,2.0068972537737864,9,2.0068972537737864,71.55709951973768,4.275191085293045,33,28674.15333924853,28749.98562985356,experiment,FIFO,0.28,0,variant_6
8143,INSPECTION_1_5,INSPECTION_1_5_LINE,28747.82085460829,2.1104158400230517,10,2.1104158400230517,73.66751535976073,2.1647752452699933,35,28674.15333924853,28749.98562985356,experiment,FIFO,0.28,0,variant_6
8143,INSPECTION_1_6,INSPECTION_1_6_LINE,28748.79947850368,0.9786238953893189,11,0.9786238953893189,74.64613925515005,1.1861513498806744,36,28674.15333924853,28749.98562985356,experiment,FIFO,0.28,0,variant_6
8143,INSPECTION_1_7,INSPECTION_1_7_LINE,28749.98562985356,1.1861513498806744,12,1.1861513498806744,75.83229060503072,0.0,35,28674.15333924853,28749.98562985356,experiment,FIFO,0.28,0,variant_6
8144,MOULDING_3,MOULDING_MACHINE_3,28680.504170714463,7.00141433929457,1,0.0,0.0,81.87995001902527,36,28680.504170714463,28762.384120733488,experiment,FIFO,0.28,0,variant_3
8144,ASSEMBLY_1_5,LINE_5_ASSEMBLY1,28685.089098190703,4.584927476240409,2,4.584927476240409,4.584927476240409,77.29502254278486,33,28680.504170714463,28762.384120733488,experiment,FIFO,0.28,0,variant_3
8144,ASSEMBLY_2_2,ASSEMBLY2_LINE_2,28707.14328818132,0.3063812130167207,3,22.054189990616578,26.639117466856987,55.240832552168285,35,28680.504170714463,28762.384120733488,experiment,FIFO,0.28,0,variant_3
8144,SORTING,SORTING_ROBOT_1,28731.292340039745,1.6572210701342556,4,24.149051858425082,50.78816932528207,31.091780693743203,32,28680.504170714463,28762.384120733488,experiment,FIFO,0.28,0,variant_3
8144,PACKAGING_1,PACKAGING_LINE_1,28745.965112355752,14.672772316007467,5,14.672772316007467,65.46094164128954,16.419008377735736,33,28680.504170714463,28762.384120733488,experiment,FIFO,0.28,0,variant_3
8144,INSPECTION_1_1,INSPECTION_1_1_LINE,28747.721605205672,1.7564928499195958,6,1.7564928499195958,67.21743449120913,14.66251552781614,35,28680.504170714463,28762.384120733488,experiment,FIFO,0.28,0,variant_3
8144,INSPECTION_1_2,INSPECTION_1_2_LINE,28750.712598309645,2.990993103972869,7,2.990993103972869,70.208427595182,11.671522423843271,35,28680.504170714463,28762.384120733488,experiment,FIFO,0.28,0,variant_3
8144,INSPECTION_1_3,INSPECTION_1_3_LINE,28754.804625941702,4.0920276320575795,8,4.0920276320575795,74.30045522723958,7.579494791785692,34,28680.504170714463,28762.384120733488,experiment,FIFO,0.28,0,variant_3
8144,INSPECTION_1_4,INSPECTION_1_4_LINE,28757.15492417845,2.350298236746312,9,2.350298236746312,76.6507534639859,5.22919655503938,34,28680.504170714463,28762.384120733488,experiment,FIFO,0.28,0,variant_3
8144,INSPECTION_1_5,INSPECTION_1_5_LINE,28758.570964022343,1.4160398438943957,10,1.4160398438943957,78.06679330788029,3.813156711144984,34,28680.504170714463,28762.384120733488,experiment,FIFO,0.28,0,variant_3
8144,INSPECTION_1_6,INSPECTION_1_6_LINE,28760.233237012995,1.6622729906521272,11,1.6622729906521272,79.72906629853242,2.150883720492857,35,28680.504170714463,28762.384120733488,experiment,FIFO,0.28,0,variant_3
8144,INSPECTION_1_7,INSPECTION_1_7_LINE,28762.384120733488,2.150883720492857,12,2.150883720492857,81.87995001902527,0.0,35,28680.504170714463,28762.384120733488,experiment,FIFO,0.28,0,variant_3
8145,MOULDING_4,MOULDING_MACHINE_4,28694.379782038257,8.000786580960266,1,0.0,0.0,82.05218880454413,34,28694.379782038257,28776.4319708428,experiment,FIFO,0.28,0,variant_5
8145,ASSEMBLY_1_4,LINE_4_ASSEMBLY1,28725.078079331422,23.778609463341127,2,30.698297293165524,30.698297293165524,51.353891511378606,35,28694.379782038257,28776.4319708428,experiment,FIFO,0.28,0,variant_5
8145,ASSEMBLY_2_2,ASSEMBLY2_LINE_2,28740.037550585737,1.7109594763678615,3,14.959471254314849,45.65776854748037,36.39442025706376,35,28694.379782038257,28776.4319708428,experiment,FIFO,0.28,0,variant_5
8145,SORTING,SORTING_ROBOT_1,28754.52987619174,0.21870596199732972,4,14.49232560600285,60.150094153483224,21.902094651060906,34,28694.379782038257,28776.4319708428,experiment,FIFO,0.28,0,variant_5
8145,PACKAGING_2,PACKAGING_LINE_2,28758.09597378085,0.4224282462600968,5,3.5660975891114504,63.716191742594674,18.335997061949456,34,28694.379782038257,28776.4319708428,experiment,FIFO,0.28,0,variant_5
8145,INSPECTION_1_1,INSPECTION_1_1_LINE,28758.384686412923,0.01927085214992985,6,0.2887126320711104,64.00490437466578,18.047284429878346,34,28694.379782038257,28776.4319708428,experiment,FIFO,0.28,0,variant_5
8145,INSPECTION_1_2,INSPECTION_1_2_LINE,28762.51222350983,0.3098777013619838,7,4.127537096908782,68.13244147157457,13.919747332969564,35,28694.379782038257,28776.4319708428,experiment,FIFO,0.28,0,variant_5
8145,INSPECTION_1_3,INSPECTION_1_3_LINE,28763.171691393884,0.6594678840519919,8,0.6594678840519919,68.79190935562656,13.260279448917572,36,28694.379782038257,28776.4319708428,experiment,FIFO,0.28,0,variant_5
8145,INSPECTION_1_4,INSPECTION_1_4_LINE,28763.461824173828,0.26557910838891985,9,0.29013277994454256,69.0820421355711,12.97014666897303,35,28694.379782038257,28776.4319708428,experiment,FIFO,0.28,0,variant_5
8145,INSPECTION_1_5,INSPECTION_1_5_LINE,28769.98635996996,0.9276385822158772,10,6.524535796132113,75.60657793170321,6.445610872840916,34,28694.379782038257,28776.4319708428,experiment,FIFO,0.28,0,variant_5
8145,INSPECTION_1_6,INSPECTION_1_6_LINE,28775.63727075494,2.1217934302221693,11,5.650910784981534,81.25748871668475,0.7947000878593826,32,28694.379782038257,28776.4319708428,experiment,FIFO,0.28,0,variant_5
8145,INSPECTION_1_7,INSPECTION_1_7_LINE,28776.4319708428,0.7947000878593826,12,0.7947000878593826,82.05218880454413,0.0,32,28694.379782038257,28776.4319708428,experiment,FIFO,0.28,0,variant_5
8146,MOULDING_3,MOULDING_MACHINE_3,28685.59531764342,5.091146928956732,1,0.0,0.0,78.20704651206324,34,28685.59531764342,28763.802364155483,experiment,FIFO,0.28,0,variant_6
8146,ASSEMBLY_1_4,LINE_4_ASSEMBLY1,28699.805860864784,5.3211791076973896,2,14.210543221364787,14.210543221364787,63.996503290698456,35,28685.59531764342,28763.802364155483,experiment,FIFO,0.28,0,variant_6
8146,ASSEMBLY_2_2,ASSEMBLY2_LINE_2,28729.134549228715,1.2162429666095704,3,29.32868836393027,43.539231585295056,34.66781492676819,32,28685.59531764342,28763.802364155483,experiment,FIFO,0.28,0,variant_6
8146,SORTING,SORTING_ROBOT_1,28740.774078066373,0.44934754734276794,4,11.639528837658872,55.17876042295393,23.028286089109315,36,28685.59531764342,28763.802364155483,experiment,FIFO,0.28,0,variant_6
8146,PACKAGING_2,PACKAGING_LINE_2,28745.86037627144,1.065282566116366,5,5.086298205067578,60.26505862802151,17.941987884041737,33,28685.59531764342,28763.802364155483,experiment,FIFO,0.28,0,variant_6
8146,INSPECTION_2_1,INSPECTION_2_1_LINE,28746.70403683666,0.5756267452597967,6,0.8436605652204889,61.108719193241996,17.098327318821248,34,28685.59531764342,28763.802364155483,experiment,FIFO,0.28,0,variant_6
8146,INSPECTION_2_2,INSPECTION_2_2_LINE,28748.66533704732,0.012135850272898097,7,1.9613002106598287,63.070019403901824,15.13702710816142,36,28685.59531764342,28763.802364155483,experiment,FIFO,0.28,0,variant_6
8146,INSPECTION_2_3,INSPECTION_2_3_LINE,28752.98005844625,0.9302434992714552,8,4.314721398928668,67.38474080283049,10.82230570923275,35,28685.59531764342,28763.802364155483,experiment,FIFO,0.28,0,variant_6
8146,INSPECTION_2_4,INSPECTION_2_4_LINE,28754.374330037823,1.3942715915727604,9,1.3942715915727604,68.77901239440325,9.42803411765999,34,28685.59531764342,28763.802364155483,experiment,FIFO,0.28,0,variant_6
8146,INSPECTION_2_5,INSPECTION_2_5_LINE,28754.99909828547,0.6247682476459886,10,0.6247682476459886,69.40378064204924,8.803265870014002,34,28685.59531764342,28763.802364155483,experiment,FIFO,0.28,0,variant_6
8146,INSPECTION_2_6,INSPECTION_2_6_LINE,28760.88555404292,5.886455757452495,11,5.886455757452495,75.29023639950174,2.9168101125615067,35,28685.59531764342,28763.802364155483,experiment,FIFO,0.28,0,variant_6
8146,INSPECTION_2_7,INSPECTION_2_7_LINE,28762.419831398187,1.5342773552656581,12,1.5342773552656581,76.8245137547674,1.3825327572958486,35,28685.59531764342,28763.802364155483,experiment,FIFO,0.28,0,variant_6
8146,INSPECTION_2_7,INSPECTION_2_7_LINE,28763.802364155483,1.3825327572958486,13,1.3825327572958486,78.20704651206324,0.0,34,28685.59531764342,28763.802364155483,experiment,FIFO,0.28,0,variant_6
8147,MOULDING_1,MOULDING_MACHINE_1,28680.27877740947,1.347174720998737,1,0.0,0.0,133.54359860235127,35,28680.27877740947,28813.82237601182,experiment,FIFO,0.28,0,variant_4
8147,ASSEMBLY_1_1,LINE_1_ASSEMBLY1,28731.480320209776,11.521682780334231,2,51.201542800306925,51.201542800306925,82.34205580204434,33,28680.27877740947,28813.82237601182,experiment,FIFO,0.28,0,variant_4
8147,ASSEMBLY_2_1,ASSEMBLY2_LINE_1,28799.005473625537,27.88406423534252,3,67.52515341576145,118.72669621606838,14.81690238628289,27,28680.27877740947,28813.82237601182,experiment,FIFO,0.28,0,variant_4
8147,SORTING,SORTING_ROBOT_1,28801.75820714145,2.75273351591386,4,2.75273351591386,121.47942973198224,12.06416887036903,27,28680.27877740947,28813.82237601182,experiment,FIFO,0.28,0,variant_4
8147,PACKAGING_2,PACKAGING_LINE_2,28802.53328805092,0.7750809094686701,5,0.7750809094686701,122.2545106414509,11.28908796090036,27,28680.27877740947,28813.82237601182,experiment,FIFO,0.28,0,variant_4
8147,INSPECTION_1_1,INSPECTION_1_1_LINE,28803.37244663681,0.8391585858917097,6,0.8391585858917097,123.09366922734262,10.44992937500865,26,28680.27877740947,28813.82237601182,experiment,FIFO,0.28,0,variant_4
8147,INSPECTION_1_2,INSPECTION_1_2_LINE,28806.86921179335,3.4967651565384585,7,3.4967651565384585,126.59043438388107,6.953164218470192,24,28680.27877740947,28813.82237601182,experiment,FIFO,0.28,0,variant_4
8147,INSPECTION_1_3,INSPECTION_1_3_LINE,28807.780548270846,0.9113364774966612,8,0.9113364774966612,127.50177086137774,6.041827740973531,23,28680.27877740947,28813.82237601182,experiment,FIFO,0.28,0,variant_4
8147,INSPECTION_1_4,INSPECTION_1_4_LINE,28808.765457076228,0.9849088053815649,9,0.9849088053815649,128.4866796667593,5.056918935591966,24,28680.27877740947,28813.82237601182,experiment,FIFO,0.28,0,variant_4
8147,INSPECTION_1_5,INSPECTION_1_5_LINE,28809.457797150808,0.4511884710373124,10,0.6923400745799881,129.1790197413393,4.364578861011978,23,28680.27877740947,28813.82237601182,experiment,FIFO,0.28,0,variant_4
8147,INSPECTION_1_6,INSPECTION_1_6_LINE,28813.110667952275,3.0505753707620897,11,3.6528708014666336,132.83189054280592,0.7117080595453444,22,28680.27877740947,28813.82237601182,experiment,FIFO,0.28,0,variant_4
8147,INSPECTION_1_7,INSPECTION_1_7_LINE,28813.82237601182,0.7117080595453444,12,0.7117080595453444,133.54359860235127,0.0,21,28680.27877740947,28813.82237601182,experiment,FIFO,0.28,0,variant_4
8148,MOULDING_1,MOULDING_MACHINE_1,28692.65804581105,3.2788630375762295,1,0.0,0.0,92.00396158355943,33,28692.65804581105,28784.66200739461,experiment,FIFO,0.28,0,variant_2
8148,ASSEMBLY_1_4,LINE_4_ASSEMBLY1,28701.29946986808,1.4936090032970242,2,8.641424057030235,8.641424057030235,83.3625375265292,35,28692.65804581105,28784.66200739461,experiment,FIFO,0.28,0,variant_2
8148,ASSEMBLY_2_2,ASSEMBLY2_LINE_2,28735.997324498047,6.862775269331905,3,34.69785462996515,43.339278686995385,48.664682896564045,34,28692.65804581105,28784.66200739461,experiment,FIFO,0.28,0,variant_2
8148,SORTING,SORTING_ROBOT_1,28749.41381379476,1.928522017558862,4,13.416489296712825,56.75576798370821,35.24819359985122,36,28692.65804581105,28784.66200739461,experiment,FIFO,0.28,0,variant_2
8148,PACKAGING_1,PACKAGING_LINE_1,28769.227662341207,5.046672487940668,5,19.813848546447844,76.56961653015605,15.434345053403376,34,28692.65804581105,28784.66200739461,experiment,FIFO,0.28,0,variant_2
8148,INSPECTION_2_1,INSPECTION_2_1_LINE,28774.189911338024,0.9583886716354755,6,4.962248996816925,81.53186552697298,10.472096056586452,32,28692.65804581105,28784.66200739461,experiment,FIFO,0.28,0,variant_2
8148,INSPECTION_2_2,INSPECTION_2_2_LINE,28777.55795709081,1.196729439725459,7,3.368045752784383,84.89991127975736,7.104050303802069,32,28692.65804581105,28784.66200739461,experiment,FIFO,0.28,0,variant_2
8148,INSPECTION_2_3,INSPECTION_2_3_LINE,28779.618457834986,2.0605007441772614,8,2.0605007441772614,86.96041202393462,5.043549559624807,32,28692.65804581105,28784.66200739461,experiment,FIFO,0.28,0,variant_2
8148,INSPECTION_2_3,INSPECTION_2_3_LINE,28783.396066817288,1.8731929038076487,9,3.7776089823018992,90.73802100623652,1.2659405773229082,29,28692.65804581105,28784.66200739461,experiment,FIFO,0.28,0,variant_2
8148,INSPECTION_2_4,INSPECTION_2_4_LINE,28783.63481100121,0.2387441839236999,10,0.2387441839236999,90.97676519016022,1.0271963933992083,29,28692.65804581105,28784.66200739461,experiment,FIFO,0.28,0,variant_2
8148,INSPECTION_2_5,INSPECTION_2_5_LINE,28783.95942723346,0.32461623225026415,11,0.32461623225026415,91.30138142241049,0.7025801611489442,29,28692.65804581105,28784.66200739461,experiment,FIFO,0.28,0,variant_2
8148,INSPECTION_2_6,INSPECTION_2_6_LINE,28783.966899785984,0.007472552522813203,12,0.007472552522813203,91.3088539749333,0.695107608626131,29,28692.65804581105,28784.66200739461,experiment,FIFO,0.28,0,variant_2
8148,INSPECTION_2_7,INSPECTION_2_7_LINE,28784.66200739461,0.3655260244522651,13,0.695107608626131,92.00396158355943,0.0,25,28692.65804581105,28784.66200739461,experiment,FIFO,0.28,0,variant_2
8149,MOULDING_3,MOULDING_MACHINE_3,28698.72002271072,0.6536753647560545,1,0.0,0.0,108.14456301806422,35,28698.72002271072,28806.864585728785,experiment,FIFO,0.28,0,variant_2
8149,ASSEMBLY_1_4,LINE_4_ASSEMBLY1,28726.70495973572,1.6268804042992997,2,27.984937025001273,27.984937025001273,80.15962599306295,35,28698.72002271072,28806.864585728785,experiment,FIFO,0.28,0,variant_2
8149,ASSEMBLY_2_1,ASSEMBLY2_LINE_1,28771.121409390194,4.322178529793746,3,44.41644965447267,72.40138667947394,35.743176338590274,34,28698.72002271072,28806.864585728785,experiment,FIFO,0.28,0,variant_2
8149,SORTING,SORTING_ROBOT_1,28789.94918889993,2.6458105044475815,4,18.827779509734683,91.22916618920863,16.91539682885559,27,28698.72002271072,28806.864585728785,experiment,FIFO,0.28,0,variant_2
8149,PACKAGING_2,PACKAGING_LINE_2,28796.624622285155,6.675433385225915,5,6.675433385225915,97.90459957443454,10.239963443629676,25,28698.72002271072,28806.864585728785,experiment,FIFO,0.28,0,variant_2
8149,INSPECTION_2_1,INSPECTION_2_1_LINE,28798.974366432703,2.3497441475483356,6,2.3497441475483356,100.25434372198288,7.890219296081341,27,28698.72002271072,28806.864585728785,experiment,FIFO,0.28,0,variant_2
8149,INSPECTION_2_2,INSPECTION_2_2_LINE,28799.59008601221,0.6157195795058215,7,0.6157195795058215,100.8700633014887,7.274499716575519,27,28698.72002271072,28806.864585728785,experiment,FIFO,0.28,0,variant_2
8149,INSPECTION_2_3,INSPECTION_2_3_LINE,28800.191539468527,0.6014534563182679,8,0.6014534563182679,101.47151675780697,6.673046260257252,27,28698.72002271072,28806.864585728785,experiment,FIFO,0.28,0,variant_2
8149,INSPECTION_2_4,INSPECTION_2_4_LINE,28803.37838897579,3.186849507263105,9,3.186849507263105,104.65836626507007,3.4861967529941467,26,28698.72002271072,28806.864585728785,experiment,FIFO,0.28,0,variant_2
8149,INSPECTION_2_5,INSPECTION_2_5_LINE,28803.61346768169,0.23507870590037783,10,0.23507870590037783,104.89344497097045,3.251118047093769,27,28698.72002271072,28806.864585728785,experiment,FIFO,0.28,0,variant_2
8149,INSPECTION_2_6,INSPECTION_2_6_LINE,28803.778604883428,0.16513720173679758,11,0.16513720173679758,105.05858217270725,3.0859808453569713,27,28698.72002271072,28806.864585728785,experiment,FIFO,0.28,0,variant_2
8149,INSPECTION_2_7,INSPECTION_2_7_LINE,28806.864585728785,3.0859808453569713,12,3.0859808453569713,108.14456301806422,0.0,24,28698.72002271072,28806.864585728785,experiment,FIFO,0.28,0,variant_2
8150,MOULDING_3,MOULDING_MACHINE_3,28709.91592772274,8.803559934920486,1,0.0,0.0,97.81134828940412,36,28709.91592772274,28807.727276012145,experiment,FIFO,0.28,0,variant_1
8150,ASSEMBLY_1_1,LINE_1_ASSEMBLY1,28754.294710223166,1.0688827002377366,2,44.37878250042559,44.37878250042559,53.432565788978536,34,28709.91592772274,28807.727276012145,experiment,FIFO,0.28,0,variant_1
8150,ASSEMBLY_2_2,ASSEMBLY2_LINE_2,28770.808479510084,0.5336313608677301,3,16.513769286917523,60.89255178734311,36.918796502061014,34,28709.91592772274,28807.727276012145,experiment,FIFO,0.28,0,variant_1
8150,SORTING,SORTING_ROBOT_1,28787.30337839548,2.7575787830428453,4,16.49489888539756,77.38745067274067,20.423897616663453,26,28709.91592772274,28807.727276012145,experiment,FIFO,0.28,0,variant_1
8150,PACKAGING_3,PACKAGING_LINE_3,28789.21932207277,1.9159436772897607,5,1.9159436772897607,79.30339435003043,18.507953939373692,26,28709.91592772274,28807.727276012145,experiment,FIFO,0.28,0,variant_1
8150,INSPECTION_1_1,INSPECTION_1_1_LINE,28791.29666412672,1.4459290990380396,6,2.0773420539480867,81.38073640397852,16.430611885425606,25,28709.91592772274,28807.727276012145,experiment,FIFO,0.28,0,variant_1
8150,INSPECTION_1_2,INSPECTION_1_2_LINE,28792.413433940303,1.1167698135832325,7,1.1167698135832325,82.49750621756175,15.313842071842373,25,28709.91592772274,28807.727276012145,experiment,FIFO,0.28,0,variant_1
8150,INSPECTION_1_3,INSPECTION_1_3_LINE,28792.58415465449,0.16570621748905978,8,0.17072071418806445,82.66822693174981,15.143121357654309,25,28709.91592772274,28807.727276012145,experiment,FIFO,0.28,0,variant_1
8150,INSPECTION_1_4,INSPECTION_1_4_LINE,28799.28600533413,0.7292808376187168,9,6.701850679637573,89.37007761138739,8.441270678016735,27,28709.91592772274,28807.727276012145,experiment,FIFO,0.28,0,variant_1
8150,INSPECTION_1_5,INSPECTION_1_5_LINE,28800.034098522647,0.7480931885183963,10,0.7480931885183963,90.11817079990578,7.693177489498339,27,28709.91592772274,28807.727276012145,experiment,FIFO,0.28,0,variant_1
8150,INSPECTION_1_5,INSPECTION_1_5_LINE,28800.80881726148,0.28189999683308997,11,0.7747187388340535,90.89288953873984,6.918458750664286,27,28709.91592772274,28807.727276012145,experiment,FIFO,0.28,0,variant_1
8150,INSPECTION_1_6,INSPECTION_1_6_LINE,28804.58879956,0.5039648070487601,12,3.779982298518007,94.67287183725784,3.1384764521462785,26,28709.91592772274,28807.727276012145,experiment,FIFO,0.28,0,variant_1
8150,INSPECTION_1_7,INSPECTION_1_7_LINE,28807.727276012145,1.7649302545833052,13,3.1384764521462785,97.81134828940412,0.0,23,28709.91592772274,28807.727276012145,experiment,FIFO,0.28,0,variant_1
8151,MOULDING_5,MOULDING_MACHINE_5,28708.019143906626,6.751134266276495,1,0.0,0.0,58.577550941226946,36,28708.019143906626,28766.596694847853,experiment,FIFO,0.28,0,variant_6
8151,ASSEMBLY_1_4,LINE_4_ASSEMBLY1,28728.355295674468,1.6503359387461387,2,20.33615176784224,20.33615176784224,38.24139917338471,32,28708.019143906626,28766.596694847853,experiment,FIFO,0.28,0,variant_6
8151,ASSEMBLY_2_2,ASSEMBLY2_LINE_2,28740.76065099584,0.7231004101013241,3,12.405355321370735,32.74150708921297,25.836043852013972,36,28708.019143906626,28766.596694847853,experiment,FIFO,0.28,0,variant_6
8151,SORTING,SORTING_ROBOT_1,28755.56614819618,1.0362720044395246,4,14.805497200341051,47.547004289554025,11.030546651672921,34,28708.019143906626,28766.596694847853,experiment,FIFO,0.28,0,variant_6
8151,PACKAGING_3,PACKAGING_LINE_3,28756.241106816226,0.2671802427867078,5,0.6749586200457998,48.221962909599824,10.355588031627121,34,28708.019143906626,28766.596694847853,experiment,FIFO,0.28,0,variant_6
8151,INSPECTION_2_1,INSPECTION_2_1_LINE,28756.3402103418,0.09910352557562874,6,0.09910352557562874,48.32106643517545,10.256484506051493,34,28708.019143906626,28766.596694847853,experiment,FIFO,0.28,0,variant_6
8151,INSPECTION_2_2,INSPECTION_2_2_LINE,28761.662004068632,5.321793726830947,7,5.321793726830947,53.6428601620064,4.934690779220546,36,28708.019143906626,28766.596694847853,experiment,FIFO,0.28,0,variant_6
8151,INSPECTION_2_3,INSPECTION_2_3_LINE,28764.17588070441,2.513876635777706,8,2.513876635777706,56.156736797784106,2.42081414344284,34,28708.019143906626,28766.596694847853,experiment,FIFO,0.28,0,variant_6
8151,INSPECTION_2_4,INSPECTION_2_4_LINE,28764.4145549834,0.23867427898949245,9,0.23867427898949245,56.3954110767736,2.1821398644533474,34,28708.019143906626,28766.596694847853,experiment,FIFO,0.28,0,variant_6
8151,INSPECTION_2_5,INSPECTION_2_5_LINE,28764.973726208467,0.5591712250679848,10,0.5591712250679848,56.95458230184158,1.6229686393853626,35,28708.019143906626,28766.596694847853,experiment,FIFO,0.28,0,variant_6
8151,INSPECTION_2_6,INSPECTION_2_6_LINE,28765.12234476161,0.14861855314302375,11,0.14861855314302375,57.10320085498461,1.4743500862423389,35,28708.019143906626,28766.596694847853,experiment,FIFO,0.28,0,variant_6
8151,INSPECTION_2_7,INSPECTION_2_7_LINE,28766.596694847853,1.4743500862423389,12,1.4743500862423389,58.577550941226946,0.0,34,28708.019143906626,28766.596694847853,experiment,FIFO,0.28,0,variant_6
8152,MOULDING_2,MOULDING_MACHINE_2,28703.628414909923,1.8285698458348634,1,0.0,0.0,131.04746478882225,36,28703.628414909923,28834.675879698745,experiment,FIFO,0.28,0,variant_1
8152,ASSEMBLY_1_1,LINE_1_ASSEMBLY1,28753.22582752293,17.685588521570025,2,49.59741261300587,49.59741261300587,81.45005217581638,35,28703.628414909923,28834.675879698745,experiment,FIFO,0.28,0,variant_1
8152,ASSEMBLY_2_1,ASSEMBLY2_LINE_1,28808.6941534149,1.170871237070969,3,55.4683258919722,105.06573850497807,25.981726283844182,24,28703.628414909923,28834.675879698745,experiment,FIFO,0.28,0,variant_1
8152,SORTING,SORTING_ROBOT_1,28822.416097298817,0.6813202207922586,4,13.721943883916538,118.78768238889461,12.259782399927644,21,28703.628414909923,28834.675879698745,experiment,FIFO,0.28,0,variant_1
8152,PACKAGING_1,PACKAGING_LINE_1,28826.22931964256,3.813222343742382,5,3.813222343742382,122.60090473263699,8.446560056185263,22,28703.628414909923,28834.675879698745,experiment,FIFO,0.28,0,variant_1
8152,INSPECTION_1_1,INSPECTION_1_1_LINE,28827.35706211185,1.1277424692889326,6,1.1277424692889326,123.72864720192592,7.31881758689633,22,28703.628414909923,28834.675879698745,experiment,FIFO,0.28,0,variant_1
8152,INSPECTION_1_2,INSPECTION_1_2_LINE,28827.483538197816,0.1264760859667149,7,0.1264760859667149,123.85512328789264,7.192341500929615,22,28703.628414909923,28834.675879698745,experiment,FIFO,0.28,0,variant_1
8152,INSPECTION_1_3,INSPECTION_1_3_LINE,28829.116353981142,1.632815783326805,8,1.632815783326805,125.48793907121944,5.55952571760281,24,28703.628414909923,28834.675879698745,experiment,FIFO,0.28,0,variant_1
8152,INSPECTION_1_4,INSPECTION_1_4_LINE,28829.60329366975,0.4869396886060713,9,0.4869396886060713,125.97487875982551,5.072586028996739,24,28703.628414909923,28834.675879698745,experiment,FIFO,0.28,0,variant_1
8152,INSPECTION_1_5,INSPECTION_1_5_LINE,28832.24528716922,2.641993499470118,10,2.641993499470118,128.61687225929563,2.4305925295266206,24,28703.628414909923,28834.675879698745,experiment,FIFO,0.28,0,variant_1
8152,INSPECTION_1_6,INSPECTION_1_6_LINE,28833.598097912585,1.3528107433667174,11,1.3528107433667174,129.96968300266235,1.0777817861599033,24,28703.628414909923,28834.675879698745,experiment,FIFO,0.28,0,variant_1
8152,INSPECTION_1_7,INSPECTION_1_7_LINE,28834.675879698745,1.0777817861599033,12,1.0777817861599033,131.04746478882225,0.0,23,28703.628414909923,28834.675879698745,experiment,FIFO,0.28,0,variant_1
8153,MOULDING_4,MOULDING_MACHINE_4,28705.09386684759,3.2577658934715146,1,0.0,0.0,99.08036785862714,36,28705.09386684759,28804.174234706217,experiment,FIFO,0.28,0,variant_6
8153,ASSEMBLY_1_2,LINE_2_ASSEMBLY1,28706.5887081457,1.4948412981102592,2,1.4948412981102592,1.4948412981102592,97.58552656051688,35,28705.09386684759,28804.174234706217,experiment,FIFO,0.28,0,variant_6
8153,ASSEMBLY_2_1,ASSEMBLY2_LINE_1,28766.205831191808,8.173333235801692,3,59.617123046107736,61.111964344217995,37.96840351440915,35,28705.09386684759,28804.174234706217,experiment,FIFO,0.28,0,variant_6
8153,SORTING,SORTING_ROBOT_1,28779.251778716884,1.4768732781994913,4,13.045947525075462,74.15791186929346,24.922455989333685,31,28705.09386684759,28804.174234706217,experiment,FIFO,0.28,0,variant_6
8153,PACKAGING_1,PACKAGING_LINE_1,28788.785672745664,6.444818805692194,5,9.533894028780196,83.69180589807365,15.388561960553488,26,28705.09386684759,28804.174234706217,experiment,FIFO,0.28,0,variant_6
8153,INSPECTION_1_1,INSPECTION_1_1_LINE,28789.85073502768,1.0650622820176068,6,1.0650622820176068,84.75686818009126,14.323499678535882,27,28705.09386684759,28804.174234706217,experiment,FIFO,0.28,0,variant_6
8153,INSPECTION_1_2,INSPECTION_1_2_LINE,28790.178351341267,0.3276163135851675,7,0.3276163135851675,85.08448449367643,13.995883364950714,27,28705.09386684759,28804.174234706217,experiment,FIFO,0.28,0,variant_6
8153,INSPECTION_1_3,INSPECTION_1_3_LINE,28792.418448437,1.1776092945183336,8,2.240097095735109,87.32458158941154,11.755786269215605,25,28705.09386684759,28804.174234706217,experiment,FIFO,0.28,0,variant_6
8153,INSPECTION_1_4,INSPECTION_1_4_LINE,28798.55672449651,0.5650891340374073,9,6.138276059507916,93.46285764891945,5.617510209707689,27,28705.09386684759,28804.174234706217,experiment,FIFO,0.28,0,variant_6
8153,INSPECTION_1_5,INSPECTION_1_5_LINE,28798.558697703407,0.0019732068976736628,10,0.0019732068976736628,93.46483085581713,5.615537002810015,27,28705.09386684759,28804.174234706217,experiment,FIFO,0.28,0,variant_6
8153,INSPECTION_1_6,INSPECTION_1_6_LINE,28803.92182432285,2.000324384916894,11,5.3631266194424825,98.82795747525961,0.25241038336753263,27,28705.09386684759,28804.174234706217,experiment,FIFO,0.28,0,variant_6
8153,INSPECTION_1_7,INSPECTION_1_7_LINE,28804.174234706217,0.25241038336753263,12,0.25241038336753263,99.08036785862714,0.0,26,28705.09386684759,28804.174234706217,experiment,FIFO,0.28,0,variant_6
8154,MOULDING_5,MOULDING_MACHINE_5,28721.39763033876,13.378486432135105,1,0.0,0.0,88.09887972643992,35,28721.39763033876,28809.4965100652,experiment,FIFO,0.28,0,variant_2
8154,ASSEMBLY_1_1,LINE_1_ASSEMBLY1,28755.49357114589,1.1988609227228153,2,34.0959408071285,34.0959408071285,54.00293891931142,34,28721.39763033876,28809.4965100652,experiment,FIFO,0.28,0,variant_2
8154,ASSEMBLY_2_2,ASSEMBLY2_LINE_2,28776.467768548475,5.6592890383908525,3,20.97419740258556,55.07013820971406,33.02874151672586,32,28721.39763033876,28809.4965100652,experiment,FIFO,0.28,0,variant_2
8154,SORTING,SORTING_ROBOT_1,28790.128327025937,0.17913812600818346,4,13.660558477462473,68.73069668717653,19.368183039263386,27,28721.39763033876,28809.4965100652,experiment,FIFO,0.28,0,variant_2
8154,PACKAGING_2,PACKAGING_LINE_2,28797.97238220273,1.3477599175748765,5,7.844055176792608,76.57475186396914,11.524127862470777,26,28721.39763033876,28809.4965100652,experiment,FIFO,0.28,0,variant_2
8154,INSPECTION_2_1,INSPECTION_2_1_LINE,28799.23952730204,0.26516086933770566,6,1.2671450993111648,77.8418969632803,10.256982763159613,27,28721.39763033876,28809.4965100652,experiment,FIFO,0.28,0,variant_2
8154,INSPECTION_2_2,INSPECTION_2_2_LINE,28800.31305890927,0.7229728970596625,7,1.0735316072277783,78.91542857050808,9.183451155931834,27,28721.39763033876,28809.4965100652,experiment,FIFO,0.28,0,variant_2
8154,INSPECTION_2_3,INSPECTION_2_3_LINE,28800.766522910835,0.45346400156631717,8,0.45346400156631717,79.3688925720744,8.729987154365517,27,28721.39763033876,28809.4965100652,experiment,FIFO,0.28,0,variant_2
8154,INSPECTION_2_4,INSPECTION_2_4_LINE,28804.82719695087,1.4488079750808538,9,4.060674040036247,83.42956661211065,4.66931311432927,26,28721.39763033876,28809.4965100652,experiment,FIFO,0.28,0,variant_2
8154,INSPECTION_2_5,INSPECTION_2_5_LINE,28809.186726875123,4.359529924251547,10,4.359529924251547,87.7890965363622,0.3097831900777237,23,28721.39763033876,28809.4965100652,experiment,FIFO,0.28,0,variant_2
8154,INSPECTION_2_6,INSPECTION_2_6_LINE,28809.473009304045,0.2862824289222772,11,0.2862824289222772,88.07537896528447,0.023500761155446526,23,28721.39763033876,28809.4965100652,experiment,FIFO,0.28,0,variant_2
8154,INSPECTION_2_7,INSPECTION_2_7_LINE,28809.4965100652,0.023500761155446526,12,0.023500761155446526,88.09887972643992,0.0,22,28721.39763033876,28809.4965100652,experiment,FIFO,0.28,0,variant_2
8155,MOULDING_3,MOULDING_MACHINE_3,28715.822833334325,5.9069056115840795,1,0.0,0.0,74.8338804448831,35,28715.822833334325,28790.656713779208,experiment,FIFO,0.28,0,variant_1
8155,ASSEMBLY_1_3,LINE_3_ASSEMBLY1,28724.018946350832,8.196113016507297,2,8.196113016507297,8.196113016507297,66.63776742837581,35,28715.822833334325,28790.656713779208,experiment,FIFO,0.28,0,variant_1
8155,ASSEMBLY_2_2,ASSEMBLY2_LINE_2,28738.32659110937,0.04072982912111911,3,14.307644758537208,22.503757775044505,52.3301226698386,34,28715.822833334325,28790.656713779208,experiment,FIFO,0.28,0,variant_1
8155,SORTING,SORTING_ROBOT_1,28754.311170229743,1.5937897848998546,4,15.984579120373382,38.48833689541789,36.34554354946522,34,28715.822833334325,28790.656713779208,experiment,FIFO,0.28,0,variant_1
8155,PACKAGING_1,PACKAGING_LINE_1,28779.524224725483,6.810443295798905,5,25.213054495739925,63.70139139115781,11.132489053725294,32,28715.822833334325,28790.656713779208,experiment,FIFO,0.28,0,variant_1
8155,INSPECTION_2_1,INSPECTION_2_1_LINE,28781.85755126268,2.3333265371984453,6,2.3333265371984453,66.03471792835626,8.799162516526849,29,28715.822833334325,28790.656713779208,experiment,FIFO,0.28,0,variant_1
8155,INSPECTION_2_2,INSPECTION_2_2_LINE,28781.93619698373,0.07864572104881518,7,0.07864572104881518,66.11336364940507,8.720516795478034,29,28715.822833334325,28790.656713779208,experiment,FIFO,0.28,0,variant_1
8155,INSPECTION_2_3,INSPECTION_2_3_LINE,28785.867090342465,2.471023525176861,8,3.9308933587344654,70.04425700813954,4.789623436743568,26,28715.822833334325,28790.656713779208,experiment,FIFO,0.28,0,variant_1
8155,INSPECTION_2_4,INSPECTION_2_4_LINE,28786.80098604938,0.9338957069157914,9,0.9338957069157914,70.97815271505533,3.855727729827777,26,28715.822833334325,28790.656713779208,experiment,FIFO,0.28,0,variant_1
8155,INSPECTION_2_5,INSPECTION_2_5_LINE,28788.768623290787,1.9676372414069192,10,1.9676372414069192,72.94578995646225,1.8880904884208576,26,28715.822833334325,28790.656713779208,experiment,FIFO,0.28,0,variant_1
8155,INSPECTION_2_6,INSPECTION_2_6_LINE,28790.00009224459,1.2314689538034145,11,1.2314689538034145,74.17725891026566,0.6566215346174431,27,28715.822833334325,28790.656713779208,experiment,FIFO,0.28,0,variant_1
8155,INSPECTION_2_7,INSPECTION_2_7_LINE,28790.656713779208,0.6566215346174431,12,0.6566215346174431,74.8338804448831,0.0,26,28715.822833334325,28790.656713779208,experiment,FIFO,0.28,0,variant_1
8156,MOULDING_4,MOULDING_MACHINE_4,28731.4039268871,23.16268970758756,1,0.0,0.0,49.35306752111137,33,28731.4039268871,28780.75699440821,experiment,FIFO,0.28,0,variant_4
8156,ASSEMBLY_1_5,LINE_5_ASSEMBLY1,28736.026822128395,4.622895241296646,2,4.622895241296646,4.622895241296646,44.730172279814724,34,28731.4039268871,28780.75699440821,experiment,FIFO,0.28,0,variant_4
8156,ASSEMBLY_2_2,ASSEMBLY2_LINE_2,28752.71221718216,3.978093232217361,3,16.685395053766115,21.30829029506276,28.04477722604861,35,28731.4039268871,28780.75699440821,experiment,FIFO,0.28,0,variant_4
8156,SORTING,SORTING_ROBOT_1,28760.33267354165,2.765196178715996,4,7.620456359487434,28.928746654550196,20.424320866561175,35,28731.4039268871,28780.75699440821,experiment,FIFO,0.28,0,variant_4
8156,PACKAGING_2,PACKAGING_LINE_2,28766.5930840196,6.2604104779529735,5,6.2604104779529735,35.18915713250317,14.163910388608201,35,28731.4039268871,28780.75699440821,experiment,FIFO,0.28,0,variant_4
8156,INSPECTION_2_1,INSPECTION_2_1_LINE,28773.23152266639,6.638438646787108,6,6.638438646787108,41.82759577929028,7.525471741821093,34,28731.4039268871,28780.75699440821,experiment,FIFO,0.28,0,variant_4
8156,INSPECTION_2_2,INSPECTION_2_2_LINE,28776.361227651083,3.129704984694399,7,3.129704984694399,44.95730076398468,4.395766757126694,32,28731.4039268871,28780.75699440821,experiment,FIFO,0.28,0,variant_4
8156,INSPECTION_2_3,INSPECTION_2_3_LINE,28777.05516213108,0.6939344799975515,8,0.6939344799975515,45.65123524398223,3.7018322771291423,32,28731.4039268871,28780.75699440821,experiment,FIFO,0.28,0,variant_4
8156,INSPECTION_2_4,INSPECTION_2_4_LINE,28779.23683132344,2.18166919235955,9,2.18166919235955,47.83290443634178,1.5201630847695924,31,28731.4039268871,28780.75699440821,experiment,FIFO,0.28,0,variant_4
8156,INSPECTION_2_5,INSPECTION_2_5_LINE,28779.820322684773,0.5834913613325625,10,0.5834913613325625,48.41639579767434,0.9366717234370299,32,28731.4039268871,28780.75699440821,experiment,FIFO,0.28,0,variant_4
8156,INSPECTION_2_6,INSPECTION_2_6_LINE,28779.954185562656,0.13386287788307527,11,0.13386287788307527,48.550258675557416,0.8028088455539546,32,28731.4039268871,28780.75699440821,experiment,FIFO,0.28,0,variant_4
8156,INSPECTION_2_7,INSPECTION_2_7_LINE,28780.75699440821,0.8028088455539546,12,0.8028088455539546,49.35306752111137,0.0,31,28731.4039268871,28780.75699440821,experiment,FIFO,0.28,0,variant_4
8157,MOULDING_4,MOULDING_MACHINE_4,28733.070765839093,1.6668389519945777,1,0.0,0.0,51.17869397170216,34,28733.070765839093,28784.249459810795,experiment,FIFO,0.28,0,variant_6
8157,ASSEMBLY_1_4,LINE_4_ASSEMBLY1,28738.39061727518,5.319851436088356,2,5.319851436088356,5.319851436088356,45.8588425356138,34,28733.070765839093,28784.249459810795,experiment,FIFO,0.28,0,variant_6
8157,ASSEMBLY_2_2,ASSEMBLY2_LINE_2,28765.16035121386,12.448134031699738,3,26.769733938679565,32.08958537476792,19.08910859693424,35,28733.070765839093,28784.249459810795,experiment,FIFO,0.28,0,variant_6
8157,SORTING,SORTING_ROBOT_1,28769.93126744582,4.770916231958836,4,4.770916231958836,36.86050160672676,14.318192364975403,34,28733.070765839093,28784.249459810795,experiment,FIFO,0.28,0,variant_6
8157,PACKAGING_3,PACKAGING_LINE_3,28773.190624487903,3.2593570420831384,5,3.2593570420831384,40.119858648809895,11.058835322892264,34,28733.070765839093,28784.249459810795,experiment,FIFO,0.28,0,variant_6
8157,INSPECTION_1_1,INSPECTION_1_1_LINE,28775.65446832593,0.245568765567441,6,2.4638438380279695,42.583702486837865,8.594991484864295,32,28733.070765839093,28784.249459810795,experiment,FIFO,0.28,0,variant_6
8157,INSPECTION_1_2,INSPECTION_1_2_LINE,28779.097438741428,1.7896218538407993,7,3.442970415497257,46.02667290233512,5.152021069367038,31,28733.070765839093,28784.249459810795,experiment,FIFO,0.28,0,variant_6
8157,INSPECTION_1_3,INSPECTION_1_3_LINE,28779.46294232041,0.36550357898158836,8,0.36550357898158836,46.39217648131671,4.7865174903854495,31,28733.070765839093,28784.249459810795,experiment,FIFO,0.28,0,variant_6
8157,INSPECTION_1_4,INSPECTION_1_4_LINE,28779.84008217509,0.27459019829984754,9,0.3771398546814453,46.769316335998155,4.409377635704004,32,28733.070765839093,28784.249459810795,experiment,FIFO,0.28,0,variant_6
8157,INSPECTION_1_5,INSPECTION_1_5_LINE,28779.873908066565,0.0338258914744074,10,0.0338258914744074,46.80314222747256,4.375551744229597,32,28733.070765839093,28784.249459810795,experiment,FIFO,0.28,0,variant_6
8157,INSPECTION_1_6,INSPECTION_1_6_LINE,28781.502801724204,1.6288936576384003,11,1.6288936576384003,48.43203588511096,2.7466580865911965,29,28733.070765839093,28784.249459810795,experiment,FIFO,0.28,0,variant_6
8157,INSPECTION_1_7,INSPECTION_1_7_LINE,28784.249459810795,2.7466580865911965,12,2.7466580865911965,51.17869397170216,0.0,28,28733.070765839093,28784.249459810795,experiment,FIFO,0.28,0,variant_6
8158,MOULDING_5,MOULDING_MACHINE_5,28734.14018626909,12.742555930330127,1,0.0,0.0,106.96450840662874,35,28734.14018626909,28841.10469467572,experiment,FIFO,0.28,0,variant_3
8158,ASSEMBLY_1_1,LINE_1_ASSEMBLY1,28762.871461373503,7.103100300544611,2,28.731275104411907,28.731275104411907,78.23323330221683,36,28734.14018626909,28841.10469467572,experiment,FIFO,0.28,0,variant_3
8158,ASSEMBLY_2_1,ASSEMBLY2_LINE_1,28824.48778539288,8.314560569320747,3,61.616324019378226,90.34759912379013,16.616909282838606,23,28734.14018626909,28841.10469467572,experiment,FIFO,0.28,0,variant_3
8158,SORTING,SORTING_ROBOT_1,28830.724799866748,1.2137582561226736,4,6.237014473867021,96.58461359765715,10.379894808971585,24,28734.14018626909,28841.10469467572,experiment,FIFO,0.28,0,variant_3
8158,PACKAGING_2,PACKAGING_LINE_2,28831.080727643468,0.35592777671990916,5,0.35592777671990916,96.94054137437706,10.023967032251676,24,28734.14018626909,28841.10469467572,experiment,FIFO,0.28,0,variant_3
8158,INSPECTION_1_1,INSPECTION_1_1_LINE,28831.262266062626,0.18153841915773228,6,0.18153841915773228,97.1220797935348,9.842428613093944,24,28734.14018626909,28841.10469467572,experiment,FIFO,0.28,0,variant_3
8158,INSPECTION_1_2,INSPECTION_1_2_LINE,28831.336639237023,0.0743731743968965,7,0.0743731743968965,97.19645296793169,9.768055438697047,24,28734.14018626909,28841.10469467572,experiment,FIFO,0.28,0,variant_3
8158,INSPECTION_1_3,INSPECTION_1_3_LINE,28832.370128717102,1.0334894800798793,8,1.0334894800798793,98.22994244801157,8.734565958617168,24,28734.14018626909,28841.10469467572,experiment,FIFO,0.28,0,variant_3
8158,INSPECTION_1_4,INSPECTION_1_4_LINE,28833.552276451384,1.182147734281898,9,1.182147734281898,99.41209018229347,7.55241822433527,24,28734.14018626909,28841.10469467572,experiment,FIFO,0.28,0,variant_3
8158,INSPECTION_1_5,INSPECTION_1_5_LINE,28835.92141394966,2.3691374982772686,10,2.3691374982772686,101.78122768057074,5.183280726058001,23,28734.14018626909,28841.10469467572,experiment,FIFO,0.28,0,variant_3
8158,INSPECTION_1_6,INSPECTION_1_6_LINE,28839.39956156233,3.47814761267,11,3.47814761267,105.25937529324074,1.7051331133880012,22,28734.14018626909,28841.10469467572,experiment,FIFO,0.28,0,variant_3
8158,INSPECTION_1_7,INSPECTION_1_7_LINE,28841.10469467572,1.7051331133880012,12,1.7051331133880012,106.96450840662874,0.0,21,28734.14018626909,28841.10469467572,experiment,FIFO,0.28,0,variant_3
8159,MOULDING_2,MOULDING_MACHINE_2,28724.657943984417,1.298859700698813,1,0.0,0.0,81.30440177314449,35,28724.657943984417,28805.96234575756,experiment,FIFO,0.28,0,variant_6
8159,ASSEMBLY_1_1,LINE_1_ASSEMBLY1,28755.76836107296,0.27478992706892313,2,31.110417088541,31.110417088541,50.19398468460349,34,28724.657943984417,28805.96234575756,experiment,FIFO,0.28,0,variant_6
8159,ASSEMBLY_2_2,ASSEMBLY2_LINE_2,28779.09568808349,2.627919535014371,3,23.327327010531008,54.437744099072006,26.866657674072485,31,28724.657943984417,28805.96234575756,experiment,FIFO,0.28,0,variant_6
8159,SORTING,SORTING_ROBOT_1,28794.30261643887,4.174289412931103,4,15.206928355379205,69.64467245445121,11.65972931869328,24,28724.657943984417,28805.96234575756,experiment,FIFO,0.28,0,variant_6
8159,PACKAGING_1,PACKAGING_LINE_1,28794.39789869064,0.09528225177200511,5,0.09528225177200511,69.73995470622322,11.564447066921275,25,28724.657943984417,28805.96234575756,experiment,FIFO,0.28,0,variant_6
8159,INSPECTION_1_1,INSPECTION_1_1_LINE,28796.796726122808,0.3544639856481808,6,2.398827432167309,72.13878213839052,9.165619634753966,25,28724.657943984417,28805.96234575756,experiment,FIFO,0.28,0,variant_6
8159,INSPECTION_1_2,INSPECTION_1_2_LINE,28796.8692928218,0.07256669899288681,7,0.07256669899288681,72.21134883738341,9.09305293576108,25,28724.657943984417,28805.96234575756,experiment,FIFO,0.28,0,variant_6
8159,INSPECTION_1_3,INSPECTION_1_3_LINE,28798.33092485286,1.4616320310597075,8,1.4616320310597075,73.67298086844312,7.631420904701372,27,28724.657943984417,28805.96234575756,experiment,FIFO,0.28,0,variant_6
8159,INSPECTION_1_4,INSPECTION_1_4_LINE,28799.99608593312,0.7100805989903165,9,1.6651610802582582,75.33814194870138,5.966259824443114,27,28724.657943984417,28805.96234575756,experiment,FIFO,0.28,0,variant_6
8159,INSPECTION_1_5,INSPECTION_1_5_LINE,28800.526917264648,0.49281874200096354,10,0.5308313315290434,75.86897328023042,5.43542849291407,27,28724.657943984417,28805.96234575756,experiment,FIFO,0.28,0,variant_6
8159,INSPECTION_1_6,INSPECTION_1_6_LINE,28804.08483475295,0.1630104301002575,11,3.557917488302337,79.42689076853276,1.8775110046117334,27,28724.657943984417,28805.96234575756,experiment,FIFO,0.28,0,variant_6
8159,INSPECTION_1_7,INSPECTION_1_7_LINE,28805.96234575756,1.7881110513444582,12,1.8775110046117334,81.30440177314449,0.0,25,28724.657943984417,28805.96234575756,experiment,FIFO,0.28,0,variant_6
8160,MOULDING_1,MOULDING_MACHINE_1,28740.18798826012,4.055623172931519,1,0.0,0.0,62.63733381724887,36,28740.18798826012,28802.82532207737,experiment,FIFO,0.28,0,variant_5
8160,ASSEMBLY_1_3,LINE_3_ASSEMBLY1,28743.78208819628,3.594099936159182,2,3.594099936159182,3.594099936159182,59.04323388108969,34,28740.18798826012,28802.82532207737,experiment,FIFO,0.28,0,variant_5
8160,ASSEMBLY_2_2,ASSEMBLY2_LINE_2,28770.274848149216,5.028743238584866,3,26.492759952936467,30.08685988909565,32.550473928153224,34,28740.18798826012,28802.82532207737,experiment,FIFO,0.28,0,variant_5
8160,SORTING,SORTING_ROBOT_1,28784.54579961244,1.8003456116930465,4,14.270951463222445,44.357811352318095,18.27952246493078,26,28740.18798826012,28802.82532207737,experiment,FIFO,0.28,0,variant_5
8160,PACKAGING_3,PACKAGING_LINE_3,28787.25655793225,2.7107583198121574,5,2.7107583198121574,47.06856967213025,15.568764145118621,26,28740.18798826012,28802.82532207737,experiment,FIFO,0.28,0,variant_5
8160,INSPECTION_1_1,INSPECTION_1_1_LINE,28787.26484424663,0.008286314379802207,6,0.008286314379802207,47.076855986510054,15.560477830738819,26,28740.18798826012,28802.82532207737,experiment,FIFO,0.28,0,variant_5
8160,INSPECTION_1_2,INSPECTION_1_2_LINE,28788.7139778802,1.4491336335704545,7,1.4491336335704545,48.52598962008051,14.111344197168364,26,28740.18798826012,28802.82532207737,experiment,FIFO,0.28,0,variant_5
8160,INSPECTION_1_3,INSPECTION_1_3_LINE,28791.240839142483,2.526861262282182,8,2.526861262282182,51.05285088236269,11.584482934886182,25,28740.18798826012,28802.82532207737,experiment,FIFO,0.28,0,variant_5
8160,INSPECTION_1_4,INSPECTION_1_4_LINE,28797.991635362472,6.7507962199888425,9,6.7507962199888425,57.80364710235153,4.83368671489734,26,28740.18798826012,28802.82532207737,experiment,FIFO,0.28,0,variant_5
8160,INSPECTION_1_5,INSPECTION_1_5_LINE,28798.519347654605,0.5277122921324917,10,0.5277122921324917,58.331359394484025,4.305974422764848,27,28740.18798826012,28802.82532207737,experiment,FIFO,0.28,0,variant_5
8160,INSPECTION_1_6,INSPECTION_1_6_LINE,28801.921499937933,3.402152283328178,11,3.402152283328178,61.7335116778122,0.9038221394366701,27,28740.18798826012,28802.82532207737,experiment,FIFO,0.28,0,variant_5
8160,INSPECTION_1_7,INSPECTION_1_7_LINE,28802.82532207737,0.9038221394366701,12,0.9038221394366701,62.63733381724887,0.0,26,28740.18798826012,28802.82532207737,experiment,FIFO,0.28,0,variant_5
8161,MOULDING_4,MOULDING_MACHINE_4,28738.45593752468,1.5457862202674733,1,0.0,0.0,52.226357129624375,35,28738.45593752468,28790.682294654303,experiment,FIFO,0.28,0,variant_4
8161,ASSEMBLY_1_4,LINE_4_ASSEMBLY1,28741.155715987406,2.6997784627274086,2,2.6997784627274086,2.6997784627274086,49.52657866689697,34,28738.45593752468,28790.682294654303,experiment,FIFO,0.28,0,variant_4
8161,ASSEMBLY_2_2,ASSEMBLY2_LINE_2,28765.24610491063,0.08575369677055278,3,24.090388923224964,26.790167385952373,25.436189743672003,35,28738.45593752468,28790.682294654303,experiment,FIFO,0.28,0,variant_4
8161,SORTING,SORTING_ROBOT_1,28777.774905438684,7.843637992864387,4,12.52880052805267,39.31896791400504,12.907389215619332,32,28738.45593752468,28790.682294654303,experiment,FIFO,0.28,0,variant_4
8161,PACKAGING_1,PACKAGING_LINE_1,28782.34085393997,1.64870912684637,5,4.565948501287494,43.88491641529254,8.341440714331839,29,28738.45593752468,28790.682294654303,experiment,FIFO,0.28,0,variant_4
8161,INSPECTION_1_1,INSPECTION_1_1_LINE,28782.66343478236,0.322580842388561,6,0.322580842388561,44.2074972576811,8.018859871943278,29,28738.45593752468,28790.682294654303,experiment,FIFO,0.28,0,variant_4
8161,INSPECTION_1_2,INSPECTION_1_2_LINE,28786.76476472864,4.101329946279293,7,4.101329946279293,48.30882720396039,3.9175299256639846,26,28738.45593752468,28790.682294654303,experiment,FIFO,0.28,0,variant_4
8161,INSPECTION_1_3,INSPECTION_1_3_LINE,28787.223841889936,0.45907716129659093,8,0.45907716129659093,48.76790436525698,3.4584527643673937,26,28738.45593752468,28790.682294654303,experiment,FIFO,0.28,0,variant_4
8161,INSPECTION_1_4,INSPECTION_1_4_LINE,28789.967795511864,2.7439536219280853,9,2.7439536219280853,51.51185798718507,0.7144991424393083,27,28738.45593752468,28790.682294654303,experiment,FIFO,0.28,0,variant_4
8161,INSPECTION_1_5,INSPECTION_1_5_LINE,28790.403638702708,0.43584319084402523,10,0.43584319084402523,51.94770117802909,0.2786559515952831,27,28738.45593752468,28790.682294654303,experiment,FIFO,0.28,0,variant_4
8161,INSPECTION_1_6,INSPECTION_1_6_LINE,28790.64651459285,0.2428758901405672,11,0.2428758901405672,52.19057706816966,0.035780061454715906,27,28738.45593752468,28790.682294654303,experiment,FIFO,0.28,0,variant_4
8161,INSPECTION_1_7,INSPECTION_1_7_LINE,28790.682294654303,0.035780061454715906,12,0.035780061454715906,52.226357129624375,0.0,25,28738.45593752468,28790.682294654303,experiment,FIFO,0.28,0,variant_4
8162,MOULDING_4,MOULDING_MACHINE_4,28746.69607351644,6.558625541936635,1,0.0,0.0,88.7983355927463,34,28746.69607351644,28835.494409109186,experiment,FIFO,0.28,0,variant_6
8162,MOULDING_4,MOULDING_MACHINE_4,28749.43173456895,1.7769002886052476,2,2.7356610525093856,2.7356610525093856,86.06267454023691,36,28746.69607351644,28835.494409109186,experiment,FIFO,0.28,0,variant_6
8162,ASSEMBLY_1_4,LINE_4_ASSEMBLY1,28760.543638562227,6.4416884288912115,3,11.111903993278247,13.847565045787633,74.95077054695867,35,28746.69607351644,28835.494409109186,experiment,FIFO,0.28,0,variant_6
8162,ASSEMBLY_2_2,ASSEMBLY2_LINE_2,28782.59019530237,3.494507218882063,4,22.046556740144297,35.89412178593193,52.90421380681437,29,28746.69607351644,28835.494409109186,experiment,FIFO,0.28,0,variant_6
8162,ASSEMBLY_2_2,ASSEMBLY2_LINE_2,28804.725359662625,3.9657382850564318,5,22.13516436025384,58.02928614618577,30.76904944656053,26,28746.69607351644,28835.494409109186,experiment,FIFO,0.28,0,variant_6
8162,SORTING,SORTING_ROBOT_1,28817.49693092224,7.007872343903728,6,12.771571259614575,70.80085740580034,17.997478186945955,22,28746.69607351644,28835.494409109186,experiment,FIFO,0.28,0,variant_6
8162,PACKAGING_2,PACKAGING_LINE_2,28825.7642255938,8.267294671561103,7,8.267294671561103,79.06815207736145,9.730183515384851,22,28746.69607351644,28835.494409109186,experiment,FIFO,0.28,0,variant_6
8162,INSPECTION_2_1,INSPECTION_2_1_LINE,28826.42311934083,0.6588937470296514,8,0.6588937470296514,79.7270458243911,9.0712897683552,22,28746.69607351644,28835.494409109186,experiment,FIFO,0.28,0,variant_6
8162,INSPECTION_2_2,INSPECTION_2_2_LINE,28828.50313352425,2.0800141834188253,9,2.0800141834188253,81.80706000780992,6.991275584936375,24,28746.69607351644,28835.494409109186,experiment,FIFO,0.28,0,variant_6
8162,INSPECTION_2_3,INSPECTION_2_3_LINE,28828.71920820516,0.21607468090951443,10,0.21607468090951443,82.02313468871944,6.77520090402686,24,28746.69607351644,28835.494409109186,experiment,FIFO,0.28,0,variant_6
8162,INSPECTION_2_4,INSPECTION_2_4_LINE,28828.882679977392,0.16347177223360632,11,0.16347177223360632,82.18660646095304,6.611729131793254,24,28746.69607351644,28835.494409109186,experiment,FIFO,0.28,0,variant_6
8162,INSPECTION_2_5,INSPECTION_2_5_LINE,28831.054238185767,2.1715582083743357,12,2.1715582083743357,84.35816466932738,4.440170923418918,24,28746.69607351644,28835.494409109186,experiment,FIFO,0.28,0,variant_6
8162,INSPECTION_2_6,INSPECTION_2_6_LINE,28831.442026481764,0.38778829599687015,13,0.38778829599687015,84.74595296532425,4.052382627422048,24,28746.69607351644,28835.494409109186,experiment,FIFO,0.28,0,variant_6
8162,INSPECTION_2_7,INSPECTION_2_7_LINE,28835.494409109186,4.052382627422048,14,4.052382627422048,88.7983355927463,0.0,23,28746.69607351644,28835.494409109186,experiment,FIFO,0.28,0,variant_6
8163,MOULDING_4,MOULDING_MACHINE_4,28747.654834280343,0.958760763904138,1,0.0,0.0,88.71809954784112,35,28747.654834280343,28836.372933828185,experiment,FIFO,0.28,0,variant_6
8163,ASSEMBLY_1_4,LINE_4_ASSEMBLY1,28754.101950133336,6.447115852992283,2,6.447115852992283,6.447115852992283,82.27098369484884,34,28747.654834280343,28836.372933828185,experiment,FIFO,0.28,0,variant_6
8163,ASSEMBLY_2_1,ASSEMBLY2_LINE_1,28816.17322482356,7.479071408659365,3,62.07127469022453,68.51839054321681,20.19970900462431,21,28747.654834280343,28836.372933828185,experiment,FIFO,0.28,0,variant_6
8163,SORTING,SORTING_ROBOT_1,28826.41140710875,3.9953098099322233,4,10.238182285189396,78.7565728284062,9.961526719434914,22,28747.654834280343,28836.372933828185,experiment,FIFO,0.28,0,variant_6
8163,PACKAGING_3,PACKAGING_LINE_3,28828.63631167428,2.2249045655298687,5,2.2249045655298687,80.98147739393607,7.736622153905046,24,28747.654834280343,28836.372933828185,experiment,FIFO,0.28,0,variant_6
8163,INSPECTION_2_1,INSPECTION_2_1_LINE,28828.948022858447,0.31171118416750687,6,0.31171118416750687,81.29318857810358,7.424910969737539,24,28747.654834280343,28836.372933828185,experiment,FIFO,0.28,0,variant_6
8163,INSPECTION_2_2,INSPECTION_2_2_LINE,28831.08261088747,2.1345880290245987,7,2.1345880290245987,83.42777660712818,5.29032294071294,24,28747.654834280343,28836.372933828185,experiment,FIFO,0.28,0,variant_6
8163,INSPECTION_2_3,INSPECTION_2_3_LINE,28831.26067785696,0.17806696948900935,8,0.17806696948900935,83.60584357661719,5.112255971223931,24,28747.654834280343,28836.372933828185,experiment,FIFO,0.28,0,variant_6
8163,INSPECTION_2_4,INSPECTION_2_4_LINE,28832.567249638443,1.3065717814824893,9,1.3065717814824893,84.91241535809968,3.8056841897414415,24,28747.654834280343,28836.372933828185,experiment,FIFO,0.28,0,variant_6
8163,INSPECTION_2_5,INSPECTION_2_5_LINE,28833.29669452746,0.7294448890170315,10,0.7294448890170315,85.64186024711671,3.07623930072441,24,28747.654834280343,28836.372933828185,experiment,FIFO,0.28,0,variant_6
8163,INSPECTION_2_6,INSPECTION_2_6_LINE,28834.51047127664,1.213776749180397,11,1.213776749180397,86.85563699629711,1.862462551544013,24,28747.654834280343,28836.372933828185,experiment,FIFO,0.28,0,variant_6
8163,INSPECTION_2_7,INSPECTION_2_7_LINE,28836.372933828185,0.8785247189989605,12,1.862462551544013,88.71809954784112,0.0,22,28747.654834280343,28836.372933828185,experiment,FIFO,0.28,0,variant_6
8164,MOULDING_1,MOULDING_MACHINE_1,28746.066159725484,1.1773752790722938,1,0.0,0.0,98.08080254084052,34,28746.066159725484,28844.146962266324,experiment,FIFO,0.28,0,variant_3
8164,ASSEMBLY_1_3,LINE_3_ASSEMBLY1,28750.76561357612,4.699453850636928,2,4.699453850636928,4.699453850636928,93.3813486902036,35,28746.066159725484,28844.146962266324,experiment,FIFO,0.28,0,variant_3
8164,ASSEMBLY_2_1,ASSEMBLY2_LINE_1,28807.52328217783,8.51780855229299,3,56.757668601709156,61.457122452346084,36.62368008849444,24,28746.066159725484,28844.146962266324,experiment,FIFO,0.28,0,variant_3
8164,SORTING,SORTING_ROBOT_1,28821.734777078025,4.237846155785519,4,14.211494900195248,75.66861735254133,22.41218518829919,20,28746.066159725484,28844.146962266324,experiment,FIFO,0.28,0,variant_3
8164,PACKAGING_2,PACKAGING_LINE_2,28829.313466094263,3.5492405004624743,5,7.578689016238059,83.24730636877939,14.833496172061132,24,28746.066159725484,28844.146962266324,experiment,FIFO,0.28,0,variant_3
8164,INSPECTION_2_1,INSPECTION_2_1_LINE,28832.41982221356,3.1063561192968336,6,3.1063561192968336,86.35366248807622,11.727140052764298,24,28746.066159725484,28844.146962266324,experiment,FIFO,0.28,0,variant_3
8164,INSPECTION_2_2,INSPECTION_2_2_LINE,28835.166854342813,2.747032129253057,7,2.747032129253057,89.10069461732928,8.980107923511241,24,28746.066159725484,28844.146962266324,experiment,FIFO,0.28,0,variant_3
8164,INSPECTION_2_3,INSPECTION_2_3_LINE,28836.613147569893,1.4462932270798774,8,1.4462932270798774,90.54698784440916,7.533814696431364,22,28746.066159725484,28844.146962266324,experiment,FIFO,0.28,0,variant_3
8164,INSPECTION_2_4,INSPECTION_2_4_LINE,28839.69250949602,3.0793619261276035,9,3.0793619261276035,93.62634977053676,4.45445277030376,22,28746.066159725484,28844.146962266324,experiment,FIFO,0.28,0,variant_3
8164,INSPECTION_2_5,INSPECTION_2_5_LINE,28842.11052912055,2.4180196245288244,10,2.4180196245288244,96.04436939506559,2.036433145774936,23,28746.066159725484,28844.146962266324,experiment,FIFO,0.28,0,variant_3
8164,INSPECTION_2_6,INSPECTION_2_6_LINE,28842.156123271343,0.04559415079347673,11,0.04559415079347673,96.08996354585906,1.990838994981459,23,28746.066159725484,28844.146962266324,experiment,FIFO,0.28,0,variant_3
8164,INSPECTION_2_7,INSPECTION_2_7_LINE,28844.146962266324,1.990838994981459,12,1.990838994981459,98.08080254084052,0.0,23,28746.066159725484,28844.146962266324,experiment,FIFO,0.28,0,variant_3
8165,MOULDING_1,MOULDING_MACHINE_1,28748.003985178388,1.2800375034967146,1,0.0,0.0,77.49508551614053,36,28748.003985178388,28825.49907069453,experiment,FIFO,0.28,0,variant_1
8165,ASSEMBLY_1_2,LINE_2_ASSEMBLY1,28769.27912713708,21.275141958692984,2,21.275141958692984,21.275141958692984,56.21994355744755,34,28748.003985178388,28825.49907069453,experiment,FIFO,0.28,0,variant_1
8165,ASSEMBLY_2_2,ASSEMBLY2_LINE_2,28799.62937145254,0.3683953846921213,3,30.35024431546117,51.62538627415415,25.869699241986382,27,28748.003985178388,28825.49907069453,experiment,FIFO,0.28,0,variant_1
8165,SORTING,SORTING_ROBOT_1,28802.250538087494,0.3154058770778647,4,2.6211666349518055,54.24655290910596,23.248532607034576,27,28748.003985178388,28825.49907069453,experiment,FIFO,0.28,0,variant_1
8165,SORTING,SORTING_ROBOT_1,28810.489058578336,3.6537438968261995,5,8.238520490842347,62.485073399948305,15.010012116192229,22,28748.003985178388,28825.49907069453,experiment,FIFO,0.28,0,variant_1
8165,PACKAGING_2,PACKAGING_LINE_2,28815.24818027744,4.759121699102252,6,4.759121699102252,67.24419509905056,10.250890417089977,21,28748.003985178388,28825.49907069453,experiment,FIFO,0.28,0,variant_1
8165,INSPECTION_1_1,INSPECTION_1_1_LINE,28817.23488546425,1.9867051868131966,7,1.9867051868131966,69.23090028586375,8.26418523027678,22,28748.003985178388,28825.49907069453,experiment,FIFO,0.28,0,variant_1
8165,INSPECTION_1_2,INSPECTION_1_2_LINE,28818.61588385048,1.3809983862302033,8,1.3809983862302033,70.61189867209396,6.883186844046577,21,28748.003985178388,28825.49907069453,experiment,FIFO,0.28,0,variant_1
8165,INSPECTION_1_3,INSPECTION_1_3_LINE,28819.44607079829,0.8301869478091248,9,0.8301869478091248,71.44208561990308,6.052999896237452,21,28748.003985178388,28825.49907069453,experiment,FIFO,0.28,0,variant_1
8165,INSPECTION_1_4,INSPECTION_1_4_LINE,28820.56622770657,1.120156908280478,10,1.120156908280478,72.56224252818356,4.932842987956974,21,28748.003985178388,28825.49907069453,experiment,FIFO,0.28,0,variant_1
8165,INSPECTION_1_5,INSPECTION_1_5_LINE,28821.306477980776,0.7402502742042998,11,0.7402502742042998,73.30249280238786,4.192592713752674,20,28748.003985178388,28825.49907069453,experiment,FIFO,0.28,0,variant_1
8165,INSPECTION_1_6,INSPECTION_1_6_LINE,28823.56594239024,2.2594644094642717,12,2.2594644094642717,75.56195721185213,1.9331283042884024,23,28748.003985178388,28825.49907069453,experiment,FIFO,0.28,0,variant_1
8165,INSPECTION_1_7,INSPECTION_1_7_LINE,28825.49907069453,1.9331283042884024,13,1.9331283042884024,77.49508551614053,0.0,22,28748.003985178388,28825.49907069453,experiment,FIFO,0.28,0,variant_1
8166,MOULDING_4,MOULDING_MACHINE_4,28759.71925409797,10.176770661357295,1,0.0,0.0,51.530828484112135,35,28759.71925409797,28811.250082582083,experiment,FIFO,0.28,0,variant_2
8166,ASSEMBLY_1_4,LINE_4_ASSEMBLY1,28765.02103802533,4.477399463103211,2,5.301783927359793,5.301783927359793,46.22904455675234,35,28759.71925409797,28811.250082582083,experiment,FIFO,0.28,0,variant_2
8166,ASSEMBLY_2_2,ASSEMBLY2_LINE_2,28789.55637040322,6.966175100849796,3,24.53533237789088,29.837116305250674,21.69371217886146,27,28759.71925409797,28811.250082582083,experiment,FIFO,0.28,0,variant_2
8166,SORTING,SORTING_ROBOT_1,28795.43918805762,1.1365716187501675,4,5.882817654397513,35.71993395964819,15.810894524463947,25,28759.71925409797,28811.250082582083,experiment,FIFO,0.28,0,variant_2
8166,PACKAGING_1,PACKAGING_LINE_1,28798.88413552345,3.4449474658322288,5,3.4449474658322288,39.16488142548042,12.365947058631718,27,28759.71925409797,28811.250082582083,experiment,FIFO,0.28,0,variant_2
8166,INSPECTION_1_1,INSPECTION_1_1_LINE,28801.187433932177,2.303298408725823,6,2.303298408725823,41.46817983420624,10.062648649905896,27,28759.71925409797,28811.250082582083,experiment,FIFO,0.28,0,variant_2
8166,INSPECTION_1_2,INSPECTION_1_2_LINE,28801.61374101548,0.4263070833039819,7,0.4263070833039819,41.89448691751022,9.636341566601914,27,28759.71925409797,28811.250082582083,experiment,FIFO,0.28,0,variant_2
8166,INSPECTION_1_3,INSPECTION_1_3_LINE,28802.21128182298,0.5975408074991719,8,0.5975408074991719,42.49202772500939,9.038800759102742,27,28759.71925409797,28811.250082582083,experiment,FIFO,0.28,0,variant_2
8166,INSPECTION_1_4,INSPECTION_1_4_LINE,28805.28468877412,3.0734069511418056,9,3.0734069511418056,45.5654346761512,5.965393807960936,26,28759.71925409797,28811.250082582083,experiment,FIFO,0.28,0,variant_2
8166,INSPECTION_1_5,INSPECTION_1_5_LINE,28809.00660867977,3.7219199056489742,10,3.7219199056489742,49.28735458180017,2.243473902311962,23,28759.71925409797,28811.250082582083,experiment,FIFO,0.28,0,variant_2
8166,INSPECTION_1_6,INSPECTION_1_6_LINE,28810.060092581512,1.0534839017418562,11,1.0534839017418562,50.34083848354203,1.1899900005701056,22,28759.71925409797,28811.250082582083,experiment,FIFO,0.28,0,variant_2
8166,INSPECTION_1_7,INSPECTION_1_7_LINE,28811.250082582083,1.1899900005701056,12,1.1899900005701056,51.530828484112135,0.0,21,28759.71925409797,28811.250082582083,experiment,FIFO,0.28,0,variant_2
8167,MOULDING_5,MOULDING_MACHINE_5,28750.596995317454,0.15609617725203861,1,0.0,0.0,103.82676792618076,36,28750.596995317454,28854.423763243634,experiment,FIFO,0.28,0,variant_2
8167,ASSEMBLY_1_2,LINE_2_ASSEMBLY1,28770.73126515121,1.452138014130469,2,20.13426983375757,20.13426983375757,83.6924980924232,34,28750.596995317454,28854.423763243634,experiment,FIFO,0.28,0,variant_2
8167,ASSEMBLY_2_1,ASSEMBLY2_LINE_1,28843.1850268538,18.69724146091903,3,72.45376170258896,92.58803153634653,11.23873638983423,24,28750.596995317454,28854.423763243634,experiment,FIFO,0.28,0,variant_2
8167,SORTING,SORTING_ROBOT_1,28843.409148869297,0.2241220154974144,4,0.2241220154974144,92.81215355184395,11.014614374336816,24,28750.596995317454,28854.423763243634,experiment,FIFO,0.28,0,variant_2
8167,PACKAGING_3,PACKAGING_LINE_3,28844.41965219489,1.010503325593163,5,1.010503325593163,93.82265687743711,10.004111048743653,23,28750.596995317454,28854.423763243634,experiment,FIFO,0.28,0,variant_2
8167,INSPECTION_2_1,INSPECTION_2_1_LINE,28847.539624380952,3.1199721860612044,6,3.1199721860612044,96.94262906349832,6.884138862682448,23,28750.596995317454,28854.423763243634,experiment,FIFO,0.28,0,variant_2
8167,INSPECTION_2_2,INSPECTION_2_2_LINE,28847.9119199285,0.3722955475495837,7,0.3722955475495837,97.3149246110479,6.5118433151328645,23,28750.596995317454,28854.423763243634,experiment,FIFO,0.28,0,variant_2
8167,INSPECTION_2_3,INSPECTION_2_3_LINE,28848.833734483007,0.921814554505545,8,0.921814554505545,98.23673916555344,5.59002876062732,22,28750.596995317454,28854.423763243634,experiment,FIFO,0.28,0,variant_2
8167,INSPECTION_2_4,INSPECTION_2_4_LINE,28851.64555782092,2.8118233379136655,9,2.8118233379136655,101.04856250346711,2.778205422713654,23,28750.596995317454,28854.423763243634,experiment,FIFO,0.28,0,variant_2
8167,INSPECTION_2_5,INSPECTION_2_5_LINE,28851.823978543485,0.17842072256462416,10,0.17842072256462416,101.22698322603173,2.59978470014903,23,28750.596995317454,28854.423763243634,experiment,FIFO,0.28,0,variant_2
8167,INSPECTION_2_6,INSPECTION_2_6_LINE,28852.26153777037,0.437559226884332,11,0.437559226884332,101.66454245291607,2.162225473264698,23,28750.596995317454,28854.423763243634,experiment,FIFO,0.28,0,variant_2
8167,INSPECTION_2_7,INSPECTION_2_7_LINE,28854.423763243634,2.0564180669935013,12,2.162225473264698,103.82676792618076,0.0,21,28750.596995317454,28854.423763243634,experiment,FIFO,0.28,0,variant_2
8168,MOULDING_1,MOULDING_MACHINE_1,28761.194947123,5.540920135546912,1,0.0,0.0,59.520257019645214,36,28761.194947123,28820.715204142645,experiment,FIFO,0.28,0,variant_3
8168,ASSEMBLY_1_4,LINE_4_ASSEMBLY1,28766.05686447795,1.035826452618494,2,4.861917354948673,4.861917354948673,54.65833966469654,35,28761.194947123,28820.715204142645,experiment,FIFO,0.28,0,variant_3
8168,ASSEMBLY_2_2,ASSEMBLY2_LINE_2,28799.26097606785,9.704605664628616,3,33.204111589901004,38.06602894484968,21.454228074795537,27,28761.194947123,28820.715204142645,experiment,FIFO,0.28,0,variant_3
8168,SORTING,SORTING_ROBOT_1,28801.935132210416,0.17692506896491977,4,2.674156142566062,40.74018508741574,18.780071932229475,27,28761.194947123,28820.715204142645,experiment,FIFO,0.28,0,variant_3
8168,PACKAGING_1,PACKAGING_LINE_1,28803.177673433107,1.2425412226912158,5,1.2425412226912158,41.982726310106955,17.53753070953826,26,28761.194947123,28820.715204142645,experiment,FIFO,0.28,0,variant_3
8168,INSPECTION_2_1,INSPECTION_2_1_LINE,28803.273244325454,0.09557089234658633,6,0.09557089234658633,42.07829720245354,17.441959817191673,26,28761.194947123,28820.715204142645,experiment,FIFO,0.28,0,variant_3
8168,INSPECTION_2_2,INSPECTION_2_2_LINE,28803.98719158195,0.7139472564958851,7,0.7139472564958851,42.792244458949426,16.728012560695788,27,28761.194947123,28820.715204142645,experiment,FIFO,0.28,0,variant_3
8168,INSPECTION_2_3,INSPECTION_2_3_LINE,28805.236546440457,1.2493548585080134,8,1.2493548585080134,44.04159931745744,15.478657702187775,26,28761.194947123,28820.715204142645,experiment,FIFO,0.28,0,variant_3
8168,INSPECTION_2_4,INSPECTION_2_4_LINE,28805.763020957635,0.526474517177121,9,0.526474517177121,44.56807383463456,14.952183185010654,26,28761.194947123,28820.715204142645,experiment,FIFO,0.28,0,variant_3
8168,INSPECTION_2_5,INSPECTION_2_5_LINE,28810.11651568092,0.9297888057953969,10,4.353494723283802,48.92156855791836,10.598688461726852,22,28761.194947123,28820.715204142645,experiment,FIFO,0.28,0,variant_3
8168,INSPECTION_2_6,INSPECTION_2_6_LINE,28812.54722118161,2.4307055006902374,11,2.4307055006902374,51.3522740586086,8.167982961036614,21,28761.194947123,28820.715204142645,experiment,FIFO,0.28,0,variant_3
8168,INSPECTION_2_7,INSPECTION_2_7_LINE,28820.715204142645,8.167982961036614,12,8.167982961036614,59.520257019645214,0.0,20,28761.194947123,28820.715204142645,experiment,FIFO,0.28,0,variant_3
8169,MOULDING_1,MOULDING_MACHINE_1,28764.509165072104,3.3142179491042043,1,0.0,0.0,53.31165544342366,35,28764.509165072104,28817.820820515528,experiment,FIFO,0.28,0,variant_4
8169,ASSEMBLY_1_3,LINE_3_ASSEMBLY1,28772.78541593901,8.276250866907503,2,8.276250866907503,8.276250866907503,45.03540457651616,34,28764.509165072104,28817.820820515528,experiment,FIFO,0.28,0,variant_4
8169,ASSEMBLY_2_2,ASSEMBLY2_LINE_2,28800.75962137757,1.1302499250268738,3,27.974205438556965,36.25045630546447,17.061199137959193,27,28764.509165072104,28817.820820515528,experiment,FIFO,0.28,0,variant_4
8169,SORTING,SORTING_ROBOT_1,28806.83531468151,4.584776594016148,4,6.07569330394108,42.32614960940555,10.985505834018113,25,28764.509165072104,28817.820820515528,experiment,FIFO,0.28,0,variant_4
8169,PACKAGING_3,PACKAGING_LINE_3,28811.23773050145,4.402415819939051,5,4.402415819939051,46.7285654293446,6.583090014079062,22,28764.509165072104,28817.820820515528,experiment,FIFO,0.28,0,variant_4
8169,INSPECTION_1_1,INSPECTION_1_1_LINE,28813.34028069528,2.102550193831121,6,2.102550193831121,48.83111562317572,4.480539820247941,22,28764.509165072104,28817.820820515528,experiment,FIFO,0.28,0,variant_4
8169,INSPECTION_1_2,INSPECTION_1_2_LINE,28813.751080515744,0.41079982046358055,7,0.41079982046358055,49.2419154436393,4.06973999978436,22,28764.509165072104,28817.820820515528,experiment,FIFO,0.28,0,variant_4
8169,INSPECTION_1_3,INSPECTION_1_3_LINE,28815.318811997586,1.567731481842202,8,1.567731481842202,50.8096469254815,2.5020085179421585,21,28764.509165072104,28817.820820515528,experiment,FIFO,0.28,0,variant_4
8169,INSPECTION_1_4,INSPECTION_1_4_LINE,28815.67182685016,0.35301485257514287,9,0.35301485257514287,51.162661778056645,2.1489936653670156,21,28764.509165072104,28817.820820515528,experiment,FIFO,0.28,0,variant_4
8169,INSPECTION_1_5,INSPECTION_1_5_LINE,28816.282906374727,0.6110795245658664,10,0.6110795245658664,51.77374130262251,1.5379141408011492,21,28764.509165072104,28817.820820515528,experiment,FIFO,0.28,0,variant_4
8169,INSPECTION_1_6,INSPECTION_1_6_LINE,28817.283218092645,1.000311717918521,11,1.000311717918521,52.77405302054103,0.5376024228826282,22,28764.509165072104,28817.820820515528,experiment,FIFO,0.28,0,variant_4
8169,INSPECTION_1_6,INSPECTION_1_6_LINE,28817.520575995,0.23735790235514287,12,0.23735790235514287,53.011410922896175,0.3002445205274853,22,28764.509165072104,28817.820820515528,experiment,FIFO,0.28,0,variant_4
8169,INSPECTION_1_7,INSPECTION_1_7_LINE,28817.820820515528,0.3002445205274853,13,0.3002445205274853,53.31165544342366,0.0,21,28764.509165072104,28817.820820515528,experiment,FIFO,0.28,0,variant_4
8170,MOULDING_5,MOULDING_MACHINE_5,28762.682268507404,4.271788054542412,1,0.0,0.0,98.91642757880254,36,28762.682268507404,28861.598696086206,experiment,FIFO,0.28,0,variant_6
8170,ASSEMBLY_1_2,LINE_2_ASSEMBLY1,28781.207725954453,10.476460803241935,2,18.52545744704912,18.52545744704912,80.39097013175342,30,28762.682268507404,28861.598696086206,experiment,FIFO,0.28,0,variant_6
8170,ASSEMBLY_2_1,ASSEMBLY2_LINE_1,28847.85694805472,2.592174659919692,3,66.64922210026634,85.17467954731546,13.741748031487077,23,28762.682268507404,28861.598696086206,experiment,FIFO,0.28,0,variant_6
8170,SORTING,SORTING_ROBOT_1,28853.78213713567,5.9251890809500765,4,5.9251890809500765,91.09986862826554,7.816558950537001,22,28762.682268507404,28861.598696086206,experiment,FIFO,0.28,0,variant_6
8170,PACKAGING_3,PACKAGING_LINE_3,28855.434427225708,1.65229009003815,5,1.65229009003815,92.75215871830369,6.164268860498851,21,28762.682268507404,28861.598696086206,experiment,FIFO,0.28,0,variant_6
8170,INSPECTION_1_1,INSPECTION_1_1_LINE,28857.377436628405,1.9430094026974984,6,1.9430094026974984,94.69516812100119,4.221259457801352,22,28762.682268507404,28861.598696086206,experiment,FIFO,0.28,0,variant_6
8170,INSPECTION_1_2,INSPECTION_1_2_LINE,28857.91829995325,0.5408633248443948,7,0.5408633248443948,95.23603144584558,3.6803961329569574,22,28762.682268507404,28861.598696086206,experiment,FIFO,0.28,0,variant_6
8170,INSPECTION_1_3,INSPECTION_1_3_LINE,28858.981961686542,1.0636617332929745,8,1.0636617332929745,96.29969317913856,2.616734399663983,22,28762.682268507404,28861.598696086206,experiment,FIFO,0.28,0,variant_6
8170,INSPECTION_1_4,INSPECTION_1_4_LINE,28859.191609996207,0.20964830966477166,9,0.20964830966477166,96.50934148880333,2.4070860899992113,22,28762.682268507404,28861.598696086206,experiment,FIFO,0.28,0,variant_6
8170,INSPECTION_1_5,INSPECTION_1_5_LINE,28860.036163422486,0.8445534262791625,10,0.8445534262791625,97.35389491508249,1.5625326637200487,22,28762.682268507404,28861.598696086206,experiment,FIFO,0.28,0,variant_6
8170,INSPECTION_1_6,INSPECTION_1_6_LINE,28861.042667042053,0.7675349314085906,11,1.0065036195665016,98.360398534649,0.5560290441535471,22,28762.682268507404,28861.598696086206,experiment,FIFO,0.28,0,variant_6
8170,INSPECTION_1_7,INSPECTION_1_7_LINE,28861.598696086206,0.38467465806752443,12,0.5560290441535471,98.91642757880254,0.0,20,28762.682268507404,28861.598696086206,experiment,FIFO,0.28,0,variant_6
8171,MOULDING_1,MOULDING_MACHINE_1,28771.287895952475,2.3906014886342746,1,0.0,0.0,90.5141279011259,35,28771.287895952475,28861.8020238536,experiment,FIFO,0.28,0,variant_6
8171,ASSEMBLY_1_3,LINE_3_ASSEMBLY1,28774.23334092841,1.4479249893993256,2,2.9454449759359704,2.9454449759359704,87.56868292518993,32,28771.287895952475,28861.8020238536,experiment,FIFO,0.28,0,variant_6
8171,ASSEMBLY_2_1,ASSEMBLY2_LINE_1,28845.2647733948,2.079746540999622,3,71.03143246638865,73.97687744232462,16.53725045880128,23,28771.287895952475,28861.8020238536,experiment,FIFO,0.28,0,variant_6
8171,SORTING,SORTING_ROBOT_1,28847.53089256687,2.2661191720690113,4,2.2661191720690113,76.24299661439363,14.27113128673227,23,28771.287895952475,28861.8020238536,experiment,FIFO,0.28,0,variant_6
8171,PACKAGING_1,PACKAGING_LINE_1,28854.3682492298,6.837356662930688,5,6.837356662930688,83.08035327732432,7.4337746238015825,22,28771.287895952475,28861.8020238536,experiment,FIFO,0.28,0,variant_6
8171,INSPECTION_2_1,INSPECTION_2_1_LINE,28856.38774150735,2.0194922775517625,6,2.0194922775517625,85.09984555487608,5.41428234624982,22,28771.287895952475,28861.8020238536,experiment,FIFO,0.28,0,variant_6
8171,INSPECTION_2_2,INSPECTION_2_2_LINE,28857.402447436336,1.0147059289847675,7,1.0147059289847675,86.11455148386085,4.399576417265052,22,28771.287895952475,28861.8020238536,experiment,FIFO,0.28,0,variant_6
8171,INSPECTION_2_3,INSPECTION_2_3_LINE,28859.11709565153,1.7146482151947566,8,1.7146482151947566,87.82919969905561,2.684928202070296,22,28771.287895952475,28861.8020238536,experiment,FIFO,0.28,0,variant_6
8171,INSPECTION_2_4,INSPECTION_2_4_LINE,28859.81215364516,0.6950579936310533,9,0.6950579936310533,88.52425769268666,1.9898702084392426,22,28771.287895952475,28861.8020238536,experiment,FIFO,0.28,0,variant_6
8171,INSPECTION_2_5,INSPECTION_2_5_LINE,28861.10017475172,1.2880211065566982,10,1.2880211065566982,89.81227879924336,0.7018491018825443,22,28771.287895952475,28861.8020238536,experiment,FIFO,0.28,0,variant_6
8171,INSPECTION_2_6,INSPECTION_2_6_LINE,28861.17739520665,0.07722045493210317,11,0.07722045493210317,89.88949925417546,0.6246286469504412,22,28771.287895952475,28861.8020238536,experiment,FIFO,0.28,0,variant_6
8171,INSPECTION_2_7,INSPECTION_2_7_LINE,28861.8020238536,0.6246286469504412,12,0.6246286469504412,90.5141279011259,0.0,19,28771.287895952475,28861.8020238536,experiment,FIFO,0.28,0,variant_6
8172,MOULDING_2,MOULDING_MACHINE_2,28779.50789344527,4.846835257940256,1,0.0,0.0,92.68844892369088,32,28779.50789344527,28872.19634236896,experiment,FIFO,0.28,0,variant_5
8172,ASSEMBLY_1_2,LINE_2_ASSEMBLY1,28785.49535685205,4.28763089759741,2,5.987463406781899,5.987463406781899,86.70098551690899,26,28779.50789344527,28872.19634236896,experiment,FIFO,0.28,0,variant_5
8172,ASSEMBLY_2_1,ASSEMBLY2_LINE_1,28852.77134312866,4.914395073941705,3,67.27598627661064,73.26344968339254,19.424999240298348,22,28779.50789344527,28872.19634236896,experiment,FIFO,0.28,0,variant_5
8172,SORTING,SORTING_ROBOT_1,28855.639977509927,1.8578403742576484,4,2.8686343812660198,76.13208406465856,16.55636485903233,21,28779.50789344527,28872.19634236896,experiment,FIFO,0.28,0,variant_5
8172,PACKAGING_3,PACKAGING_LINE_3,28860.59683594868,4.956858438752533,5,4.956858438752533,81.08894250341109,11.599506420279795,22,28779.50789344527,28872.19634236896,experiment,FIFO,0.28,0,variant_5
8172,INSPECTION_2_1,INSPECTION_2_1_LINE,28860.748869696807,0.15203374812699622,6,0.15203374812699622,81.24097625153809,11.447472672152799,22,28779.50789344527,28872.19634236896,experiment,FIFO,0.28,0,variant_5
8172,INSPECTION_2_2,INSPECTION_2_2_LINE,28860.972547965463,0.22367826865593088,7,0.22367826865593088,81.46465452019402,11.223794403496868,22,28779.50789344527,28872.19634236896,experiment,FIFO,0.28,0,variant_5
8172,INSPECTION_2_3,INSPECTION_2_3_LINE,28861.014316773293,0.04176880783052184,8,0.04176880783052184,81.50642332802454,11.182025595666346,22,28779.50789344527,28872.19634236896,experiment,FIFO,0.28,0,variant_5
8172,INSPECTION_2_4,INSPECTION_2_4_LINE,28864.99142919269,3.9771124193975993,9,3.9771124193975993,85.48353574742214,7.204913176268747,22,28779.50789344527,28872.19634236896,experiment,FIFO,0.28,0,variant_5
8172,INSPECTION_2_5,INSPECTION_2_5_LINE,28866.203537280187,1.2121080874967447,10,1.2121080874967447,86.69564383491888,5.992805088772002,21,28779.50789344527,28872.19634236896,experiment,FIFO,0.28,0,variant_5
8172,INSPECTION_2_6,INSPECTION_2_6_LINE,28870.66381871499,4.460281434803619,11,4.460281434803619,91.1559252697225,1.5325236539683829,21,28779.50789344527,28872.19634236896,experiment,FIFO,0.28,0,variant_5
8172,INSPECTION_2_7,INSPECTION_2_7_LINE,28872.19634236896,1.5325236539683829,12,1.5325236539683829,92.68844892369088,0.0,20,28779.50789344527,28872.19634236896,experiment,FIFO,0.28,0,variant_5
8173,MOULDING_5,MOULDING_MACHINE_5,28776.38711897729,0.16995628102813498,1,0.0,0.0,100.24238858911849,33,28776.38711897729,28876.62950756641,experiment,FIFO,0.28,0,variant_3
8173,ASSEMBLY_1_5,LINE_5_ASSEMBLY1,28794.0472411478,17.660122170509567,2,17.660122170509567,17.660122170509567,82.58226641860892,24,28776.38711897729,28876.62950756641,experiment,FIFO,0.28,0,variant_3
8173,ASSEMBLY_2_1,ASSEMBLY2_LINE_1,28861.41245518173,8.641112053068355,3,67.36521403392908,85.02533620443864,15.217052384679846,21,28776.38711897729,28876.62950756641,experiment,FIFO,0.28,0,variant_3
8173,SORTING,SORTING_ROBOT_1,28865.893047750385,0.1135414704986033,4,4.480592568655993,89.50592877309464,10.736459816023853,21,28776.38711897729,28876.62950756641,experiment,FIFO,0.28,0,variant_3
8173,PACKAGING_2,PACKAGING_LINE_2,28869.42638630876,3.533338558376272,5,3.533338558376272,93.03926733147091,7.203121257647581,21,28776.38711897729,28876.62950756641,experiment,FIFO,0.28,0,variant_3
8173,INSPECTION_2_1,INSPECTION_2_1_LINE,28870.11238409092,0.6859977821586654,6,0.6859977821586654,93.72526511362958,6.517123475488916,21,28776.38711897729,28876.62950756641,experiment,FIFO,0.28,0,variant_3
8173,INSPECTION_2_2,INSPECTION_2_2_LINE,28870.410844068883,0.2984599779629207,7,0.2984599779629207,94.0237250915925,6.218663497525995,21,28776.38711897729,28876.62950756641,experiment,FIFO,0.28,0,variant_3
8173,INSPECTION_2_3,INSPECTION_2_3_LINE,28872.154001687064,0.3395600381336408,8,1.7431576181807031,95.7668827097732,4.475505879345292,21,28776.38711897729,28876.62950756641,experiment,FIFO,0.28,0,variant_3
8173,INSPECTION_2_4,INSPECTION_2_4_LINE,28874.91282812038,2.386623834099737,9,2.7588264333171537,98.52570914309035,1.716679446028138,19,28776.38711897729,28876.62950756641,experiment,FIFO,0.28,0,variant_3
8173,INSPECTION_2_5,INSPECTION_2_5_LINE,28875.46691627671,0.554088156328362,10,0.554088156328362,99.07979729941871,1.162591289699776,19,28776.38711897729,28876.62950756641,experiment,FIFO,0.28,0,variant_3
8173,INSPECTION_2_6,INSPECTION_2_6_LINE,28876.43815542632,0.9712391496104829,11,0.9712391496104829,100.0510364490292,0.19135214008929324,18,28776.38711897729,28876.62950756641,experiment,FIFO,0.28,0,variant_3
8173,INSPECTION_2_7,INSPECTION_2_7_LINE,28876.62950756641,0.19135214008929324,12,0.19135214008929324,100.24238858911849,0.0,17,28776.38711897729,28876.62950756641,experiment,FIFO,0.28,0,variant_3
8174,MOULDING_4,MOULDING_MACHINE_4,28784.67004996684,5.732967769436073,1,0.0,0.0,67.69729520980036,26,28784.67004996684,28852.36734517664,experiment,FIFO,0.28,0,variant_2
8174,ASSEMBLY_1_1,LINE_1_ASSEMBLY1,28823.8921321592,39.22208219235836,2,39.22208219235836,39.22208219235836,28.475213017442,23,28784.67004996684,28852.36734517664,experiment,FIFO,0.28,0,variant_2
8174,ASSEMBLY_2_2,ASSEMBLY2_LINE_2,28828.48776415716,4.595631997959572,3,4.595631997959572,43.81771419031793,23.87958101948243,24,28784.67004996684,28852.36734517664,experiment,FIFO,0.28,0,variant_2
8174,SORTING,SORTING_ROBOT_1,28837.583179660844,6.8583797940955264,4,9.095415503685217,52.913129694003146,14.784165515797213,22,28784.67004996684,28852.36734517664,experiment,FIFO,0.28,0,variant_2
8174,PACKAGING_1,PACKAGING_LINE_1,28841.794252807187,4.211073146343551,5,4.211073146343551,57.1242028403467,10.573092369453661,23,28784.67004996684,28852.36734517664,experiment,FIFO,0.28,0,variant_2
8174,INSPECTION_2_1,INSPECTION_2_1_LINE,28842.81770655228,1.0234537450924108,6,1.0234537450924108,58.14765658543911,9.54963862436125,23,28784.67004996684,28852.36734517664,experiment,FIFO,0.28,0,variant_2
8174,INSPECTION_2_2,INSPECTION_2_2_LINE,28843.485742091023,0.6680355387434247,7,0.6680355387434247,58.81569212418253,8.881603085617826,24,28784.67004996684,28852.36734517664,experiment,FIFO,0.28,0,variant_2
8174,INSPECTION_2_3,INSPECTION_2_3_LINE,28843.98171534599,0.49597325496870326,8,0.49597325496870326,59.311665379151236,8.385629830649123,24,28784.67004996684,28852.36734517664,experiment,FIFO,0.28,0,variant_2
8174,INSPECTION_2_4,INSPECTION_2_4_LINE,28844.50002400194,0.5183086559482035,9,0.5183086559482035,59.82997403509944,7.867321174700919,23,28784.67004996684,28852.36734517664,experiment,FIFO,0.28,0,variant_2
8174,INSPECTION_2_5,INSPECTION_2_5_LINE,28847.032189295856,0.40472319937543944,10,2.532165293916478,62.36213932901592,5.335155880784441,23,28784.67004996684,28852.36734517664,experiment,FIFO,0.28,0,variant_2
8174,INSPECTION_2_6,INSPECTION_2_6_LINE,28849.55732342771,0.9353804017191578,11,2.525134131854429,64.88727346087035,2.810021748930012,23,28784.67004996684,28852.36734517664,experiment,FIFO,0.28,0,variant_2
8174,INSPECTION_2_7,INSPECTION_2_7_LINE,28852.36734517664,2.810021748930012,12,2.810021748930012,67.69729520980036,0.0,22,28784.67004996684,28852.36734517664,experiment,FIFO,0.28,0,variant_2
8175,MOULDING_1,MOULDING_MACHINE_1,28789.421022785697,9.132852903767343,1,0.0,0.0,123.94158400694869,27,28789.421022785697,28913.362606792645,experiment,FIFO,0.28,0,variant_4
8175,ASSEMBLY_1_1,LINE_1_ASSEMBLY1,28825.88376206916,1.9916299099604657,2,36.462739283462724,36.462739283462724,87.47884472348596,22,28789.421022785697,28913.362606792645,experiment,FIFO,0.28,0,variant_4
8175,ASSEMBLY_2_1,ASSEMBLY2_LINE_1,28895.520890785327,29.550365344519378,3,69.63712871616735,106.09986799963008,17.84171600731861,19,28789.421022785697,28913.362606792645,experiment,FIFO,0.28,0,variant_4
8175,SORTING,SORTING_ROBOT_1,28897.25346798556,1.7325772002332087,4,1.7325772002332087,107.83244519986329,16.1091388070854,19,28789.421022785697,28913.362606792645,experiment,FIFO,0.28,0,variant_4
8175,PACKAGING_2,PACKAGING_LINE_2,28902.84998902104,5.596521035480691,5,5.596521035480691,113.42896623534398,10.51261777160471,21,28789.421022785697,28913.362606792645,experiment,FIFO,0.28,0,variant_4
8175,INSPECTION_2_1,INSPECTION_2_1_LINE,28902.97753818195,0.1275491609085293,6,0.1275491609085293,113.55651539625251,10.38506861069618,21,28789.421022785697,28913.362606792645,experiment,FIFO,0.28,0,variant_4
8175,INSPECTION_2_2,INSPECTION_2_2_LINE,28904.018446798007,0.2527754200673371,7,1.0409086160580046,114.59742401231051,9.344159994638176,21,28789.421022785697,28913.362606792645,experiment,FIFO,0.28,0,variant_4
8175,INSPECTION_2_3,INSPECTION_2_3_LINE,28905.07795899512,1.059512197112781,8,1.059512197112781,115.65693620942329,8.284647797525395,21,28789.421022785697,28913.362606792645,experiment,FIFO,0.28,0,variant_4
8175,INSPECTION_2_4,INSPECTION_2_4_LINE,28906.461549744326,0.9755105240219564,9,1.3835907492066326,117.04052695862993,6.901057048318762,21,28789.421022785697,28913.362606792645,experiment,FIFO,0.28,0,variant_4
8175,INSPECTION_2_5,INSPECTION_2_5_LINE,28908.18226346128,1.720713716953469,10,1.720713716953469,118.7612406755834,5.180343331365293,20,28789.421022785697,28913.362606792645,experiment,FIFO,0.28,0,variant_4
8175,INSPECTION_2_6,INSPECTION_2_6_LINE,28908.21800813368,0.0357446724010515,11,0.0357446724010515,118.79698534798445,5.144598658964242,20,28789.421022785697,28913.362606792645,experiment,FIFO,0.28,0,variant_4
8175,INSPECTION_2_7,INSPECTION_2_7_LINE,28913.362606792645,5.144598658964242,12,5.144598658964242,123.94158400694869,0.0,20,28789.421022785697,28913.362606792645,experiment,FIFO,0.28,0,variant_4
8176,MOULDING_3,MOULDING_MACHINE_3,28794.342610799937,1.9069936162486556,1,0.0,0.0,221.46960850530377,25,28794.342610799937,29015.81221930524,experiment,FIFO,0.28,0,variant_4
8176,ASSEMBLY_1_3,LINE_3_ASSEMBLY1,28826.03628831032,31.69367751038226,2,31.69367751038226,31.69367751038226,189.7759309949215,22,28794.342610799937,29015.81221930524,experiment,FIFO,0.28,0,variant_4
8176,ASSEMBLY_2_1,ASSEMBLY2_LINE_1,28897.013716645703,1.4928258603758877,3,70.97742833538359,102.67110584576585,118.79850265953792,19,28794.342610799937,29015.81221930524,experiment,FIFO,0.28,0,variant_4
8176,ASSEMBLY_2_1,ASSEMBLY2_LINE_1,28997.443537282124,6.51728264349731,4,100.42982063642194,203.1009264821878,18.36868202311598,26,28794.342610799937,29015.81221930524,experiment,FIFO,0.28,0,variant_4
8176,SORTING,SORTING_ROBOT_1,28998.252937272795,0.8093999906704994,5,0.8093999906704994,203.9103264728583,17.55928203244548,26,28794.342610799937,29015.81221930524,experiment,FIFO,0.28,0,variant_4
8176,PACKAGING_1,PACKAGING_LINE_1,29007.9507953586,9.69785808580491,6,9.69785808580491,213.6081845586632,7.861423946640571,26,28794.342610799937,29015.81221930524,experiment,FIFO,0.28,0,variant_4
8176,INSPECTION_1_1,INSPECTION_1_1_LINE,29008.916251438088,0.9654560794879217,7,0.9654560794879217,214.57364063815112,6.895967867152649,26,28794.342610799937,29015.81221930524,experiment,FIFO,0.28,0,variant_4
8176,INSPECTION_1_2,INSPECTION_1_2_LINE,29009.07015215617,0.15390071808360517,8,0.15390071808360517,214.72754135623472,6.742067149069044,26,28794.342610799937,29015.81221930524,experiment,FIFO,0.28,0,variant_4
8176,INSPECTION_1_3,INSPECTION_1_3_LINE,29011.34912749869,2.2789753425204253,9,2.2789753425204253,217.00651669875515,4.4630918065486185,27,28794.342610799937,29015.81221930524,experiment,FIFO,0.28,0,variant_4
8176,INSPECTION_1_4,INSPECTION_1_4_LINE,29012.94472610209,1.5955986033986846,10,1.5955986033986846,218.60211530215383,2.867493203149934,27,28794.342610799937,29015.81221930524,experiment,FIFO,0.28,0,variant_4
8176,INSPECTION_1_5,INSPECTION_1_5_LINE,29013.40490608108,0.46017997898889007,11,0.46017997898889007,219.06229528114272,2.4073132241610438,27,28794.342610799937,29015.81221930524,experiment,FIFO,0.28,0,variant_4
8176,INSPECTION_1_6,INSPECTION_1_6_LINE,29015.44277811046,2.0378720293811057,12,2.0378720293811057,221.10016731052383,0.3694411947799381,27,28794.342610799937,29015.81221930524,experiment,FIFO,0.28,0,variant_4
8176,INSPECTION_1_7,INSPECTION_1_7_LINE,29015.81221930524,0.3694411947799381,13,0.3694411947799381,221.46960850530377,0.0,27,28794.342610799937,29015.81221930524,experiment,FIFO,0.28,0,variant_4
8177,MOULDING_1,MOULDING_MACHINE_1,28798.20132347799,5.527007495871658,1,0.0,0.0,75.94099125177672,27,28798.20132347799,28874.14231472977,experiment,FIFO,0.28,0,variant_4
8177,ASSEMBLY_1_1,LINE_1_ASSEMBLY1,28849.10433196824,23.220569899080147,2,50.903008490247885,50.903008490247885,25.037982761528838,22,28798.20132347799,28874.14231472977,experiment,FIFO,0.28,0,variant_4
8177,ASSEMBLY_2_2,ASSEMBLY2_LINE_2,28853.38596713032,4.281635162082239,3,4.281635162082239,55.184643652330124,20.7563475994466,22,28798.20132347799,28874.14231472977,experiment,FIFO,0.28,0,variant_4
8177,SORTING,SORTING_ROBOT_1,28856.32508579869,0.6851082887624216,4,2.9391186683678825,58.123762320698006,17.817228931078716,22,28798.20132347799,28874.14231472977,experiment,FIFO,0.28,0,variant_4
8177,PACKAGING_1,PACKAGING_LINE_1,28864.12973591727,7.804650118581776,5,7.804650118581776,65.92841243927978,10.01257881249694,21,28798.20132347799,28874.14231472977,experiment,FIFO,0.28,0,variant_4
8177,INSPECTION_1_1,INSPECTION_1_1_LINE,28866.96623546876,2.8364995514893963,6,2.8364995514893963,68.76491199076918,7.176079261007544,21,28798.20132347799,28874.14231472977,experiment,FIFO,0.28,0,variant_4
8177,INSPECTION_1_2,INSPECTION_1_2_LINE,28867.35129664486,0.3850611761008622,7,0.3850611761008622,69.14997316687004,6.791018084906682,21,28798.20132347799,28874.14231472977,experiment,FIFO,0.28,0,variant_4
8177,INSPECTION_1_3,INSPECTION_1_3_LINE,28868.378422667167,1.0271260223053105,8,1.0271260223053105,70.17709918917535,5.763892062601371,21,28798.20132347799,28874.14231472977,experiment,FIFO,0.28,0,variant_4
8177,INSPECTION_1_4,INSPECTION_1_4_LINE,28869.39481410979,1.0163914426229894,9,1.0163914426229894,71.19349063179834,4.747500619978382,21,28798.20132347799,28874.14231472977,experiment,FIFO,0.28,0,variant_4
8177,INSPECTION_1_5,INSPECTION_1_5_LINE,28871.796296571367,2.401482461576961,10,2.401482461576961,73.5949730933753,2.346018158401421,21,28798.20132347799,28874.14231472977,experiment,FIFO,0.28,0,variant_4
8177,INSPECTION_1_6,INSPECTION_1_6_LINE,28874.13445135829,2.3381547869248607,11,2.3381547869248607,75.93312788030016,0.007863371476560133,20,28798.20132347799,28874.14231472977,experiment,FIFO,0.28,0,variant_4
8177,INSPECTION_1_7,INSPECTION_1_7_LINE,28874.14231472977,0.007863371476560133,12,0.007863371476560133,75.94099125177672,0.0,19,28798.20132347799,28874.14231472977,experiment,FIFO,0.28,0,variant_4
8178,MOULDING_4,MOULDING_MACHINE_4,28797.41341046389,2.3185212908210815,1,0.0,0.0,148.1203456502517,26,28797.41341046389,28945.533756114142,experiment,FIFO,0.28,0,variant_3
8178,ASSEMBLY_1_3,LINE_3_ASSEMBLY1,28827.235743504603,1.1994551942843827,2,29.822333040712692,29.822333040712692,118.298012609539,22,28797.41341046389,28945.533756114142,experiment,FIFO,0.28,0,variant_3
8178,ASSEMBLY_2_1,ASSEMBLY2_LINE_1,28922.329482815127,9.789827131375205,3,95.09373931052323,124.91607235123593,23.204273299015767,22,28797.41341046389,28945.533756114142,experiment,FIFO,0.28,0,variant_3
8178,SORTING,SORTING_ROBOT_1,28924.028010915747,0.7357249355191016,4,1.698528100620024,126.61460045185595,21.505745198395744,23,28797.41341046389,28945.533756114142,experiment,FIFO,0.28,0,variant_3
8178,PACKAGING_2,PACKAGING_LINE_2,28931.032718158647,4.7347813662854605,5,7.004707242900622,133.61930769475657,14.501037955495121,27,28797.41341046389,28945.533756114142,experiment,FIFO,0.28,0,variant_3
8178,INSPECTION_2_1,INSPECTION_2_1_LINE,28931.695072198167,0.6623540395194141,6,0.6623540395194141,134.28166173427599,13.838683915975707,26,28797.41341046389,28945.533756114142,experiment,FIFO,0.28,0,variant_3
8178,INSPECTION_2_2,INSPECTION_2_2_LINE,28935.811446816133,4.116374617966358,7,4.116374617966358,138.39803635224234,9.72230929800935,24,28797.41341046389,28945.533756114142,experiment,FIFO,0.28,0,variant_3
8178,INSPECTION_2_3,INSPECTION_2_3_LINE,28936.091142696143,0.1924319703830406,8,0.27969588000996737,138.6777322322523,9.442613417999382,24,28797.41341046389,28945.533756114142,experiment,FIFO,0.28,0,variant_3
8178,INSPECTION_2_4,INSPECTION_2_4_LINE,28939.09120778863,1.4708400919007545,9,3.000065092488512,141.67779732474082,6.44254832551087,26,28797.41341046389,28945.533756114142,experiment,FIFO,0.28,0,variant_3
8178,INSPECTION_2_5,INSPECTION_2_5_LINE,28942.59337137312,1.4857100302397157,10,3.502163584489608,145.17996090923043,2.940384741021262,26,28797.41341046389,28945.533756114142,experiment,FIFO,0.28,0,variant_3
8178,INSPECTION_2_6,INSPECTION_2_6_LINE,28945.281870469687,0.907840262458194,11,2.6884990965663746,147.8684600057968,0.25188564445488737,24,28797.41341046389,28945.533756114142,experiment,FIFO,0.28,0,variant_3
8178,INSPECTION_2_7,INSPECTION_2_7_LINE,28945.533756114142,0.25188564445488737,12,0.25188564445488737,148.1203456502517,0.0,23,28797.41341046389,28945.533756114142,experiment,FIFO,0.28,0,variant_3
8179,MOULDING_1,MOULDING_MACHINE_1,28808.391751779844,10.19042830185208,1,0.0,0.0,40.32073390846563,24,28808.391751779844,28848.71248568831,experiment,FIFO,0.28,0,variant_3
8179,ASSEMBLY_1_5,LINE_5_ASSEMBLY1,28810.306471706743,1.9147199268991244,2,1.9147199268991244,1.9147199268991244,38.4060139815665,22,28808.391751779844,28848.71248568831,experiment,FIFO,0.28,0,variant_3
8179,ASSEMBLY_2_2,ASSEMBLY2_LINE_2,28821.400892287344,11.094420580600854,3,11.094420580600854,13.009140507499978,27.31159340096565,20,28808.391751779844,28848.71248568831,experiment,FIFO,0.28,0,variant_3
8179,SORTING,SORTING_ROBOT_1,28829.511041610625,3.0996345018756983,4,8.110149323281803,21.11928983078178,19.201444077683846,24,28808.391751779844,28848.71248568831,experiment,FIFO,0.28,0,variant_3
8179,PACKAGING_3,PACKAGING_LINE_3,28829.630783603057,0.11974199243195471,5,0.11974199243195471,21.239031823213736,19.08170208525189,24,28808.391751779844,28848.71248568831,experiment,FIFO,0.28,0,variant_3
8179,INSPECTION_2_1,INSPECTION_2_1_LINE,28833.608344506592,1.1885222930322925,6,3.97756090353505,25.216592726748786,15.104141181716841,24,28808.391751779844,28848.71248568831,experiment,FIFO,0.28,0,variant_3
8179,INSPECTION_2_2,INSPECTION_2_2_LINE,28835.7517551712,0.5849008283876174,7,2.143410664608382,27.360003391357168,12.960730517108459,23,28808.391751779844,28848.71248568831,experiment,FIFO,0.28,0,variant_3
8179,INSPECTION_2_3,INSPECTION_2_3_LINE,28837.40393773224,0.7907901623475482,8,1.6521825610398082,29.012185952396976,11.30854795606865,22,28808.391751779844,28848.71248568831,experiment,FIFO,0.28,0,variant_3
8179,INSPECTION_2_4,INSPECTION_2_4_LINE,28841.053450431813,1.3609409357923141,9,3.6495126995723695,32.661698651969346,7.659035256496281,22,28808.391751779844,28848.71248568831,experiment,FIFO,0.28,0,variant_3
8179,INSPECTION_2_5,INSPECTION_2_5_LINE,28846.62746609648,4.516936975931458,10,5.574015664667968,38.23571431663731,2.0850195918283134,23,28808.391751779844,28848.71248568831,experiment,FIFO,0.28,0,variant_3
8179,INSPECTION_2_6,INSPECTION_2_6_LINE,28848.62194302599,1.9944769295107108,11,1.9944769295107108,40.230191246148024,0.09054266231760266,23,28808.391751779844,28848.71248568831,experiment,FIFO,0.28,0,variant_3
8179,INSPECTION_2_7,INSPECTION_2_7_LINE,28848.71248568831,0.09054266231760266,12,0.09054266231760266,40.32073390846563,0.0,22,28808.391751779844,28848.71248568831,experiment,FIFO,0.28,0,variant_3
8180,MOULDING_5,MOULDING_MACHINE_5,28823.08505397874,22.595535098793334,1,0.0,0.0,166.4454982203606,23,28823.08505397874,28989.5305521991,experiment,FIFO,0.28,0,variant_1
8180,ASSEMBLY_1_4,LINE_4_ASSEMBLY1,28858.996764836906,2.3981407773353567,2,35.91171085816677,35.91171085816677,130.53378736219383,22,28823.08505397874,28989.5305521991,experiment,FIFO,0.28,0,variant_1
8180,ASSEMBLY_2_1,ASSEMBLY2_LINE_1,28957.850248336228,1.0572784905380104,3,98.85348349932246,134.76519435748924,31.68030386287137,22,28823.08505397874,28989.5305521991,experiment,FIFO,0.28,0,variant_1
8180,SORTING,SORTING_ROBOT_1,28959.92844010084,2.0781917646127113,4,2.0781917646127113,136.84338612210195,29.602112098258658,23,28823.08505397874,28989.5305521991,experiment,FIFO,0.28,0,variant_1
8180,PACKAGING_1,PACKAGING_LINE_1,28983.971038637654,24.042598536812875,5,24.042598536812875,160.88598465891482,5.559513561445783,24,28823.08505397874,28989.5305521991,experiment,FIFO,0.28,0,variant_1
8180,INSPECTION_1_1,INSPECTION_1_1_LINE,28984.036798062283,0.06575942462950479,6,0.06575942462950479,160.95174408354433,5.493754136816278,24,28823.08505397874,28989.5305521991,experiment,FIFO,0.28,0,variant_1
8180,INSPECTION_1_2,INSPECTION_1_2_LINE,28985.88205328077,1.8452552184862725,7,1.8452552184862725,162.7969993020306,3.648498918330006,25,28823.08505397874,28989.5305521991,experiment,FIFO,0.28,0,variant_1
8180,INSPECTION_1_3,INSPECTION_1_3_LINE,28985.91877078698,0.036717506209242856,8,0.036717506209242856,162.83371680823984,3.611781412120763,25,28823.08505397874,28989.5305521991,experiment,FIFO,0.28,0,variant_1
8180,INSPECTION_1_4,INSPECTION_1_4_LINE,28987.666713225404,1.7479424384255253,9,1.7479424384255253,164.58165924666537,1.8638389736952377,24,28823.08505397874,28989.5305521991,experiment,FIFO,0.28,0,variant_1
8180,INSPECTION_1_5,INSPECTION_1_5_LINE,28988.343703877734,0.6769906523295504,10,0.6769906523295504,165.25864989899492,1.1868483213656873,24,28823.08505397874,28989.5305521991,experiment,FIFO,0.28,0,variant_1
8180,INSPECTION_1_6,INSPECTION_1_6_LINE,28988.8083570475,0.46465316976536997,11,0.46465316976536997,165.7233030687603,0.7221951516003173,25,28823.08505397874,28989.5305521991,experiment,FIFO,0.28,0,variant_1
8180,INSPECTION_1_7,INSPECTION_1_7_LINE,28989.5305521991,0.7221951516003173,12,0.7221951516003173,166.4454982203606,0.0,26,28823.08505397874,28989.5305521991,experiment,FIFO,0.28,0,variant_1
8181,MOULDING_3,MOULDING_MACHINE_3,28803.59861815491,2.3420604104103404,1,0.0,0.0,103.39592385268043,27,28803.59861815491,28906.99454200759,experiment,FIFO,0.28,0,variant_1
8181,ASSEMBLY_1_5,LINE_5_ASSEMBLY1,28807.51269473074,3.9140765758311318,2,3.9140765758311318,3.9140765758311318,99.4818472768493,24,28803.59861815491,28906.99454200759,experiment,FIFO,0.28,0,variant_1
8181,ASSEMBLY_2_1,ASSEMBLY2_LINE_1,28862.1959124894,0.7834573076688685,3,54.68321775865843,58.59729433448956,44.798629518190864,19,28803.59861815491,28906.99454200759,experiment,FIFO,0.28,0,variant_1
8181,SORTING,SORTING_ROBOT_1,28866.89182479978,0.9987770493935386,4,4.695912310380663,63.293206644870224,40.1027172078102,21,28803.59861815491,28906.99454200759,experiment,FIFO,0.28,0,variant_1
8181,PACKAGING_1,PACKAGING_LINE_1,28902.076527181653,7.57151755148152,5,35.18470238187365,98.47790902674387,4.918014825936552,21,28803.59861815491,28906.99454200759,experiment,FIFO,0.28,0,variant_1
8181,INSPECTION_2_1,INSPECTION_2_1_LINE,28902.20054737625,0.1240201945984154,6,0.1240201945984154,98.60192922134229,4.793994631338137,21,28803.59861815491,28906.99454200759,experiment,FIFO,0.28,0,variant_1
8181,INSPECTION_2_2,INSPECTION_2_2_LINE,28903.76567137794,1.5651240016886732,7,1.5651240016886732,100.16705322303096,3.228870629649464,21,28803.59861815491,28906.99454200759,experiment,FIFO,0.28,0,variant_1
8181,INSPECTION_2_3,INSPECTION_2_3_LINE,28903.99472373669,0.22905235875077778,8,0.22905235875077778,100.39610558178174,2.999818270898686,21,28803.59861815491,28906.99454200759,experiment,FIFO,0.28,0,variant_1
8181,INSPECTION_2_4,INSPECTION_2_4_LINE,28905.486039220305,1.4913154836140166,9,1.4913154836140166,101.88742106539576,1.5085027872846695,21,28803.59861815491,28906.99454200759,experiment,FIFO,0.28,0,variant_1
8181,INSPECTION_2_5,INSPECTION_2_5_LINE,28905.81399674448,0.3279575241758721,10,0.3279575241758721,102.21537858957163,1.1805452631087974,21,28803.59861815491,28906.99454200759,experiment,FIFO,0.28,0,variant_1
8181,INSPECTION_2_6,INSPECTION_2_6_LINE,28906.78202685384,0.9680301093612798,11,0.9680301093612798,103.18340869893291,0.21251515374751762,21,28803.59861815491,28906.99454200759,experiment,FIFO,0.28,0,variant_1
8181,INSPECTION_2_7,INSPECTION_2_7_LINE,28906.99454200759,0.21251515374751762,12,0.21251515374751762,103.39592385268043,0.0,20,28803.59861815491,28906.99454200759,experiment,FIFO,0.28,0,variant_1
8182,MOULDING_3,MOULDING_MACHINE_3,28816.82290802489,13.224289869980566,1,0.0,0.0,64.48228817691052,22,28816.82290802489,28881.3051962018,experiment,FIFO,0.28,0,variant_3
8182,ASSEMBLY_1_5,LINE_5_ASSEMBLY1,28825.412067408965,8.589159384075174,2,8.589159384075174,8.589159384075174,55.89312879283534,23,28816.82290802489,28881.3051962018,experiment,FIFO,0.28,0,variant_3
8182,ASSEMBLY_2_1,ASSEMBLY2_LINE_1,28865.970525440807,3.774612951408926,3,40.55845803184275,49.14761741591792,15.334670760992594,21,28816.82290802489,28881.3051962018,experiment,FIFO,0.28,0,variant_3
8182,SORTING,SORTING_ROBOT_1,28867.944934680705,1.0531098809260584,4,1.9744092398977955,51.122026655815716,13.360261521094799,21,28816.82290802489,28881.3051962018,experiment,FIFO,0.28,0,variant_3
8182,PACKAGING_3,PACKAGING_LINE_3,28872.888901453432,4.9439667727274355,5,4.9439667727274355,56.06599342854315,8.416294748367363,20,28816.82290802489,28881.3051962018,experiment,FIFO,0.28,0,variant_3
8182,INSPECTION_2_1,INSPECTION_2_1_LINE,28874.444598808488,1.5556973550555995,6,1.5556973550555995,57.62169078359875,6.860597393311764,19,28816.82290802489,28881.3051962018,experiment,FIFO,0.28,0,variant_3
8182,INSPECTION_2_2,INSPECTION_2_2_LINE,28877.54381798824,3.0992191797522537,7,3.0992191797522537,60.720909963351005,3.76137821355951,18,28816.82290802489,28881.3051962018,experiment,FIFO,0.28,0,variant_3
8182,INSPECTION_2_3,INSPECTION_2_3_LINE,28878.31495989952,0.7711419112783915,8,0.7711419112783915,61.4920518746294,2.9902363022811187,18,28816.82290802489,28881.3051962018,experiment,FIFO,0.28,0,variant_3
8182,INSPECTION_2_4,INSPECTION_2_4_LINE,28879.5035236164,1.1885637168816174,9,1.1885637168816174,62.680615591511014,1.8016725853995013,19,28816.82290802489,28881.3051962018,experiment,FIFO,0.28,0,variant_3
8182,INSPECTION_2_5,INSPECTION_2_5_LINE,28880.009509973668,0.5059863572678296,10,0.5059863572678296,63.18660194877884,1.2956862281316717,19,28816.82290802489,28881.3051962018,experiment,FIFO,0.28,0,variant_3
8182,INSPECTION_2_6,INSPECTION_2_6_LINE,28880.91819810203,0.9086881283619732,11,0.9086881283619732,64.09529007714082,0.38699809976969846,19,28816.82290802489,28881.3051962018,experiment,FIFO,0.28,0,variant_3
8182,INSPECTION_2_7,INSPECTION_2_7_LINE,28881.3051962018,0.38699809976969846,12,0.38699809976969846,64.48228817691052,0.0,18,28816.82290802489,28881.3051962018,experiment,FIFO,0.28,0,variant_3
8183,MOULDING_5,MOULDING_MACHINE_5,28828.08611485967,5.001060880931618,1,0.0,0.0,33.12790656846846,24,28828.08611485967,28861.21402142814,experiment,FIFO,0.28,0,variant_6
8183,ASSEMBLY_1_3,LINE_3_ASSEMBLY1,28831.34192778585,3.255812926177896,2,3.255812926177896,3.255812926177896,29.872093642290565,24,28828.08611485967,28861.21402142814,experiment,FIFO,0.28,0,variant_6
8183,ASSEMBLY_2_2,ASSEMBLY2_LINE_2,28833.511911835805,2.169984049956838,3,2.169984049956838,5.425796976134734,27.702109592333727,24,28828.08611485967,28861.21402142814,experiment,FIFO,0.28,0,variant_6
8183,SORTING,SORTING_ROBOT_1,28839.13413455276,1.5509548919180816,4,5.622222716956458,11.048019693091192,22.07988687537727,22,28828.08611485967,28861.21402142814,experiment,FIFO,0.28,0,variant_6
8183,PACKAGING_1,PACKAGING_LINE_1,28844.755458662497,2.9612058553102543,5,5.621324109735724,16.669343802826916,16.458562765641545,23,28828.08611485967,28861.21402142814,experiment,FIFO,0.28,0,variant_6
8183,INSPECTION_1_1,INSPECTION_1_1_LINE,28846.989001213668,2.2335425511701033,6,2.2335425511701033,18.90288635399702,14.225020214471442,23,28828.08611485967,28861.21402142814,experiment,FIFO,0.28,0,variant_6
8183,INSPECTION_1_2,INSPECTION_1_2_LINE,28848.466815883778,1.4778146701100923,7,1.4778146701100923,20.38070102410711,12.74720554436135,23,28828.08611485967,28861.21402142814,experiment,FIFO,0.28,0,variant_6
8183,INSPECTION_1_3,INSPECTION_1_3_LINE,28848.73681480599,0.26999892221283517,8,0.26999892221283517,20.650699946319946,12.477206622148515,22,28828.08611485967,28861.21402142814,experiment,FIFO,0.28,0,variant_6
8183,INSPECTION_1_4,INSPECTION_1_4_LINE,28851.56929599925,2.8324811932579905,9,2.8324811932579905,23.483181139577937,9.644725428890524,23,28828.08611485967,28861.21402142814,experiment,FIFO,0.28,0,variant_6
8183,INSPECTION_1_5,INSPECTION_1_5_LINE,28855.314562854262,3.7452668550140515,10,3.7452668550140515,27.22844799459199,5.899458573876473,21,28828.08611485967,28861.21402142814,experiment,FIFO,0.28,0,variant_6
8183,INSPECTION_1_6,INSPECTION_1_6_LINE,28860.275132110644,4.960569256381859,11,4.960569256381859,32.18901725097385,0.9388893174946134,22,28828.08611485967,28861.21402142814,experiment,FIFO,0.28,0,variant_6
8183,INSPECTION_1_7,INSPECTION_1_7_LINE,28861.21402142814,0.9388893174946134,12,0.9388893174946134,33.12790656846846,0.0,21,28828.08611485967,28861.21402142814,experiment,FIFO,0.28,0,variant_6
8184,MOULDING_1,MOULDING_MACHINE_1,28812.653923805097,0.04907012663898058,1,0.0,0.0,73.38328764792823,22,28812.653923805097,28886.037211453026,experiment,FIFO,0.28,0,variant_6
8184,ASSEMBLY_1_1,LINE_1_ASSEMBLY1,28853.51237253233,4.4080405640888785,2,40.85844872723101,40.85844872723101,32.52483892069722,22,28812.653923805097,28886.037211453026,experiment,FIFO,0.28,0,variant_6
8184,ASSEMBLY_2_2,ASSEMBLY2_LINE_2,28855.24606791108,1.7336953787526,3,1.7336953787526,42.59214410598361,30.79114354194462,21,28812.653923805097,28886.037211453026,experiment,FIFO,0.28,0,variant_6
8184,SORTING,SORTING_ROBOT_1,28858.19167374948,1.8665879507898353,4,2.9456058383984782,45.537749944382085,27.845537703546142,22,28812.653923805097,28886.037211453026,experiment,FIFO,0.28,0,variant_6
8184,PACKAGING_1,PACKAGING_LINE_1,28881.541881592468,17.41214567519637,5,23.35020784298831,68.8879577873704,4.495329860557831,18,28812.653923805097,28886.037211453026,experiment,FIFO,0.28,0,variant_6
8184,INSPECTION_1_1,INSPECTION_1_1_LINE,28881.61974517383,0.07786358136218041,6,0.07786358136218041,68.96582136873258,4.417466279195651,18,28812.653923805097,28886.037211453026,experiment,FIFO,0.28,0,variant_6
8184,INSPECTION_1_2,INSPECTION_1_2_LINE,28881.927378683427,0.30763350959750824,7,0.30763350959750824,69.27345487833009,4.1098327695981425,18,28812.653923805097,28886.037211453026,experiment,FIFO,0.28,0,variant_6
8184,INSPECTION_1_3,INSPECTION_1_3_LINE,28883.85499907431,1.9276203908812022,8,1.9276203908812022,71.20107526921129,2.1822123787169403,18,28812.653923805097,28886.037211453026,experiment,FIFO,0.28,0,variant_6
8184,INSPECTION_1_4,INSPECTION_1_4_LINE,28884.453932201708,0.5989331273995049,9,0.5989331273995049,71.80000839661079,1.5832792513174354,19,28812.653923805097,28886.037211453026,experiment,FIFO,0.28,0,variant_6
8184,INSPECTION_1_5,INSPECTION_1_5_LINE,28885.14269031106,0.6887581093506014,10,0.6887581093506014,72.4887665059614,0.894521141966834,20,28812.653923805097,28886.037211453026,experiment,FIFO,0.28,0,variant_6
8184,INSPECTION_1_6,INSPECTION_1_6_LINE,28885.429102596965,0.2864122859064082,11,0.2864122859064082,72.7751787918678,0.6081088560604258,20,28812.653923805097,28886.037211453026,experiment,FIFO,0.28,0,variant_6
8184,INSPECTION_1_7,INSPECTION_1_7_LINE,28886.037211453026,0.6081088560604258,12,0.6081088560604258,73.38328764792823,0.0,19,28812.653923805097,28886.037211453026,experiment,FIFO,0.28,0,variant_6
8185,MOULDING_2,MOULDING_MACHINE_2,28822.207082557696,2.9611416759507847,1,0.0,0.0,110.12090545154933,21,28822.207082557696,28932.327988009245,experiment,FIFO,0.28,0,variant_4
8185,ASSEMBLY_1_4,LINE_4_ASSEMBLY1,28826.831711818217,4.624629260521033,2,4.624629260521033,4.624629260521033,105.4962761910283,22,28822.207082557696,28932.327988009245,experiment,FIFO,0.28,0,variant_4
8185,ASSEMBLY_2_1,ASSEMBLY2_LINE_1,28912.53965568375,15.525939038048818,3,85.70794386553462,90.33257312605565,19.788332325493684,21,28822.207082557696,28932.327988009245,experiment,FIFO,0.28,0,variant_4
8185,SORTING,SORTING_ROBOT_1,28916.168176905456,3.628521221704432,4,3.628521221704432,93.96109434776008,16.159811103789252,20,28822.207082557696,28932.327988009245,experiment,FIFO,0.28,0,variant_4
8185,PACKAGING_1,PACKAGING_LINE_1,28920.977355653176,0.032749586847785395,5,4.80917874772058,98.77027309548066,11.350632356068672,22,28822.207082557696,28932.327988009245,experiment,FIFO,0.28,0,variant_4
8185,INSPECTION_2_1,INSPECTION_2_1_LINE,28922.902739496305,0.17397767516740714,6,1.9253838431286567,100.69565693860932,9.425248512940016,23,28822.207082557696,28932.327988009245,experiment,FIFO,0.28,0,variant_4
8185,INSPECTION_2_2,INSPECTION_2_2_LINE,28927.35202686409,3.90829300972473,7,4.449287367784564,105.14494430639388,4.975961145155452,24,28822.207082557696,28932.327988009245,experiment,FIFO,0.28,0,variant_4
8185,INSPECTION_2_3,INSPECTION_2_3_LINE,28927.622328529906,0.27030166581607773,8,0.27030166581607773,105.41524597220996,4.705659479339374,24,28822.207082557696,28932.327988009245,experiment,FIFO,0.28,0,variant_4
8185,INSPECTION_2_4,INSPECTION_2_4_LINE,28928.717830524583,1.095501994677761,9,1.095501994677761,106.51074796688772,3.610157484661613,24,28822.207082557696,28932.327988009245,experiment,FIFO,0.28,0,variant_4
8185,INSPECTION_2_5,INSPECTION_2_5_LINE,28929.034131468867,0.3163009442832845,10,0.3163009442832845,106.827048911171,3.2938565403783286,24,28822.207082557696,28932.327988009245,experiment,FIFO,0.28,0,variant_4
8185,INSPECTION_2_6,INSPECTION_2_6_LINE,28929.3197997068,0.2856682379315316,11,0.2856682379315316,107.11271714910254,3.008188302446797,24,28822.207082557696,28932.327988009245,experiment,FIFO,0.28,0,variant_4
8185,INSPECTION_2_7,INSPECTION_2_7_LINE,28932.327988009245,0.7677591521569411,12,3.008188302446797,110.12090545154933,0.0,25,28822.207082557696,28932.327988009245,experiment,FIFO,0.28,0,variant_4
8186,MOULDING_2,MOULDING_MACHINE_2,28822.574299255688,0.3672166979922622,1,0.0,0.0,82.1843750533917,22,28822.574299255688,28904.75867430908,experiment,FIFO,0.28,0,variant_4
8186,ASSEMBLY_1_4,LINE_4_ASSEMBLY1,28856.59862405957,29.766912241353566,2,34.02432480388234,34.02432480388234,48.16005024950937,22,28822.574299255688,28904.75867430908,experiment,FIFO,0.28,0,variant_4
8186,ASSEMBLY_2_2,ASSEMBLY2_LINE_2,28858.103736580368,1.0758855947970005,3,1.505112520797411,35.52943732467975,46.65493772871196,22,28822.574299255688,28904.75867430908,experiment,FIFO,0.28,0,variant_4
8186,SORTING,SORTING_ROBOT_1,28865.779506279887,0.8207730887552316,4,7.675769699519151,43.2052070241989,38.979168029192806,21,28822.574299255688,28904.75867430908,experiment,FIFO,0.28,0,variant_4
8186,PACKAGING_1,PACKAGING_LINE_1,28894.50500963017,12.963128037703427,5,28.72550335028427,71.93071037448317,10.253664678908535,19,28822.574299255688,28904.75867430908,experiment,FIFO,0.28,0,variant_4
8186,INSPECTION_1_1,INSPECTION_1_1_LINE,28896.743442801424,2.2384331712528365,6,2.2384331712528365,74.169143545736,8.015231507655699,19,28822.574299255688,28904.75867430908,experiment,FIFO,0.28,0,variant_4
8186,INSPECTION_1_2,INSPECTION_1_2_LINE,28897.903472067806,1.1600292663824803,7,1.1600292663824803,75.32917281211849,6.8552022412732185,19,28822.574299255688,28904.75867430908,experiment,FIFO,0.28,0,variant_4
8186,INSPECTION_1_3,INSPECTION_1_3_LINE,28898.00443512191,0.10096305410479545,8,0.10096305410479545,75.43013586622328,6.754239187168423,19,28822.574299255688,28904.75867430908,experiment,FIFO,0.28,0,variant_4
8186,INSPECTION_1_4,INSPECTION_1_4_LINE,28899.26003864727,1.2556035253583104,9,1.2556035253583104,76.68573939158159,5.498635661810113,20,28822.574299255688,28904.75867430908,experiment,FIFO,0.28,0,variant_4
8186,INSPECTION_1_5,INSPECTION_1_5_LINE,28900.511315231903,1.2512765846331604,10,1.2512765846331604,77.93701597621475,4.247359077176952,20,28822.574299255688,28904.75867430908,experiment,FIFO,0.28,0,variant_4
8186,INSPECTION_1_6,INSPECTION_1_6_LINE,28904.418760381068,3.9074451491651416,11,3.9074451491651416,81.8444611253799,0.33991392801181064,21,28822.574299255688,28904.75867430908,experiment,FIFO,0.28,0,variant_4
8186,INSPECTION_1_7,INSPECTION_1_7_LINE,28904.75867430908,0.33991392801181064,12,0.33991392801181064,82.1843750533917,0.0,20,28822.574299255688,28904.75867430908,experiment,FIFO,0.28,0,variant_4
8187,MOULDING_1,MOULDING_MACHINE_1,28827.692406793936,1.624194948199147,1,0.0,0.0,142.4264011286141,23,28827.692406793936,28970.11880792255,experiment,FIFO,0.28,0,variant_4
8187,ASSEMBLY_1_2,LINE_2_ASSEMBLY1,28839.00858936005,11.316182566115458,2,11.316182566115458,11.316182566115458,131.11021856249863,22,28827.692406793936,28970.11880792255,experiment,FIFO,0.28,0,variant_4
8187,ASSEMBLY_2_1,ASSEMBLY2_LINE_1,28942.89857947552,20.56909666039428,3,103.88999011546912,115.20617268158458,27.220228447029513,25,28827.692406793936,28970.11880792255,experiment,FIFO,0.28,0,variant_4
8187,SORTING,SORTING_ROBOT_1,28944.904362655983,1.778930596941791,4,2.0057831804624584,117.21195586204703,25.214445266567054,25,28827.692406793936,28970.11880792255,experiment,FIFO,0.28,0,variant_4
8187,PACKAGING_1,PACKAGING_LINE_1,28955.545896333933,10.641533677950065,5,10.641533677950065,127.8534895399971,14.57291158861699,22,28827.692406793936,28970.11880792255,experiment,FIFO,0.28,0,variant_4
8187,INSPECTION_2_1,INSPECTION_2_1_LINE,28961.54017050738,5.994274173444865,6,5.994274173444865,133.84776371344196,8.578637415172125,24,28827.692406793936,28970.11880792255,experiment,FIFO,0.28,0,variant_4
8187,INSPECTION_2_2,INSPECTION_2_2_LINE,28962.336057347155,0.7958868397763581,7,0.7958868397763581,134.64365055321832,7.782750575395767,24,28827.692406793936,28970.11880792255,experiment,FIFO,0.28,0,variant_4
8187,INSPECTION_2_3,INSPECTION_2_3_LINE,28964.028621956462,1.6925646093077376,8,1.6925646093077376,136.33621516252606,6.090185966088029,25,28827.692406793936,28970.11880792255,experiment,FIFO,0.28,0,variant_4
8187,INSPECTION_2_4,INSPECTION_2_4_LINE,28966.989159898618,2.960537942155497,9,2.960537942155497,139.29675310468156,3.129648023932532,25,28827.692406793936,28970.11880792255,experiment,FIFO,0.28,0,variant_4
8187,INSPECTION_2_5,INSPECTION_2_5_LINE,28967.86516922892,0.8760093303026224,10,0.8760093303026224,140.17276243498418,2.2536386936299095,24,28827.692406793936,28970.11880792255,experiment,FIFO,0.28,0,variant_4
8187,INSPECTION_2_6,INSPECTION_2_6_LINE,28969.770795103734,1.9056258748132677,11,1.9056258748132677,142.07838830979745,0.3480128188166418,24,28827.692406793936,28970.11880792255,experiment,FIFO,0.28,0,variant_4
8187,INSPECTION_2_7,INSPECTION_2_7_LINE,28970.11880792255,0.3480128188166418,12,0.3480128188166418,142.4264011286141,0.0,23,28827.692406793936,28970.11880792255,experiment,FIFO,0.28,0,variant_4
8188,MOULDING_2,MOULDING_MACHINE_2,28834.81120652773,6.0618932317593135,1,0.0,0.0,133.52794034464023,24,28834.81120652773,28968.33914687237,experiment,FIFO,0.28,0,variant_6
8188,ASSEMBLY_1_3,LINE_3_ASSEMBLY1,28844.22069567187,9.409489144138206,2,9.409489144138206,9.409489144138206,124.11845120050202,23,28834.81120652773,28968.33914687237,experiment,FIFO,0.28,0,variant_6
8188,ASSEMBLY_2_1,ASSEMBLY2_LINE_1,28956.79296984569,13.894390370169276,3,112.57227417382092,121.98176331795912,11.546177026681107,22,28834.81120652773,28968.33914687237,experiment,FIFO,0.28,0,variant_6
8188,SORTING,SORTING_ROBOT_1,28957.242745800555,0.4497759548648901,4,0.4497759548648901,122.43153927282401,11.096401071816217,22,28834.81120652773,28968.33914687237,experiment,FIFO,0.28,0,variant_6
8188,PACKAGING_1,PACKAGING_LINE_1,28958.39968614002,1.1569403394641995,5,1.1569403394641995,123.58847961228821,9.939460732352018,22,28834.81120652773,28968.33914687237,experiment,FIFO,0.28,0,variant_6
8188,INSPECTION_1_1,INSPECTION_1_1_LINE,28959.029510555687,0.6298244156678265,6,0.6298244156678265,124.21830402795604,9.309636316684191,22,28834.81120652773,28968.33914687237,experiment,FIFO,0.28,0,variant_6
8188,INSPECTION_1_2,INSPECTION_1_2_LINE,28959.21956724725,0.19005669156467775,7,0.19005669156467775,124.40836071952072,9.119579625119513,23,28834.81120652773,28968.33914687237,experiment,FIFO,0.28,0,variant_6
8188,INSPECTION_1_3,INSPECTION_1_3_LINE,28960.911992718866,0.9457061537759728,8,1.692425471614115,126.10078619113483,7.427154153505398,23,28834.81120652773,28968.33914687237,experiment,FIFO,0.28,0,variant_6
8188,INSPECTION_1_4,INSPECTION_1_4_LINE,28966.63350398917,1.8428357135526312,9,5.7215112703052,131.82229746144003,1.7056428832001984,25,28834.81120652773,28968.33914687237,experiment,FIFO,0.28,0,variant_6
8188,INSPECTION_1_5,INSPECTION_1_5_LINE,28966.642405074777,0.00890108560633962,10,0.00890108560633962,131.83119854704637,1.6967417975938588,25,28834.81120652773,28968.33914687237,experiment,FIFO,0.28,0,variant_6
8188,INSPECTION_1_6,INSPECTION_1_6_LINE,28967.55639241517,0.12557563698283047,11,0.9139873403910315,132.7451858874374,0.7827544572028273,25,28834.81120652773,28968.33914687237,experiment,FIFO,0.28,0,variant_6
8188,INSPECTION_1_7,INSPECTION_1_7_LINE,28968.33914687237,0.5112460941418249,12,0.7827544572028273,133.52794034464023,0.0,23,28834.81120652773,28968.33914687237,experiment,FIFO,0.28,0,variant_6
8189,MOULDING_4,MOULDING_MACHINE_4,28841.13217703883,1.4334260473915492,1,0.0,0.0,24.142568018225575,22,28841.13217703883,28865.274745057057,experiment,FIFO,0.28,0,variant_3
8189,ASSEMBLY_1_1,LINE_1_ASSEMBLY1,28853.922519002,0.41014646967232693,2,12.79034196316934,12.79034196316934,11.352226055056235,22,28841.13217703883,28865.274745057057,experiment,FIFO,0.28,0,variant_3
8189,ASSEMBLY_2_2,ASSEMBLY2_LINE_2,28856.06578878057,0.8197208694873552,3,2.1432697785676282,14.933611741736968,9.208956276488607,22,28841.13217703883,28865.274745057057,experiment,FIFO,0.28,0,variant_3
8189,SORTING,SORTING_ROBOT_1,28858.79741496169,0.6057412122099777,4,2.7316261811211007,17.66523792285807,6.477330095367506,22,28841.13217703883,28865.274745057057,experiment,FIFO,0.28,0,variant_3
8189,PACKAGING_2,PACKAGING_LINE_2,28859.09262167756,0.29520671586942626,5,0.29520671586942626,17.960444638727495,6.18212337949808,22,28841.13217703883,28865.274745057057,experiment,FIFO,0.28,0,variant_3
8189,INSPECTION_1_1,INSPECTION_1_1_LINE,28861.81572663445,2.723104956890893,6,2.723104956890893,20.683549595618388,3.459018422607187,19,28841.13217703883,28865.274745057057,experiment,FIFO,0.28,0,variant_3
8189,INSPECTION_1_2,INSPECTION_1_2_LINE,28862.233759820137,0.41803318568781833,7,0.41803318568781833,21.101582781306206,3.0409852369193686,19,28841.13217703883,28865.274745057057,experiment,FIFO,0.28,0,variant_3
8189,INSPECTION_1_3,INSPECTION_1_3_LINE,28862.872892794818,0.6391329746802512,8,0.6391329746802512,21.740715755986457,2.4018522622391174,19,28841.13217703883,28865.274745057057,experiment,FIFO,0.28,0,variant_3
8189,INSPECTION_1_4,INSPECTION_1_4_LINE,28863.32078890039,0.4478961055719992,9,0.4478961055719992,22.188611861558456,1.9539561566671182,20,28841.13217703883,28865.274745057057,experiment,FIFO,0.28,0,variant_3
8189,INSPECTION_1_5,INSPECTION_1_5_LINE,28864.484271011333,1.1634821109437326,10,1.1634821109437326,23.35209397250219,0.7904740457233856,21,28841.13217703883,28865.274745057057,experiment,FIFO,0.28,0,variant_3
8189,INSPECTION_1_6,INSPECTION_1_6_LINE,28864.66219825832,0.17792724698665552,11,0.17792724698665552,23.530021219488845,0.6125467987367301,21,28841.13217703883,28865.274745057057,experiment,FIFO,0.28,0,variant_3
8189,INSPECTION_1_7,INSPECTION_1_7_LINE,28865.274745057057,0.6125467987367301,12,0.6125467987367301,24.142568018225575,0.0,21,28841.13217703883,28865.274745057057,experiment,FIFO,0.28,0,variant_3
8190,MOULDING_4,MOULDING_MACHINE_4,28843.0187172033,1.8865401644688973,1,0.0,0.0,96.39583628492983,24,28843.0187172033,28939.41455348823,experiment,FIFO,0.28,0,variant_5
8190,ASSEMBLY_1_4,LINE_4_ASSEMBLY1,28879.01584869873,13.281991030908102,2,35.99713149543095,35.99713149543095,60.39870478949888,19,28843.0187172033,28939.41455348823,experiment,FIFO,0.28,0,variant_5
8190,ASSEMBLY_2_2,ASSEMBLY2_LINE_2,28914.817961081702,10.519050914273976,3,35.802112382971245,71.7992438784022,24.596592406527634,20,28843.0187172033,28939.41455348823,experiment,FIFO,0.28,0,variant_5
8190,SORTING,SORTING_ROBOT_1,28919.39218838143,3.224011475973384,4,4.574227299726772,76.37347117812897,20.022365106800862,23,28843.0187172033,28939.41455348823,experiment,FIFO,0.28,0,variant_5
8190,PACKAGING_1,PACKAGING_LINE_1,28931.12485876548,10.147503112304548,5,11.732670384051744,88.10614156218071,8.289694722749118,27,28843.0187172033,28939.41455348823,experiment,FIFO,0.28,0,variant_5
8190,INSPECTION_1_1,INSPECTION_1_1_LINE,28931.390808415374,0.2659496498927183,6,0.2659496498927183,88.37209121207343,8.0237450728564,27,28843.0187172033,28939.41455348823,experiment,FIFO,0.28,0,variant_5
8190,INSPECTION_1_2,INSPECTION_1_2_LINE,28933.000311634776,1.6095032194025407,7,1.6095032194025407,89.98159443147597,6.414241853453859,25,28843.0187172033,28939.41455348823,experiment,FIFO,0.28,0,variant_5
8190,INSPECTION_1_3,INSPECTION_1_3_LINE,28934.059853999734,1.0595423649574514,8,1.0595423649574514,91.04113679643342,5.354699488496408,24,28843.0187172033,28939.41455348823,experiment,FIFO,0.28,0,variant_5
8190,INSPECTION_1_4,INSPECTION_1_4_LINE,28934.12514653785,0.06529253811459057,9,0.06529253811459057,91.10642933454801,5.289406950381817,24,28843.0187172033,28939.41455348823,experiment,FIFO,0.28,0,variant_5
8190,INSPECTION_1_4,INSPECTION_1_4_LINE,28935.221545283974,1.0963987461254874,10,1.0963987461254874,92.2028280806735,4.19300820425633,24,28843.0187172033,28939.41455348823,experiment,FIFO,0.28,0,variant_5
8190,INSPECTION_1_5,INSPECTION_1_5_LINE,28935.804808312645,0.5832630286713538,11,0.5832630286713538,92.78609110934485,3.609745175584976,24,28843.0187172033,28939.41455348823,experiment,FIFO,0.28,0,variant_5
8190,INSPECTION_1_6,INSPECTION_1_6_LINE,28939.12722765604,3.3224193433961773,12,3.3224193433961773,96.10851045274103,0.2873258321887988,26,28843.0187172033,28939.41455348823,experiment,FIFO,0.28,0,variant_5
8190,INSPECTION_1_7,INSPECTION_1_7_LINE,28939.41455348823,0.2873258321887988,13,0.2873258321887988,96.39583628492983,0.0,25,28843.0187172033,28939.41455348823,experiment,FIFO,0.28,0,variant_5
8191,MOULDING_5,MOULDING_MACHINE_5,28841.21105849166,0.0617349363383255,1,0.0,0.0,144.94983457091075,23,28841.21105849166,28986.16089306257,experiment,FIFO,0.28,0,variant_6
8191,ASSEMBLY_1_4,LINE_4_ASSEMBLY1,28865.733857667823,6.7370928309173905,2,24.52279917616397,24.52279917616397,120.42703539474678,21,28841.21105849166,28986.16089306257,experiment,FIFO,0.28,0,variant_6
8191,ASSEMBLY_2_1,ASSEMBLY2_LINE_1,28971.715217183297,4.497886337376258,3,105.98135951547374,130.5041586916377,14.44567587927304,23,28841.21105849166,28986.16089306257,experiment,FIFO,0.28,0,variant_6
8191,SORTING,SORTING_ROBOT_1,28974.761061691224,2.831440082994959,4,3.0458445079275407,133.55000319956525,11.399831371345499,23,28841.21105849166,28986.16089306257,experiment,FIFO,0.28,0,variant_6
8191,PACKAGING_3,PACKAGING_LINE_3,28975.2829534888,0.5218917975762452,5,0.5218917975762452,134.0718949971415,10.877939573769254,23,28841.21105849166,28986.16089306257,experiment,FIFO,0.28,0,variant_6
8191,INSPECTION_2_1,INSPECTION_2_1_LINE,28975.40271178448,0.11975829568109475,6,0.11975829568109475,134.1916532928226,10.75818127808816,23,28841.21105849166,28986.16089306257,experiment,FIFO,0.28,0,variant_6
8191,INSPECTION_2_2,INSPECTION_2_2_LINE,28978.404575904864,3.001864120382379,7,3.001864120382379,137.19351741320497,7.75631715770578,24,28841.21105849166,28986.16089306257,experiment,FIFO,0.28,0,variant_6
8191,INSPECTION_2_3,INSPECTION_2_3_LINE,28981.408777964305,3.0042020594410133,8,3.0042020594410133,140.19771947264599,4.752115098264767,24,28841.21105849166,28986.16089306257,experiment,FIFO,0.28,0,variant_6
8191,INSPECTION_2_4,INSPECTION_2_4_LINE,28984.97296285967,3.5641848953637236,9,3.5641848953637236,143.7619043680097,1.1879302029010432,25,28841.21105849166,28986.16089306257,experiment,FIFO,0.28,0,variant_6
8191,INSPECTION_2_5,INSPECTION_2_5_LINE,28985.56274027246,0.5897774127915909,10,0.5897774127915909,144.3516817808013,0.5981527901094523,25,28841.21105849166,28986.16089306257,experiment,FIFO,0.28,0,variant_6
8191,INSPECTION_2_6,INSPECTION_2_6_LINE,28986.045352738987,0.48261246652691625,11,0.48261246652691625,144.83429424732822,0.11554032358253608,25,28841.21105849166,28986.16089306257,experiment,FIFO,0.28,0,variant_6
8191,INSPECTION_2_7,INSPECTION_2_7_LINE,28986.16089306257,0.11554032358253608,12,0.11554032358253608,144.94983457091075,0.0,24,28841.21105849166,28986.16089306257,experiment,FIFO,0.28,0,variant_6
8192,MOULDING_5,MOULDING_MACHINE_5,28849.12491828697,7.629932867050229,1,0.0,0.0,26.411479107373452,23,28849.12491828697,28875.536397394342,experiment,FIFO,0.28,0,variant_2
8192,ASSEMBLY_1_5,LINE_5_ASSEMBLY1,28855.366050367906,6.24113208093695,2,6.24113208093695,6.24113208093695,20.170347026436502,21,28849.12491828697,28875.536397394342,experiment,FIFO,0.28,0,variant_2
8192,ASSEMBLY_2_2,ASSEMBLY2_LINE_2,28857.02785098557,0.9620622050024394,3,1.6618006176649942,7.902932698601944,18.508546408771508,22,28849.12491828697,28875.536397394342,experiment,FIFO,0.28,0,variant_2
8192,SORTING,SORTING_ROBOT_1,28864.95873319113,6.161318229442259,4,7.93088220556092,15.833814904162864,10.577664203210588,22,28849.12491828697,28875.536397394342,experiment,FIFO,0.28,0,variant_2
8192,PACKAGING_3,PACKAGING_LINE_3,28866.883926300623,1.9251931094913743,5,1.9251931094913743,17.75900801365424,8.652471093719214,21,28849.12491828697,28875.536397394342,experiment,FIFO,0.28,0,variant_2
8192,INSPECTION_2_1,INSPECTION_2_1_LINE,28866.90762870906,0.023702408438111888,6,0.023702408438111888,17.78271042209235,8.628768685281102,21,28849.12491828697,28875.536397394342,experiment,FIFO,0.28,0,variant_2
8192,INSPECTION_2_2,INSPECTION_2_2_LINE,28869.42712425056,2.5194955414990545,7,2.5194955414990545,20.302205963591405,6.1092731437820476,21,28849.12491828697,28875.536397394342,experiment,FIFO,0.28,0,variant_2
8192,INSPECTION_2_3,INSPECTION_2_3_LINE,28871.81444164893,2.3873173983702145,8,2.3873173983702145,22.68952336196162,3.721955745411833,21,28849.12491828697,28875.536397394342,experiment,FIFO,0.28,0,variant_2
8192,INSPECTION_2_4,INSPECTION_2_4_LINE,28872.52620428628,0.7117626373510575,9,0.7117626373510575,23.401285999312677,3.0101931080607756,20,28849.12491828697,28875.536397394342,experiment,FIFO,0.28,0,variant_2
8192,INSPECTION_2_5,INSPECTION_2_5_LINE,28874.58134693705,2.0551426507699944,10,2.0551426507699944,25.45642865008267,0.9550504572907812,19,28849.12491828697,28875.536397394342,experiment,FIFO,0.28,0,variant_2
8192,INSPECTION_2_6,INSPECTION_2_6_LINE,28875.45584716344,0.8745002263895003,11,0.8745002263895003,26.33092887647217,0.08055023090128088,19,28849.12491828697,28875.536397394342,experiment,FIFO,0.28,0,variant_2
8192,INSPECTION_2_7,INSPECTION_2_7_LINE,28875.536397394342,0.08055023090128088,12,0.08055023090128088,26.411479107373452,0.0,18,28849.12491828697,28875.536397394342,experiment,FIFO,0.28,0,variant_2
8193,MOULDING_2,MOULDING_MACHINE_2,28863.17953869881,14.234291841985396,1,0.0,0.0,132.87649420175148,20,28863.17953869881,28996.05603290056,experiment,FIFO,0.28,0,variant_5
8193,ASSEMBLY_1_1,LINE_1_ASSEMBLY1,28864.60264690854,1.4231082097321632,2,1.4231082097321632,1.4231082097321632,131.45338599201932,21,28863.17953869881,28996.05603290056,experiment,FIFO,0.28,0,variant_5
8193,ASSEMBLY_2_1,ASSEMBLY2_LINE_1,28967.21733084592,9.367082509692409,3,102.6146839373796,104.03779214711176,28.838702054639725,25,28863.17953869881,28996.05603290056,experiment,FIFO,0.28,0,variant_5
8193,SORTING,SORTING_ROBOT_1,28971.92962160823,4.7122907623088395,4,4.7122907623088395,108.7500829094206,24.126411292330886,23,28863.17953869881,28996.05603290056,experiment,FIFO,0.28,0,variant_5
8193,PACKAGING_1,PACKAGING_LINE_1,28985.19814309141,1.2271044537556008,5,13.268521483179939,122.01860439260054,10.857889809150947,25,28863.17953869881,28996.05603290056,experiment,FIFO,0.28,0,variant_5
8193,INSPECTION_1_1,INSPECTION_1_1_LINE,28986.572102003527,1.3739589121178142,6,1.3739589121178142,123.39256330471835,9.483930897033133,24,28863.17953869881,28996.05603290056,experiment,FIFO,0.28,0,variant_5
8193,INSPECTION_1_2,INSPECTION_1_2_LINE,28987.297888871373,0.7257868678461818,7,0.7257868678461818,124.11835017256453,8.758144029186951,24,28863.17953869881,28996.05603290056,experiment,FIFO,0.28,0,variant_5
8193,INSPECTION_1_3,INSPECTION_1_3_LINE,28987.401074991387,0.10318612001356087,8,0.10318612001356087,124.2215362925781,8.65495790917339,24,28863.17953869881,28996.05603290056,experiment,FIFO,0.28,0,variant_5
8193,INSPECTION_1_4,INSPECTION_1_4_LINE,28989.869136723268,2.2024234978634922,9,2.46806173188088,126.68959802445897,6.18689617729251,26,28863.17953869881,28996.05603290056,experiment,FIFO,0.28,0,variant_5
8193,INSPECTION_1_5,INSPECTION_1_5_LINE,28990.173029618505,0.30389289523736807,10,0.30389289523736807,126.99349091969634,5.883003282055142,26,28863.17953869881,28996.05603290056,experiment,FIFO,0.28,0,variant_5
8193,INSPECTION_1_6,INSPECTION_1_6_LINE,28993.14877297752,2.975743359016633,11,2.975743359016633,129.96923427871297,2.9072599230385094,29,28863.17953869881,28996.05603290056,experiment,FIFO,0.28,0,variant_5
8193,INSPECTION_1_7,INSPECTION_1_7_LINE,28996.05603290056,2.9072599230385094,12,2.9072599230385094,132.87649420175148,0.0,27,28863.17953869881,28996.05603290056,experiment,FIFO,0.28,0,variant_5
8194,MOULDING_4,MOULDING_MACHINE_4,28855.7676041818,3.6025146308275,1,0.0,0.0,64.27946173312012,22,28855.7676041818,28920.04706591492,experiment,FIFO,0.28,0,variant_4
8194,ASSEMBLY_1_2,LINE_2_ASSEMBLY1,28864.106762444044,8.339158262242563,2,8.339158262242563,8.339158262242563,55.94030347087755,21,28855.7676041818,28920.04706591492,experiment,FIFO,0.28,0,variant_4
8194,ASSEMBLY_2_2,ASSEMBLY2_LINE_2,28867.025227599755,2.9184651557116013,3,2.9184651557116013,11.257623417954164,53.02183831516595,21,28855.7676041818,28920.04706591492,experiment,FIFO,0.28,0,variant_4
8194,SORTING,SORTING_ROBOT_1,28869.14253146628,1.1975967855760246,4,2.117303866525617,13.374927284479782,50.904534448640334,21,28855.7676041818,28920.04706591492,experiment,FIFO,0.28,0,variant_4
8194,PACKAGING_1,PACKAGING_LINE_1,28910.52982881457,8.453301632918738,5,41.3872973482903,54.762224632770085,9.51723710035003,21,28855.7676041818,28920.04706591492,experiment,FIFO,0.28,0,variant_4
8194,INSPECTION_2_1,INSPECTION_2_1_LINE,28911.31382335834,0.7839945437699498,6,0.7839945437699498,55.546219176540035,8.73324255658008,21,28855.7676041818,28920.04706591492,experiment,FIFO,0.28,0,variant_4
8194,INSPECTION_2_2,INSPECTION_2_2_LINE,28914.633552957628,3.319729599286802,7,3.319729599286802,58.86594877582684,5.413512957293278,20,28855.7676041818,28920.04706591492,experiment,FIFO,0.28,0,variant_4
8194,INSPECTION_2_3,INSPECTION_2_3_LINE,28916.316997474667,1.683444517038879,8,1.683444517038879,60.549393292865716,3.7300684402543993,20,28855.7676041818,28920.04706591492,experiment,FIFO,0.28,0,variant_4
8194,INSPECTION_2_4,INSPECTION_2_4_LINE,28916.698210093105,0.3812126184384397,9,0.3812126184384397,60.930605911304156,3.3488558218159596,20,28855.7676041818,28920.04706591492,experiment,FIFO,0.28,0,variant_4
8194,INSPECTION_2_5,INSPECTION_2_5_LINE,28919.20650688267,2.5082967895650654,10,2.5082967895650654,63.43890270086922,0.8405590322508942,22,28855.7676041818,28920.04706591492,experiment,FIFO,0.28,0,variant_4
8194,INSPECTION_2_6,INSPECTION_2_6_LINE,28919.49769567497,0.2911887923000904,11,0.2911887923000904,63.73009149316931,0.5493702399508038,23,28855.7676041818,28920.04706591492,experiment,FIFO,0.28,0,variant_4
8194,INSPECTION_2_7,INSPECTION_2_7_LINE,28920.04706591492,0.5493702399508038,12,0.5493702399508038,64.27946173312012,0.0,22,28855.7676041818,28920.04706591492,experiment,FIFO,0.28,0,variant_4
8195,MOULDING_2,MOULDING_MACHINE_2,28864.72645442487,1.5469157260595239,1,0.0,0.0,66.8337744322198,22,28864.72645442487,28931.560228857088,experiment,FIFO,0.28,0,variant_6
8195,ASSEMBLY_1_3,LINE_3_ASSEMBLY1,28876.26852864061,1.0847132001072168,2,11.542074215740286,11.542074215740286,55.29170021647951,18,28864.72645442487,28931.560228857088,experiment,FIFO,0.28,0,variant_6
8195,ASSEMBLY_2_2,ASSEMBLY2_LINE_2,28904.29891016743,22.298030024277978,3,28.030381526819838,39.57245574256012,27.261318689659674,21,28864.72645442487,28931.560228857088,experiment,FIFO,0.28,0,variant_6
8195,SORTING,SORTING_ROBOT_1,28907.69433267601,3.3954225085799408,4,3.3954225085799408,42.967878251140064,23.865896181079734,20,28864.72645442487,28931.560228857088,experiment,FIFO,0.28,0,variant_6
8195,PACKAGING_1,PACKAGING_LINE_1,28920.94460606633,10.056181768315582,5,13.250273390320217,56.21815164146028,10.615622790759517,22,28864.72645442487,28931.560228857088,experiment,FIFO,0.28,0,variant_6
8195,INSPECTION_2_1,INSPECTION_2_1_LINE,28922.728761821138,1.784155754809035,6,1.784155754809035,58.002307396269316,8.831467035950482,22,28864.72645442487,28931.560228857088,experiment,FIFO,0.28,0,variant_6
8195,INSPECTION_2_2,INSPECTION_2_2_LINE,28923.443733854365,0.7149720332272409,7,0.7149720332272409,58.71727942949656,8.11649500272324,23,28864.72645442487,28931.560228857088,experiment,FIFO,0.28,0,variant_6
8195,INSPECTION_2_3,INSPECTION_2_3_LINE,28925.09389911553,1.6501652611659665,8,1.6501652611659665,60.36744469066252,6.466329741557274,23,28864.72645442487,28931.560228857088,experiment,FIFO,0.28,0,variant_6
8195,INSPECTION_2_4,INSPECTION_2_4_LINE,28925.25849447,0.1645953544684744,9,0.1645953544684744,60.532040045131,6.3017343870888,23,28864.72645442487,28931.560228857088,experiment,FIFO,0.28,0,variant_6
8195,INSPECTION_2_5,INSPECTION_2_5_LINE,28927.29683217657,2.038337706570019,10,2.038337706570019,62.57037775170102,4.263396680518781,24,28864.72645442487,28931.560228857088,experiment,FIFO,0.28,0,variant_6
8195,INSPECTION_2_6,INSPECTION_2_6_LINE,28927.3477639072,0.05093173063141876,11,0.05093173063141876,62.621309482332435,4.212464949887362,24,28864.72645442487,28931.560228857088,experiment,FIFO,0.28,0,variant_6
8195,INSPECTION_2_7,INSPECTION_2_7_LINE,28931.560228857088,4.212464949887362,12,4.212464949887362,66.8337744322198,0.0,26,28864.72645442487,28931.560228857088,experiment,FIFO,0.28,0,variant_6
8196,MOULDING_1,MOULDING_MACHINE_1,28863.54950965965,0.37096283245045925,1,0.0,0.0,62.98795427881487,21,28863.54950965965,28926.537463938464,experiment,FIFO,0.28,0,variant_5
8196,ASSEMBLY_1_3,LINE_3_ASSEMBLY1,28875.1838154405,11.634305780851719,2,11.634305780851719,11.634305780851719,51.35364849796315,19,28863.54950965965,28926.537463938464,experiment,FIFO,0.28,0,variant_5
8196,ASSEMBLY_2_2,ASSEMBLY2_LINE_2,28882.00088014315,6.817064702649077,3,6.817064702649077,18.451370483500796,44.53658379531407,18,28863.54950965965,28926.537463938464,experiment,FIFO,0.28,0,variant_5
8196,SORTING,SORTING_ROBOT_1,28884.539681882183,2.538801739032351,4,2.538801739032351,20.990172222533147,41.99778205628172,19,28863.54950965965,28926.537463938464,experiment,FIFO,0.28,0,variant_5
8196,PACKAGING_1,PACKAGING_LINE_1,28910.888424298013,0.3585954834416043,5,26.348742415830202,47.33891463836335,15.64903964045152,21,28863.54950965965,28926.537463938464,experiment,FIFO,0.28,0,variant_5
8196,INSPECTION_2_1,INSPECTION_2_1_LINE,28911.329060765296,0.015237406954838661,6,0.4406364672831842,47.77955110564653,15.208403173168335,21,28863.54950965965,28926.537463938464,experiment,FIFO,0.28,0,variant_5
8196,INSPECTION_2_2,INSPECTION_2_2_LINE,28915.21415508689,0.5806021292628429,7,3.8850943215948064,51.66464542724134,11.323308851573529,20,28863.54950965965,28926.537463938464,experiment,FIFO,0.28,0,variant_5
8196,INSPECTION_2_3,INSPECTION_2_3_LINE,28916.666382917738,0.349385443070787,8,1.452227830846823,53.11687325808816,9.871081020726706,20,28863.54950965965,28926.537463938464,experiment,FIFO,0.28,0,variant_5
8196,INSPECTION_2_4,INSPECTION_2_4_LINE,28917.23866094369,0.54045085058533,9,0.5722780259529827,53.689151284041145,9.298802994773723,20,28863.54950965965,28926.537463938464,experiment,FIFO,0.28,0,variant_5
8196,INSPECTION_2_5,INSPECTION_2_5_LINE,28919.77890129372,0.5723944110504817,10,2.540240350030217,56.22939163407136,6.758562644743506,23,28863.54950965965,28926.537463938464,experiment,FIFO,0.28,0,variant_5
8196,INSPECTION_2_6,INSPECTION_2_6_LINE,28920.01037082696,0.231469533238851,11,0.231469533238851,56.46086116731021,6.527093111504655,23,28863.54950965965,28926.537463938464,experiment,FIFO,0.28,0,variant_5
8196,INSPECTION_2_7,INSPECTION_2_7_LINE,28926.537463938464,6.490398023543094,12,6.527093111504655,62.98795427881487,0.0,23,28863.54950965965,28926.537463938464,experiment,FIFO,0.28,0,variant_5
8197,MOULDING_2,MOULDING_MACHINE_2,28877.257018575303,0.2823245873260021,1,0.0,0.0,56.78270054976747,18,28877.257018575303,28934.03971912507,experiment,FIFO,0.28,0,variant_1
8197,ASSEMBLY_1_4,LINE_4_ASSEMBLY1,28887.13426446541,8.11841576667939,2,9.877245890107588,9.877245890107588,46.90545465965988,19,28877.257018575303,28934.03971912507,experiment,FIFO,0.28,0,variant_1
8197,ASSEMBLY_2_2,ASSEMBLY2_LINE_2,28916.08319790184,1.2652368201379431,3,28.948933436429797,38.826179326537385,17.956521223230084,20,28877.257018575303,28934.03971912507,experiment,FIFO,0.28,0,variant_1
8197,SORTING,SORTING_ROBOT_1,28922.23770551704,2.845517135610862,4,6.154507615199691,44.980686941737076,11.802013608030393,22,28877.257018575303,28934.03971912507,experiment,FIFO,0.28,0,variant_1
8197,PACKAGING_3,PACKAGING_LINE_3,28922.782844960253,0.5451394432129746,5,0.5451394432129746,45.52582638495005,11.256874164817418,23,28877.257018575303,28934.03971912507,experiment,FIFO,0.28,0,variant_1
8197,INSPECTION_2_1,INSPECTION_2_1_LINE,28925.13882735933,2.236087863024295,6,2.3559823990763107,47.88180878402636,8.900891765741108,23,28877.257018575303,28934.03971912507,experiment,FIFO,0.28,0,variant_1
8197,INSPECTION_2_2,INSPECTION_2_2_LINE,28929.571500454207,2.219473590117559,7,4.432673094877828,52.31448187890419,4.46821867086328,24,28877.257018575303,28934.03971912507,experiment,FIFO,0.28,0,variant_1
8197,INSPECTION_2_3,INSPECTION_2_3_LINE,28929.63004551913,0.05854506492323708,8,0.05854506492323708,52.373026943827426,4.409673605940043,24,28877.257018575303,28934.03971912507,experiment,FIFO,0.28,0,variant_1
8197,INSPECTION_2_4,INSPECTION_2_4_LINE,28932.46946537551,2.8394198563801183,9,2.8394198563801183,55.212446800207545,1.5702537495599245,25,28877.257018575303,28934.03971912507,experiment,FIFO,0.28,0,variant_1
8197,INSPECTION_2_5,INSPECTION_2_5_LINE,28933.303212500134,0.8337471246231871,10,0.8337471246231871,56.04619392483073,0.7365066249367374,25,28877.257018575303,28934.03971912507,experiment,FIFO,0.28,0,variant_1
8197,INSPECTION_2_6,INSPECTION_2_6_LINE,28933.64118958484,0.33797708470592625,11,0.33797708470592625,56.38417100953666,0.3985295402308111,25,28877.257018575303,28934.03971912507,experiment,FIFO,0.28,0,variant_1
8197,INSPECTION_2_7,INSPECTION_2_7_LINE,28934.03971912507,0.3985295402308111,12,0.3985295402308111,56.78270054976747,0.0,24,28877.257018575303,28934.03971912507,experiment,FIFO,0.28,0,variant_1
8198,MOULDING_4,MOULDING_MACHINE_4,28878.93171012742,1.1304593421591562,1,0.0,0.0,116.23882185014372,19,28878.93171012742,28995.170531977565,experiment,FIFO,0.28,0,variant_5
8198,ASSEMBLY_1_5,LINE_5_ASSEMBLY1,28882.821902715685,3.8901925882637443,2,3.8901925882637443,3.8901925882637443,112.34862926187998,18,28878.93171012742,28995.170531977565,experiment,FIFO,0.28,0,variant_5
8198,ASSEMBLY_2_1,ASSEMBLY2_LINE_1,28985.32738723555,13.612170052252623,3,102.5054845198647,106.39567710812844,9.843144742015284,25,28878.93171012742,28995.170531977565,experiment,FIFO,0.28,0,variant_5
8198,SORTING,SORTING_ROBOT_1,28986.58426505635,1.2568778208005824,4,1.2568778208005824,107.65255492892902,8.586266921214701,24,28878.93171012742,28995.170531977565,experiment,FIFO,0.28,0,variant_5
8198,PACKAGING_2,PACKAGING_LINE_2,28986.853948516626,0.2696834602757008,5,0.2696834602757008,107.92223838920472,8.316583460939,24,28878.93171012742,28995.170531977565,experiment,FIFO,0.28,0,variant_5
8198,INSPECTION_2_1,INSPECTION_2_1_LINE,28987.46590520613,0.6119566895031312,6,0.6119566895031312,108.53419507870785,7.704626771435869,24,28878.93171012742,28995.170531977565,experiment,FIFO,0.28,0,variant_5
8198,INSPECTION_2_2,INSPECTION_2_2_LINE,28987.519896231395,0.053991025266441284,7,0.053991025266441284,108.5881861039743,7.650635746169428,24,28878.93171012742,28995.170531977565,experiment,FIFO,0.28,0,variant_5
8198,INSPECTION_2_3,INSPECTION_2_3_LINE,28992.097344250287,4.577448018892028,8,4.577448018892028,113.16563412286632,3.0731877272774,28,28878.93171012742,28995.170531977565,experiment,FIFO,0.28,0,variant_5
8198,INSPECTION_2_4,INSPECTION_2_4_LINE,28993.45368194468,1.3563376943930052,9,1.3563376943930052,114.52197181725933,1.7168500328843947,29,28878.93171012742,28995.170531977565,experiment,FIFO,0.28,0,variant_5
8198,INSPECTION_2_5,INSPECTION_2_5_LINE,28994.42572215295,0.9720402082712098,10,0.9720402082712098,115.49401202553054,0.7448098246131849,29,28878.93171012742,28995.170531977565,experiment,FIFO,0.28,0,variant_5
8198,INSPECTION_2_6,INSPECTION_2_6_LINE,28995.11942388269,0.6937017297386774,11,0.6937017297386774,116.18771375526921,0.051108094874507515,29,28878.93171012742,28995.170531977565,experiment,FIFO,0.28,0,variant_5
8198,INSPECTION_2_7,INSPECTION_2_7_LINE,28995.170531977565,0.051108094874507515,12,0.051108094874507515,116.23882185014372,0.0,28,28878.93171012742,28995.170531977565,experiment,FIFO,0.28,0,variant_5
8199,MOULDING_5,MOULDING_MACHINE_5,28884.335990265303,0.7164027663420711,1,0.0,0.0,120.89263272881726,19,28884.335990265303,29005.22862299412,experiment,FIFO,0.28,0,variant_6
8199,ASSEMBLY_1_4,LINE_4_ASSEMBLY1,28896.86137917294,9.727114707529836,2,12.525388907637534,12.525388907637534,108.36724382117973,19,28884.335990265303,29005.22862299412,experiment,FIFO,0.28,0,variant_6
8199,ASSEMBLY_2_1,ASSEMBLY2_LINE_1,28990.926254638627,5.598867403077747,3,94.06487546568678,106.59026437332432,14.302368355492945,26,28884.335990265303,29005.22862299412,experiment,FIFO,0.28,0,variant_6
8199,SORTING,SORTING_ROBOT_1,28996.45260601223,5.526351373602665,4,5.526351373602665,112.11661574692698,8.77601698189028,27,28884.335990265303,29005.22862299412,experiment,FIFO,0.28,0,variant_6
8199,PACKAGING_1,PACKAGING_LINE_1,28996.700470184314,0.24786417208451894,5,0.24786417208451894,112.3644799190115,8.52815280980576,27,28884.335990265303,29005.22862299412,experiment,FIFO,0.28,0,variant_6
8199,INSPECTION_1_1,INSPECTION_1_1_LINE,28997.87571280804,1.175242623725353,6,1.175242623725353,113.53972254273685,7.352910186080408,26,28884.335990265303,29005.22862299412,experiment,FIFO,0.28,0,variant_6
8199,INSPECTION_1_2,INSPECTION_1_2_LINE,28999.420624193463,1.5449113854228926,7,1.5449113854228926,115.08463392815975,5.807998800657515,26,28884.335990265303,29005.22862299412,experiment,FIFO,0.28,0,variant_6
8199,INSPECTION_1_3,INSPECTION_1_3_LINE,28999.947265800776,0.5266416073136497,8,0.5266416073136497,115.6112755354734,5.281357193343865,26,28884.335990265303,29005.22862299412,experiment,FIFO,0.28,0,variant_6
8199,INSPECTION_1_4,INSPECTION_1_4_LINE,29000.567646032945,0.6203802321688272,9,0.6203802321688272,116.23165576764222,4.660976961175038,26,28884.335990265303,29005.22862299412,experiment,FIFO,0.28,0,variant_6
8199,INSPECTION_1_5,INSPECTION_1_5_LINE,29002.09113431237,1.5234882794247824,10,1.5234882794247824,117.755144047067,3.1374886817502556,26,28884.335990265303,29005.22862299412,experiment,FIFO,0.28,0,variant_6
8199,INSPECTION_1_6,INSPECTION_1_6_LINE,29004.319093059523,2.227958747153025,11,2.227958747153025,119.98310279422003,0.9095299345972307,27,28884.335990265303,29005.22862299412,experiment,FIFO,0.28,0,variant_6
8199,INSPECTION_1_7,INSPECTION_1_7_LINE,29005.22862299412,0.9095299345972307,12,0.9095299345972307,120.89263272881726,0.0,26,28884.335990265303,29005.22862299412,experiment,FIFO,0.28,0,variant_6
8200,MOULDING_5,MOULDING_MACHINE_5,28900.87739237361,16.54140210830883,1,0.0,0.0,44.391007091537176,21,28900.87739237361,28945.26839946515,experiment,FIFO,0.28,0,variant_6
8200,ASSEMBLY_1_5,LINE_5_ASSEMBLY1,28904.88915543097,4.011763057358621,2,4.011763057358621,4.011763057358621,40.379244034178555,20,28900.87739237361,28945.26839946515,experiment,FIFO,0.28,0,variant_6
8200,ASSEMBLY_2_2,ASSEMBLY2_LINE_2,28918.90650023751,2.823302335669723,3,14.017344806539768,18.02910786389839,26.361899227638787,22,28900.87739237361,28945.26839946515,experiment,FIFO,0.28,0,variant_6
8200,SORTING,SORTING_ROBOT_1,28923.292285980227,1.054580463187449,4,4.385785742717417,22.414893606615806,21.97611348492137,23,28900.87739237361,28945.26839946515,experiment,FIFO,0.28,0,variant_6
8200,PACKAGING_2,PACKAGING_LINE_2,28926.29793679236,3.005650812134263,5,3.005650812134263,25.42054441875007,18.970462672787107,24,28900.87739237361,28945.26839946515,experiment,FIFO,0.28,0,variant_6
8200,INSPECTION_2_1,INSPECTION_2_1_LINE,28926.455314554554,0.1573777621924819,6,0.1573777621924819,25.57792218094255,18.813084910594625,24,28900.87739237361,28945.26839946515,experiment,FIFO,0.28,0,variant_6
8200,INSPECTION_2_2,INSPECTION_2_2_LINE,28931.1342388623,1.5627384080944466,7,4.678924307747366,30.256846488689916,14.13416060284726,27,28900.87739237361,28945.26839946515,experiment,FIFO,0.28,0,variant_6
8200,INSPECTION_2_3,INSPECTION_2_3_LINE,28935.89871072576,4.764471863458311,8,4.764471863458311,35.02131835214823,9.369688739388948,24,28900.87739237361,28945.26839946515,experiment,FIFO,0.28,0,variant_6
8200,INSPECTION_2_4,INSPECTION_2_4_LINE,28937.62036769673,1.7216569709707983,9,1.7216569709707983,36.742975323119026,7.64803176841815,25,28900.87739237361,28945.26839946515,experiment,FIFO,0.28,0,variant_6
8200,INSPECTION_2_5,INSPECTION_2_5_LINE,28941.10766134288,3.487293646150647,10,3.487293646150647,40.23026896926967,4.160738122267503,25,28900.87739237361,28945.26839946515,experiment,FIFO,0.28,0,variant_6
8200,INSPECTION_2_6,INSPECTION_2_6_LINE,28944.37403020723,3.2663688643478963,11,3.2663688643478963,43.49663783361757,0.8943692579196068,25,28900.87739237361,28945.26839946515,experiment,FIFO,0.28,0,variant_6
8200,INSPECTION_2_7,INSPECTION_2_7_LINE,28945.26839946515,0.8943692579196068,12,0.8943692579196068,44.391007091537176,0.0,24,28900.87739237361,28945.26839946515,experiment,FIFO,0.28,0,variant_6
8201,MOULDING_2,MOULDING_MACHINE_2,28884.57775990327,0.5895696253501228,1,0.0,0.0,136.85794384875408,20,28884.57775990327,29021.435703752024,experiment,FIFO,0.28,0,variant_1
8201,ASSEMBLY_1_1,LINE_1_ASSEMBLY1,28905.293228064867,20.715468161597528,2,20.715468161597528,20.715468161597528,116.14247568715655,21,28884.57775990327,29021.435703752024,experiment,FIFO,0.28,0,variant_1
8201,ASSEMBLY_2_1,ASSEMBLY2_LINE_1,29001.16661118716,2.846867803069472,3,95.87338312229258,116.58885128389011,20.269092564863968,26,28884.57775990327,29021.435703752024,experiment,FIFO,0.28,0,variant_1
8201,SORTING,SORTING_ROBOT_1,29007.52651238701,4.307042430587899,4,6.359901199848537,122.94875248373864,13.909191365015431,26,28884.57775990327,29021.435703752024,experiment,FIFO,0.28,0,variant_1
8201,PACKAGING_2,PACKAGING_LINE_2,29012.06911431976,4.542601932749676,5,4.542601932749676,127.49135441648832,9.366589432265755,27,28884.57775990327,29021.435703752024,experiment,FIFO,0.28,0,variant_1
8201,INSPECTION_2_1,INSPECTION_2_1_LINE,29012.197092820566,0.12797850080823991,6,0.12797850080823991,127.61933291729656,9.238610931457515,27,28884.57775990327,29021.435703752024,experiment,FIFO,0.28,0,variant_1
8201,INSPECTION_2_2,INSPECTION_2_2_LINE,29013.123895263285,0.9268024427183263,7,0.9268024427183263,128.5461353600149,8.311808488739189,27,28884.57775990327,29021.435703752024,experiment,FIFO,0.28,0,variant_1
8201,INSPECTION_2_3,INSPECTION_2_3_LINE,29014.18640278869,1.062507525406545,8,1.062507525406545,129.60864288542143,7.249300963332644,27,28884.57775990327,29021.435703752024,experiment,FIFO,0.28,0,variant_1
8201,INSPECTION_2_4,INSPECTION_2_4_LINE,29016.46783832536,1.7328005445888266,9,2.281435536668141,131.89007842208957,4.967865426664503,27,28884.57775990327,29021.435703752024,experiment,FIFO,0.28,0,variant_1
8201,INSPECTION_2_5,INSPECTION_2_5_LINE,29017.76290843658,1.2950701112204115,10,1.2950701112204115,133.18514853330998,3.672795315444091,27,28884.57775990327,29021.435703752024,experiment,FIFO,0.28,0,variant_1
8201,INSPECTION_2_6,INSPECTION_2_6_LINE,29018.48843035365,0.7255219170692726,11,0.7255219170692726,133.91067045037926,2.9472733983748185,27,28884.57775990327,29021.435703752024,experiment,FIFO,0.28,0,variant_1
8201,INSPECTION_2_7,INSPECTION_2_7_LINE,29021.435703752024,2.9472733983748185,12,2.9472733983748185,136.85794384875408,0.0,26,28884.57775990327,29021.435703752024,experiment,FIFO,0.28,0,variant_1
8202,MOULDING_3,MOULDING_MACHINE_3,28898.12110548661,4.169888989090396,1,0.0,0.0,117.3166367827107,20,28898.12110548661,29015.43774226932,experiment,FIFO,0.28,0,variant_3
8202,ASSEMBLY_1_2,LINE_2_ASSEMBLY1,28902.80959496101,4.68848947439983,2,4.68848947439983,4.68848947439983,112.62814730831087,21,28898.12110548661,29015.43774226932,experiment,FIFO,0.28,0,variant_3
8202,ASSEMBLY_2_1,ASSEMBLY2_LINE_1,28998.31974338409,0.8762061019660905,3,95.51014842307995,100.19863789747978,17.117998885230918,26,28898.12110548661,29015.43774226932,experiment,FIFO,0.28,0,variant_3
8202,SORTING,SORTING_ROBOT_1,29003.21946995642,4.89972657233011,4,4.89972657233011,105.0983644698099,12.218272312900808,27,28898.12110548661,29015.43774226932,experiment,FIFO,0.28,0,variant_3
8202,PACKAGING_1,PACKAGING_LINE_1,29011.03979370862,3.0889983500201197,5,7.820323752199329,112.91868822200922,4.397948560701479,26,28898.12110548661,29015.43774226932,experiment,FIFO,0.28,0,variant_3
8202,INSPECTION_2_1,INSPECTION_2_1_LINE,29011.51989178052,0.4800980719010113,6,0.4800980719010113,113.39878629391023,3.917850488800468,27,28898.12110548661,29015.43774226932,experiment,FIFO,0.28,0,variant_3
8202,INSPECTION_2_2,INSPECTION_2_2_LINE,29011.58132507088,0.06143329036058276,7,0.06143329036058276,113.46021958427082,3.8564171984398854,27,28898.12110548661,29015.43774226932,experiment,FIFO,0.28,0,variant_3
8202,INSPECTION_2_3,INSPECTION_2_3_LINE,29011.72792568487,0.14660061398899416,8,0.14660061398899416,113.60682019825981,3.7098165844508912,27,28898.12110548661,29015.43774226932,experiment,FIFO,0.28,0,variant_3
8202,INSPECTION_2_4,INSPECTION_2_4_LINE,29014.73503778077,3.0071120959000837,9,3.0071120959000837,116.6139322941599,0.7027044885508076,28,28898.12110548661,29015.43774226932,experiment,FIFO,0.28,0,variant_3
8202,INSPECTION_2_5,INSPECTION_2_5_LINE,29015.06021762786,0.3251798470882932,10,0.3251798470882932,116.93911214124819,0.3775246414625144,28,28898.12110548661,29015.43774226932,experiment,FIFO,0.28,0,variant_3
8202,INSPECTION_2_6,INSPECTION_2_6_LINE,29015.153301630395,0.0930840025357611,11,0.0930840025357611,117.03219614378395,0.2844406389267533,28,28898.12110548661,29015.43774226932,experiment,FIFO,0.28,0,variant_3
8202,INSPECTION_2_7,INSPECTION_2_7_LINE,29015.43774226932,0.2844406389267533,12,0.2844406389267533,117.3166367827107,0.0,27,28898.12110548661,29015.43774226932,experiment,FIFO,0.28,0,variant_3
8203,MOULDING_2,MOULDING_MACHINE_2,28905.018658008623,3.148122902286559,1,0.0,0.0,37.70050037718829,21,28905.018658008623,28942.71915838581,experiment,FIFO,0.28,0,variant_5
8203,ASSEMBLY_1_2,LINE_2_ASSEMBLY1,28923.686927366896,18.668269358273392,2,18.668269358273392,18.668269358273392,19.0322310189149,23,28905.018658008623,28942.71915838581,experiment,FIFO,0.28,0,variant_5
8203,ASSEMBLY_2_2,ASSEMBLY2_LINE_2,28924.245791014127,0.5588636472311919,3,0.5588636472311919,19.227133005504584,18.473367371683707,23,28905.018658008623,28942.71915838581,experiment,FIFO,0.28,0,variant_5
8203,SORTING,SORTING_ROBOT_1,28925.158246221537,0.9124552074099483,4,0.9124552074099483,20.139588212914532,17.56091216427376,23,28905.018658008623,28942.71915838581,experiment,FIFO,0.28,0,variant_5
8203,PACKAGING_1,PACKAGING_LINE_1,28931.847064368365,0.7222056028840598,5,6.688818146827543,26.828406359742075,10.872094017446216,26,28905.018658008623,28942.71915838581,experiment,FIFO,0.28,0,variant_5
8203,INSPECTION_1_1,INSPECTION_1_1_LINE,28933.108530359947,1.2614659915816446,6,1.2614659915816446,28.08987235132372,9.610628025864571,25,28905.018658008623,28942.71915838581,experiment,FIFO,0.28,0,variant_5
8203,INSPECTION_1_2,INSPECTION_1_2_LINE,28933.81511501692,0.7065846569748828,7,0.7065846569748828,28.796457008298603,8.904043368889688,25,28905.018658008623,28942.71915838581,experiment,FIFO,0.28,0,variant_5
8203,INSPECTION_1_3,INSPECTION_1_3_LINE,28934.4713000126,0.4114460128657811,8,0.6561849956779042,29.452642003976507,8.247858373211784,24,28905.018658008623,28942.71915838581,experiment,FIFO,0.28,0,variant_5
8203,INSPECTION_1_4,INSPECTION_1_4_LINE,28936.773685980024,1.5521406960506283,9,2.302385967424925,31.755027971401432,5.945472405786859,25,28905.018658008623,28942.71915838581,experiment,FIFO,0.28,0,variant_5
8203,INSPECTION_1_5,INSPECTION_1_5_LINE,28939.21388742011,2.4402014400839107,10,2.4402014400839107,34.19522941148534,3.505270965702948,26,28905.018658008623,28942.71915838581,experiment,FIFO,0.28,0,variant_5
8203,INSPECTION_1_6,INSPECTION_1_6_LINE,28939.297980390777,0.08409297066828003,11,0.08409297066828003,34.27932238215362,3.421177995034668,26,28905.018658008623,28942.71915838581,experiment,FIFO,0.28,0,variant_5
8203,INSPECTION_1_7,INSPECTION_1_7_LINE,28942.71915838581,3.3046048975811573,12,3.421177995034668,37.70050037718829,0.0,25,28905.018658008623,28942.71915838581,experiment,FIFO,0.28,0,variant_5
8204,MOULDING_2,MOULDING_MACHINE_2,28909.452071581924,4.433413573300641,1,0.0,0.0,118.64383102520515,21,28909.452071581924,29028.09590260713,experiment,FIFO,0.28,0,variant_1
8204,ASSEMBLY_1_3,LINE_3_ASSEMBLY1,28911.53229185219,2.080220270265272,2,2.080220270265272,2.080220270265272,116.56361075493987,21,28909.452071581924,29028.09590260713,experiment,FIFO,0.28,0,variant_1
8204,ASSEMBLY_2_1,ASSEMBLY2_LINE_1,29007.802382912992,6.635771725832456,3,96.27009106080368,98.35031133106895,20.293519694136194,26,28909.452071581924,29028.09590260713,experiment,FIFO,0.28,0,variant_1
8204,SORTING,SORTING_ROBOT_1,29009.054053750395,1.2516708374023438,4,1.2516708374023438,99.6019821684713,19.04184885673385,26,28909.452071581924,29028.09590260713,experiment,FIFO,0.28,0,variant_1
8204,PACKAGING_3,PACKAGING_LINE_3,29022.74224645285,13.688192702455126,5,13.688192702455126,113.29017487092642,5.353656154278724,26,28909.452071581924,29028.09590260713,experiment,FIFO,0.28,0,variant_1
8204,INSPECTION_1_1,INSPECTION_1_1_LINE,29022.805519297483,0.06327284463259275,6,0.06327284463259275,113.35344771555901,5.290383309646131,26,28909.452071581924,29028.09590260713,experiment,FIFO,0.28,0,variant_1
8204,INSPECTION_1_2,INSPECTION_1_2_LINE,29022.861129029294,0.05560973181127338,7,0.05560973181127338,113.40905744737029,5.234773577834858,26,28909.452071581924,29028.09590260713,experiment,FIFO,0.28,0,variant_1
8204,INSPECTION_1_3,INSPECTION_1_3_LINE,29024.54732074822,1.686191718927148,8,1.686191718927148,115.09524916629744,3.54858185890771,27,28909.452071581924,29028.09590260713,experiment,FIFO,0.28,0,variant_1
8204,INSPECTION_1_4,INSPECTION_1_4_LINE,29026.09793377543,1.5506130272078735,9,1.5506130272078735,116.64586219350531,1.9979688316998363,27,28909.452071581924,29028.09590260713,experiment,FIFO,0.28,0,variant_1
8204,INSPECTION_1_5,INSPECTION_1_5_LINE,29027.10436883176,1.0064350563297921,10,1.0064350563297921,117.6522972498351,0.9915337753700442,27,28909.452071581924,29028.09590260713,experiment,FIFO,0.28,0,variant_1
8204,INSPECTION_1_6,INSPECTION_1_6_LINE,29027.600216283256,0.49584745149695664,11,0.49584745149695664,118.14814470133206,0.49568632387308753,27,28909.452071581924,29028.09590260713,experiment,FIFO,0.28,0,variant_1
8204,INSPECTION_1_7,INSPECTION_1_7_LINE,29028.09590260713,0.49568632387308753,12,0.49568632387308753,118.64383102520515,0.0,26,28909.452071581924,29028.09590260713,experiment,FIFO,0.28,0,variant_1
8205,MOULDING_2,MOULDING_MACHINE_2,28917.293045556064,7.84097397414007,1,0.0,0.0,119.95918430400343,21,28917.293045556064,29037.252229860067,experiment,FIFO,0.28,0,variant_4
8205,ASSEMBLY_1_5,LINE_5_ASSEMBLY1,28921.00645505453,3.713409498464898,2,3.713409498464898,3.713409498464898,116.24577480553853,22,28917.293045556064,29037.252229860067,experiment,FIFO,0.28,0,variant_4
8205,ASSEMBLY_2_1,ASSEMBLY2_LINE_1,29012.780028625144,4.9776457121515705,3,91.77357357061555,95.48698306908045,24.472201234922977,27,28917.293045556064,29037.252229860067,experiment,FIFO,0.28,0,variant_4
8205,SORTING,SORTING_ROBOT_1,29022.9852110438,10.205182418656477,4,10.205182418656477,105.69216548773693,14.2670188162665,26,28917.293045556064,29037.252229860067,experiment,FIFO,0.28,0,variant_4
8205,PACKAGING_3,PACKAGING_LINE_3,29031.26197517241,8.276764128608193,5,8.276764128608193,113.96892961634512,5.990254687658307,26,28917.293045556064,29037.252229860067,experiment,FIFO,0.28,0,variant_4
8205,INSPECTION_2_1,INSPECTION_2_1_LINE,29031.876770534123,0.6147953617146413,6,0.6147953617146413,114.58372497805976,5.375459325943666,26,28917.293045556064,29037.252229860067,experiment,FIFO,0.28,0,variant_4
8205,INSPECTION_2_2,INSPECTION_2_2_LINE,29032.04407626911,0.16730573498716694,7,0.16730573498716694,114.75103071304693,5.208153590956499,26,28917.293045556064,29037.252229860067,experiment,FIFO,0.28,0,variant_4
8205,INSPECTION_2_3,INSPECTION_2_3_LINE,29034.817565184767,2.773488915656344,8,2.773488915656344,117.52451962870327,2.434664675300155,26,28917.293045556064,29037.252229860067,experiment,FIFO,0.28,0,variant_4
8205,INSPECTION_2_4,INSPECTION_2_4_LINE,29035.24243252472,0.4248673399524705,9,0.4248673399524705,117.94938696865574,2.0097973353476846,26,28917.293045556064,29037.252229860067,experiment,FIFO,0.28,0,variant_4
8205,INSPECTION_2_5,INSPECTION_2_5_LINE,29036.432743019544,1.1903104948250984,10,1.1903104948250984,119.13969746348084,0.8194868405225861,27,28917.293045556064,29037.252229860067,experiment,FIFO,0.28,0,variant_4
8205,INSPECTION_2_6,INSPECTION_2_6_LINE,29037.08600812908,0.6532651095367328,11,0.6532651095367328,119.79296257301758,0.16622173098585336,29,28917.293045556064,29037.252229860067,experiment,FIFO,0.28,0,variant_4
8205,INSPECTION_2_7,INSPECTION_2_7_LINE,29037.252229860067,0.16622173098585336,12,0.16622173098585336,119.95918430400343,0.0,28,28917.293045556064,29037.252229860067,experiment,FIFO,0.28,0,variant_4
8206,MOULDING_2,MOULDING_MACHINE_2,28922.76446624592,5.471420689857041,1,0.0,0.0,27.55262664485781,23,28922.76446624592,28950.31709289078,experiment,FIFO,0.28,0,variant_5
8206,ASSEMBLY_1_5,LINE_5_ASSEMBLY1,28933.683070777155,10.66337817256499,2,10.91860453123445,10.91860453123445,16.63402211362336,25,28922.76446624592,28950.31709289078,experiment,FIFO,0.28,0,variant_5
8206,ASSEMBLY_2_2,ASSEMBLY2_LINE_2,28940.5663586674,6.88328789024672,3,6.88328789024672,17.80189242148117,9.75073422337664,25,28922.76446624592,28950.31709289078,experiment,FIFO,0.28,0,variant_5
8206,SORTING,SORTING_ROBOT_1,28943.12543205904,2.5590733916396857,4,2.5590733916396857,20.360965813120856,7.191660831736954,25,28922.76446624592,28950.31709289078,experiment,FIFO,0.28,0,variant_5
8206,PACKAGING_1,PACKAGING_LINE_1,28943.69049448276,0.5650624237168813,5,0.5650624237168813,20.926028236837737,6.626598408020072,25,28922.76446624592,28950.31709289078,experiment,FIFO,0.28,0,variant_5
8206,INSPECTION_2_1,INSPECTION_2_1_LINE,28943.700076144112,0.00958166135387728,6,0.00958166135387728,20.935609898191615,6.617016746666195,25,28922.76446624592,28950.31709289078,experiment,FIFO,0.28,0,variant_5
8206,INSPECTION_2_2,INSPECTION_2_2_LINE,28944.02061651173,0.3205403676183778,7,0.3205403676183778,21.256150265809993,6.296476379047817,25,28922.76446624592,28950.31709289078,experiment,FIFO,0.28,0,variant_5
8206,INSPECTION_2_3,INSPECTION_2_3_LINE,28944.46418674951,0.44357023777774884,8,0.44357023777774884,21.69972050358774,5.8529061412700685,25,28922.76446624592,28950.31709289078,experiment,FIFO,0.28,0,variant_5
8206,INSPECTION_2_4,INSPECTION_2_4_LINE,28945.51358848736,1.04940173785144,9,1.04940173785144,22.74912224143918,4.8035044034186285,24,28922.76446624592,28950.31709289078,experiment,FIFO,0.28,0,variant_5
8206,INSPECTION_2_5,INSPECTION_2_5_LINE,28949.119387996216,3.6057995088558528,10,3.6057995088558528,26.354921750295034,1.1977048945627757,22,28922.76446624592,28950.31709289078,experiment,FIFO,0.28,0,variant_5
8206,INSPECTION_2_6,INSPECTION_2_6_LINE,28949.481674399147,0.36228640293120407,11,0.36228640293120407,26.717208153226238,0.8354184916315717,22,28922.76446624592,28950.31709289078,experiment,FIFO,0.28,0,variant_5
8206,INSPECTION_2_6,INSPECTION_2_6_LINE,28950.0877793525,0.6061049533527694,12,0.6061049533527694,27.323313106579008,0.2293135382788023,22,28922.76446624592,28950.31709289078,experiment,FIFO,0.28,0,variant_5
8206,INSPECTION_2_7,INSPECTION_2_7_LINE,28950.31709289078,0.2293135382788023,13,0.2293135382788023,27.55262664485781,0.0,21,28922.76446624592,28950.31709289078,experiment,FIFO,0.28,0,variant_5
8207,MOULDING_2,MOULDING_MACHINE_2,28925.619700958905,2.855234712984384,1,0.0,0.0,21.64151544654669,24,28925.619700958905,28947.26121640545,experiment,FIFO,0.28,0,variant_1
8207,ASSEMBLY_1_3,LINE_3_ASSEMBLY1,28927.58548544469,1.9657844857865712,2,1.9657844857865712,1.9657844857865712,19.67573096076012,24,28925.619700958905,28947.26121640545,experiment,FIFO,0.28,0,variant_1
8207,ASSEMBLY_2_2,ASSEMBLY2_LINE_2,28930.676099470227,3.090614025535615,3,3.090614025535615,5.056398511322186,16.585116935224505,27,28925.619700958905,28947.26121640545,experiment,FIFO,0.28,0,variant_1
8207,SORTING,SORTING_ROBOT_1,28931.191422809257,0.5153233390301466,4,0.5153233390301466,5.571721850352333,16.06979359619436,27,28925.619700958905,28947.26121640545,experiment,FIFO,0.28,0,variant_1
8207,PACKAGING_3,PACKAGING_LINE_3,28933.642705917064,2.4512831078063755,5,2.4512831078063755,8.023004958158708,13.618510488387983,25,28925.619700958905,28947.26121640545,experiment,FIFO,0.28,0,variant_1
8207,INSPECTION_2_1,INSPECTION_2_1_LINE,28936.078072199685,2.435366282621544,6,2.435366282621544,10.458371240780252,11.183144205766439,24,28925.619700958905,28947.26121640545,experiment,FIFO,0.28,0,variant_1
8207,INSPECTION_2_2,INSPECTION_2_2_LINE,28938.211220651385,2.133148451699526,7,2.133148451699526,12.591519692479778,9.049995754066913,26,28925.619700958905,28947.26121640545,experiment,FIFO,0.28,0,variant_1
8207,INSPECTION_2_3,INSPECTION_2_3_LINE,28938.5431074384,0.33188678701480967,8,0.33188678701480967,12.923406479494588,8.718108967052103,26,28925.619700958905,28947.26121640545,experiment,FIFO,0.28,0,variant_1
8207,INSPECTION_2_4,INSPECTION_2_4_LINE,28942.222945584865,3.1317377962332102,9,3.6798381464650447,16.603244625959633,5.0382708205870586,26,28925.619700958905,28947.26121640545,experiment,FIFO,0.28,0,variant_1
8207,INSPECTION_2_5,INSPECTION_2_5_LINE,28942.6708311323,0.07745975917714532,10,0.44788554743354325,17.051130173393176,4.590385273153515,26,28925.619700958905,28947.26121640545,experiment,FIFO,0.28,0,variant_1
8207,INSPECTION_2_6,INSPECTION_2_6_LINE,28945.73707605247,0.4552055827807635,11,3.066244920169993,20.11737509356317,1.5241403529835225,23,28925.619700958905,28947.26121640545,experiment,FIFO,0.28,0,variant_1
8207,INSPECTION_2_7,INSPECTION_2_7_LINE,28947.26121640545,1.5241403529835225,12,1.5241403529835225,21.64151544654669,0.0,22,28925.619700958905,28947.26121640545,experiment,FIFO,0.28,0,variant_1
8208,MOULDING_3,MOULDING_MACHINE_3,28919.25753079563,3.6081596912554232,1,0.0,0.0,142.0315034036321,23,28919.25753079563,29061.28903419926,experiment,FIFO,0.28,0,variant_5
8208,ASSEMBLY_1_4,LINE_4_ASSEMBLY1,28925.73045073985,6.472919944222667,2,6.472919944222667,6.472919944222667,135.55858345940942,24,28919.25753079563,29061.28903419926,experiment,FIFO,0.28,0,variant_5
8208,ASSEMBLY_2_1,ASSEMBLY2_LINE_1,29027.79991596016,8.55077562736551,3,102.06946522030921,108.54238516453188,33.48911823910021,27,28919.25753079563,29061.28903419926,experiment,FIFO,0.28,0,variant_5
8208,SORTING,SORTING_ROBOT_1,29037.20201658624,1.8639701994725328,4,9.402100626080937,117.94448579061282,24.08701761301927,29,28919.25753079563,29061.28903419926,experiment,FIFO,0.28,0,variant_5
8208,PACKAGING_1,PACKAGING_LINE_1,29057.09613467123,14.458138799225708,5,19.894118084986985,137.8386038755998,4.192899528032285,35,28919.25753079563,29061.28903419926,experiment,FIFO,0.28,0,variant_5
8208,INSPECTION_2_1,INSPECTION_2_1_LINE,29057.416000041987,0.3198653707586345,6,0.3198653707586345,138.15846924635844,3.8730341572736506,35,28919.25753079563,29061.28903419926,experiment,FIFO,0.28,0,variant_5
8208,INSPECTION_2_2,INSPECTION_2_2_LINE,29057.61617269138,0.20017264939451707,7,0.20017264939451707,138.35864189575295,3.6728615078791336,35,28919.25753079563,29061.28903419926,experiment,FIFO,0.28,0,variant_5
8208,INSPECTION_2_3,INSPECTION_2_3_LINE,29059.034143262965,1.4179705715832824,8,1.4179705715832824,139.77661246733624,2.254890936295851,35,28919.25753079563,29061.28903419926,experiment,FIFO,0.28,0,variant_5
8208,INSPECTION_2_4,INSPECTION_2_4_LINE,29059.19478253256,0.16063926959395758,9,0.16063926959395758,139.9372517369302,2.0942516667018936,35,28919.25753079563,29061.28903419926,experiment,FIFO,0.28,0,variant_5
8208,INSPECTION_2_5,INSPECTION_2_5_LINE,29060.167812993564,0.9730304610056919,10,0.9730304610056919,140.91028219793589,1.1212212056962017,34,28919.25753079563,29061.28903419926,experiment,FIFO,0.28,0,variant_5
8208,INSPECTION_2_6,INSPECTION_2_6_LINE,29061.045802308137,0.8779893145729147,11,0.8779893145729147,141.7882715125088,0.24323189112328691,33,28919.25753079563,29061.28903419926,experiment,FIFO,0.28,0,variant_5
8208,INSPECTION_2_7,INSPECTION_2_7_LINE,29061.28903419926,0.24323189112328691,12,0.24323189112328691,142.0315034036321,0.0,32,28919.25753079563,29061.28903419926,experiment,FIFO,0.28,0,variant_5
8209,MOULDING_4,MOULDING_MACHINE_4,28918.718029283587,1.026602071706293,1,0.0,0.0,122.43140301566382,22,28918.718029283587,29041.14943229925,experiment,FIFO,0.28,0,variant_4
8209,ASSEMBLY_1_5,LINE_5_ASSEMBLY1,28923.01969260459,2.0132375500616035,2,4.301663321002707,4.301663321002707,118.12973969466111,23,28918.718029283587,29041.14943229925,experiment,FIFO,0.28,0,variant_4
8209,ASSEMBLY_2_1,ASSEMBLY2_LINE_1,29019.249140332795,6.469111707650882,3,96.22944772820483,100.53111104920754,21.90029196645628,26,28918.718029283587,29041.14943229925,experiment,FIFO,0.28,0,variant_4
8209,SORTING,SORTING_ROBOT_1,29030.26244273017,7.2772316863702144,4,11.01330239737581,111.54441344658335,10.88698956908047,26,28918.718029283587,29041.14943229925,experiment,FIFO,0.28,0,variant_4
8209,PACKAGING_3,PACKAGING_LINE_3,29033.925998267856,2.6640230954471917,5,3.66355553768517,115.20796898426852,7.2234340313953,26,28918.718029283587,29041.14943229925,experiment,FIFO,0.28,0,variant_4
8209,INSPECTION_1_1,INSPECTION_1_1_LINE,29035.69414360197,1.7681453341137967,6,1.7681453341137967,116.97611431838232,5.455288697281503,26,28918.718029283587,29041.14943229925,experiment,FIFO,0.28,0,variant_4
8209,INSPECTION_1_2,INSPECTION_1_2_LINE,29036.847486415787,1.1533428138172894,7,1.1533428138172894,118.1294571321996,4.301945883464214,29,28918.718029283587,29041.14943229925,experiment,FIFO,0.28,0,variant_4
8209,INSPECTION_1_3,INSPECTION_1_3_LINE,29038.218761500106,1.3712750843187678,8,1.3712750843187678,119.50073221651837,2.930670799145446,28,28918.718029283587,29041.14943229925,experiment,FIFO,0.28,0,variant_4
8209,INSPECTION_1_4,INSPECTION_1_4_LINE,29038.905131837804,0.6863703376984631,9,0.6863703376984631,120.18710255421684,2.244300461446983,28,28918.718029283587,29041.14943229925,experiment,FIFO,0.28,0,variant_4
8209,INSPECTION_1_5,INSPECTION_1_5_LINE,29040.421514722257,1.5163828844524687,10,1.5163828844524687,121.7034854386693,0.7279175769945141,28,28918.718029283587,29041.14943229925,experiment,FIFO,0.28,0,variant_4
8209,INSPECTION_1_6,INSPECTION_1_6_LINE,29040.45836018856,0.03684546630393015,11,0.03684546630393015,121.74033090497323,0.6910721106905839,28,28918.718029283587,29041.14943229925,experiment,FIFO,0.28,0,variant_4
8209,INSPECTION_1_7,INSPECTION_1_7_LINE,29041.14943229925,0.6910721106905839,12,0.6910721106905839,122.43140301566382,0.0,28,28918.718029283587,29041.14943229925,experiment,FIFO,0.28,0,variant_4
8210,MOULDING_5,MOULDING_MACHINE_5,28929.78337954224,6.980886448989622,1,0.0,0.0,38.04452123598821,25,28929.78337954224,28967.82790077823,experiment,FIFO,0.28,0,variant_5
8210,ASSEMBLY_1_4,LINE_4_ASSEMBLY1,28940.264053927523,6.658881480074342,2,10.480674385282327,10.480674385282327,27.563846850705886,25,28929.78337954224,28967.82790077823,experiment,FIFO,0.28,0,variant_5
8210,ASSEMBLY_1_4,LINE_4_ASSEMBLY1,28942.32458799293,2.06053406540741,3,2.06053406540741,12.541208450689737,25.503312785298476,26,28929.78337954224,28967.82790077823,experiment,FIFO,0.28,0,variant_5
8210,ASSEMBLY_2_2,ASSEMBLY2_LINE_2,28947.045014592124,4.720426599193161,4,4.720426599193161,17.261635049882898,20.782886186105316,23,28929.78337954224,28967.82790077823,experiment,FIFO,0.28,0,variant_5
8210,SORTING,SORTING_ROBOT_1,28949.11743748568,2.072422893554176,5,2.072422893554176,19.334057943437074,18.71046329255114,22,28929.78337954224,28967.82790077823,experiment,FIFO,0.28,0,variant_5
8210,PACKAGING_1,PACKAGING_LINE_1,28956.4086653876,0.8627690536668524,6,7.291227901921957,26.62528584535903,11.419235390629183,22,28929.78337954224,28967.82790077823,experiment,FIFO,0.28,0,variant_5
8210,INSPECTION_1_1,INSPECTION_1_1_LINE,28958.101835528872,1.693170141272276,7,1.693170141272276,28.318455986631307,9.726065249356907,22,28929.78337954224,28967.82790077823,experiment,FIFO,0.28,0,variant_5
8210,INSPECTION_1_2,INSPECTION_1_2_LINE,28958.229325424927,0.12748989605461247,8,0.12748989605461247,28.44594588268592,9.598575353302294,22,28929.78337954224,28967.82790077823,experiment,FIFO,0.28,0,variant_5
8210,INSPECTION_1_3,INSPECTION_1_3_LINE,28959.96628656509,1.736961140162748,9,1.736961140162748,30.182907022848667,7.861614213139546,23,28929.78337954224,28967.82790077823,experiment,FIFO,0.28,0,variant_5
8210,INSPECTION_1_4,INSPECTION_1_4_LINE,28964.79066827562,4.824381710528542,10,4.824381710528542,35.00728873337721,3.0372325026110047,25,28929.78337954224,28967.82790077823,experiment,FIFO,0.28,0,variant_5
8210,INSPECTION_1_5,INSPECTION_1_5_LINE,28965.808358117123,1.0176898415047617,11,1.0176898415047617,36.02497857488197,2.019542661106243,25,28929.78337954224,28967.82790077823,experiment,FIFO,0.28,0,variant_5
8210,INSPECTION_1_6,INSPECTION_1_6_LINE,28967.430816778186,1.62245866106241,12,1.62245866106241,37.64743723594438,0.39708400004383293,25,28929.78337954224,28967.82790077823,experiment,FIFO,0.28,0,variant_5
8210,INSPECTION_1_7,INSPECTION_1_7_LINE,28967.82790077823,0.39708400004383293,13,0.39708400004383293,38.04452123598821,0.0,24,28929.78337954224,28967.82790077823,experiment,FIFO,0.28,0,variant_5
8211,MOULDING_4,MOULDING_MACHINE_4,28927.175182921823,2.8005861778037797,1,0.0,0.0,152.64961933276936,24,28927.175182921823,29079.824802254592,experiment,FIFO,0.28,0,variant_2
8211,ASSEMBLY_1_4,LINE_4_ASSEMBLY1,28933.60517244745,6.429989525626297,2,6.429989525626297,6.429989525626297,146.21962980714306,25,28927.175182921823,29079.824802254592,experiment,FIFO,0.28,0,variant_2
8211,ASSEMBLY_2_1,ASSEMBLY2_LINE_1,29037.892227164182,6.448358642272069,3,104.28705471673311,110.7170442423594,41.932575090409955,28,28927.175182921823,29079.824802254592,experiment,FIFO,0.28,0,variant_2
8211,SORTING,SORTING_ROBOT_1,29045.71715945761,7.686846938930103,4,7.824932293427992,118.5419765357874,34.10764279698196,31,28927.175182921823,29079.824802254592,experiment,FIFO,0.28,0,variant_2
8211,PACKAGING_1,PACKAGING_LINE_1,29074.902079137213,11.738379810332844,5,29.1849196796029,147.7268962153903,4.922723117379064,35,28927.175182921823,29079.824802254592,experiment,FIFO,0.28,0,variant_2
8211,INSPECTION_1_1,INSPECTION_1_1_LINE,29075.43759215849,0.5355130212774384,6,0.5355130212774384,148.26240923666774,4.387210096101626,35,28927.175182921823,29079.824802254592,experiment,FIFO,0.28,0,variant_2
8211,INSPECTION_1_2,INSPECTION_1_2_LINE,29075.500674962583,0.06308280409211875,7,0.06308280409211875,148.32549204075985,4.324127292009507,35,28927.175182921823,29079.824802254592,experiment,FIFO,0.28,0,variant_2
8211,INSPECTION_1_3,INSPECTION_1_3_LINE,29075.75391718732,0.2532422247386421,8,0.2532422247386421,148.5787342654985,4.070885067270865,35,28927.175182921823,29079.824802254592,experiment,FIFO,0.28,0,variant_2
8211,INSPECTION_1_4,INSPECTION_1_4_LINE,29077.991708584344,2.237791397023102,9,2.237791397023102,150.8165256625216,1.833093670247763,37,28927.175182921823,29079.824802254592,experiment,FIFO,0.28,0,variant_2
8211,INSPECTION_1_5,INSPECTION_1_5_LINE,29078.9427375291,0.9510289447571267,10,0.9510289447571267,151.76755460727873,0.8820647254906362,37,28927.175182921823,29079.824802254592,experiment,FIFO,0.28,0,variant_2
8211,INSPECTION_1_6,INSPECTION_1_6_LINE,29079.08979247604,0.1470549469377147,11,0.1470549469377147,151.91460955421644,0.7350097785529215,37,28927.175182921823,29079.824802254592,experiment,FIFO,0.28,0,variant_2
8211,INSPECTION_1_7,INSPECTION_1_7_LINE,29079.824802254592,0.7350097785529215,12,0.7350097785529215,152.64961933276936,0.0,36,28927.175182921823,29079.824802254592,experiment,FIFO,0.28,0,variant_2
8212,MOULDING_5,MOULDING_MACHINE_5,28930.24127015972,0.45789061747927917,1,0.0,0.0,141.25599359742773,26,28930.24127015972,29071.497263757148,experiment,FIFO,0.28,0,variant_1
8212,ASSEMBLY_1_1,LINE_1_ASSEMBLY1,28930.34526302424,0.10399286451865919,2,0.10399286451865919,0.10399286451865919,141.15200073290907,26,28930.24127015972,29071.497263757148,experiment,FIFO,0.28,0,variant_1
8212,ASSEMBLY_2_1,ASSEMBLY2_LINE_1,29031.44386852191,3.6439525617497566,3,101.09860549767109,101.20259836218975,40.053395235237986,26,28930.24127015972,29071.497263757148,experiment,FIFO,0.28,0,variant_1
8212,SORTING,SORTING_ROBOT_1,29038.03031251868,0.8282959324387775,4,6.586443996769958,107.7890423589597,33.46695123846803,28,28930.24127015972,29071.497263757148,experiment,FIFO,0.28,0,variant_1
8212,PACKAGING_1,PACKAGING_LINE_1,29063.16369932688,6.06756465565195,5,25.133386808200157,132.92242916715986,8.33356443026787,32,28930.24127015972,29071.497263757148,experiment,FIFO,0.28,0,variant_1
8212,INSPECTION_1_1,INSPECTION_1_1_LINE,29065.695280021537,2.5315806946564408,6,2.5315806946564408,135.4540098618163,5.801983735611429,33,28930.24127015972,29071.497263757148,experiment,FIFO,0.28,0,variant_1
8212,INSPECTION_1_2,INSPECTION_1_2_LINE,29066.476349201253,0.7810691797167237,7,0.7810691797167237,136.23507904153303,5.020914555894706,33,28930.24127015972,29071.497263757148,experiment,FIFO,0.28,0,variant_1
8212,INSPECTION_1_3,INSPECTION_1_3_LINE,29068.9661389817,2.489789780447609,8,2.489789780447609,138.72486882198064,2.531124775447097,35,28930.24127015972,29071.497263757148,experiment,FIFO,0.28,0,variant_1
8212,INSPECTION_1_4,INSPECTION_1_4_LINE,29069.13532040957,0.16918142786744284,9,0.16918142786744284,138.89405024984808,2.361943347579654,35,28930.24127015972,29071.497263757148,experiment,FIFO,0.28,0,variant_1
8212,INSPECTION_1_5,INSPECTION_1_5_LINE,29070.196744746663,1.0614243370946497,10,1.0614243370946497,139.95547458694273,1.3005190104850044,35,28930.24127015972,29071.497263757148,experiment,FIFO,0.28,0,variant_1
8212,INSPECTION_1_6,INSPECTION_1_6_LINE,29070.606747398328,0.4100026516643993,11,0.4100026516643993,140.36547723860713,0.8905163588206051,36,28930.24127015972,29071.497263757148,experiment,FIFO,0.28,0,variant_1
8212,INSPECTION_1_7,INSPECTION_1_7_LINE,29071.497263757148,0.8905163588206051,12,0.8905163588206051,141.25599359742773,0.0,35,28930.24127015972,29071.497263757148,experiment,FIFO,0.28,0,variant_1
8213,MOULDING_1,MOULDING_MACHINE_1,28930.496786092262,2.078954789056297,1,0.0,0.0,130.38176316809768,27,28930.496786092262,29060.87854926036,experiment,FIFO,0.28,0,variant_5
8213,ASSEMBLY_1_1,LINE_1_ASSEMBLY1,28943.30836499218,12.81157889991664,2,12.81157889991664,12.81157889991664,117.57018426818104,25,28930.496786092262,29060.87854926036,experiment,FIFO,0.28,0,variant_5
8213,ASSEMBLY_2_1,ASSEMBLY2_LINE_1,29045.22026488116,7.328037716979452,3,101.91189988898259,114.72347878889923,15.658284379198449,29,28930.496786092262,29060.87854926036,experiment,FIFO,0.28,0,variant_5
8213,SORTING,SORTING_ROBOT_1,29048.1825564939,0.2622059106397501,4,2.9622916127373173,117.68577040163655,12.695992766461131,31,28930.496786092262,29060.87854926036,experiment,FIFO,0.28,0,variant_5
8213,PACKAGING_3,PACKAGING_LINE_3,29049.186647797167,1.0040913032680692,5,1.0040913032680692,118.68986170490462,11.691901463193062,31,28930.496786092262,29060.87854926036,experiment,FIFO,0.28,0,variant_5
8213,INSPECTION_2_1,INSPECTION_2_1_LINE,29051.928158776285,2.741510979118175,6,2.741510979118175,121.43137268402279,8.950390484074887,34,28930.496786092262,29060.87854926036,experiment,FIFO,0.28,0,variant_5
8213,INSPECTION_2_2,INSPECTION_2_2_LINE,29052.080045083418,0.15188630713237217,7,0.15188630713237217,121.58325899115516,8.798504176942515,34,28930.496786092262,29060.87854926036,experiment,FIFO,0.28,0,variant_5
8213,INSPECTION_2_3,INSPECTION_2_3_LINE,29053.10494432862,1.0248992452034145,8,1.0248992452034145,122.60815823635858,7.773604931739101,34,28930.496786092262,29060.87854926036,experiment,FIFO,0.28,0,variant_5
8213,INSPECTION_2_4,INSPECTION_2_4_LINE,29057.14158344888,4.036639120258769,9,4.036639120258769,126.64479735661735,3.7369658114803315,35,28930.496786092262,29060.87854926036,experiment,FIFO,0.28,0,variant_5
8213,INSPECTION_2_5,INSPECTION_2_5_LINE,29058.645362405103,1.503778956222959,10,1.503778956222959,128.1485763128403,2.2331868552573724,35,28930.496786092262,29060.87854926036,experiment,FIFO,0.28,0,variant_5
8213,INSPECTION_2_6,INSPECTION_2_6_LINE,29059.57277807892,0.9274156738174497,11,0.9274156738174497,129.07599198665775,1.3057711814399227,35,28930.496786092262,29060.87854926036,experiment,FIFO,0.28,0,variant_5
8213,INSPECTION_2_7,INSPECTION_2_7_LINE,29060.87854926036,1.3057711814399227,12,1.3057711814399227,130.38176316809768,0.0,33,28930.496786092262,29060.87854926036,experiment,FIFO,0.28,0,variant_5
8214,MOULDING_5,MOULDING_MACHINE_5,28936.44284035858,5.362794687589485,1,0.0,0.0,131.9887005399578,25,28936.44284035858,29068.43154089854,experiment,FIFO,0.28,0,variant_2
8214,ASSEMBLY_1_1,LINE_1_ASSEMBLY1,28967.82462667283,24.51626168065195,2,31.38178631425035,31.38178631425035,100.60691422570744,25,28936.44284035858,29068.43154089854,experiment,FIFO,0.28,0,variant_2
8214,ASSEMBLY_2_1,ASSEMBLY2_LINE_1,29048.2293778704,3.009112989238929,3,80.40475119756957,111.78653751181992,20.202163028137875,31,28936.44284035858,29068.43154089854,experiment,FIFO,0.28,0,variant_2
8214,SORTING,SORTING_ROBOT_1,29059.89780470537,11.668426834970887,4,11.668426834970887,123.4549643467908,8.533736193166988,34,28936.44284035858,29068.43154089854,experiment,FIFO,0.28,0,variant_2
8214,PACKAGING_3,PACKAGING_LINE_3,29061.13259446795,1.2347897625768383,5,1.2347897625768383,124.68975410936764,7.298946430590149,33,28936.44284035858,29068.43154089854,experiment,FIFO,0.28,0,variant_2
8214,INSPECTION_1_1,INSPECTION_1_1_LINE,29061.230297109567,0.09770264161852538,6,0.09770264161852538,124.78745675098617,7.201243788971624,33,28936.44284035858,29068.43154089854,experiment,FIFO,0.28,0,variant_2
8214,INSPECTION_1_2,INSPECTION_1_2_LINE,29063.21167754879,1.9813804392215388,7,1.9813804392215388,126.7688371902077,5.219863349750085,32,28936.44284035858,29068.43154089854,experiment,FIFO,0.28,0,variant_2
8214,INSPECTION_1_3,INSPECTION_1_3_LINE,29063.727505037383,0.5158274885943683,8,0.5158274885943683,127.28466467880207,4.704035861155717,32,28936.44284035858,29068.43154089854,experiment,FIFO,0.28,0,variant_2
8214,INSPECTION_1_4,INSPECTION_1_4_LINE,29065.49339204204,1.7658870046579977,9,1.7658870046579977,129.05055168346007,2.938148856497719,33,28936.44284035858,29068.43154089854,experiment,FIFO,0.28,0,variant_2
8214,INSPECTION_1_5,INSPECTION_1_5_LINE,29066.0044432261,0.5110511840575782,10,0.5110511840575782,129.56160286751765,2.4270976724401407,33,28936.44284035858,29068.43154089854,experiment,FIFO,0.28,0,variant_2
8214,INSPECTION_1_6,INSPECTION_1_6_LINE,29068.21603480517,2.211591579070955,11,2.211591579070955,131.7731944465886,0.2155060933691857,36,28936.44284035858,29068.43154089854,experiment,FIFO,0.28,0,variant_2
8214,INSPECTION_1_7,INSPECTION_1_7_LINE,29068.43154089854,0.2155060933691857,12,0.2155060933691857,131.9887005399578,0.0,35,28936.44284035858,29068.43154089854,experiment,FIFO,0.28,0,variant_2
8215,MOULDING_5,MOULDING_MACHINE_5,28938.011384416448,1.568544057867257,1,0.0,0.0,59.09877511965533,26,28938.011384416448,28997.110159536103,experiment,FIFO,0.28,0,variant_2
8215,ASSEMBLY_1_1,LINE_1_ASSEMBLY1,28976.906821125867,9.082194453036209,2,38.8954367094193,38.8954367094193,20.20333841023603,24,28938.011384416448,28997.110159536103,experiment,FIFO,0.28,0,variant_2
8215,ASSEMBLY_2_2,ASSEMBLY2_LINE_2,28978.71333366751,1.8065125416433148,3,1.8065125416433148,40.701949251062615,18.396825868592714,25,28938.011384416448,28997.110159536103,experiment,FIFO,0.28,0,variant_2
8215,SORTING,SORTING_ROBOT_1,28983.150741999885,4.437408332374616,4,4.437408332374616,45.13935758343723,13.959417536218098,24,28938.011384416448,28997.110159536103,experiment,FIFO,0.28,0,variant_2
8215,PACKAGING_1,PACKAGING_LINE_1,28986.66348639892,1.4653433075109206,5,3.5127443990350002,48.65210198247223,10.446673137183097,24,28938.011384416448,28997.110159536103,experiment,FIFO,0.28,0,variant_2
8215,INSPECTION_1_1,INSPECTION_1_1_LINE,28986.77860601554,0.1151196166210866,6,0.1151196166210866,48.76722159909332,10.33155352056201,24,28938.011384416448,28997.110159536103,experiment,FIFO,0.28,0,variant_2
8215,INSPECTION_1_2,INSPECTION_1_2_LINE,28989.14717393208,1.8492850607071887,7,2.3685679165391775,51.135789515632496,7.962985604022833,26,28938.011384416448,28997.110159536103,experiment,FIFO,0.28,0,variant_2
8215,INSPECTION_1_3,INSPECTION_1_3_LINE,28989.3720980518,0.2249241197205265,8,0.2249241197205265,51.36071363535302,7.738061484302307,26,28938.011384416448,28997.110159536103,experiment,FIFO,0.28,0,variant_2
8215,INSPECTION_1_4,INSPECTION_1_4_LINE,28990.52006763146,0.6509309081920946,9,1.1479695796588203,52.50868321501184,6.5900919046434865,26,28938.011384416448,28997.110159536103,experiment,FIFO,0.28,0,variant_2
8215,INSPECTION_1_5,INSPECTION_1_5_LINE,28990.930595030663,0.4105273992026923,10,0.4105273992026923,52.919210614214535,6.179564505440794,26,28938.011384416448,28997.110159536103,experiment,FIFO,0.28,0,variant_2
8215,INSPECTION_1_6,INSPECTION_1_6_LINE,28993.515627884928,0.3668549074063776,11,2.5850328542655916,55.50424346848013,3.5945316511752026,29,28938.011384416448,28997.110159536103,experiment,FIFO,0.28,0,variant_2
8215,INSPECTION_1_7,INSPECTION_1_7_LINE,28997.110159536103,1.0541266355430707,12,3.5945316511752026,59.09877511965533,0.0,26,28938.011384416448,28997.110159536103,experiment,FIFO,0.28,0,variant_2
8216,MOULDING_3,MOULDING_MACHINE_3,28951.669081149765,13.26112732679394,1,0.0,0.0,147.37055035076628,22,28951.669081149765,29099.03963150053,experiment,FIFO,0.28,0,variant_6
8216,ASSEMBLY_1_5,LINE_5_ASSEMBLY1,28970.206590218702,18.537509068937652,2,18.537509068937652,18.537509068937652,128.83304128182863,23,28951.669081149765,29099.03963150053,experiment,FIFO,0.28,0,variant_6
8216,ASSEMBLY_2_1,ASSEMBLY2_LINE_1,29058.647290516623,10.417912646222248,3,88.44070029792056,106.97820936685821,40.39234098390807,35,28951.669081149765,29099.03963150053,experiment,FIFO,0.28,0,variant_6
8216,SORTING,SORTING_ROBOT_1,29086.500969496825,2.6697165720215708,4,27.85367898020195,134.83188834706016,12.538662003706122,37,28951.669081149765,29099.03963150053,experiment,FIFO,0.28,0,variant_6
8216,PACKAGING_3,PACKAGING_LINE_3,29089.98891789124,3.4879483944168896,5,3.4879483944168896,138.31983674147705,9.050713609289232,37,28951.669081149765,29099.03963150053,experiment,FIFO,0.28,0,variant_6
8216,INSPECTION_2_1,INSPECTION_2_1_LINE,29093.04870702284,1.2854877933932585,6,3.0597891315992456,141.3796258730763,5.990924477689987,36,28951.669081149765,29099.03963150053,experiment,FIFO,0.28,0,variant_6
8216,INSPECTION_2_2,INSPECTION_2_2_LINE,29093.19489194315,0.14618492030786,7,0.14618492030786,141.52581079338415,5.844739557382127,36,28951.669081149765,29099.03963150053,experiment,FIFO,0.28,0,variant_6
8216,INSPECTION_2_3,INSPECTION_2_3_LINE,29093.85813406996,0.6632421268113831,8,0.6632421268113831,142.18905292019554,5.181497430570744,36,28951.669081149765,29099.03963150053,experiment,FIFO,0.28,0,variant_6
8216,INSPECTION_2_4,INSPECTION_2_4_LINE,29094.239769487736,0.3816354177761241,9,0.3816354177761241,142.57068833797166,4.79986201279462,36,28951.669081149765,29099.03963150053,experiment,FIFO,0.28,0,variant_6
8216,INSPECTION_2_5,INSPECTION_2_5_LINE,29095.64618816331,1.1492561000595742,10,1.4064186755749688,143.97710701354663,3.393443337219651,36,28951.669081149765,29099.03963150053,experiment,FIFO,0.28,0,variant_6
8216,INSPECTION_2_6,INSPECTION_2_6_LINE,29097.76867251817,2.05204417674031,11,2.122484354858898,146.09959136840553,1.270958982360753,34,28951.669081149765,29099.03963150053,experiment,FIFO,0.28,0,variant_6
8216,INSPECTION_2_7,INSPECTION_2_7_LINE,29099.03963150053,1.270958982360753,12,1.270958982360753,147.37055035076628,0.0,33,28951.669081149765,29099.03963150053,experiment,FIFO,0.28,0,variant_6
8217,MOULDING_4,MOULDING_MACHINE_4,28942.116731194663,1.2049194941027963,1,0.0,0.0,176.1030059581244,26,28942.116731194663,29118.219737152787,experiment,FIFO,0.28,0,variant_5
8217,ASSEMBLY_1_1,LINE_1_ASSEMBLY1,28979.118416772544,2.2115956466768694,2,37.00168557788129,37.00168557788129,139.10132038024312,24,28942.116731194663,29118.219737152787,experiment,FIFO,0.28,0,variant_5
8217,ASSEMBLY_2_1,ASSEMBLY2_LINE_1,29086.561355833182,0.3636785624184995,3,107.44293906063831,144.4446246385196,31.658381319604814,37,28942.116731194663,29118.219737152787,experiment,FIFO,0.28,0,variant_5
8217,SORTING,SORTING_ROBOT_1,29108.53291977939,4.733276782801113,4,21.971563946208335,166.41618858472793,9.68681737339648,33,28942.116731194663,29118.219737152787,experiment,FIFO,0.28,0,variant_5
8217,PACKAGING_1,PACKAGING_LINE_1,29110.8246566093,2.291736829909496,5,2.291736829909496,168.70792541463743,7.3950805434869835,34,28942.116731194663,29118.219737152787,experiment,FIFO,0.28,0,variant_5
8217,INSPECTION_1_1,INSPECTION_1_1_LINE,29112.736759900454,1.9121032911534712,6,1.9121032911534712,170.6200287057909,5.482977252333512,36,28942.116731194663,29118.219737152787,experiment,FIFO,0.28,0,variant_5
8217,INSPECTION_1_2,INSPECTION_1_2_LINE,29113.27701110102,0.5402512005675817,7,0.5402512005675817,171.16027990635848,4.942726051765931,37,28942.116731194663,29118.219737152787,experiment,FIFO,0.28,0,variant_5
8217,INSPECTION_1_3,INSPECTION_1_3_LINE,29113.40651613977,0.12950503874890273,8,0.12950503874890273,171.28978494510739,4.813221013017028,37,28942.116731194663,29118.219737152787,experiment,FIFO,0.28,0,variant_5
8217,INSPECTION_1_4,INSPECTION_1_4_LINE,29114.25194045056,0.8454243107880757,9,0.8454243107880757,172.13520925589546,3.967796702228952,36,28942.116731194663,29118.219737152787,experiment,FIFO,0.28,0,variant_5
8217,INSPECTION_1_5,INSPECTION_1_5_LINE,29115.70878374592,1.4568432953601587,10,1.4568432953601587,173.59205255125562,2.5109534068687935,36,28942.116731194663,29118.219737152787,experiment,FIFO,0.28,0,variant_5
8217,INSPECTION_1_6,INSPECTION_1_6_LINE,29118.05768259822,2.348898852302227,11,2.348898852302227,175.94095140355785,0.16205455456656637,37,28942.116731194663,29118.219737152787,experiment,FIFO,0.28,0,variant_5
8217,INSPECTION_1_7,INSPECTION_1_7_LINE,29118.219737152787,0.16205455456656637,12,0.16205455456656637,176.1030059581244,0.0,36,28942.116731194663,29118.219737152787,experiment,FIFO,0.28,0,variant_5
8218,MOULDING_3,MOULDING_MACHINE_3,28959.145921875035,7.476840725270449,1,0.0,0.0,19.960528679050185,23,28959.145921875035,28979.106450554085,experiment,FIFO,0.28,0,variant_3
8218,ASSEMBLY_1_2,LINE_2_ASSEMBLY1,28962.42455723969,3.2786353646552016,2,3.2786353646552016,3.2786353646552016,16.681893314394983,24,28959.145921875035,28979.106450554085,experiment,FIFO,0.28,0,variant_3
8218,ASSEMBLY_2_2,ASSEMBLY2_LINE_2,28966.329276404,3.9047191643112455,3,3.9047191643112455,7.183354528966447,12.777174150083738,25,28959.145921875035,28979.106450554085,experiment,FIFO,0.28,0,variant_3
8218,SORTING,SORTING_ROBOT_1,28966.40736629237,0.07808988836768549,4,0.07808988836768549,7.261444417334133,12.699084261716052,25,28959.145921875035,28979.106450554085,experiment,FIFO,0.28,0,variant_3
8218,PACKAGING_2,PACKAGING_LINE_2,28973.00718162557,6.59981533320024,5,6.59981533320024,13.861259750534373,6.099268928515812,23,28959.145921875035,28979.106450554085,experiment,FIFO,0.28,0,variant_3
8218,INSPECTION_1_1,INSPECTION_1_1_LINE,28973.14539894796,0.13821732239011908,6,0.13821732239011908,13.999477072924492,5.961051606125693,23,28959.145921875035,28979.106450554085,experiment,FIFO,0.28,0,variant_3
8218,INSPECTION_1_2,INSPECTION_1_2_LINE,28973.84314138318,0.6977424352189701,7,0.6977424352189701,14.697219508143462,5.263309170906723,23,28959.145921875035,28979.106450554085,experiment,FIFO,0.28,0,variant_3
8218,INSPECTION_1_3,INSPECTION_1_3_LINE,28975.782258936524,1.939117553345568,8,1.939117553345568,16.63633706148903,3.324191617561155,23,28959.145921875035,28979.106450554085,experiment,FIFO,0.28,0,variant_3
8218,INSPECTION_1_4,INSPECTION_1_4_LINE,28976.67950586284,0.8972469263171661,9,0.8972469263171661,17.533583987806196,2.426944691243989,23,28959.145921875035,28979.106450554085,experiment,FIFO,0.28,0,variant_3
8218,INSPECTION_1_5,INSPECTION_1_5_LINE,28977.74890358735,1.069397724510054,10,1.069397724510054,18.60298171231625,1.3575469667339348,24,28959.145921875035,28979.106450554085,experiment,FIFO,0.28,0,variant_3
8218,INSPECTION_1_6,INSPECTION_1_6_LINE,28977.825763514185,0.076859926834004,11,0.076859926834004,18.679841639150254,1.2806870398999308,24,28959.145921875035,28979.106450554085,experiment,FIFO,0.28,0,variant_3
8218,INSPECTION_1_7,INSPECTION_1_7_LINE,28979.106450554085,1.2806870398999308,12,1.2806870398999308,19.960528679050185,0.0,24,28959.145921875035,28979.106450554085,experiment,FIFO,0.28,0,variant_3
8219,MOULDING_4,MOULDING_MACHINE_4,28961.139096882525,6.983760446582892,1,0.0,0.0,141.436870290745,24,28961.139096882525,29102.57596717327,experiment,FIFO,0.28,0,variant_4
8219,ASSEMBLY_1_2,LINE_2_ASSEMBLY1,28972.874922311592,10.450365071901615,2,11.735825429066608,11.735825429066608,129.70104486167838,23,28961.139096882525,29102.57596717327,experiment,FIFO,0.28,0,variant_4
8219,ASSEMBLY_2_1,ASSEMBLY2_LINE_1,29059.84228929572,1.1949987790976593,3,86.9673669841286,98.70319241319521,42.73367787754978,34,28961.139096882525,29102.57596717327,experiment,FIFO,0.28,0,variant_4
8219,SORTING,SORTING_ROBOT_1,29088.49565809323,1.9946885964054673,4,28.653368797509756,127.35656121070497,14.080309080040024,37,28961.139096882525,29102.57596717327,experiment,FIFO,0.28,0,variant_4
8219,PACKAGING_3,PACKAGING_LINE_3,29090.463906809648,0.4749889184058702,5,1.9682487164172926,129.32480992712226,12.112060363622732,37,28961.139096882525,29102.57596717327,experiment,FIFO,0.28,0,variant_4
8219,INSPECTION_2_1,INSPECTION_2_1_LINE,29093.28266733316,0.2339603103173431,6,2.8187605235107185,132.14357045063298,9.293299840112013,36,28961.139096882525,29102.57596717327,experiment,FIFO,0.28,0,variant_4
8219,INSPECTION_2_2,INSPECTION_2_2_LINE,29094.593983900988,1.3113165678296355,7,1.3113165678296355,133.4548870184626,7.981983272282378,36,28961.139096882525,29102.57596717327,experiment,FIFO,0.28,0,variant_4
8219,INSPECTION_2_3,INSPECTION_2_3_LINE,29094.611477351547,0.01749345055941376,8,0.01749345055941376,133.47238046902203,7.964489821722964,36,28961.139096882525,29102.57596717327,experiment,FIFO,0.28,0,variant_4
8219,INSPECTION_2_4,INSPECTION_2_4_LINE,29101.450599892127,6.83912254057941,9,6.83912254057941,140.31150300960144,1.1253672811435536,32,28961.139096882525,29102.57596717327,experiment,FIFO,0.28,0,variant_4
8219,INSPECTION_2_5,INSPECTION_2_5_LINE,29101.68624715152,0.2356472593928629,10,0.2356472593928629,140.5471502689943,0.8897200217506906,33,28961.139096882525,29102.57596717327,experiment,FIFO,0.28,0,variant_4
8219,INSPECTION_2_6,INSPECTION_2_6_LINE,29102.08677431306,0.40052716153877554,11,0.40052716153877554,140.94767743053308,0.4891928602119151,33,28961.139096882525,29102.57596717327,experiment,FIFO,0.28,0,variant_4
8219,INSPECTION_2_7,INSPECTION_2_7_LINE,29102.57596717327,0.4891928602119151,12,0.4891928602119151,141.436870290745,0.0,32,28961.139096882525,29102.57596717327,experiment,FIFO,0.28,0,variant_4
8220,MOULDING_1,MOULDING_MACHINE_1,28963.976689745126,4.516918912420806,1,0.0,0.0,152.89168986403456,25,28963.976689745126,29116.86837960916,experiment,FIFO,0.28,0,variant_6
8220,ASSEMBLY_1_3,LINE_3_ASSEMBLY1,28975.301907812664,11.325218067537207,2,11.325218067537207,11.325218067537207,141.56647179649735,23,28963.976689745126,29116.86837960916,experiment,FIFO,0.28,0,variant_6
8220,ASSEMBLY_2_1,ASSEMBLY2_LINE_1,29086.197677270764,26.355387975043413,3,110.8957694581004,122.22098752563761,30.67070233839695,37,28963.976689745126,29116.86837960916,experiment,FIFO,0.28,0,variant_6
8220,SORTING,SORTING_ROBOT_1,29103.79964299659,4.564443100403878,4,17.60196572582572,139.82295325146333,13.068736612571229,32,28963.976689745126,29116.86837960916,experiment,FIFO,0.28,0,variant_6
8220,PACKAGING_3,PACKAGING_LINE_3,29105.99972461845,2.2000816218605905,5,2.2000816218605905,142.02303487332392,10.868654990710638,31,28963.976689745126,29116.86837960916,experiment,FIFO,0.28,0,variant_6
8220,INSPECTION_1_1,INSPECTION_1_1_LINE,29107.136685637488,1.1369610190376989,6,1.1369610190376989,143.15999589236162,9.73169397167294,32,28963.976689745126,29116.86837960916,experiment,FIFO,0.28,0,variant_6
8220,INSPECTION_1_2,INSPECTION_1_2_LINE,29108.1947225189,1.058036881411681,7,1.058036881411681,144.2180327737733,8.673657090261258,33,28963.976689745126,29116.86837960916,experiment,FIFO,0.28,0,variant_6
8220,INSPECTION_1_3,INSPECTION_1_3_LINE,29108.8593826211,0.6646601022002869,8,0.6646601022002869,144.8826928759736,8.008996988060971,33,28963.976689745126,29116.86837960916,experiment,FIFO,0.28,0,variant_6
8220,INSPECTION_1_4,INSPECTION_1_4_LINE,29108.987999027057,0.12861640595656354,9,0.12861640595656354,145.01130928193015,7.880380582104408,33,28963.976689745126,29116.86837960916,experiment,FIFO,0.28,0,variant_6
8220,INSPECTION_1_5,INSPECTION_1_5_LINE,29109.244268604467,0.25626957741042133,10,0.25626957741042133,145.26757885934057,7.624111004693987,33,28963.976689745126,29116.86837960916,experiment,FIFO,0.28,0,variant_6
8220,INSPECTION_1_6,INSPECTION_1_6_LINE,29114.836346715365,1.4504009997763205,11,5.592078110898001,150.85965697023858,2.0320328937959857,36,28963.976689745126,29116.86837960916,experiment,FIFO,0.28,0,variant_6
8220,INSPECTION_1_7,INSPECTION_1_7_LINE,29116.86837960916,2.0320328937959857,12,2.0320328937959857,152.89168986403456,0.0,37,28963.976689745126,29116.86837960916,experiment,FIFO,0.28,0,variant_6
8221,MOULDING_3,MOULDING_MACHINE_3,28969.402062822497,1.0163968011256657,1,0.0,0.0,174.18721977487075,24,28969.402062822497,29143.589282597368,experiment,FIFO,0.28,0,variant_2
8221,ASSEMBLY_1_1,LINE_1_ASSEMBLY1,28985.402740444435,6.284323671890888,2,16.00067762193794,16.00067762193794,158.18654215293282,25,28969.402062822497,29143.589282597368,experiment,FIFO,0.28,0,variant_2
8221,ASSEMBLY_2_1,ASSEMBLY2_LINE_1,29098.451914893674,11.890559060491796,3,113.04917444923922,129.04985207117716,45.1373677036936,34,28969.402062822497,29143.589282597368,experiment,FIFO,0.28,0,variant_2
8221,SORTING,SORTING_ROBOT_1,29119.87221373788,8.793374398159358,4,21.420298844204808,150.47015091538196,23.71706885948879,35,28969.402062822497,29143.589282597368,experiment,FIFO,0.28,0,variant_2
8221,PACKAGING_1,PACKAGING_LINE_1,29132.505444063336,10.628294198257208,5,12.63323032545668,163.10338124083864,11.083838534032111,39,28969.402062822497,29143.589282597368,experiment,FIFO,0.28,0,variant_2
8221,INSPECTION_1_1,INSPECTION_1_1_LINE,29134.021356009005,0.10880546912085265,6,1.5159119456693588,164.619293186508,9.567926588362752,40,28969.402062822497,29143.589282597368,experiment,FIFO,0.28,0,variant_2
8221,INSPECTION_1_2,INSPECTION_1_2_LINE,29134.78347300956,0.4851447544788243,7,0.7621170005550084,165.381410187063,8.805809587807744,41,28969.402062822497,29143.589282597368,experiment,FIFO,0.28,0,variant_2
8221,INSPECTION_1_3,INSPECTION_1_3_LINE,29135.46299121885,0.26582819561008364,8,0.6795182092901086,166.06092839635312,8.126291378517635,39,28969.402062822497,29143.589282597368,experiment,FIFO,0.28,0,variant_2
8221,INSPECTION_1_4,INSPECTION_1_4_LINE,29138.914604719084,3.127659399084223,9,3.451613500234089,169.5125418965872,4.674677878283546,39,28969.402062822497,29143.589282597368,experiment,FIFO,0.28,0,variant_2
8221,INSPECTION_1_5,INSPECTION_1_5_LINE,29139.17024028731,0.2556355682245339,10,0.2556355682245339,169.76817746481174,4.419042310059012,39,28969.402062822497,29143.589282597368,experiment,FIFO,0.28,0,variant_2
8221,INSPECTION_1_6,INSPECTION_1_6_LINE,29140.35692507408,1.186684786771366,11,1.186684786771366,170.9548622515831,3.2323575232876465,38,28969.402062822497,29143.589282597368,experiment,FIFO,0.28,0,variant_2
8221,INSPECTION_1_7,INSPECTION_1_7_LINE,29143.589282597368,3.2323575232876465,12,3.2323575232876465,174.18721977487075,0.0,39,28969.402062822497,29143.589282597368,experiment,FIFO,0.28,0,variant_2
8222,MOULDING_4,MOULDING_MACHINE_4,28976.88754412809,6.3377053057192825,1,0.0,0.0,181.97461823420963,24,28976.88754412809,29158.8621623623,experiment,FIFO,0.28,0,variant_4
8222,ASSEMBLY_1_1,LINE_1_ASSEMBLY1,28999.692314774635,14.289574330199684,2,22.804770646544057,22.804770646544057,159.16984758766557,26,28976.88754412809,29158.8621623623,experiment,FIFO,0.28,0,variant_4
8222,ASSEMBLY_2_1,ASSEMBLY2_LINE_1,29113.235744652982,2.919301795591309,3,113.54342987834752,136.34820052489158,45.62641770931805,37,28976.88754412809,29158.8621623623,experiment,FIFO,0.28,0,variant_4
8222,SORTING,SORTING_ROBOT_1,29145.785712950685,8.267711091444653,4,32.549968297702435,168.89816882259402,13.076449411615613,38,28976.88754412809,29158.8621623623,experiment,FIFO,0.28,0,variant_4
8222,PACKAGING_2,PACKAGING_LINE_2,29146.60114486819,0.8154319175046112,5,0.8154319175046112,169.71360074009863,12.261017494111002,38,28976.88754412809,29158.8621623623,experiment,FIFO,0.28,0,variant_4
8222,INSPECTION_2_1,INSPECTION_2_1_LINE,29150.95483655641,4.35369168822217,6,4.35369168822217,174.0672924283208,7.907325805888831,37,28976.88754412809,29158.8621623623,experiment,FIFO,0.28,0,variant_4
8222,INSPECTION_2_2,INSPECTION_2_2_LINE,29151.933353758734,0.9785172023221094,7,0.9785172023221094,175.0458096306429,6.928808603566722,37,28976.88754412809,29158.8621623623,experiment,FIFO,0.28,0,variant_4
8222,INSPECTION_2_3,INSPECTION_2_3_LINE,29152.895763723005,0.9624099642715009,8,0.9624099642715009,176.0082195949144,5.966398639295221,38,28976.88754412809,29158.8621623623,experiment,FIFO,0.28,0,variant_4
8222,INSPECTION_2_4,INSPECTION_2_4_LINE,29157.59130438173,4.695540658725804,9,4.695540658725804,180.7037602536402,1.2708579805694171,40,28976.88754412809,29158.8621623623,experiment,FIFO,0.28,0,variant_4
8222,INSPECTION_2_5,INSPECTION_2_5_LINE,29157.969331112898,0.3780267311667558,10,0.3780267311667558,181.08178698480697,0.8928312494026613,40,28976.88754412809,29158.8621623623,experiment,FIFO,0.28,0,variant_4
8222,INSPECTION_2_6,INSPECTION_2_6_LINE,29158.78590631227,0.8165751993728918,11,0.8165751993728918,181.89836218417986,0.07625605002976954,40,28976.88754412809,29158.8621623623,experiment,FIFO,0.28,0,variant_4
8222,INSPECTION_2_7,INSPECTION_2_7_LINE,29158.8621623623,0.07625605002976954,12,0.07625605002976954,181.97461823420963,0.0,39,28976.88754412809,29158.8621623623,experiment,FIFO,0.28,0,variant_4
8223,MOULDING_1,MOULDING_MACHINE_1,28978.640965364888,3.2162803440878633,1,0.0,0.0,165.66518358989924,25,28978.640965364888,29144.306148954787,experiment,FIFO,0.28,0,variant_6
8223,ASSEMBLY_1_4,LINE_4_ASSEMBLY1,28985.735627666527,7.094662301638891,2,7.094662301638891,7.094662301638891,158.57052128826035,25,28978.640965364888,29144.306148954787,experiment,FIFO,0.28,0,variant_6
8223,ASSEMBLY_2_1,ASSEMBLY2_LINE_1,29099.99722675566,1.5453118619843735,3,114.26159908913178,121.35626139077067,44.308922199128574,33,28978.640965364888,29144.306148954787,experiment,FIFO,0.28,0,variant_6
8223,SORTING,SORTING_ROBOT_1,29120.31361397977,0.441400241892552,4,20.316387224112987,141.67264861488366,23.992534975015587,36,28978.640965364888,29144.306148954787,experiment,FIFO,0.28,0,variant_6
8223,PACKAGING_1,PACKAGING_LINE_1,29134.03538287834,1.5299388150051527,5,13.72176889856928,155.39441751345294,10.270766076446307,40,28978.640965364888,29144.306148954787,experiment,FIFO,0.28,0,variant_6
8223,INSPECTION_1_1,INSPECTION_1_1_LINE,29138.34596888256,4.310586004219658,6,4.310586004219658,159.7050035176726,5.960180072226649,39,28978.640965364888,29144.306148954787,experiment,FIFO,0.28,0,variant_6
8223,INSPECTION_1_2,INSPECTION_1_2_LINE,29138.649862116945,0.3038932343843044,7,0.3038932343843044,160.0088967520569,5.6562868378423445,39,28978.640965364888,29144.306148954787,experiment,FIFO,0.28,0,variant_6
8223,INSPECTION_1_3,INSPECTION_1_3_LINE,29139.12360374264,0.47374162569394684,8,0.47374162569394684,160.48263837775085,5.182545212148398,39,28978.640965364888,29144.306148954787,experiment,FIFO,0.28,0,variant_6
8223,INSPECTION_1_4,INSPECTION_1_4_LINE,29140.57856867693,1.4549649342916382,9,1.4549649342916382,161.93760331204248,3.7275802778567595,38,28978.640965364888,29144.306148954787,experiment,FIFO,0.28,0,variant_6
8223,INSPECTION_1_5,INSPECTION_1_5_LINE,29141.33025669088,0.7516880139482964,10,0.7516880139482964,162.68929132599078,2.975892263908463,39,28978.640965364888,29144.306148954787,experiment,FIFO,0.28,0,variant_6
8223,INSPECTION_1_6,INSPECTION_1_6_LINE,29141.74407045092,0.41381376004210324,11,0.41381376004210324,163.10310508603288,2.56207850386636,40,28978.640965364888,29144.306148954787,experiment,FIFO,0.28,0,variant_6
8223,INSPECTION_1_7,INSPECTION_1_7_LINE,29144.306148954787,0.7168663574193488,12,2.56207850386636,165.66518358989924,0.0,38,28978.640965364888,29144.306148954787,experiment,FIFO,0.28,0,variant_6
8224,MOULDING_1,MOULDING_MACHINE_1,28984.21668531545,5.575719950560597,1,0.0,0.0,180.51560700640766,25,28984.21668531545,29164.732292321856,experiment,FIFO,0.28,0,variant_3
8224,ASSEMBLY_1_3,LINE_3_ASSEMBLY1,29009.688029618366,25.471344302917714,2,25.471344302917714,25.471344302917714,155.04426270348995,26,28984.21668531545,29164.732292321856,experiment,FIFO,0.28,0,variant_3
8224,ASSEMBLY_2_1,ASSEMBLY2_LINE_1,29113.717410745423,0.4816660924407188,3,104.0293811270567,129.5007254299744,51.014881576433254,36,28984.21668531545,29164.732292321856,experiment,FIFO,0.28,0,variant_3
8224,SORTING,SORTING_ROBOT_1,29146.71038435882,0.9246714081345999,4,32.992973613396316,162.49369904337073,18.021907963036938,38,28984.21668531545,29164.732292321856,experiment,FIFO,0.28,0,variant_3
8224,PACKAGING_3,PACKAGING_LINE_3,29148.696234799023,1.9858504402036488,5,1.9858504402036488,164.47954948357437,16.03605752283329,37,28984.21668531545,29164.732292321856,experiment,FIFO,0.28,0,variant_3
8224,INSPECTION_2_1,INSPECTION_2_1_LINE,29152.44854802121,1.4937114647982526,6,3.7523132221867854,168.23186270576116,12.283744300646504,38,28984.21668531545,29164.732292321856,experiment,FIFO,0.28,0,variant_3
8224,INSPECTION_2_2,INSPECTION_2_2_LINE,29152.562106261023,0.1135582398128463,7,0.1135582398128463,168.345420945574,12.170186060833657,38,28984.21668531545,29164.732292321856,experiment,FIFO,0.28,0,variant_3
8224,INSPECTION_2_3,INSPECTION_2_3_LINE,29153.47790350343,0.5821397804247681,8,0.9157972424072796,169.26121818798129,11.254388818426378,38,28984.21668531545,29164.732292321856,experiment,FIFO,0.28,0,variant_3
8224,INSPECTION_2_4,INSPECTION_2_4_LINE,29157.873713281995,0.28240890026427223,9,4.395809778565308,173.6570279665466,6.85857903986107,40,28984.21668531545,29164.732292321856,experiment,FIFO,0.28,0,variant_3
8224,INSPECTION_2_5,INSPECTION_2_5_LINE,29161.816720907525,3.8473897946278157,10,3.9430076255302993,177.6000355920769,2.9155714143307705,40,28984.21668531545,29164.732292321856,experiment,FIFO,0.28,0,variant_3
8224,INSPECTION_2_6,INSPECTION_2_6_LINE,29163.85666533782,2.0399444302929624,11,2.0399444302929624,179.63998002236985,0.8756269840378081,40,28984.21668531545,29164.732292321856,experiment,FIFO,0.28,0,variant_3
8224,INSPECTION_2_7,INSPECTION_2_7_LINE,29164.732292321856,0.8756269840378081,12,0.8756269840378081,180.51560700640766,0.0,39,28984.21668531545,29164.732292321856,experiment,FIFO,0.28,0,variant_3
8225,MOULDING_5,MOULDING_MACHINE_5,28989.412402188595,6.217654896128806,1,0.0,0.0,179.68910701717687,27,28989.412402188595,29169.10150920577,experiment,FIFO,0.28,0,variant_6
8225,ASSEMBLY_1_3,LINE_3_ASSEMBLY1,29015.21830141808,5.275981115260947,2,25.805899229486386,25.805899229486386,153.88320778769048,28,28989.412402188595,29169.10150920577,experiment,FIFO,0.28,0,variant_6
8225,ASSEMBLY_2_1,ASSEMBLY2_LINE_1,29120.683896154605,6.966485409182496,3,105.46559473652451,131.2714939660109,48.41761305116597,36,28989.412402188595,29169.10150920577,experiment,FIFO,0.28,0,variant_6
8225,SORTING,SORTING_ROBOT_1,29153.491600869635,3.4095450439635897,4,32.807704715029104,164.07919868104,15.609908336136868,38,28989.412402188595,29169.10150920577,experiment,FIFO,0.28,0,variant_6
8225,PACKAGING_3,PACKAGING_LINE_3,29155.78646444893,2.2948635792963614,5,2.2948635792963614,166.37406226033636,13.315044756840507,38,28989.412402188595,29169.10150920577,experiment,FIFO,0.28,0,variant_6
8225,INSPECTION_2_1,INSPECTION_2_1_LINE,29157.25691330407,1.4704488551396935,6,1.4704488551396935,167.84451111547605,11.844595901700814,39,28989.412402188595,29169.10150920577,experiment,FIFO,0.28,0,variant_6
8225,INSPECTION_2_2,INSPECTION_2_2_LINE,29158.28879288416,1.031879580088571,7,1.031879580088571,168.87639069556462,10.812716321612243,40,28989.412402188595,29169.10150920577,experiment,FIFO,0.28,0,variant_6
8225,INSPECTION_2_3,INSPECTION_2_3_LINE,29158.780714967,0.49192208284148364,8,0.49192208284148364,169.3683127784061,10.320794238770759,40,28989.412402188595,29169.10150920577,experiment,FIFO,0.28,0,variant_6
8225,INSPECTION_2_4,INSPECTION_2_4_LINE,29159.61334158682,0.8326266198200756,9,0.8326266198200756,170.20093939822618,9.488167618950683,39,28989.412402188595,29169.10150920577,experiment,FIFO,0.28,0,variant_6
8225,INSPECTION_2_5,INSPECTION_2_5_LINE,29167.40074430674,5.584023399213038,10,7.787402719917736,177.98834211814392,1.7007648990329471,41,28989.412402188595,29169.10150920577,experiment,FIFO,0.28,0,variant_6
8225,INSPECTION_2_6,INSPECTION_2_6_LINE,29167.7437998212,0.3430555144623213,11,0.3430555144623213,178.33139763260624,1.3577093845706258,41,28989.412402188595,29169.10150920577,experiment,FIFO,0.28,0,variant_6
8225,INSPECTION_2_7,INSPECTION_2_7_LINE,29169.10150920577,1.3577093845706258,12,1.3577093845706258,179.68910701717687,0.0,41,28989.412402188595,29169.10150920577,experiment,FIFO,0.28,0,variant_6
8226,MOULDING_2,MOULDING_MACHINE_2,28992.17127479177,5.603568435424677,1,0.0,0.0,63.15753231008057,29,28992.17127479177,29055.32880710185,experiment,FIFO,0.28,0,variant_4
8226,ASSEMBLY_1_3,LINE_3_ASSEMBLY1,29019.929010420747,2.86925111682649,2,27.75773562897666,27.75773562897666,35.39979668110391,26,28992.17127479177,29055.32880710185,experiment,FIFO,0.28,0,variant_4
8226,ASSEMBLY_2_2,ASSEMBLY2_LINE_2,29022.324246114265,2.395235693518771,3,2.395235693518771,30.152971322495432,33.00456098758514,26,28992.17127479177,29055.32880710185,experiment,FIFO,0.28,0,variant_4
8226,SORTING,SORTING_ROBOT_1,29035.33804638677,5.075603656598105,4,13.013800272503431,43.16677159499886,19.990760715081706,26,28992.17127479177,29055.32880710185,experiment,FIFO,0.28,0,variant_4
8226,PACKAGING_1,PACKAGING_LINE_1,29042.637995872003,7.29994948523381,5,7.29994948523381,50.466721080232674,12.690811229847895,28,28992.17127479177,29055.32880710185,experiment,FIFO,0.28,0,variant_4
8226,INSPECTION_1_1,INSPECTION_1_1_LINE,29044.11239984761,1.4744039756078564,6,1.4744039756078564,51.94112505584053,11.216407254240039,28,28992.17127479177,29055.32880710185,experiment,FIFO,0.28,0,variant_4
8226,INSPECTION_1_2,INSPECTION_1_2_LINE,29046.10533582153,1.9929359739180654,7,1.9929359739180654,53.934061029758595,9.223471280321974,31,28992.17127479177,29055.32880710185,experiment,FIFO,0.28,0,variant_4
8226,INSPECTION_1_3,INSPECTION_1_3_LINE,29048.333732952065,2.228397130536905,8,2.228397130536905,56.1624581602955,6.995074149785069,31,28992.17127479177,29055.32880710185,experiment,FIFO,0.28,0,variant_4
8226,INSPECTION_1_4,INSPECTION_1_4_LINE,29050.93945954537,2.6057265933050076,9,2.6057265933050076,58.76818475360051,4.389347556480061,34,28992.17127479177,29055.32880710185,experiment,FIFO,0.28,0,variant_4
8226,INSPECTION_1_5,INSPECTION_1_5_LINE,29052.722087886148,1.7826283407775918,10,1.7826283407775918,60.5508130943781,2.6067192157024692,34,28992.17127479177,29055.32880710185,experiment,FIFO,0.28,0,variant_4
8226,INSPECTION_1_6,INSPECTION_1_6_LINE,29054.119934539314,1.397846653166198,11,1.397846653166198,61.9486597475443,1.2088725625362713,34,28992.17127479177,29055.32880710185,experiment,FIFO,0.28,0,variant_4
8226,INSPECTION_1_7,INSPECTION_1_7_LINE,29055.32880710185,1.2088725625362713,12,1.2088725625362713,63.15753231008057,0.0,33,28992.17127479177,29055.32880710185,experiment,FIFO,0.28,0,variant_4
8227,MOULDING_1,MOULDING_MACHINE_1,28989.00313134342,0.9138484963295923,1,0.0,0.0,17.113641749088856,26,28989.00313134342,29006.116773092508,experiment,FIFO,0.28,0,variant_5
8227,ASSEMBLY_1_2,LINE_2_ASSEMBLY1,28989.455299777088,0.4521684336687031,2,0.4521684336687031,0.4521684336687031,16.661473315420153,27,28989.00313134342,29006.116773092508,experiment,FIFO,0.28,0,variant_5
8227,ASSEMBLY_2_2,ASSEMBLY2_LINE_2,28991.779331660862,2.324031883774296,3,2.324031883774296,2.776200317442999,14.337441431645857,27,28989.00313134342,29006.116773092508,experiment,FIFO,0.28,0,variant_5
8227,SORTING,SORTING_ROBOT_1,28997.09795648356,0.645350471331767,4,5.318624822699348,8.094825140142348,9.018816608946508,27,28989.00313134342,29006.116773092508,experiment,FIFO,0.28,0,variant_5
8227,PACKAGING_2,PACKAGING_LINE_2,28998.778732238185,1.6807757546230278,5,1.6807757546230278,9.775600894765375,7.338040854323481,26,28989.00313134342,29006.116773092508,experiment,FIFO,0.28,0,variant_5
8227,INSPECTION_1_1,INSPECTION_1_1_LINE,28999.841162808963,1.0624305707788153,6,1.0624305707788153,10.83803146554419,6.275610283544665,26,28989.00313134342,29006.116773092508,experiment,FIFO,0.28,0,variant_5
8227,INSPECTION_1_2,INSPECTION_1_2_LINE,28999.841988043445,0.0008252344814536627,7,0.0008252344814536627,10.838856700025644,6.274785049063212,26,28989.00313134342,29006.116773092508,experiment,FIFO,0.28,0,variant_5
8227,INSPECTION_1_3,INSPECTION_1_3_LINE,29000.85130857939,0.9040427786130749,8,1.0093205359444255,11.84817723597007,5.265464513118786,26,28989.00313134342,29006.116773092508,experiment,FIFO,0.28,0,variant_5
8227,INSPECTION_1_4,INSPECTION_1_4_LINE,29000.992881491893,0.14157291250376147,9,0.14157291250376147,11.989750148473831,5.123891600615025,26,28989.00313134342,29006.116773092508,experiment,FIFO,0.28,0,variant_5
8227,INSPECTION_1_5,INSPECTION_1_5_LINE,29002.28405996648,0.19292565411160467,10,1.2911784745883779,13.28092862306221,3.832713126026647,26,28989.00313134342,29006.116773092508,experiment,FIFO,0.28,0,variant_5
8227,INSPECTION_1_6,INSPECTION_1_6_LINE,29005.34780530765,1.0287122481277038,11,3.063745341169124,16.344673964231333,0.7689677848575229,26,28989.00313134342,29006.116773092508,experiment,FIFO,0.28,0,variant_5
8227,INSPECTION_1_7,INSPECTION_1_7_LINE,29006.116773092508,0.7689677848575229,12,0.7689677848575229,17.113641749088856,0.0,25,28989.00313134342,29006.116773092508,experiment,FIFO,0.28,0,variant_5
8228,MOULDING_3,MOULDING_MACHINE_3,28988.431721498328,0.2978941950277658,1,0.0,0.0,30.806954273521114,25,28988.431721498328,29019.23867577185,experiment,FIFO,0.28,0,variant_6
8228,ASSEMBLY_1_3,LINE_3_ASSEMBLY1,29009.94232030282,0.2542906844537356,2,21.510598804492474,21.510598804492474,9.29635546902864,26,28988.431721498328,29019.23867577185,experiment,FIFO,0.28,0,variant_6
8228,ASSEMBLY_2_2,ASSEMBLY2_LINE_2,29011.15215652223,1.2098362194083165,3,1.2098362194083165,22.72043502390079,8.086519249620324,27,28988.431721498328,29019.23867577185,experiment,FIFO,0.28,0,variant_6
8228,SORTING,SORTING_ROBOT_1,29011.497678651416,0.3455221291878843,4,0.3455221291878843,23.065957153088675,7.740997120432439,27,28988.431721498328,29019.23867577185,experiment,FIFO,0.28,0,variant_6
8228,PACKAGING_2,PACKAGING_LINE_2,29012.17881956202,0.10970524226286216,5,0.6811409106048814,23.747098063693556,7.059856209827558,27,28988.431721498328,29019.23867577185,experiment,FIFO,0.28,0,variant_6
8228,INSPECTION_1_1,INSPECTION_1_1_LINE,29012.25552970796,0.07671014593870495,6,0.07671014593870495,23.82380820963226,6.983146063888853,27,28988.431721498328,29019.23867577185,experiment,FIFO,0.28,0,variant_6
8228,INSPECTION_1_2,INSPECTION_1_2_LINE,29013.678923970256,1.4233942622959148,7,1.4233942622959148,25.247202471928176,5.559751801592938,27,28988.431721498328,29019.23867577185,experiment,FIFO,0.28,0,variant_6
8228,INSPECTION_1_3,INSPECTION_1_3_LINE,29015.97958751777,2.3006635475139774,8,2.3006635475139774,27.547866019442154,3.2590882540789607,27,28988.431721498328,29019.23867577185,experiment,FIFO,0.28,0,variant_6
8228,INSPECTION_1_4,INSPECTION_1_4_LINE,29015.98071910452,0.0011315867486700881,9,0.0011315867486700881,27.548997606190824,3.2579566673302907,27,28988.431721498328,29019.23867577185,experiment,FIFO,0.28,0,variant_6
8228,INSPECTION_1_5,INSPECTION_1_5_LINE,29016.44916137724,0.46844227272231365,10,0.46844227272231365,28.017439878913137,2.789514394607977,27,28988.431721498328,29019.23867577185,experiment,FIFO,0.28,0,variant_6
8228,INSPECTION_1_6,INSPECTION_1_6_LINE,29016.55648191248,0.10732053524043295,11,0.10732053524043295,28.12476041415357,2.682193859367544,27,28988.431721498328,29019.23867577185,experiment,FIFO,0.28,0,variant_6
8228,INSPECTION_1_7,INSPECTION_1_7_LINE,29019.23867577185,2.682193859367544,12,2.682193859367544,30.806954273521114,0.0,26,28988.431721498328,29019.23867577185,experiment,FIFO,0.28,0,variant_6
8229,MOULDING_1,MOULDING_MACHINE_1,28991.81088667783,2.8077553344119224,1,0.0,0.0,143.52701430516026,28,28991.81088667783,29135.33790098299,experiment,FIFO,0.28,0,variant_3
8229,ASSEMBLY_1_4,LINE_4_ASSEMBLY1,28994.552313673787,2.7414269959554076,2,2.7414269959554076,2.7414269959554076,140.78558730920486,29,28991.81088667783,29135.33790098299,experiment,FIFO,0.28,0,variant_3
8229,ASSEMBLY_2_1,ASSEMBLY2_LINE_1,29110.31644285739,10.319216101732309,3,115.76412918360438,118.50555617955979,25.021458125600475,34,28991.81088667783,29135.33790098299,experiment,FIFO,0.28,0,variant_3
8229,SORTING,SORTING_ROBOT_1,29123.14639732416,2.8327833443872805,4,12.829954466767958,131.33551064632775,12.191503658832517,37,28991.81088667783,29135.33790098299,experiment,FIFO,0.28,0,variant_3
8229,PACKAGING_2,PACKAGING_LINE_2,29131.17648158709,8.03008426292945,5,8.03008426292945,139.3655949092572,4.161419395903067,39,28991.81088667783,29135.33790098299,experiment,FIFO,0.28,0,variant_3
8229,INSPECTION_1_1,INSPECTION_1_1_LINE,29131.793475150487,0.6169935633988644,6,0.6169935633988644,139.98258847265606,3.544425832504203,39,28991.81088667783,29135.33790098299,experiment,FIFO,0.28,0,variant_3
8229,INSPECTION_1_2,INSPECTION_1_2_LINE,29133.36294055064,1.5694654001526942,7,1.5694654001526942,141.55205387280876,1.9749604323515086,39,28991.81088667783,29135.33790098299,experiment,FIFO,0.28,0,variant_3
8229,INSPECTION_1_3,INSPECTION_1_3_LINE,29133.91249425116,0.5495537005190272,8,0.5495537005190272,142.10160757332778,1.4254067318324815,39,28991.81088667783,29135.33790098299,experiment,FIFO,0.28,0,variant_3
8229,INSPECTION_1_4,INSPECTION_1_4_LINE,29133.979111488672,0.0666172375131282,9,0.0666172375131282,142.1682248108409,1.3587894943193533,40,28991.81088667783,29135.33790098299,experiment,FIFO,0.28,0,variant_3
8229,INSPECTION_1_5,INSPECTION_1_5_LINE,29134.263416563568,0.28430507489611045,10,0.28430507489611045,142.45252988573702,1.0744844194232428,40,28991.81088667783,29135.33790098299,experiment,FIFO,0.28,0,variant_3
8229,INSPECTION_1_6,INSPECTION_1_6_LINE,29134.704519625127,0.4411030615592608,11,0.4411030615592608,142.89363294729628,0.633381357863982,40,28991.81088667783,29135.33790098299,experiment,FIFO,0.28,0,variant_3
8229,INSPECTION_1_7,INSPECTION_1_7_LINE,29135.33790098299,0.633381357863982,12,0.633381357863982,143.52701430516026,0.0,39,28991.81088667783,29135.33790098299,experiment,FIFO,0.28,0,variant_3
8230,MOULDING_5,MOULDING_MACHINE_5,28991.44148634425,0.8961316102613637,1,0.0,0.0,187.07104297099067,27,28991.44148634425,29178.51252931524,experiment,FIFO,0.28,0,variant_2
8230,ASSEMBLY_1_3,LINE_3_ASSEMBLY1,29017.05975930392,1.8414578858391906,2,25.61827295966941,25.61827295966941,161.45277001132126,27,28991.44148634425,29178.51252931524,experiment,FIFO,0.28,0,variant_2
8230,ASSEMBLY_2_1,ASSEMBLY2_LINE_1,29130.376253989936,2.39826600183369,3,113.31649468601609,138.9347676456855,48.13627532530518,38,28991.44148634425,29178.51252931524,experiment,FIFO,0.28,0,variant_2
8230,SORTING,SORTING_ROBOT_1,29160.54310989437,2.4089029043607297,4,30.16685590443376,169.10162355011926,17.969419420871418,40,28991.44148634425,29178.51252931524,experiment,FIFO,0.28,0,variant_2
8230,PACKAGING_2,PACKAGING_LINE_2,29174.42130842506,5.545295905500097,5,13.878198530688678,182.97982208080793,4.09122089018274,39,28991.44148634425,29178.51252931524,experiment,FIFO,0.28,0,variant_2
8230,INSPECTION_1_1,INSPECTION_1_1_LINE,29174.817791868765,0.3964834437065292,6,0.3964834437065292,183.37630552451446,3.6947374464762106,39,28991.44148634425,29178.51252931524,experiment,FIFO,0.28,0,variant_2
8230,INSPECTION_1_2,INSPECTION_1_2_LINE,29175.31471488993,0.4969230211645481,7,0.4969230211645481,183.873228545679,3.1978144253116625,40,28991.44148634425,29178.51252931524,experiment,FIFO,0.28,0,variant_2
8230,INSPECTION_1_3,INSPECTION_1_3_LINE,29175.33596504856,0.021250158632028615,8,0.021250158632028615,183.89447870431104,3.176564266679634,40,28991.44148634425,29178.51252931524,experiment,FIFO,0.28,0,variant_2
8230,INSPECTION_1_4,INSPECTION_1_4_LINE,29177.64142450382,2.3054594552595518,9,2.3054594552595518,186.1999381595706,0.8711048114200821,40,28991.44148634425,29178.51252931524,experiment,FIFO,0.28,0,variant_2
8230,INSPECTION_1_5,INSPECTION_1_5_LINE,29177.88675072392,0.2453262200979225,10,0.2453262200979225,186.44526437966852,0.6257785913221596,40,28991.44148634425,29178.51252931524,experiment,FIFO,0.28,0,variant_2
8230,INSPECTION_1_6,INSPECTION_1_6_LINE,29178.084540693824,0.19778996990498854,11,0.19778996990498854,186.6430543495735,0.4279886214171711,40,28991.44148634425,29178.51252931524,experiment,FIFO,0.28,0,variant_2
8230,INSPECTION_1_7,INSPECTION_1_7_LINE,29178.51252931524,0.4279886214171711,12,0.4279886214171711,187.07104297099067,0.0,39,28991.44148634425,29178.51252931524,experiment,FIFO,0.28,0,variant_2
8231,MOULDING_4,MOULDING_MACHINE_4,29002.63677424727,2.9802476140284853,1,0.0,0.0,191.15875835662155,27,29002.63677424727,29193.79553260389,experiment,FIFO,0.28,0,variant_4
8231,ASSEMBLY_1_3,LINE_3_ASSEMBLY1,29027.38947930309,7.4604688823419565,2,24.752705055820115,24.752705055820115,166.40605330080143,27,29002.63677424727,29193.79553260389,experiment,FIFO,0.28,0,variant_4
8231,ASSEMBLY_2_1,ASSEMBLY2_LINE_1,29140.64011411278,9.978287529367663,3,113.25063480969038,138.0033398655105,53.15541849111105,38,29002.63677424727,29193.79553260389,experiment,FIFO,0.28,0,variant_4
8231,SORTING,SORTING_ROBOT_1,29175.234892307228,2.6504433244190295,4,34.594778194448736,172.59811805995923,18.560640296662314,39,29002.63677424727,29193.79553260389,experiment,FIFO,0.28,0,variant_4
8231,PACKAGING_1,PACKAGING_LINE_1,29186.16398772808,10.929095420851809,5,10.929095420851809,183.52721348081104,7.631544875810505,39,29002.63677424727,29193.79553260389,experiment,FIFO,0.28,0,variant_4
8231,INSPECTION_2_1,INSPECTION_2_1_LINE,29190.154549541272,3.990561813192471,6,3.990561813192471,187.5177752940035,3.6409830626180337,40,29002.63677424727,29193.79553260389,experiment,FIFO,0.28,0,variant_4
8231,INSPECTION_2_2,INSPECTION_2_2_LINE,29191.311066114653,1.1565165733809408,7,1.1565165733809408,188.67429186738445,2.484466489237093,41,29002.63677424727,29193.79553260389,experiment,FIFO,0.28,0,variant_4
8231,INSPECTION_2_3,INSPECTION_2_3_LINE,29191.500582431632,0.1895163169792795,8,0.1895163169792795,188.86380818436373,2.2949501722578134,41,29002.63677424727,29193.79553260389,experiment,FIFO,0.28,0,variant_4
8231,INSPECTION_2_4,INSPECTION_2_4_LINE,29192.179863592937,0.6792811613049707,9,0.6792811613049707,189.5430893456687,1.6156690109528427,42,29002.63677424727,29193.79553260389,experiment,FIFO,0.28,0,variant_4
8231,INSPECTION_2_5,INSPECTION_2_5_LINE,29193.071182554908,0.8913189619706827,10,0.8913189619706827,190.4344083076394,0.7243500489821599,42,29002.63677424727,29193.79553260389,experiment,FIFO,0.28,0,variant_4
8231,INSPECTION_2_6,INSPECTION_2_6_LINE,29193.7143744261,0.6431918711932667,11,0.6431918711932667,191.07760017883265,0.08115817778889323,42,29002.63677424727,29193.79553260389,experiment,FIFO,0.28,0,variant_4
8231,INSPECTION_2_7,INSPECTION_2_7_LINE,29193.79553260389,0.08115817778889323,12,0.08115817778889323,191.15875835662155,0.0,41,29002.63677424727,29193.79553260389,experiment,FIFO,0.28,0,variant_4
8232,MOULDING_2,MOULDING_MACHINE_2,29006.920650541146,7.185176856059115,1,0.0,0.0,199.52572471349413,26,29006.920650541146,29206.44637525464,experiment,FIFO,0.28,0,variant_2
8232,ASSEMBLY_1_3,LINE_3_ASSEMBLY1,29042.26782654774,14.878347244652105,2,35.347176006594964,35.347176006594964,164.17854870689916,28,29006.920650541146,29206.44637525464,experiment,FIFO,0.28,0,variant_2
8232,ASSEMBLY_2_1,ASSEMBLY2_LINE_1,29157.540800155388,2.5476572968327673,3,115.27297360764715,150.6201496142421,48.90557509925202,40,29006.920650541146,29206.44637525464,experiment,FIFO,0.28,0,variant_2
8232,SORTING,SORTING_ROBOT_1,29177.82997926072,1.4860644031978154,4,20.28917910533346,170.90932871957557,28.61639599391856,40,29006.920650541146,29206.44637525464,experiment,FIFO,0.28,0,variant_2
8232,PACKAGING_2,PACKAGING_LINE_2,29186.79544226155,5.030655954447866,5,8.965463000829914,179.87479172040548,19.650932993088645,39,29006.920650541146,29206.44637525464,experiment,FIFO,0.28,0,variant_2
8232,INSPECTION_2_1,INSPECTION_2_1_LINE,29190.213009764368,0.058460223095607944,6,3.4175675028163823,183.29235922322187,16.233365490272263,40,29006.920650541146,29206.44637525464,experiment,FIFO,0.28,0,variant_2
8232,INSPECTION_2_2,INSPECTION_2_2_LINE,29193.66138434718,2.3503182325257512,7,3.448374582811084,186.74073380603295,12.784990907461179,42,29006.920650541146,29206.44637525464,experiment,FIFO,0.28,0,variant_2
8232,INSPECTION_2_3,INSPECTION_2_3_LINE,29200.37804642176,6.716662074581109,8,6.716662074581109,193.45739588061406,6.06832883288007,40,29006.920650541146,29206.44637525464,experiment,FIFO,0.28,0,variant_2
8232,INSPECTION_2_4,INSPECTION_2_4_LINE,29201.801664457787,1.4236180360276194,9,1.4236180360276194,194.88101391664168,4.644710796852451,39,29006.920650541146,29206.44637525464,experiment,FIFO,0.28,0,variant_2
8232,INSPECTION_2_5,INSPECTION_2_5_LINE,29201.91120229904,0.10953784125376842,10,0.10953784125376842,194.99055175789545,4.535172955598682,39,29006.920650541146,29206.44637525464,experiment,FIFO,0.28,0,variant_2
8232,INSPECTION_2_6,INSPECTION_2_6_LINE,29206.038100486578,4.126898187536426,11,4.126898187536426,199.11744994543187,0.40827476806225604,39,29006.920650541146,29206.44637525464,experiment,FIFO,0.28,0,variant_2
8232,INSPECTION_2_7,INSPECTION_2_7_LINE,29206.44637525464,0.40827476806225604,12,0.40827476806225604,199.52572471349413,0.0,38,29006.920650541146,29206.44637525464,experiment,FIFO,0.28,0,variant_2
8233,MOULDING_4,MOULDING_MACHINE_4,29011.09074163615,1.0768316895409953,1,0.0,0.0,185.89270594773916,27,29011.09074163615,29196.98344758389,experiment,FIFO,0.28,0,variant_6
8233,ASSEMBLY_1_3,LINE_3_ASSEMBLY1,29042.39119695289,0.12337040514830733,2,31.300455316737498,31.300455316737498,154.59225063100166,28,29011.09074163615,29196.98344758389,experiment,FIFO,0.28,0,variant_6
8233,ASSEMBLY_2_1,ASSEMBLY2_LINE_1,29157.58947587801,0.04867572262082831,3,115.19827892511967,146.49873424185716,39.393971705881995,40,29011.09074163615,29196.98344758389,experiment,FIFO,0.28,0,variant_6
8233,SORTING,SORTING_ROBOT_1,29183.63048367764,5.800504416918557,4,26.04100779963119,172.53974204148835,13.352963906250807,39,29011.09074163615,29196.98344758389,experiment,FIFO,0.28,0,variant_6
8233,PACKAGING_2,PACKAGING_LINE_2,29189.399786403203,2.6043441416513815,5,5.7693027255627385,178.3090447670511,7.583661180688068,39,29011.09074163615,29196.98344758389,experiment,FIFO,0.28,0,variant_6
8233,INSPECTION_1_1,INSPECTION_1_1_LINE,29189.54995164004,0.15016523683880223,6,0.15016523683880223,178.4592100038899,7.433495943849266,40,29011.09074163615,29196.98344758389,experiment,FIFO,0.28,0,variant_6
8233,INSPECTION_1_2,INSPECTION_1_2_LINE,29190.386032579387,0.8360809393452655,7,0.8360809393452655,179.29529094323516,6.5974150045040005,40,29011.09074163615,29196.98344758389,experiment,FIFO,0.28,0,variant_6
8233,INSPECTION_1_3,INSPECTION_1_3_LINE,29191.242764540464,0.8567319610774575,8,0.8567319610774575,180.15202290431262,5.740683043426543,41,29011.09074163615,29196.98344758389,experiment,FIFO,0.28,0,variant_6
8233,INSPECTION_1_4,INSPECTION_1_4_LINE,29192.571177843434,1.328413302970148,9,1.328413302970148,181.48043620728276,4.412269740456395,42,29011.09074163615,29196.98344758389,experiment,FIFO,0.28,0,variant_6
8233,INSPECTION_1_5,INSPECTION_1_5_LINE,29192.741505585283,0.17032774184917798,10,0.17032774184917798,181.65076394913194,4.241941998607217,42,29011.09074163615,29196.98344758389,experiment,FIFO,0.28,0,variant_6
8233,INSPECTION_1_6,INSPECTION_1_6_LINE,29195.71816026909,0.4628361202230735,11,2.9766546838072827,184.62741863293923,1.2652873147999344,40,29011.09074163615,29196.98344758389,experiment,FIFO,0.28,0,variant_6
8233,INSPECTION_1_7,INSPECTION_1_7_LINE,29196.98344758389,1.2652873147999344,12,1.2652873147999344,185.89270594773916,0.0,39,29011.09074163615,29196.98344758389,experiment,FIFO,0.28,0,variant_6
8234,MOULDING_3,MOULDING_MACHINE_3,29014.734516902467,3.2886253969118115,1,0.0,0.0,159.1283015482586,28,29014.734516902467,29173.862818450725,experiment,FIFO,0.28,0,variant_3
8234,ASSEMBLY_1_5,LINE_5_ASSEMBLY1,29022.52414304961,7.789626147143281,2,7.789626147143281,7.789626147143281,151.33867540111532,26,29014.734516902467,29173.862818450725,experiment,FIFO,0.28,0,variant_3
8234,ASSEMBLY_2_1,ASSEMBLY2_LINE_1,29130.66182658341,0.2855725934750808,3,108.13768353380146,115.92730968094475,43.20099186731386,38,29014.734516902467,29173.862818450725,experiment,FIFO,0.28,0,variant_3
8234,SORTING,SORTING_ROBOT_1,29164.23954204395,2.467559816188441,4,33.57771546053846,149.5050251414832,9.623276406775403,40,29014.734516902467,29173.862818450725,experiment,FIFO,0.28,0,variant_3
8234,PACKAGING_1,PACKAGING_LINE_1,29165.72550691747,1.4859648735218798,5,1.4859648735218798,150.99099001500508,8.137311533253524,40,29014.734516902467,29173.862818450725,experiment,FIFO,0.28,0,variant_3
8234,INSPECTION_2_1,INSPECTION_2_1_LINE,29166.40311139817,0.6776044806974824,6,0.6776044806974824,151.66859449570256,7.459707052556041,41,29014.734516902467,29173.862818450725,experiment,FIFO,0.28,0,variant_3
8234,INSPECTION_2_2,INSPECTION_2_2_LINE,29166.855131764125,0.45202036595583195,7,0.45202036595583195,152.1206148616584,7.007686686600209,41,29014.734516902467,29173.862818450725,experiment,FIFO,0.28,0,variant_3
8234,INSPECTION_2_3,INSPECTION_2_3_LINE,29168.72288290981,1.8677511456844513,8,1.8677511456844513,153.98836600734285,5.139935540915758,42,29014.734516902467,29173.862818450725,experiment,FIFO,0.28,0,variant_3
8234,INSPECTION_2_4,INSPECTION_2_4_LINE,29169.172546321184,0.44966341137478594,9,0.44966341137478594,154.43802941871763,4.690272129540972,41,29014.734516902467,29173.862818450725,experiment,FIFO,0.28,0,variant_3
8234,INSPECTION_2_5,INSPECTION_2_5_LINE,29169.67459489312,0.24152601412060903,10,0.5020485719360295,154.94007799065366,4.1882235576049425,41,29014.734516902467,29173.862818450725,experiment,FIFO,0.28,0,variant_3
8234,INSPECTION_2_6,INSPECTION_2_6_LINE,29170.80961551415,0.14991278557135956,11,1.1350206210299802,156.07509861168364,3.0532029365749622,42,29014.734516902467,29173.862818450725,experiment,FIFO,0.28,0,variant_3
8234,INSPECTION_2_7,INSPECTION_2_7_LINE,29173.862818450725,0.005945620363490889,12,3.0532029365749622,159.1283015482586,0.0,39,29014.734516902467,29173.862818450725,experiment,FIFO,0.28,0,variant_3
8235,MOULDING_3,MOULDING_MACHINE_3,29015.705845978253,0.9713290757863433,1,0.0,0.0,165.3693400956654,28,29015.705845978253,29181.07518607392,experiment,FIFO,0.28,0,variant_4
8235,ASSEMBLY_1_2,LINE_2_ASSEMBLY1,29015.74807944296,0.042233464708260726,2,0.042233464708260726,0.042233464708260726,165.32710663095713,28,29015.705845978253,29181.07518607392,experiment,FIFO,0.28,0,variant_4
8235,ASSEMBLY_2_1,ASSEMBLY2_LINE_1,29127.977987988103,7.2940918334970775,3,112.22990854514137,112.27214200984963,53.09719808581576,37,29015.705845978253,29181.07518607392,experiment,FIFO,0.28,0,variant_4
8235,SORTING,SORTING_ROBOT_1,29156.133766014267,2.2246243184235936,4,28.155778026164626,140.42792003601426,24.941420059651136,39,29015.705845978253,29181.07518607392,experiment,FIFO,0.28,0,variant_4
8235,PACKAGING_2,PACKAGING_LINE_2,29168.87601251956,12.742246505291405,5,12.742246505291405,153.17016654130566,12.199173554359731,42,29015.705845978253,29181.07518607392,experiment,FIFO,0.28,0,variant_4
8235,INSPECTION_2_1,INSPECTION_2_1_LINE,29170.69747912064,1.8214666010826477,6,1.8214666010826477,154.9916331423883,10.377706953277084,42,29015.705845978253,29181.07518607392,experiment,FIFO,0.28,0,variant_4
8235,INSPECTION_2_2,INSPECTION_2_2_LINE,29171.552043351017,0.8545642303761269,7,0.8545642303761269,155.84619737276444,9.523142722900957,42,29015.705845978253,29181.07518607392,experiment,FIFO,0.28,0,variant_4
8235,INSPECTION_2_3,INSPECTION_2_3_LINE,29175.42552892848,3.8734855774637253,8,3.8734855774637253,159.71968295022816,5.6496571454372315,40,29015.705845978253,29181.07518607392,experiment,FIFO,0.28,0,variant_4
8235,INSPECTION_2_4,INSPECTION_2_4_LINE,29176.320741711,0.895212782517774,9,0.895212782517774,160.61489573274594,4.7544443629194575,40,29015.705845978253,29181.07518607392,experiment,FIFO,0.28,0,variant_4
8235,INSPECTION_2_5,INSPECTION_2_5_LINE,29176.96916347724,0.6484217662400624,10,0.6484217662400624,161.263317498986,4.106022596679395,40,29015.705845978253,29181.07518607392,experiment,FIFO,0.28,0,variant_4
8235,INSPECTION_2_6,INSPECTION_2_6_LINE,29181.05003373657,4.080870259331277,11,4.080870259331277,165.34418775831728,0.025152337348117726,39,29015.705845978253,29181.07518607392,experiment,FIFO,0.28,0,variant_4
8235,INSPECTION_2_7,INSPECTION_2_7_LINE,29181.07518607392,0.025152337348117726,12,0.025152337348117726,165.3693400956654,0.0,38,29015.705845978253,29181.07518607392,experiment,FIFO,0.28,0,variant_4
8236,MOULDING_5,MOULDING_MACHINE_5,29020.545459742567,7.855631301910762,1,0.0,0.0,39.26041201233238,27,29020.545459742567,29059.8058717549,experiment,FIFO,0.28,0,variant_2
8236,ASSEMBLY_1_2,LINE_2_ASSEMBLY1,29024.098094307024,3.5526345644575485,2,3.5526345644575485,3.5526345644575485,35.70777744787483,27,29020.545459742567,29059.8058717549,experiment,FIFO,0.28,0,variant_2
8236,ASSEMBLY_2_2,ASSEMBLY2_LINE_2,29042.08184770377,17.98375339674385,3,17.98375339674385,21.5363879612014,17.724024051130982,28,29020.545459742567,29059.8058717549,experiment,FIFO,0.28,0,variant_2
8236,SORTING,SORTING_ROBOT_1,29047.92035058326,2.2031911256490275,4,5.838502879490989,27.374890840692387,11.885521171639994,31,29020.545459742567,29059.8058717549,experiment,FIFO,0.28,0,variant_2
8236,PACKAGING_2,PACKAGING_LINE_2,29048.863827490364,0.9434769071049232,5,0.9434769071049232,28.31836774779731,10.94204426453507,31,29020.545459742567,29059.8058717549,experiment,FIFO,0.28,0,variant_2
8236,INSPECTION_1_1,INSPECTION_1_1_LINE,29050.00668705445,1.1428595640863932,6,1.1428595640863932,29.461227311883704,9.799184700448677,31,29020.545459742567,29059.8058717549,experiment,FIFO,0.28,0,variant_2
8236,INSPECTION_1_2,INSPECTION_1_2_LINE,29052.994251562697,2.987564508246578,7,2.987564508246578,32.44879182013028,6.811620192202099,34,29020.545459742567,29059.8058717549,experiment,FIFO,0.28,0,variant_2
8236,INSPECTION_1_3,INSPECTION_1_3_LINE,29054.705138024503,1.710886461805785,8,1.710886461805785,34.15967828193607,5.100733730396314,34,29020.545459742567,29059.8058717549,experiment,FIFO,0.28,0,variant_2
8236,INSPECTION_1_4,INSPECTION_1_4_LINE,29054.76896699458,0.06382897007642896,9,0.06382897007642896,34.223507252012496,5.036904760319885,34,29020.545459742567,29059.8058717549,experiment,FIFO,0.28,0,variant_2
8236,INSPECTION_1_5,INSPECTION_1_5_LINE,29056.19153826796,1.4225712733823457,10,1.4225712733823457,35.64607852539484,3.6143334869375394,33,29020.545459742567,29059.8058717549,experiment,FIFO,0.28,0,variant_2
8236,INSPECTION_1_6,INSPECTION_1_6_LINE,29058.3301499832,2.1386117152396764,11,2.1386117152396764,37.78469024063452,1.475721771697863,35,29020.545459742567,29059.8058717549,experiment,FIFO,0.28,0,variant_2
8236,INSPECTION_1_7,INSPECTION_1_7_LINE,29059.8058717549,1.475721771697863,12,1.475721771697863,39.26041201233238,0.0,34,29020.545459742567,29059.8058717549,experiment,FIFO,0.28,0,variant_2
8237,MOULDING_2,MOULDING_MACHINE_2,29036.47858576235,21.77747395732149,1,0.0,0.0,44.91684942892971,29,29036.47858576235,29081.39543519128,experiment,FIFO,0.28,0,variant_1
8237,ASSEMBLY_1_5,LINE_5_ASSEMBLY1,29038.160657441666,1.6820716793154133,2,1.6820716793154133,1.6820716793154133,43.234777749614295,28,29036.47858576235,29081.39543519128,experiment,FIFO,0.28,0,variant_1
8237,ASSEMBLY_2_2,ASSEMBLY2_LINE_2,29050.410606787347,1.2825376664186479,3,12.24994934568167,13.932021024997084,30.984828403932624,31,29036.47858576235,29081.39543519128,experiment,FIFO,0.28,0,variant_1
8237,SORTING,SORTING_ROBOT_1,29068.50827210226,2.036927395427483,4,18.097665314911865,32.02968633990895,12.88716308902076,35,29036.47858576235,29081.39543519128,experiment,FIFO,0.28,0,variant_1
8237,PACKAGING_1,PACKAGING_LINE_1,29075.84162030151,0.9395411642981344,5,7.333348199252214,39.36303453916116,5.553814889768546,35,29036.47858576235,29081.39543519128,experiment,FIFO,0.28,0,variant_1
8237,INSPECTION_2_1,INSPECTION_2_1_LINE,29076.13803796789,0.29641766637723777,6,0.29641766637723777,39.6594522055384,5.257397223391308,35,29036.47858576235,29081.39543519128,experiment,FIFO,0.28,0,variant_1
8237,INSPECTION_2_2,INSPECTION_2_2_LINE,29076.609664332933,0.47162636504435795,7,0.47162636504435795,40.13107857058276,4.78577085834695,35,29036.47858576235,29081.39543519128,experiment,FIFO,0.28,0,variant_1
8237,INSPECTION_2_3,INSPECTION_2_3_LINE,29077.36089599785,0.7512316649153945,8,0.7512316649153945,40.88231023549815,4.034539193431556,35,29036.47858576235,29081.39543519128,experiment,FIFO,0.28,0,variant_1
8237,INSPECTION_2_4,INSPECTION_2_4_LINE,29077.456403979093,0.09550798124473658,9,0.09550798124473658,40.97781821674289,3.939031212186819,35,29036.47858576235,29081.39543519128,experiment,FIFO,0.28,0,variant_1
8237,INSPECTION_2_5,INSPECTION_2_5_LINE,29078.28462827288,0.8282242937857518,10,0.8282242937857518,41.80604251052864,3.1108069184010674,37,29036.47858576235,29081.39543519128,experiment,FIFO,0.28,0,variant_1
8237,INSPECTION_2_6,INSPECTION_2_6_LINE,29080.919190437035,1.120501039287774,11,2.6345621641557955,44.44060467468444,0.4762447542452719,36,29036.47858576235,29081.39543519128,experiment,FIFO,0.28,0,variant_1
8237,INSPECTION_2_7,INSPECTION_2_7_LINE,29081.39543519128,0.4762447542452719,12,0.4762447542452719,44.91684942892971,0.0,35,29036.47858576235,29081.39543519128,experiment,FIFO,0.28,0,variant_1
8238,MOULDING_4,MOULDING_MACHINE_4,29023.53425746888,6.900399601636309,1,0.0,0.0,161.99829837098514,27,29023.53425746888,29185.532555839865,experiment,FIFO,0.28,0,variant_5
8238,ASSEMBLY_1_5,LINE_5_ASSEMBLY1,29033.79027840186,10.256020932978572,2,10.256020932978572,10.256020932978572,151.74227743800657,26,29023.53425746888,29185.532555839865,experiment,FIFO,0.28,0,variant_5
8238,ASSEMBLY_2_1,ASSEMBLY2_LINE_1,29149.93151367261,9.291399559831916,3,116.14123527075208,126.39725620373065,35.60104216725449,37,29023.53425746888,29185.532555839865,experiment,FIFO,0.28,0,variant_5
8238,SORTING,SORTING_ROBOT_1,29175.70203530056,0.4671429933332547,4,25.770521627950075,152.16777783168072,9.830520539304416,40,29023.53425746888,29185.532555839865,experiment,FIFO,0.28,0,variant_5
8238,PACKAGING_2,PACKAGING_LINE_2,29178.40605479752,0.50938937536921,5,2.7040194969595177,154.87179732864024,7.1265010423448985,40,29023.53425746888,29185.532555839865,experiment,FIFO,0.28,0,variant_5
8238,INSPECTION_1_1,INSPECTION_1_1_LINE,29179.031356085223,0.6253012877023139,6,0.6253012877023139,155.49709861634256,6.501199754642585,39,29023.53425746888,29185.532555839865,experiment,FIFO,0.28,0,variant_5
8238,INSPECTION_1_2,INSPECTION_1_2_LINE,29179.05013526348,0.018779178255499573,7,0.018779178255499573,155.51587779459805,6.482420576387085,39,29023.53425746888,29185.532555839865,experiment,FIFO,0.28,0,variant_5
8238,INSPECTION_1_3,INSPECTION_1_3_LINE,29180.401351775763,1.3512165122847364,8,1.3512165122847364,156.8670943068828,5.131204064102349,39,29023.53425746888,29185.532555839865,experiment,FIFO,0.28,0,variant_5
8238,INSPECTION_1_4,INSPECTION_1_4_LINE,29183.61621772541,3.214865949645173,9,3.214865949645173,160.08196025652796,1.9163381144571758,39,29023.53425746888,29185.532555839865,experiment,FIFO,0.28,0,variant_5
8238,INSPECTION_1_5,INSPECTION_1_5_LINE,29183.76476978233,0.14855205692219897,10,0.14855205692219897,160.23051231345016,1.7677860575349769,39,29023.53425746888,29185.532555839865,experiment,FIFO,0.28,0,variant_5
8238,INSPECTION_1_6,INSPECTION_1_6_LINE,29184.14499754515,0.3802277628201409,11,0.3802277628201409,160.6107400762703,1.387558294714836,39,29023.53425746888,29185.532555839865,experiment,FIFO,0.28,0,variant_5
8238,INSPECTION_1_7,INSPECTION_1_7_LINE,29185.532555839865,1.387558294714836,12,1.387558294714836,161.99829837098514,0.0,38,29023.53425746888,29185.532555839865,experiment,FIFO,0.28,0,variant_5
8239,MOULDING_2,MOULDING_MACHINE_2,29044.836639291698,8.358053529347671,1,0.0,0.0,162.9008522051954,29,29044.836639291698,29207.737491496893,experiment,FIFO,0.28,0,variant_2
8239,ASSEMBLY_1_5,LINE_5_ASSEMBLY1,29045.04427233925,0.20763304755382705,2,0.20763304755382705,0.20763304755382705,162.69321915764158,29,29044.836639291698,29207.737491496893,experiment,FIFO,0.28,0,variant_2
8239,ASSEMBLY_2_1,ASSEMBLY2_LINE_1,29163.73061585272,6.141139974712132,3,118.68634351346918,118.89397656102301,44.006875644172396,40,29044.836639291698,29207.737491496893,experiment,FIFO,0.28,0,variant_2
8239,SORTING,SORTING_ROBOT_1,29191.28381894667,1.3895478865924815,4,27.553203093950287,146.4471796549733,16.45367255022211,41,29044.836639291698,29207.737491496893,experiment,FIFO,0.28,0,variant_2
8239,PACKAGING_1,PACKAGING_LINE_1,29197.303667146767,6.019848200096021,5,6.019848200096021,152.46702785506932,10.433824350126088,39,29044.836639291698,29207.737491496893,experiment,FIFO,0.28,0,variant_2
8239,INSPECTION_2_1,INSPECTION_2_1_LINE,29199.05584737385,1.7521802270821354,6,1.7521802270821354,154.21920808215145,8.681644123043952,40,29044.836639291698,29207.737491496893,experiment,FIFO,0.28,0,variant_2
8239,INSPECTION_2_2,INSPECTION_2_2_LINE,29199.76702453152,0.7111771576710453,7,0.7111771576710453,154.9303852398225,7.970466965372907,40,29044.836639291698,29207.737491496893,experiment,FIFO,0.28,0,variant_2
8239,INSPECTION_2_3,INSPECTION_2_3_LINE,29200.66887226848,0.2908258467214182,8,0.9018477369609172,155.83223297678342,7.06861922841199,40,29044.836639291698,29207.737491496893,experiment,FIFO,0.28,0,variant_2
8239,INSPECTION_2_4,INSPECTION_2_4_LINE,29202.613859151257,0.8121946934697917,9,1.9449868827759929,157.7772198595594,5.123632345635997,39,29044.836639291698,29207.737491496893,experiment,FIFO,0.28,0,variant_2
8239,INSPECTION_2_5,INSPECTION_2_5_LINE,29204.195792601666,1.5819334504085418,10,1.5819334504085418,159.35915330996795,3.541698895227455,40,29044.836639291698,29207.737491496893,experiment,FIFO,0.28,0,variant_2
8239,INSPECTION_2_6,INSPECTION_2_6_LINE,29206.76890455635,0.7308040697716933,11,2.5731119546835544,161.9322652646515,0.9685869405439007,38,29044.836639291698,29207.737491496893,experiment,FIFO,0.28,0,variant_2
8239,INSPECTION_2_7,INSPECTION_2_7_LINE,29207.737491496893,0.9685869405439007,12,0.9685869405439007,162.9008522051954,0.0,38,29044.836639291698,29207.737491496893,experiment,FIFO,0.28,0,variant_2
8240,MOULDING_1,MOULDING_MACHINE_1,29036.47696185156,7.2012459747893445,1,0.0,0.0,56.36806540429825,28,29036.47696185156,29092.84502725586,experiment,FIFO,0.28,0,variant_6
8240,ASSEMBLY_1_3,LINE_3_ASSEMBLY1,29047.604318636004,5.213121683114878,2,11.127356784443691,11.127356784443691,45.24070861985456,31,29036.47696185156,29092.84502725586,experiment,FIFO,0.28,0,variant_6
8240,ASSEMBLY_2_2,ASSEMBLY2_LINE_2,29051.42029305939,1.0096862720420177,3,3.8159744233853417,14.943331207829033,41.42473419646922,34,29036.47696185156,29092.84502725586,experiment,FIFO,0.28,0,variant_6
8240,SORTING,SORTING_ROBOT_1,29080.40958812868,11.901316026422137,4,28.989295069291984,43.93262627712102,12.435439127177233,35,29036.47696185156,29092.84502725586,experiment,FIFO,0.28,0,variant_6
8240,PACKAGING_2,PACKAGING_LINE_2,29086.178354428703,5.768766300021525,5,5.768766300021525,49.70139257714254,6.666672827155708,37,29036.47696185156,29092.84502725586,experiment,FIFO,0.28,0,variant_6
8240,INSPECTION_1_1,INSPECTION_1_1_LINE,29086.49203746711,0.3136830384064524,6,0.3136830384064524,50.015075615548994,6.352989788749255,37,29036.47696185156,29092.84502725586,experiment,FIFO,0.28,0,variant_6
8240,INSPECTION_1_2,INSPECTION_1_2_LINE,29086.75909760196,0.26706013485090807,7,0.26706013485090807,50.2821357503999,6.085929653898347,37,29036.47696185156,29092.84502725586,experiment,FIFO,0.28,0,variant_6
8240,INSPECTION_1_3,INSPECTION_1_3_LINE,29086.911636690525,0.15253908856539056,8,0.15253908856539056,50.43467483896529,5.933390565332957,37,29036.47696185156,29092.84502725586,experiment,FIFO,0.28,0,variant_6
8240,INSPECTION_1_4,INSPECTION_1_4_LINE,29091.246245479644,4.334608789118647,9,4.334608789118647,54.76928362808394,1.5987817762143095,37,29036.47696185156,29092.84502725586,experiment,FIFO,0.28,0,variant_6
8240,INSPECTION_1_5,INSPECTION_1_5_LINE,29091.83692260629,0.5906771266454598,10,0.5906771266454598,55.3599607547294,1.0081046495688497,37,29036.47696185156,29092.84502725586,experiment,FIFO,0.28,0,variant_6
8240,INSPECTION_1_6,INSPECTION_1_6_LINE,29091.851750087186,0.01482748089620145,11,0.01482748089620145,55.3747882356256,0.9932771686726483,37,29036.47696185156,29092.84502725586,experiment,FIFO,0.28,0,variant_6
8240,INSPECTION_1_7,INSPECTION_1_7_LINE,29092.84502725586,0.9932771686726483,12,0.9932771686726483,56.36806540429825,0.0,36,29036.47696185156,29092.84502725586,experiment,FIFO,0.28,0,variant_6
8241,MOULDING_2,MOULDING_MACHINE_2,29045.61608892195,0.779449630252202,1,0.0,0.0,82.22410713523277,31,29045.61608892195,29127.840196057183,experiment,FIFO,0.28,0,variant_5
8241,ASSEMBLY_1_2,LINE_2_ASSEMBLY1,29067.446387104195,8.57464611242176,2,21.830298182245315,21.830298182245315,60.393808952987456,35,29045.61608892195,29127.840196057183,experiment,FIFO,0.28,0,variant_5
8241,ASSEMBLY_2_2,ASSEMBLY2_LINE_2,29087.561412261035,12.026778401515912,3,20.115025156839692,41.94532333908501,40.27878379614776,37,29045.61608892195,29127.840196057183,experiment,FIFO,0.28,0,variant_5
8241,SORTING,SORTING_ROBOT_1,29109.33038267308,0.7974628936899535,4,21.768970412045746,63.714293751130754,18.509813384102017,33,29045.61608892195,29127.840196057183,experiment,FIFO,0.28,0,variant_5
8241,PACKAGING_1,PACKAGING_LINE_1,29120.37544752,9.550790910700016,5,11.045064846919558,74.75935859805031,7.464748537182459,36,29045.61608892195,29127.840196057183,experiment,FIFO,0.28,0,variant_5
8241,INSPECTION_2_1,INSPECTION_2_1_LINE,29121.113837204,0.7383896840001398,6,0.7383896840001398,75.49774828205045,6.726358853182319,36,29045.61608892195,29127.840196057183,experiment,FIFO,0.28,0,variant_5
8241,INSPECTION_2_2,INSPECTION_2_2_LINE,29122.58339653648,1.4695593324795482,7,1.4695593324795482,76.96730761453,5.256799520702771,37,29045.61608892195,29127.840196057183,experiment,FIFO,0.28,0,variant_5
8241,INSPECTION_2_3,INSPECTION_2_3_LINE,29122.80223723758,0.21884070110172615,8,0.21884070110172615,77.18614831563173,5.0379588196010445,37,29045.61608892195,29127.840196057183,experiment,FIFO,0.28,0,variant_5
8241,INSPECTION_2_4,INSPECTION_2_4_LINE,29125.6867470544,2.884509816816717,9,2.884509816816717,80.07065813244844,2.1534490027843276,37,29045.61608892195,29127.840196057183,experiment,FIFO,0.28,0,variant_5
8241,INSPECTION_2_5,INSPECTION_2_5_LINE,29126.180048100232,0.49330104583350476,10,0.49330104583350476,80.56395917828195,1.6601479569508228,37,29045.61608892195,29127.840196057183,experiment,FIFO,0.28,0,variant_5
8241,INSPECTION_2_6,INSPECTION_2_6_LINE,29126.79621777092,0.6161696706876683,11,0.6161696706876683,81.18012884896962,1.0439782862631546,37,29045.61608892195,29127.840196057183,experiment,FIFO,0.28,0,variant_5
8241,INSPECTION_2_7,INSPECTION_2_7_LINE,29127.840196057183,1.0439782862631546,12,1.0439782862631546,82.22410713523277,0.0,37,29045.61608892195,29127.840196057183,experiment,FIFO,0.28,0,variant_5
8242,MOULDING_1,MOULDING_MACHINE_1,29050.56860161956,14.091639768001187,1,0.0,0.0,46.65225399322662,32,29050.56860161956,29097.220855612788,experiment,FIFO,0.28,0,variant_2
8242,ASSEMBLY_1_5,LINE_5_ASSEMBLY1,29051.8568367468,1.2882351272382948,2,1.2882351272382948,1.2882351272382948,45.36401886598833,34,29050.56860161956,29097.220855612788,experiment,FIFO,0.28,0,variant_2
8242,ASSEMBLY_2_2,ASSEMBLY2_LINE_2,29056.65871422926,4.801877482459531,3,4.801877482459531,6.090112609697826,40.5621413835288,34,29050.56860161956,29097.220855612788,experiment,FIFO,0.28,0,variant_2
8242,SORTING,SORTING_ROBOT_1,29080.677126998933,0.26753887025188305,4,24.018412769673887,30.108525379371713,16.54372861385491,36,29050.56860161956,29097.220855612788,experiment,FIFO,0.28,0,variant_2
8242,PACKAGING_2,PACKAGING_LINE_2,29087.37220273525,1.1938483065459877,5,6.69507573631563,36.80360111568734,9.84865287753928,37,29050.56860161956,29097.220855612788,experiment,FIFO,0.28,0,variant_2
8242,INSPECTION_2_1,INSPECTION_2_1_LINE,29091.763219229448,4.391016494198993,6,4.391016494198993,41.194617609886336,5.457636383340287,37,29050.56860161956,29097.220855612788,experiment,FIFO,0.28,0,variant_2
8242,INSPECTION_2_2,INSPECTION_2_2_LINE,29091.92578868887,0.16256945942222956,7,0.16256945942222956,41.357187069308566,5.295066923918057,37,29050.56860161956,29097.220855612788,experiment,FIFO,0.28,0,variant_2
8242,INSPECTION_2_3,INSPECTION_2_3_LINE,29093.11787561293,1.192086924060277,8,1.192086924060277,42.54927399336884,4.10297999985778,36,29050.56860161956,29097.220855612788,experiment,FIFO,0.28,0,variant_2
8242,INSPECTION_2_4,INSPECTION_2_4_LINE,29093.53487055256,0.41699493963096756,9,0.41699493963096756,42.96626893299981,3.6859850602268125,36,29050.56860161956,29097.220855612788,experiment,FIFO,0.28,0,variant_2
8242,INSPECTION_2_5,INSPECTION_2_5_LINE,29094.49693206325,0.9620615106905461,10,0.9620615106905461,43.928330443690356,2.7239235495362664,36,29050.56860161956,29097.220855612788,experiment,FIFO,0.28,0,variant_2
8242,INSPECTION_2_6,INSPECTION_2_6_LINE,29095.71662834143,1.2196962781781622,11,1.2196962781781622,45.14802672186852,1.5042272713581042,36,29050.56860161956,29097.220855612788,experiment,FIFO,0.28,0,variant_2
8242,INSPECTION_2_7,INSPECTION_2_7_LINE,29097.220855612788,1.5042272713581042,12,1.5042272713581042,46.65225399322662,0.0,34,29050.56860161956,29097.220855612788,experiment,FIFO,0.28,0,variant_2
8243,MOULDING_4,MOULDING_MACHINE_4,29035.855656129137,2.709226989936724,1,0.0,0.0,44.11515863002205,27,29035.855656129137,29079.97081475916,experiment,FIFO,0.28,0,variant_4
8243,ASSEMBLY_1_1,LINE_1_ASSEMBLY1,29036.56007309561,0.704416966473218,2,0.704416966473218,0.704416966473218,43.41074166354883,29,29035.855656129137,29079.97081475916,experiment,FIFO,0.28,0,variant_4
8243,ASSEMBLY_2_2,ASSEMBLY2_LINE_2,29049.12806912093,7.046221417160268,3,12.56799602531828,13.272412991791498,30.842745638230554,31,29035.855656129137,29079.97081475916,experiment,FIFO,0.28,0,variant_4
8243,SORTING,SORTING_ROBOT_1,29066.47134470683,6.57354000146006,4,17.34327558590303,30.615688577694527,13.499470052327524,33,29035.855656129137,29079.97081475916,experiment,FIFO,0.28,0,variant_4
8243,PACKAGING_2,PACKAGING_LINE_2,29069.76654797341,3.295203266578028,5,3.295203266578028,33.910891844272555,10.204266785749496,35,29035.855656129137,29079.97081475916,experiment,FIFO,0.28,0,variant_4
8243,INSPECTION_2_1,INSPECTION_2_1_LINE,29070.46321792199,0.6966699485819845,6,0.6966699485819845,34.60756179285454,9.507596837167512,35,29035.855656129137,29079.97081475916,experiment,FIFO,0.28,0,variant_4
8243,INSPECTION_2_2,INSPECTION_2_2_LINE,29070.49715330117,0.03393537917872891,7,0.03393537917872891,34.64149717203327,9.473661457988783,35,29035.855656129137,29079.97081475916,experiment,FIFO,0.28,0,variant_4
8243,INSPECTION_2_3,INSPECTION_2_3_LINE,29070.72432987177,0.2271765705991129,8,0.2271765705991129,34.86867374263238,9.24648488738967,36,29035.855656129137,29079.97081475916,experiment,FIFO,0.28,0,variant_4
8243,INSPECTION_2_4,INSPECTION_2_4_LINE,29071.01448610681,0.2901562350416498,9,0.2901562350416498,35.15882997767403,8.95632865234802,36,29035.855656129137,29079.97081475916,experiment,FIFO,0.28,0,variant_4
8243,INSPECTION_2_4,INSPECTION_2_4_LINE,29075.84610575664,4.831619649827189,10,4.831619649827189,39.99044962750122,4.124709002520831,35,29035.855656129137,29079.97081475916,experiment,FIFO,0.28,0,variant_4
8243,INSPECTION_2_5,INSPECTION_2_5_LINE,29077.216535422096,1.3704296654577774,11,1.3704296654577774,41.360879292959,2.7542793370630534,35,29035.855656129137,29079.97081475916,experiment,FIFO,0.28,0,variant_4
8243,INSPECTION_2_6,INSPECTION_2_6_LINE,29079.798689397747,2.5821539756507264,12,2.5821539756507264,43.943033268609724,0.17212536141232704,37,29035.855656129137,29079.97081475916,experiment,FIFO,0.28,0,variant_4
8243,INSPECTION_2_7,INSPECTION_2_7_LINE,29079.97081475916,0.17212536141232704,13,0.17212536141232704,44.11515863002205,0.0,35,29035.855656129137,29079.97081475916,experiment,FIFO,0.28,0,variant_4
8244,MOULDING_1,MOULDING_MACHINE_1,29050.60546498582,0.03686336625833064,1,0.0,0.0,45.289107760283514,33,29050.60546498582,29095.894572746103,experiment,FIFO,0.28,0,variant_2
8244,ASSEMBLY_1_3,LINE_3_ASSEMBLY1,29054.22948721362,3.624022227799287,2,3.624022227799287,3.624022227799287,41.66508553248423,34,29050.60546498582,29095.894572746103,experiment,FIFO,0.28,0,variant_2
8244,ASSEMBLY_2_2,ASSEMBLY2_LINE_2,29056.68642249495,0.0277082656903076,3,2.456935281330516,6.080957509129803,39.20815025115371,34,29050.60546498582,29095.894572746103,experiment,FIFO,0.28,0,variant_2
8244,SORTING,SORTING_ROBOT_1,29083.831252924803,3.1541259258701757,4,27.144830429853755,33.22578793898356,12.063319821299956,36,29050.60546498582,29095.894572746103,experiment,FIFO,0.28,0,variant_2
8244,PACKAGING_2,PACKAGING_LINE_2,29088.100658703752,0.7284559685031127,5,4.269405778948567,37.495193717932125,7.793914042351389,37,29050.60546498582,29095.894572746103,experiment,FIFO,0.28,0,variant_2
8244,INSPECTION_1_1,INSPECTION_1_1_LINE,29088.755696112617,0.6550374088656099,6,0.6550374088656099,38.150231126797735,7.138876633485779,37,29050.60546498582,29095.894572746103,experiment,FIFO,0.28,0,variant_2
8244,INSPECTION_1_2,INSPECTION_1_2_LINE,29088.911199781127,0.15550366850948194,7,0.15550366850948194,38.30573479530722,6.983372964976297,37,29050.60546498582,29095.894572746103,experiment,FIFO,0.28,0,variant_2
8244,INSPECTION_1_3,INSPECTION_1_3_LINE,29091.806604248974,2.8954044678466744,8,2.8954044678466744,41.20113926315389,4.087968497129623,37,29050.60546498582,29095.894572746103,experiment,FIFO,0.28,0,variant_2
8244,INSPECTION_1_4,INSPECTION_1_4_LINE,29091.91995287753,0.11334862855801475,9,0.11334862855801475,41.314487891711906,3.974619868571608,37,29050.60546498582,29095.894572746103,experiment,FIFO,0.28,0,variant_2
8244,INSPECTION_1_5,INSPECTION_1_5_LINE,29092.3414436538,0.42149077626891085,10,0.42149077626891085,41.73597866798082,3.5531290923026972,37,29050.60546498582,29095.894572746103,experiment,FIFO,0.28,0,variant_2
8244,INSPECTION_1_6,INSPECTION_1_6_LINE,29092.44394811245,0.10250445864949143,11,0.10250445864949143,41.83848312663031,3.450624633653206,37,29050.60546498582,29095.894572746103,experiment,FIFO,0.28,0,variant_2
8244,INSPECTION_1_7,INSPECTION_1_7_LINE,29095.894572746103,3.049545490244782,12,3.450624633653206,45.289107760283514,0.0,35,29050.60546498582,29095.894572746103,experiment,FIFO,0.28,0,variant_2
8245,MOULDING_1,MOULDING_MACHINE_1,29065.126781237097,14.521316251277312,1,0.0,0.0,69.83734710115459,33,29065.126781237097,29134.96412833825,experiment,FIFO,0.28,0,variant_5
8245,ASSEMBLY_1_2,LINE_2_ASSEMBLY1,29068.05266858961,0.6062814854158205,2,2.92588735251411,2.92588735251411,66.91145974864048,35,29065.126781237097,29134.96412833825,experiment,FIFO,0.28,0,variant_5
8245,ASSEMBLY_2_2,ASSEMBLY2_LINE_2,29087.95704180484,0.3956295438038069,3,19.90437321522768,22.83026056774179,47.0070865334128,37,29065.126781237097,29134.96412833825,experiment,FIFO,0.28,0,variant_5
8245,SORTING,SORTING_ROBOT_1,29109.560154914347,0.22977224126589135,4,21.60311310950783,44.43337367724962,25.403973423904972,33,29065.126781237097,29134.96412833825,experiment,FIFO,0.28,0,variant_5
8245,PACKAGING_1,PACKAGING_LINE_1,29121.87714986508,1.501702345078229,5,12.316994950731896,56.750368627981516,13.086978473173076,36,29065.126781237097,29134.96412833825,experiment,FIFO,0.28,0,variant_5
8245,INSPECTION_2_1,INSPECTION_2_1_LINE,29122.01854470763,0.14139484255065327,6,0.14139484255065327,56.89176347053217,12.945583630622423,37,29065.126781237097,29134.96412833825,experiment,FIFO,0.28,0,variant_5
8245,INSPECTION_2_2,INSPECTION_2_2_LINE,29122.735967575463,0.1525710389832966,7,0.7174228678341024,57.60918633836627,12.22816076278832,37,29065.126781237097,29134.96412833825,experiment,FIFO,0.28,0,variant_5
8245,INSPECTION_2_3,INSPECTION_2_3_LINE,29123.72704388747,0.9248066498876142,8,0.9910763120060437,58.600262650372315,11.237084450782277,37,29065.126781237097,29134.96412833825,experiment,FIFO,0.28,0,variant_5
8245,INSPECTION_2_4,INSPECTION_2_4_LINE,29127.85275279219,2.1660057377921476,9,4.12570890472125,62.725971555093565,7.111375546061026,37,29065.126781237097,29134.96412833825,experiment,FIFO,0.28,0,variant_5
8245,INSPECTION_2_5,INSPECTION_2_5_LINE,29127.997277224586,0.1445244323949737,10,0.1445244323949737,62.87049598748854,6.966851113666053,37,29065.126781237097,29134.96412833825,experiment,FIFO,0.28,0,variant_5
8245,INSPECTION_2_6,INSPECTION_2_6_LINE,29132.88751643089,4.890239206302795,11,4.890239206302795,67.76073519379133,2.076611907363258,39,29065.126781237097,29134.96412833825,experiment,FIFO,0.28,0,variant_5
8245,INSPECTION_2_7,INSPECTION_2_7_LINE,29134.96412833825,2.076611907363258,12,2.076611907363258,69.83734710115459,0.0,40,29065.126781237097,29134.96412833825,experiment,FIFO,0.28,0,variant_5
8246,MOULDING_3,MOULDING_MACHINE_3,29040.7219106182,2.3469333355933486,1,0.0,0.0,150.4542132324641,29,29040.7219106182,29191.176123850662,experiment,FIFO,0.28,0,variant_2
8246,ASSEMBLY_1_2,LINE_2_ASSEMBLY1,29041.95757271532,1.2356620971222583,2,1.2356620971222583,1.2356620971222583,149.21855113534184,28,29040.7219106182,29191.176123850662,experiment,FIFO,0.28,0,variant_2
8246,ASSEMBLY_2_1,ASSEMBLY2_LINE_1,29154.993142858555,5.061629185944184,3,113.03557014323451,114.27123224035677,36.18298099210733,38,29040.7219106182,29191.176123850662,experiment,FIFO,0.28,0,variant_2
8246,SORTING,SORTING_ROBOT_1,29176.343914857523,0.036774328495084774,4,21.350771998968412,135.62200423932518,14.83220899313892,40,29040.7219106182,29191.176123850662,experiment,FIFO,0.28,0,variant_2
8246,PACKAGING_2,PACKAGING_LINE_2,29181.764786307103,3.358731509582867,5,5.420871449579863,141.04287568890504,9.411337543559057,38,29040.7219106182,29191.176123850662,experiment,FIFO,0.28,0,variant_2
8246,INSPECTION_1_1,INSPECTION_1_1_LINE,29182.738979825703,0.9741935185993498,6,0.9741935185993498,142.0170692075044,8.437144024959707,39,29040.7219106182,29191.176123850662,experiment,FIFO,0.28,0,variant_2
8246,INSPECTION_1_2,INSPECTION_1_2_LINE,29182.78030305011,0.04132322440636926,7,0.04132322440636926,142.05839243191076,8.395820800553338,39,29040.7219106182,29191.176123850662,experiment,FIFO,0.28,0,variant_2
8246,INSPECTION_1_3,INSPECTION_1_3_LINE,29187.0693706896,4.289067639492714,8,4.289067639492714,146.34746007140348,4.106753161060624,39,29040.7219106182,29191.176123850662,experiment,FIFO,0.28,0,variant_2
8246,INSPECTION_1_4,INSPECTION_1_4_LINE,29187.34169482406,0.27232413445744896,9,0.27232413445744896,146.61978420586092,3.834429026603175,39,29040.7219106182,29191.176123850662,experiment,FIFO,0.28,0,variant_2
8246,INSPECTION_1_5,INSPECTION_1_5_LINE,29187.66692288204,0.32522805797998444,10,0.32522805797998444,146.9450122638409,3.5092009686231904,39,29040.7219106182,29191.176123850662,experiment,FIFO,0.28,0,variant_2
8246,INSPECTION_1_6,INSPECTION_1_6_LINE,29189.83466620352,2.1677433214790653,11,2.1677433214790653,149.11275558531997,1.341457647144125,40,29040.7219106182,29191.176123850662,experiment,FIFO,0.28,0,variant_2
8246,INSPECTION_1_7,INSPECTION_1_7_LINE,29191.176123850662,1.341457647144125,12,1.341457647144125,150.4542132324641,0.0,41,29040.7219106182,29191.176123850662,experiment,FIFO,0.28,0,variant_2
8247,MOULDING_2,MOULDING_MACHINE_2,29050.6312853197,5.015196397751424,1,0.0,0.0,164.20573568213877,34,29050.6312853197,29214.83702100184,experiment,FIFO,0.28,0,variant_4
8247,ASSEMBLY_1_5,LINE_5_ASSEMBLY1,29058.132499800173,6.275663053373137,2,7.50121448047139,7.50121448047139,156.70452120166738,35,29050.6312853197,29214.83702100184,experiment,FIFO,0.28,0,variant_4
8247,ASSEMBLY_2_1,ASSEMBLY2_LINE_1,29175.42285114263,11.69223528990915,3,117.29035134245714,124.79156582292853,39.41416985921023,40,29050.6312853197,29214.83702100184,experiment,FIFO,0.28,0,variant_4
8247,SORTING,SORTING_ROBOT_1,29191.733850551776,0.005933296495641116,4,16.31099940914646,141.102565232075,23.10317045006377,42,29050.6312853197,29214.83702100184,experiment,FIFO,0.28,0,variant_4
8247,PACKAGING_2,PACKAGING_LINE_2,29197.38305493169,0.2625214455947571,5,5.649204379915318,146.7517696119903,17.453966070148454,39,29050.6312853197,29214.83702100184,experiment,FIFO,0.28,0,variant_4
8247,INSPECTION_1_1,INSPECTION_1_1_LINE,29202.40921260152,3.371652681293199,6,5.026157669828535,151.77792728181885,12.427808400319918,39,29050.6312853197,29214.83702100184,experiment,FIFO,0.28,0,variant_4
8247,INSPECTION_1_2,INSPECTION_1_2_LINE,29204.055719395423,1.6465067939025175,7,1.6465067939025175,153.42443407572136,10.7813016064174,40,29050.6312853197,29214.83702100184,experiment,FIFO,0.28,0,variant_4
8247,INSPECTION_1_3,INSPECTION_1_3_LINE,29205.984290690456,1.92857129503318,8,1.92857129503318,155.35300537075454,8.85273031138422,39,29050.6312853197,29214.83702100184,experiment,FIFO,0.28,0,variant_4
8247,INSPECTION_1_4,INSPECTION_1_4_LINE,29207.71722297861,1.7329322881523694,9,1.7329322881523694,157.08593765890691,7.119798023231851,38,29050.6312853197,29214.83702100184,experiment,FIFO,0.28,0,variant_4
8247,INSPECTION_1_5,INSPECTION_1_5_LINE,29208.98660635963,1.2693833810226351,10,1.2693833810226351,158.35532103992955,5.850414642209216,37,29050.6312853197,29214.83702100184,experiment,FIFO,0.28,0,variant_4
8247,INSPECTION_1_6,INSPECTION_1_6_LINE,29213.17530021369,4.188693854059238,11,4.188693854059238,162.5440148939888,1.661720788149978,37,29050.6312853197,29214.83702100184,experiment,FIFO,0.28,0,variant_4
8247,INSPECTION_1_7,INSPECTION_1_7_LINE,29214.83702100184,1.661720788149978,12,1.661720788149978,164.20573568213877,0.0,37,29050.6312853197,29214.83702100184,experiment,FIFO,0.28,0,variant_4
8248,MOULDING_1,MOULDING_MACHINE_1,29067.32546661956,2.1986853824637365,1,0.0,0.0,147.0456558579681,35,29067.32546661956,29214.37112247753,experiment,FIFO,0.28,0,variant_4
8248,ASSEMBLY_1_1,LINE_1_ASSEMBLY1,29068.122197916568,0.7967312970067724,2,0.7967312970067724,0.7967312970067724,146.2489245609613,35,29067.32546661956,29214.37112247753,experiment,FIFO,0.28,0,variant_4
8248,ASSEMBLY_2_1,ASSEMBLY2_LINE_1,29183.906082853293,8.483231710662949,3,115.78388493672537,116.58061623373214,30.465039624235942,39,29067.32546661956,29214.37112247753,experiment,FIFO,0.28,0,variant_4
8248,SORTING,SORTING_ROBOT_1,29209.591565611267,7.731645073487016,4,25.68548275797366,142.2660989917058,4.779556866262283,36,29067.32546661956,29214.37112247753,experiment,FIFO,0.28,0,variant_4
8248,PACKAGING_2,PACKAGING_LINE_2,29210.539260621343,0.9476950100761314,5,0.9476950100761314,143.21379400178193,3.8318618561861513,36,29067.32546661956,29214.37112247753,experiment,FIFO,0.28,0,variant_4
8248,INSPECTION_2_1,INSPECTION_2_1_LINE,29210.910381722337,0.3711211009940598,6,0.3711211009940598,143.584915102776,3.4607407551920915,36,29067.32546661956,29214.37112247753,experiment,FIFO,0.28,0,variant_4
8248,INSPECTION_2_2,INSPECTION_2_2_LINE,29211.992512682937,1.0821309605998977,7,1.0821309605998977,144.6670460633759,2.378609794592194,37,29067.32546661956,29214.37112247753,experiment,FIFO,0.28,0,variant_4
8248,INSPECTION_2_3,INSPECTION_2_3_LINE,29211.997504056777,0.004991373840312008,8,0.004991373840312008,144.6720374372162,2.373618420751882,37,29067.32546661956,29214.37112247753,experiment,FIFO,0.28,0,variant_4
8248,INSPECTION_2_4,INSPECTION_2_4_LINE,29212.42021263955,0.422708582773339,9,0.422708582773339,145.09474601998954,1.9509098379785428,37,29067.32546661956,29214.37112247753,experiment,FIFO,0.28,0,variant_4
8248,INSPECTION_2_5,INSPECTION_2_5_LINE,29212.847957147787,0.4277445082370832,10,0.4277445082370832,145.52249052822663,1.5231653297414596,37,29067.32546661956,29214.37112247753,experiment,FIFO,0.28,0,variant_4
8248,INSPECTION_2_6,INSPECTION_2_6_LINE,29212.97360088408,0.1256437362935685,11,0.1256437362935685,145.6481342645202,1.397521593447891,37,29067.32546661956,29214.37112247753,experiment,FIFO,0.28,0,variant_4
8248,INSPECTION_2_7,INSPECTION_2_7_LINE,29214.37112247753,1.397521593447891,12,1.397521593447891,147.0456558579681,0.0,38,29067.32546661956,29214.37112247753,experiment,FIFO,0.28,0,variant_4
8249,MOULDING_4,MOULDING_MACHINE_4,29045.24912781886,0.13073039869050262,1,0.0,0.0,59.3148532084233,30,29045.24912781886,29104.563981027284,experiment,FIFO,0.28,0,variant_3
8249,ASSEMBLY_1_2,LINE_2_ASSEMBLY1,29058.871740991774,13.62261317291268,2,13.62261317291268,13.62261317291268,45.69224003551062,35,29045.24912781886,29104.563981027284,experiment,FIFO,0.28,0,variant_3
8249,ASSEMBLY_2_2,ASSEMBLY2_LINE_2,29060.758041511108,1.886300519334327,3,1.886300519334327,15.508913692247006,43.805939516176295,34,29045.24912781886,29104.563981027284,experiment,FIFO,0.28,0,variant_3
8249,SORTING,SORTING_ROBOT_1,29090.082054847742,1.5863967545119522,4,29.32401333663438,44.832927028881386,14.481926179541915,37,29045.24912781886,29104.563981027284,experiment,FIFO,0.28,0,variant_3
8249,PACKAGING_1,PACKAGING_LINE_1,29092.35760560408,2.275550756337907,5,2.275550756337907,47.10847778521929,12.206375423204008,37,29045.24912781886,29104.563981027284,experiment,FIFO,0.28,0,variant_3
8249,INSPECTION_2_1,INSPECTION_2_1_LINE,29096.027395130644,2.744727797486121,6,3.669789526564273,50.778267311783566,8.536585896639735,35,29045.24912781886,29104.563981027284,experiment,FIFO,0.28,0,variant_3
8249,INSPECTION_2_2,INSPECTION_2_2_LINE,29097.871327127494,1.8439319968492782,7,1.8439319968492782,52.622199308632844,6.692653899790457,34,29045.24912781886,29104.563981027284,experiment,FIFO,0.28,0,variant_3
8249,INSPECTION_2_3,INSPECTION_2_3_LINE,29100.507854466785,2.636527339291206,8,2.636527339291206,55.25872664792405,4.056126560499251,33,29045.24912781886,29104.563981027284,experiment,FIFO,0.28,0,variant_3
8249,INSPECTION_2_4,INSPECTION_2_4_LINE,29101.50415794556,0.05355805343424436,9,0.9963034787760989,56.25503012670015,3.0598230817231524,32,29045.24912781886,29104.563981027284,experiment,FIFO,0.28,0,variant_3
8249,INSPECTION_2_5,INSPECTION_2_5_LINE,29101.98000178737,0.2937546358516556,10,0.47584384181027417,56.73087396851042,2.5839792399128783,33,29045.24912781886,29104.563981027284,experiment,FIFO,0.28,0,variant_3
8249,INSPECTION_2_6,INSPECTION_2_6_LINE,29102.234856878407,0.14808256534888642,11,0.25485509103600634,56.98572905954643,2.329124148876872,33,29045.24912781886,29104.563981027284,experiment,FIFO,0.28,0,variant_3
8249,INSPECTION_2_7,INSPECTION_2_7_LINE,29104.563981027284,1.9880138540138432,12,2.329124148876872,59.3148532084233,0.0,31,29045.24912781886,29104.563981027284,experiment,FIFO,0.28,0,variant_3
8250,MOULDING_1,MOULDING_MACHINE_1,29068.19353065994,0.8680640403799771,1,0.0,0.0,50.3461105717397,36,29068.19353065994,29118.53964123168,experiment,FIFO,0.28,0,variant_1
8250,ASSEMBLY_1_3,LINE_3_ASSEMBLY1,29071.53458250343,3.341051843490277,2,3.341051843490277,3.341051843490277,47.00505872824942,35,29068.19353065994,29118.53964123168,experiment,FIFO,0.28,0,variant_1
8250,ASSEMBLY_2_2,ASSEMBLY2_LINE_2,29089.110560666657,1.1535188618181564,3,17.575978163225955,20.91703000671623,29.42908056502347,37,29068.19353065994,29118.53964123168,experiment,FIFO,0.28,0,variant_1
8250,SORTING,SORTING_ROBOT_1,29111.07883933972,1.518684425373067,4,21.96827867306274,42.88530867977897,7.4608018919607275,34,29068.19353065994,29118.53964123168,experiment,FIFO,0.28,0,variant_1
8250,PACKAGING_3,PACKAGING_LINE_3,29111.968616143826,0.8897768041060772,5,0.8897768041060772,43.77508548388505,6.57102508785465,34,29068.19353065994,29118.53964123168,experiment,FIFO,0.28,0,variant_1
8250,INSPECTION_1_1,INSPECTION_1_1_LINE,29114.67509213292,1.9383322324647452,6,2.7064759890927235,46.48156147297777,3.864549098761927,36,29068.19353065994,29118.53964123168,experiment,FIFO,0.28,0,variant_1
8250,INSPECTION_1_2,INSPECTION_1_2_LINE,29115.171629014043,0.49653688112448435,7,0.49653688112448435,46.97809835410226,3.3680122176374425,36,29068.19353065994,29118.53964123168,experiment,FIFO,0.28,0,variant_1
8250,INSPECTION_1_3,INSPECTION_1_3_LINE,29116.42391533126,1.2522863172162033,8,1.2522863172162033,48.23038467131846,2.115725900421239,38,29068.19353065994,29118.53964123168,experiment,FIFO,0.28,0,variant_1
8250,INSPECTION_1_4,INSPECTION_1_4_LINE,29116.83823418381,0.4143188525522419,9,0.4143188525522419,48.6447035238707,1.7014070478689973,38,29068.19353065994,29118.53964123168,experiment,FIFO,0.28,0,variant_1
8250,INSPECTION_1_5,INSPECTION_1_5_LINE,29117.2133013112,0.37506712738831993,10,0.37506712738831993,49.01977065125902,1.3263399204806774,37,29068.19353065994,29118.53964123168,experiment,FIFO,0.28,0,variant_1
8250,INSPECTION_1_6,INSPECTION_1_6_LINE,29118.33360346072,0.27592086249933345,11,1.1203021495202847,50.14007280077931,0.20603777096039266,36,29068.19353065994,29118.53964123168,experiment,FIFO,0.28,0,variant_1
8250,INSPECTION_1_7,INSPECTION_1_7_LINE,29118.53964123168,0.20603777096039266,12,0.20603777096039266,50.3461105717397,0.0,35,29068.19353065994,29118.53964123168,experiment,FIFO,0.28,0,variant_1
8251,MOULDING_2,MOULDING_MACHINE_2,29056.57983881217,2.1356290974763397,1,0.0,0.0,57.030061404359,34,29056.57983881217,29113.60990021653,experiment,FIFO,0.28,0,variant_1
8251,ASSEMBLY_1_1,LINE_1_ASSEMBLY1,29065.01461077104,8.434771958869533,2,8.434771958869533,8.434771958869533,48.59528944548947,32,29056.57983881217,29113.60990021653,experiment,FIFO,0.28,0,variant_1
8251,ASSEMBLY_2_2,ASSEMBLY2_LINE_2,29075.53463385952,3.8414424999500625,3,10.52002308848023,18.954795047349762,38.07526635700924,35,29056.57983881217,29113.60990021653,experiment,FIFO,0.28,0,variant_1
8251,SORTING,SORTING_ROBOT_1,29099.235199896186,8.29013917836346,4,23.700566036666714,42.65536108401648,14.374700320342527,33,29056.57983881217,29113.60990021653,experiment,FIFO,0.28,0,variant_1
8251,PACKAGING_3,PACKAGING_LINE_3,29100.975304346703,1.7401044505168102,5,1.7401044505168102,44.39546553453329,12.634595869825716,33,29056.57983881217,29113.60990021653,experiment,FIFO,0.28,0,variant_1
8251,INSPECTION_1_1,INSPECTION_1_1_LINE,29102.21189188274,1.2365875360374048,6,1.2365875360374048,45.63205307057069,11.398008333788312,33,29056.57983881217,29113.60990021653,experiment,FIFO,0.28,0,variant_1
8251,INSPECTION_1_2,INSPECTION_1_2_LINE,29104.32763330917,2.115741426430759,7,2.115741426430759,47.74779449700145,9.282266907357553,32,29056.57983881217,29113.60990021653,experiment,FIFO,0.28,0,variant_1
8251,INSPECTION_1_3,INSPECTION_1_3_LINE,29104.944421880635,0.6167885714639851,8,0.6167885714639851,48.364583068465436,8.665478335893567,31,29056.57983881217,29113.60990021653,experiment,FIFO,0.28,0,variant_1
8251,INSPECTION_1_4,INSPECTION_1_4_LINE,29105.15923573016,0.2148138495249441,9,0.2148138495249441,48.57939691799038,8.450664486368623,31,29056.57983881217,29113.60990021653,experiment,FIFO,0.28,0,variant_1
8251,INSPECTION_1_5,INSPECTION_1_5_LINE,29106.036350443173,0.8771147130137251,10,0.8771147130137251,49.456511631004105,7.573549773354898,31,29056.57983881217,29113.60990021653,experiment,FIFO,0.28,0,variant_1
8251,INSPECTION_1_6,INSPECTION_1_6_LINE,29113.38594571559,7.349595272415172,11,7.349595272415172,56.80610690341928,0.22395450093972613,37,29056.57983881217,29113.60990021653,experiment,FIFO,0.28,0,variant_1
8251,INSPECTION_1_7,INSPECTION_1_7_LINE,29113.60990021653,0.22395450093972613,12,0.22395450093972613,57.030061404359,0.0,36,29056.57983881217,29113.60990021653,experiment,FIFO,0.28,0,variant_1
8252,MOULDING_4,MOULDING_MACHINE_4,29056.789533284576,1.775366076562932,1,0.0,0.0,44.45326268166173,35,29056.789533284576,29101.24279596624,experiment,FIFO,0.28,0,variant_4
8252,ASSEMBLY_1_3,LINE_3_ASSEMBLY1,29064.19909802923,7.409564744652016,2,7.409564744652016,7.409564744652016,37.04369793700971,32,29056.789533284576,29101.24279596624,experiment,FIFO,0.28,0,variant_4
8252,ASSEMBLY_2_2,ASSEMBLY2_LINE_2,29071.69319135957,7.494093330340547,3,7.494093330340547,14.903658074992563,29.549604606669163,35,29056.789533284576,29101.24279596624,experiment,FIFO,0.28,0,variant_4
8252,SORTING,SORTING_ROBOT_1,29090.945060717822,0.8630058700800873,4,19.251869358253316,34.15552743324588,10.297735248415847,37,29056.789533284576,29101.24279596624,experiment,FIFO,0.28,0,variant_4
8252,PACKAGING_3,PACKAGING_LINE_3,29091.111181341217,0.1661206233948178,5,0.1661206233948178,34.3216480566407,10.13161462502103,37,29056.789533284576,29101.24279596624,experiment,FIFO,0.28,0,variant_4
8252,INSPECTION_1_1,INSPECTION_1_1_LINE,29092.2780887616,1.1669074203819036,6,1.1669074203819036,35.4885554770226,8.964707204639126,37,29056.789533284576,29101.24279596624,experiment,FIFO,0.28,0,variant_4
8252,INSPECTION_1_2,INSPECTION_1_2_LINE,29093.226747212328,0.9486584507285443,7,0.9486584507285443,36.437213927751145,8.016048753910582,36,29056.789533284576,29101.24279596624,experiment,FIFO,0.28,0,variant_4
8252,INSPECTION_1_3,INSPECTION_1_3_LINE,29095.52038742487,2.2936402125415043,8,2.2936402125415043,38.73085414029265,5.722408541369077,36,29056.789533284576,29101.24279596624,experiment,FIFO,0.28,0,variant_4
8252,INSPECTION_1_4,INSPECTION_1_4_LINE,29097.991248918293,2.4708614934243087,9,2.4708614934243087,41.20171563371696,3.2515470479447686,34,29056.789533284576,29101.24279596624,experiment,FIFO,0.28,0,variant_4
8252,INSPECTION_1_5,INSPECTION_1_5_LINE,29098.35879350039,0.3675445820954337,10,0.3675445820954337,41.56926021581239,2.884002465849335,34,29056.789533284576,29101.24279596624,experiment,FIFO,0.28,0,variant_4
8252,INSPECTION_1_6,INSPECTION_1_6_LINE,29099.781164009742,1.422370509353641,11,1.422370509353641,42.99163072516603,1.4616319564956939,33,29056.789533284576,29101.24279596624,experiment,FIFO,0.28,0,variant_4
8252,INSPECTION_1_7,INSPECTION_1_7_LINE,29101.24279596624,1.4616319564956939,12,1.4616319564956939,44.45326268166173,0.0,32,29056.789533284576,29101.24279596624,experiment,FIFO,0.28,0,variant_4
8253,MOULDING_5,MOULDING_MACHINE_5,29066.51919164189,4.298024651245214,1,0.0,0.0,165.23231106419917,34,29066.51919164189,29231.75150270609,experiment,FIFO,0.28,0,variant_5
8253,ASSEMBLY_1_2,LINE_2_ASSEMBLY1,29070.57027722892,2.517608639307582,2,4.051085587027046,4.051085587027046,161.18122547717212,36,29066.51919164189,29231.75150270609,experiment,FIFO,0.28,0,variant_5
8253,ASSEMBLY_2_1,ASSEMBLY2_LINE_1,29191.196414607726,7.290331754433282,3,120.62613737880747,124.67722296583452,40.55508809836465,41,29066.51919164189,29231.75150270609,experiment,FIFO,0.28,0,variant_5
8253,SORTING,SORTING_ROBOT_1,29218.736475675792,6.02627368937101,4,27.54006106806628,152.2172840339008,13.01502703029837,38,29066.51919164189,29231.75150270609,experiment,FIFO,0.28,0,variant_5
8253,PACKAGING_1,PACKAGING_LINE_1,29224.10900830555,5.372532629757188,5,5.372532629757188,157.58981666365798,7.642494400541182,41,29066.51919164189,29231.75150270609,experiment,FIFO,0.28,0,variant_5
8253,INSPECTION_1_1,INSPECTION_1_1_LINE,29227.584306618686,1.5036166650024825,6,3.475298313136591,161.06511497679458,4.167196087404591,43,29066.51919164189,29231.75150270609,experiment,FIFO,0.28,0,variant_5
8253,INSPECTION_1_2,INSPECTION_1_2_LINE,29229.6306809708,2.0463743521140714,7,2.0463743521140714,163.11148932890865,2.1208217352905194,43,29066.51919164189,29231.75150270609,experiment,FIFO,0.28,0,variant_5
8253,INSPECTION_1_3,INSPECTION_1_3_LINE,29230.250474086097,0.6197931152964884,8,0.6197931152964884,163.73128244420514,1.501028619994031,42,29066.51919164189,29231.75150270609,experiment,FIFO,0.28,0,variant_5
8253,INSPECTION_1_4,INSPECTION_1_4_LINE,29230.267937038883,0.017462952786445385,9,0.017462952786445385,163.74874539699158,1.4835656672075856,42,29066.51919164189,29231.75150270609,experiment,FIFO,0.28,0,variant_5
8253,INSPECTION_1_5,INSPECTION_1_5_LINE,29230.361421394984,0.09348435610081651,10,0.09348435610081651,163.8422297530924,1.3900813111067691,42,29066.51919164189,29231.75150270609,experiment,FIFO,0.28,0,variant_5
8253,INSPECTION_1_6,INSPECTION_1_6_LINE,29230.736234738702,0.3748133437184151,11,0.3748133437184151,164.2170430968108,1.015267967388354,41,29066.51919164189,29231.75150270609,experiment,FIFO,0.28,0,variant_5
8253,INSPECTION_1_7,INSPECTION_1_7_LINE,29231.75150270609,1.015267967388354,12,1.015267967388354,165.23231106419917,0.0,40,29066.51919164189,29231.75150270609,experiment,FIFO,0.28,0,variant_5
8254,MOULDING_4,MOULDING_MACHINE_4,29077.615565027707,10.337984401267022,1,0.0,0.0,84.60911587627561,36,29077.615565027707,29162.224680903983,experiment,FIFO,0.28,0,variant_3
8254,ASSEMBLY_1_3,LINE_3_ASSEMBLY1,29083.17334588208,0.38395908891106956,2,5.557780854374869,5.557780854374869,79.05133502190074,36,29077.615565027707,29162.224680903983,experiment,FIFO,0.28,0,variant_3
8254,ASSEMBLY_2_2,ASSEMBLY2_LINE_2,29116.707810711247,3.883584432562202,3,33.53446482916479,39.09224568353966,45.51687019273595,38,29077.615565027707,29162.224680903983,experiment,FIFO,0.28,0,variant_3
8254,SORTING,SORTING_ROBOT_1,29150.08205582567,3.3716714668516943,4,33.37424511442441,72.46649079796407,12.14262507831154,37,29077.615565027707,29162.224680903983,experiment,FIFO,0.28,0,variant_3
8254,PACKAGING_3,PACKAGING_LINE_3,29153.0022227851,2.92016695942948,5,2.92016695942948,75.38665775739355,9.22245811888206,38,29077.615565027707,29162.224680903983,experiment,FIFO,0.28,0,variant_3
8254,INSPECTION_1_1,INSPECTION_1_1_LINE,29153.377854255712,0.3756314706115518,6,0.3756314706115518,75.7622892280051,8.846826648270508,38,29077.615565027707,29162.224680903983,experiment,FIFO,0.28,0,variant_3
8254,INSPECTION_1_2,INSPECTION_1_2_LINE,29156.16621274244,2.7883584867267928,7,2.7883584867267928,78.5506477147319,6.058468161543715,39,29077.615565027707,29162.224680903983,experiment,FIFO,0.28,0,variant_3
8254,INSPECTION_1_3,INSPECTION_1_3_LINE,29157.7103548014,1.544142058959551,8,1.544142058959551,80.09478977369145,4.514326102584164,40,29077.615565027707,29162.224680903983,experiment,FIFO,0.28,0,variant_3
8254,INSPECTION_1_4,INSPECTION_1_4_LINE,29160.281868109843,2.5715133084449917,9,2.5715133084449917,82.66630308213644,1.9428127941391722,39,29077.615565027707,29162.224680903983,experiment,FIFO,0.28,0,variant_3
8254,INSPECTION_1_5,INSPECTION_1_5_LINE,29160.39712026936,0.11525215951769496,10,0.11525215951769496,82.78155524165413,1.8275606346214772,39,29077.615565027707,29162.224680903983,experiment,FIFO,0.28,0,variant_3
8254,INSPECTION_1_6,INSPECTION_1_6_LINE,29160.78452874286,0.3874084734998178,11,0.3874084734998178,83.16896371515395,1.4401521611216594,40,29077.615565027707,29162.224680903983,experiment,FIFO,0.28,0,variant_3
8254,INSPECTION_1_7,INSPECTION_1_7_LINE,29162.224680903983,1.4401521611216594,12,1.4401521611216594,84.60911587627561,0.0,39,29077.615565027707,29162.224680903983,experiment,FIFO,0.28,0,variant_3
8255,MOULDING_2,MOULDING_MACHINE_2,29077.68903222929,9.225077328541374,1,0.0,0.0,62.582037859323464,37,29077.68903222929,29140.271070088613,experiment,FIFO,0.28,0,variant_3
8255,ASSEMBLY_1_2,LINE_2_ASSEMBLY1,29079.40640748361,1.717375254320359,2,1.717375254320359,1.717375254320359,60.864662605003105,37,29077.68903222929,29140.271070088613,experiment,FIFO,0.28,0,variant_3
8255,ASSEMBLY_2_2,ASSEMBLY2_LINE_2,29112.169109224986,23.058548558328766,3,32.76270174137608,34.480076995696436,28.101960863627028,34,29077.68903222929,29140.271070088613,experiment,FIFO,0.28,0,variant_3
8255,SORTING,SORTING_ROBOT_1,29124.073665463635,0.9272681394759275,4,11.904556238649093,46.38463323434553,16.197404624977935,37,29077.68903222929,29140.271070088613,experiment,FIFO,0.28,0,variant_3
8255,PACKAGING_2,PACKAGING_LINE_2,29132.16862398595,0.992142398859869,5,8.09495852231339,54.47959175665892,8.102446102664544,39,29077.68903222929,29140.271070088613,experiment,FIFO,0.28,0,variant_3
8255,INSPECTION_1_1,INSPECTION_1_1_LINE,29133.912550539884,1.743926553936035,6,1.743926553936035,56.223518310594955,6.358519548728509,39,29077.68903222929,29140.271070088613,experiment,FIFO,0.28,0,variant_3
8255,INSPECTION_1_2,INSPECTION_1_2_LINE,29134.29832825508,0.38577771519703674,7,0.38577771519703674,56.60929602579199,5.972741833531472,40,29077.68903222929,29140.271070088613,experiment,FIFO,0.28,0,variant_3
8255,INSPECTION_1_3,INSPECTION_1_3_LINE,29135.19716302324,0.8988347681588493,8,0.8988347681588493,57.50813079395084,5.073907065372623,40,29077.68903222929,29140.271070088613,experiment,FIFO,0.28,0,variant_3
8255,INSPECTION_1_4,INSPECTION_1_4_LINE,29135.78694532,0.5897822967599495,9,0.5897822967599495,58.09791309071079,4.4841247686126735,39,29077.68903222929,29140.271070088613,experiment,FIFO,0.28,0,variant_3
8255,INSPECTION_1_5,INSPECTION_1_5_LINE,29137.39983681928,1.6128914992805221,10,1.6128914992805221,59.71080458999131,2.8712332693321514,39,29077.68903222929,29140.271070088613,experiment,FIFO,0.28,0,variant_3
8255,INSPECTION_1_6,INSPECTION_1_6_LINE,29137.83823973293,0.4384029136490426,11,0.4384029136490426,60.149207503640355,2.432830355683109,39,29077.68903222929,29140.271070088613,experiment,FIFO,0.28,0,variant_3
8255,INSPECTION_1_7,INSPECTION_1_7_LINE,29140.271070088613,2.432830355683109,12,2.432830355683109,62.582037859323464,0.0,38,29077.68903222929,29140.271070088613,experiment,FIFO,0.28,0,variant_3
8256,MOULDING_3,MOULDING_MACHINE_3,29070.54966141584,0.8562423216790194,1,0.0,0.0,76.5502706740117,36,29070.54966141584,29147.09993208985,experiment,FIFO,0.28,0,variant_6
8256,ASSEMBLY_1_3,LINE_3_ASSEMBLY1,29082.78938679317,11.254804289739695,2,12.239725377330615,12.239725377330615,64.31054529668108,35,29070.54966141584,29147.09993208985,experiment,FIFO,0.28,0,variant_6
8256,ASSEMBLY_2_2,ASSEMBLY2_LINE_2,29112.824226278684,0.6551170536986319,3,30.034839485513658,42.27456486284427,34.27570581116743,36,29070.54966141584,29147.09993208985,experiment,FIFO,0.28,0,variant_6
8256,SORTING,SORTING_ROBOT_1,29137.51800185924,13.444336395605205,4,24.693775580555666,66.96834044339994,9.58193023061176,39,29070.54966141584,29147.09993208985,experiment,FIFO,0.28,0,variant_6
8256,PACKAGING_3,PACKAGING_LINE_3,29139.466753510544,1.9487516513036098,5,1.9487516513036098,68.91709209470355,7.633178579308151,39,29070.54966141584,29147.09993208985,experiment,FIFO,0.28,0,variant_6
8256,INSPECTION_2_1,INSPECTION_2_1_LINE,29142.0543244156,2.5875709050560545,6,2.5875709050560545,71.5046629997596,5.045607674252096,40,29070.54966141584,29147.09993208985,experiment,FIFO,0.28,0,variant_6
8256,INSPECTION_2_2,INSPECTION_2_2_LINE,29144.45414832738,2.3998239117790945,7,2.3998239117790945,73.9044869115387,2.645783762473002,38,29070.54966141584,29147.09993208985,experiment,FIFO,0.28,0,variant_6
8256,INSPECTION_2_3,INSPECTION_2_3_LINE,29145.06861651088,0.6144681834994117,8,0.6144681834994117,74.51895509503811,2.03131557897359,38,29070.54966141584,29147.09993208985,experiment,FIFO,0.28,0,variant_6
8256,INSPECTION_2_4,INSPECTION_2_4_LINE,29145.54982930085,0.4812127899713232,9,0.4812127899713232,75.00016788500943,1.550102789002267,38,29070.54966141584,29147.09993208985,experiment,FIFO,0.28,0,variant_6
8256,INSPECTION_2_5,INSPECTION_2_5_LINE,29145.954539648963,0.40471034811344,10,0.40471034811344,75.40487823312287,1.145392440888827,38,29070.54966141584,29147.09993208985,experiment,FIFO,0.28,0,variant_6
8256,INSPECTION_2_6,INSPECTION_2_6_LINE,29146.607088861027,0.6525492120636045,11,0.6525492120636045,76.05742744518648,0.49284322882522247,38,29070.54966141584,29147.09993208985,experiment,FIFO,0.28,0,variant_6
8256,INSPECTION_2_7,INSPECTION_2_7_LINE,29147.09993208985,0.49284322882522247,12,0.49284322882522247,76.5502706740117,0.0,37,29070.54966141584,29147.09993208985,experiment,FIFO,0.28,0,variant_6
8257,MOULDING_2,MOULDING_MACHINE_2,29080.452122644943,2.7630904156540055,1,0.0,0.0,93.40475018541838,36,29080.452122644943,29173.85687283036,experiment,FIFO,0.28,0,variant_3
8257,ASSEMBLY_1_2,LINE_2_ASSEMBLY1,29093.49767772132,13.045555076376331,2,13.045555076376331,13.045555076376331,80.35919510904205,36,29080.452122644943,29173.85687283036,experiment,FIFO,0.28,0,variant_3
8257,ASSEMBLY_2_2,ASSEMBLY2_LINE_2,29121.477330174857,4.769519463610777,3,27.97965245353771,41.02520752991404,52.37954265550434,36,29080.452122644943,29173.85687283036,experiment,FIFO,0.28,0,variant_3
8257,SORTING,SORTING_ROBOT_1,29153.909141695844,0.4175408262090059,4,32.43181152098623,73.45701905090027,19.947731134518108,38,29080.452122644943,29173.85687283036,experiment,FIFO,0.28,0,variant_3
8257,PACKAGING_1,PACKAGING_LINE_1,29155.956384210152,2.0472425143088913,5,2.0472425143088913,75.50426156520916,17.900488620209217,38,29080.452122644943,29173.85687283036,experiment,FIFO,0.28,0,variant_3
8257,INSPECTION_2_1,INSPECTION_2_1_LINE,29159.75354810629,2.4966348022207967,6,3.7971638961389544,79.30142546134812,14.103324724070262,39,29080.452122644943,29173.85687283036,experiment,FIFO,0.28,0,variant_3
8257,INSPECTION_2_2,INSPECTION_2_2_LINE,29162.93966257436,3.186114468069718,7,3.186114468069718,82.48753992941784,10.917210256000544,40,29080.452122644943,29173.85687283036,experiment,FIFO,0.28,0,variant_3
8257,INSPECTION_2_3,INSPECTION_2_3_LINE,29162.94626337756,0.00660080319721601,8,0.00660080319721601,82.49414073261505,10.910609452803328,40,29080.452122644943,29173.85687283036,experiment,FIFO,0.28,0,variant_3
8257,INSPECTION_2_4,INSPECTION_2_4_LINE,29164.96067451298,2.0144111354202323,9,2.0144111354202323,84.50855186803528,8.896198317383096,39,29080.452122644943,29173.85687283036,experiment,FIFO,0.28,0,variant_3
8257,INSPECTION_2_5,INSPECTION_2_5_LINE,29169.433068879,2.032324572261132,10,4.472394366021035,88.98094623405632,4.423803951362061,41,29080.452122644943,29173.85687283036,experiment,FIFO,0.28,0,variant_3
8257,INSPECTION_2_6,INSPECTION_2_6_LINE,29170.65970272858,1.2266338495792297,11,1.2266338495792297,90.20758008363555,3.197170101782831,42,29080.452122644943,29173.85687283036,experiment,FIFO,0.28,0,variant_3
8257,INSPECTION_2_7,INSPECTION_2_7_LINE,29173.85687283036,3.197170101782831,12,3.197170101782831,93.40475018541838,0.0,40,29080.452122644943,29173.85687283036,experiment,FIFO,0.28,0,variant_3
8258,MOULDING_4,MOULDING_MACHINE_4,29085.30962683575,7.694061808044353,1,0.0,0.0,152.2644092331393,37,29085.30962683575,29237.57403606889,experiment,FIFO,0.28,0,variant_3
8258,ASSEMBLY_1_5,LINE_5_ASSEMBLY1,29089.040195412494,3.730568576742371,2,3.730568576742371,3.730568576742371,148.53384065639693,37,29085.30962683575,29237.57403606889,experiment,FIFO,0.28,0,variant_3
8258,ASSEMBLY_2_1,ASSEMBLY2_LINE_1,29207.747154218472,16.55073961074595,3,118.7069588059785,122.43752738272087,29.82688185041843,38,29085.30962683575,29237.57403606889,experiment,FIFO,0.28,0,variant_3
8258,SORTING,SORTING_ROBOT_1,29224.86291515631,5.55829091159103,4,17.115760937838786,139.55328832055966,12.711120912579645,42,29085.30962683575,29237.57403606889,experiment,FIFO,0.28,0,variant_3
8258,PACKAGING_2,PACKAGING_LINE_2,29230.206594260784,5.343679104473267,5,5.343679104473267,144.89696742503293,7.367441808106378,42,29085.30962683575,29237.57403606889,experiment,FIFO,0.28,0,variant_3
8258,INSPECTION_2_1,INSPECTION_2_1_LINE,29230.24069532857,0.03410106778756017,6,0.03410106778756017,144.9310684928205,7.3333407403188176,42,29085.30962683575,29237.57403606889,experiment,FIFO,0.28,0,variant_3
8258,INSPECTION_2_2,INSPECTION_2_2_LINE,29231.10470384814,0.8640085195693246,7,0.8640085195693246,145.7950770123898,6.469332220749493,41,29085.30962683575,29237.57403606889,experiment,FIFO,0.28,0,variant_3
8258,INSPECTION_2_3,INSPECTION_2_3_LINE,29231.228090180062,0.12338633192121051,8,0.12338633192121051,145.91846334431102,6.3459458888282825,41,29085.30962683575,29237.57403606889,experiment,FIFO,0.28,0,variant_3
8258,INSPECTION_2_4,INSPECTION_2_4_LINE,29231.69315242147,0.46506224140830454,9,0.46506224140830454,146.38352558571933,5.880883647419978,41,29085.30962683575,29237.57403606889,experiment,FIFO,0.28,0,variant_3
8258,INSPECTION_2_5,INSPECTION_2_5_LINE,29233.15163761109,1.4584851896179316,10,1.4584851896179316,147.84201077533726,4.422398457802046,39,29085.30962683575,29237.57403606889,experiment,FIFO,0.28,0,variant_3
8258,INSPECTION_2_5,INSPECTION_2_5_LINE,29233.16834353113,0.01670592004302307,11,0.01670592004302307,147.85871669538028,4.405692537759023,39,29085.30962683575,29237.57403606889,experiment,FIFO,0.28,0,variant_3
8258,INSPECTION_2_6,INSPECTION_2_6_LINE,29233.582351087985,0.4140075568539032,12,0.4140075568539032,148.27272425223418,3.99168498090512,39,29085.30962683575,29237.57403606889,experiment,FIFO,0.28,0,variant_3
8258,INSPECTION_2_7,INSPECTION_2_7_LINE,29237.57403606889,3.99168498090512,13,3.99168498090512,152.2644092331393,0.0,39,29085.30962683575,29237.57403606889,experiment,FIFO,0.28,0,variant_3
8259,MOULDING_2,MOULDING_MACHINE_2,29101.56542549972,21.11330285477743,1,0.0,0.0,70.64412543777507,33,29101.56542549972,29172.209550937496,experiment,FIFO,0.28,0,variant_5
8259,ASSEMBLY_1_1,LINE_1_ASSEMBLY1,29108.480190204733,6.914764705012203,2,6.914764705012203,6.914764705012203,63.72936073276287,33,29101.56542549972,29172.209550937496,experiment,FIFO,0.28,0,variant_5
8259,ASSEMBLY_2_2,ASSEMBLY2_LINE_2,29129.123811072564,7.646480897707079,3,20.643620867831487,27.55838557284369,43.085739864931384,37,29101.56542549972,29172.209550937496,experiment,FIFO,0.28,0,variant_5
8259,SORTING,SORTING_ROBOT_1,29158.13420699001,2.0004409757420945,4,29.01039591744484,56.56878149028853,14.075343947486544,40,29101.56542549972,29172.209550937496,experiment,FIFO,0.28,0,variant_5
8259,PACKAGING_3,PACKAGING_LINE_3,29160.923323517927,2.7891165279179404,5,2.7891165279179404,59.35789801820647,11.286227419568604,40,29101.56542549972,29172.209550937496,experiment,FIFO,0.28,0,variant_5
8259,INSPECTION_1_1,INSPECTION_1_1_LINE,29162.566208844,1.6428853260731557,6,1.6428853260731557,61.000783344279625,9.643342093495448,40,29101.56542549972,29172.209550937496,experiment,FIFO,0.28,0,variant_5
8259,INSPECTION_1_2,INSPECTION_1_2_LINE,29163.30867035768,0.7424615136806096,7,0.7424615136806096,61.743244857960235,8.900880579814839,40,29101.56542549972,29172.209550937496,experiment,FIFO,0.28,0,variant_5
8259,INSPECTION_1_3,INSPECTION_1_3_LINE,29164.64278872033,1.33411836265077,8,1.33411836265077,63.077363220611005,7.566762217164069,40,29101.56542549972,29172.209550937496,experiment,FIFO,0.28,0,variant_5
8259,INSPECTION_1_4,INSPECTION_1_4_LINE,29166.56285564855,1.920066928218148,9,1.920066928218148,64.99743014882915,5.646695288945921,41,29101.56542549972,29172.209550937496,experiment,FIFO,0.28,0,variant_5
8259,INSPECTION_1_5,INSPECTION_1_5_LINE,29166.84439783058,0.2815421820305346,10,0.2815421820305346,65.27897233085969,5.365153106915386,41,29101.56542549972,29172.209550937496,experiment,FIFO,0.28,0,variant_5
8259,INSPECTION_1_6,INSPECTION_1_6_LINE,29169.14254364662,2.298145816039323,11,2.298145816039323,67.57711814689901,3.067007290876063,41,29101.56542549972,29172.209550937496,experiment,FIFO,0.28,0,variant_5
8259,INSPECTION_1_7,INSPECTION_1_7_LINE,29172.209550937496,3.067007290876063,12,3.067007290876063,70.64412543777507,0.0,41,29101.56542549972,29172.209550937496,experiment,FIFO,0.28,0,variant_5
8260,MOULDING_2,MOULDING_MACHINE_2,29112.98786362323,11.422438123510801,1,0.0,0.0,75.73923587589525,37,29112.98786362323,29188.727099499127,experiment,FIFO,0.28,0,variant_6
8260,ASSEMBLY_1_1,LINE_1_ASSEMBLY1,29127.11132220188,8.263857761918189,2,14.123458578647842,14.123458578647842,61.615777297247405,37,29112.98786362323,29188.727099499127,experiment,FIFO,0.28,0,variant_6
8260,ASSEMBLY_2_2,ASSEMBLY2_LINE_2,29154.04979734457,15.749907668690867,3,26.93847514269146,41.0619337213393,34.677302154555946,38,29112.98786362323,29188.727099499127,experiment,FIFO,0.28,0,variant_6
8260,SORTING,SORTING_ROBOT_1,29176.30714052903,0.605105228467437,4,22.257343184457568,63.31927690579687,12.419958970098378,40,29112.98786362323,29188.727099499127,experiment,FIFO,0.28,0,variant_6
8260,PACKAGING_3,PACKAGING_LINE_3,29182.75137957637,6.106745044031413,5,6.444239047341398,69.76351595313827,5.97571992275698,39,29112.98786362323,29188.727099499127,experiment,FIFO,0.28,0,variant_6
8260,INSPECTION_2_1,INSPECTION_2_1_LINE,29184.590285490987,1.3507046962840832,6,1.8389059146174986,71.60242186775577,4.136814008139481,39,29112.98786362323,29188.727099499127,experiment,FIFO,0.28,0,variant_6
8260,INSPECTION_2_2,INSPECTION_2_2_LINE,29184.9867210462,0.39643555521251983,7,0.39643555521251983,71.99885742296829,3.7403784529269615,39,29112.98786362323,29188.727099499127,experiment,FIFO,0.28,0,variant_6
8260,INSPECTION_2_3,INSPECTION_2_3_LINE,29185.691924864645,0.7052038184447156,8,0.7052038184447156,72.704061241413,3.035174634482246,38,29112.98786362323,29188.727099499127,experiment,FIFO,0.28,0,variant_6
8260,INSPECTION_2_4,INSPECTION_2_4_LINE,29185.98733115193,0.2954062872850045,9,0.2954062872850045,72.999467528698,2.7397683471972414,39,29112.98786362323,29188.727099499127,experiment,FIFO,0.28,0,variant_6
8260,INSPECTION_2_5,INSPECTION_2_5_LINE,29187.294298233857,1.3069670819277235,10,1.3069670819277235,74.30643461062573,1.432801265269518,39,29112.98786362323,29188.727099499127,experiment,FIFO,0.28,0,variant_6
8260,INSPECTION_2_6,INSPECTION_2_6_LINE,29187.72002084836,0.4257226145018649,11,0.4257226145018649,74.7321572251276,1.007078650767653,39,29112.98786362323,29188.727099499127,experiment,FIFO,0.28,0,variant_6
8260,INSPECTION_2_7,INSPECTION_2_7_LINE,29188.727099499127,0.8051480704561982,12,1.007078650767653,75.73923587589525,0.0,39,29112.98786362323,29188.727099499127,experiment,FIFO,0.28,0,variant_6
8261,MOULDING_3,MOULDING_MACHINE_3,29083.029421098432,0.06312389381128014,1,0.0,0.0,165.28826628597744,36,29083.029421098432,29248.31768738441,experiment,FIFO,0.28,0,variant_2
8261,ASSEMBLY_1_1,LINE_1_ASSEMBLY1,29096.558983572468,13.529562474035629,2,13.529562474035629,13.529562474035629,151.7587038119418,35,29083.029421098432,29248.31768738441,experiment,FIFO,0.28,0,variant_2
8261,ASSEMBLY_2_1,ASSEMBLY2_LINE_1,29215.83981167305,8.09265745457742,3,119.28082810058186,132.8103905746175,32.47787571135996,37,29083.029421098432,29248.31768738441,experiment,FIFO,0.28,0,variant_2
8261,SORTING,SORTING_ROBOT_1,29228.8712095666,4.008294410290546,4,13.031397893551912,145.8417884681694,19.446477817808045,43,29083.029421098432,29248.31768738441,experiment,FIFO,0.28,0,variant_2
8261,PACKAGING_1,PACKAGING_LINE_1,29234.61763711184,5.746427545240294,5,5.746427545240294,151.5882160134097,13.70005027256775,39,29083.029421098432,29248.31768738441,experiment,FIFO,0.28,0,variant_2
8261,INSPECTION_2_1,INSPECTION_2_1_LINE,29235.151367877028,0.533730765186192,6,0.533730765186192,152.12194677859588,13.166319507381559,39,29083.029421098432,29248.31768738441,experiment,FIFO,0.28,0,variant_2
8261,INSPECTION_2_2,INSPECTION_2_2_LINE,29235.22818229238,0.07681441535169142,7,0.07681441535169142,152.19876119394758,13.089505092029867,39,29083.029421098432,29248.31768738441,experiment,FIFO,0.28,0,variant_2
8261,INSPECTION_2_3,INSPECTION_2_3_LINE,29237.04345077836,1.8152684859815054,8,1.8152684859815054,154.01402967992908,11.274236606048362,40,29083.029421098432,29248.31768738441,experiment,FIFO,0.28,0,variant_2
8261,INSPECTION_2_4,INSPECTION_2_4_LINE,29239.44627088151,2.4028201031505887,9,2.4028201031505887,156.41684978307967,8.871416502897773,39,29083.029421098432,29248.31768738441,experiment,FIFO,0.28,0,variant_2
8261,INSPECTION_2_5,INSPECTION_2_5_LINE,29246.13020910862,6.683938227110048,10,6.683938227110048,163.10078801018972,2.1874782757877256,37,29083.029421098432,29248.31768738441,experiment,FIFO,0.28,0,variant_2
8261,INSPECTION_2_6,INSPECTION_2_6_LINE,29246.90505974618,0.7748506375573925,11,0.7748506375573925,163.8756386477471,1.412627638230333,37,29083.029421098432,29248.31768738441,experiment,FIFO,0.28,0,variant_2
8261,INSPECTION_2_7,INSPECTION_2_7_LINE,29248.31768738441,1.412627638230333,12,1.412627638230333,165.28826628597744,0.0,36,29083.029421098432,29248.31768738441,experiment,FIFO,0.28,0,variant_2
8262,MOULDING_1,MOULDING_MACHINE_1,29107.80675519199,24.360522350267274,1,0.0,0.0,223.2449462834993,33,29107.80675519199,29331.051701475488,experiment,FIFO,0.28,0,variant_4
8262,ASSEMBLY_1_5,LINE_5_ASSEMBLY1,29113.69651823953,5.8897630475403275,2,5.8897630475403275,5.8897630475403275,217.35518323595898,36,29107.80675519199,29331.051701475488,experiment,FIFO,0.28,0,variant_4
8262,ASSEMBLY_2_1,ASSEMBLY2_LINE_1,29221.435762344343,0.013648188083607238,3,107.73924410481413,113.62900715235446,109.61593913114484,41,29107.80675519199,29331.051701475488,experiment,FIFO,0.28,0,variant_4
8262,ASSEMBLY_2_1,ASSEMBLY2_LINE_1,29300.8677602651,1.0517226474767085,4,79.43199792075757,193.06100507311203,30.183941210387275,32,29107.80675519199,29331.051701475488,experiment,FIFO,0.28,0,variant_4
8262,SORTING,SORTING_ROBOT_1,29323.29062104429,4.40492994332817,5,22.42286077918834,215.48386585230037,7.761080431198934,30,29107.80675519199,29331.051701475488,experiment,FIFO,0.28,0,variant_4
8262,PACKAGING_2,PACKAGING_LINE_2,29323.74483506284,0.4542140185512835,6,0.4542140185512835,215.93807987085165,7.306866412647651,29,29107.80675519199,29331.051701475488,experiment,FIFO,0.28,0,variant_4
8262,INSPECTION_2_1,INSPECTION_2_1_LINE,29323.82937744717,0.0845423843311437,7,0.0845423843311437,216.0226222551828,7.222324028316507,29,29107.80675519199,29331.051701475488,experiment,FIFO,0.28,0,variant_4
8262,INSPECTION_2_2,INSPECTION_2_2_LINE,29323.839741604163,0.010364156991272466,8,0.010364156991272466,216.03298641217407,7.211959871325234,29,29107.80675519199,29331.051701475488,experiment,FIFO,0.28,0,variant_4
8262,INSPECTION_2_3,INSPECTION_2_3_LINE,29324.1169175943,0.27717599013703875,9,0.27717599013703875,216.3101624023111,6.934783881188196,29,29107.80675519199,29331.051701475488,experiment,FIFO,0.28,0,variant_4
8262,INSPECTION_2_4,INSPECTION_2_4_LINE,29325.215485490524,1.0985678962242673,10,1.0985678962242673,217.40873029853537,5.836215984963928,29,29107.80675519199,29331.051701475488,experiment,FIFO,0.28,0,variant_4
8262,INSPECTION_2_5,INSPECTION_2_5_LINE,29327.10814507016,1.892659579636529,11,1.892659579636529,219.3013898781719,3.9435564053273993,29,29107.80675519199,29331.051701475488,experiment,FIFO,0.28,0,variant_4
8262,INSPECTION_2_6,INSPECTION_2_6_LINE,29328.36513405644,1.2569889862788841,12,1.2569889862788841,220.5583788644508,2.686567419048515,29,29107.80675519199,29331.051701475488,experiment,FIFO,0.28,0,variant_4
8262,INSPECTION_2_7,INSPECTION_2_7_LINE,29331.051701475488,2.686567419048515,13,2.686567419048515,223.2449462834993,0.0,26,29107.80675519199,29331.051701475488,experiment,FIFO,0.28,0,variant_4
8263,MOULDING_1,MOULDING_MACHINE_1,29112.726204979124,4.919449787135818,1,0.0,0.0,75.19574644954628,36,29112.726204979124,29187.92195142867,experiment,FIFO,0.28,0,variant_3
8263,ASSEMBLY_1_1,LINE_1_ASSEMBLY1,29118.84746443996,6.121259460836882,2,6.121259460836882,6.121259460836882,69.0744869887094,35,29112.726204979124,29187.92195142867,experiment,FIFO,0.28,0,variant_3
8263,ASSEMBLY_2_2,ASSEMBLY2_LINE_2,29138.22716159798,0.14010091419913806,3,19.379697158019553,25.500956618856435,49.69478983068984,39,29112.726204979124,29187.92195142867,experiment,FIFO,0.28,0,variant_3
8263,SORTING,SORTING_ROBOT_1,29172.22875596364,5.865122487539338,4,34.00159436565809,59.50255098451453,15.69319546503175,41,29112.726204979124,29187.92195142867,experiment,FIFO,0.28,0,variant_3
8263,PACKAGING_2,PACKAGING_LINE_2,29177.89666542215,3.4753569970926037,5,5.66790945851244,65.17046044302697,10.025286006519309,40,29112.726204979124,29187.92195142867,experiment,FIFO,0.28,0,variant_3
8263,INSPECTION_2_1,INSPECTION_2_1_LINE,29183.239580794703,4.874186322253081,6,5.342915372551943,70.51337581557891,4.682370633967366,39,29112.726204979124,29187.92195142867,experiment,FIFO,0.28,0,variant_3
8263,INSPECTION_2_2,INSPECTION_2_2_LINE,29183.550637636155,0.3110568414522277,7,0.3110568414522277,70.82443265703114,4.371313792515139,39,29112.726204979124,29187.92195142867,experiment,FIFO,0.28,0,variant_3
8263,INSPECTION_2_3,INSPECTION_2_3_LINE,29184.92859368075,1.3779560445946117,8,1.3779560445946117,72.20238870162575,2.993357747920527,39,29112.726204979124,29187.92195142867,experiment,FIFO,0.28,0,variant_3
8263,INSPECTION_2_4,INSPECTION_2_4_LINE,29185.329348067247,0.4007543864972831,9,0.4007543864972831,72.60314308812303,2.5926033614232438,39,29112.726204979124,29187.92195142867,experiment,FIFO,0.28,0,variant_3
8263,INSPECTION_2_5,INSPECTION_2_5_LINE,29185.98108414839,0.65173608114128,10,0.65173608114128,73.25487916926431,1.9408672802819638,39,29112.726204979124,29187.92195142867,experiment,FIFO,0.28,0,variant_3
8263,INSPECTION_2_6,INSPECTION_2_6_LINE,29186.537480173585,0.5563960251965909,11,0.5563960251965909,73.8112751944609,1.3844712550853728,39,29112.726204979124,29187.92195142867,experiment,FIFO,0.28,0,variant_3
8263,INSPECTION_2_7,INSPECTION_2_7_LINE,29187.92195142867,1.3844712550853728,12,1.3844712550853728,75.19574644954628,0.0,39,29112.726204979124,29187.92195142867,experiment,FIFO,0.28,0,variant_3
8264,MOULDING_4,MOULDING_MACHINE_4,29106.662094080948,9.66652027987584,1,0.0,0.0,145.5286661245118,32,29106.662094080948,29252.19076020546,experiment,FIFO,0.28,0,variant_5
8264,ASSEMBLY_1_4,LINE_4_ASSEMBLY1,29109.6856012425,3.0235071615534252,2,3.0235071615534252,3.0235071615534252,142.50515896295838,33,29106.662094080948,29252.19076020546,experiment,FIFO,0.28,0,variant_5
8264,ASSEMBLY_2_1,ASSEMBLY2_LINE_1,29221.42211415626,5.582302483209787,3,111.7365129137579,114.76002007531133,30.76864604920047,41,29106.662094080948,29252.19076020546,experiment,FIFO,0.28,0,variant_5
8264,SORTING,SORTING_ROBOT_1,29229.532776030293,0.6615664636919973,4,8.110661874034122,122.87068194934545,22.657984175166348,43,29106.662094080948,29252.19076020546,experiment,FIFO,0.28,0,variant_5
8264,PACKAGING_1,PACKAGING_LINE_1,29238.64149090615,4.023853794307797,5,9.108714875856094,131.97939682520155,13.549269299310254,39,29106.662094080948,29252.19076020546,experiment,FIFO,0.28,0,variant_5
8264,INSPECTION_2_1,INSPECTION_2_1_LINE,29239.42550676525,0.7840158590988722,6,0.7840158590988722,132.76341268430042,12.765253440211382,39,29106.662094080948,29252.19076020546,experiment,FIFO,0.28,0,variant_5
8264,INSPECTION_2_2,INSPECTION_2_2_LINE,29240.659163932298,1.2336571670493868,7,1.2336571670493868,133.9970698513498,11.531596273161995,39,29106.662094080948,29252.19076020546,experiment,FIFO,0.28,0,variant_5
8264,INSPECTION_2_3,INSPECTION_2_3_LINE,29244.0350519286,3.375887996302481,8,3.375887996302481,137.3729578476523,8.155708276859514,37,29106.662094080948,29252.19076020546,experiment,FIFO,0.28,0,variant_5
8264,INSPECTION_2_4,INSPECTION_2_4_LINE,29248.395013622805,4.359961694204685,9,4.359961694204685,141.73291954185697,3.7957465826548287,36,29106.662094080948,29252.19076020546,experiment,FIFO,0.28,0,variant_5
8264,INSPECTION_2_5,INSPECTION_2_5_LINE,29249.902174582177,1.5071609593724133,10,1.5071609593724133,143.2400805012294,2.2885856232824153,36,29106.662094080948,29252.19076020546,experiment,FIFO,0.28,0,variant_5
8264,INSPECTION_2_6,INSPECTION_2_6_LINE,29251.070418510008,1.16824392783019,11,1.16824392783019,144.40832442905958,1.1203416954522254,36,29106.662094080948,29252.19076020546,experiment,FIFO,0.28,0,variant_5
8264,INSPECTION_2_7,INSPECTION_2_7_LINE,29252.19076020546,1.1203416954522254,12,1.1203416954522254,145.5286661245118,0.0,35,29106.662094080948,29252.19076020546,experiment,FIFO,0.28,0,variant_5
8265,MOULDING_5,MOULDING_MACHINE_5,29109.697221636736,11.639520923836244,1,0.0,0.0,64.91536713401365,34,29109.697221636736,29174.61258877075,experiment,FIFO,0.28,0,variant_3
8265,ASSEMBLY_1_5,LINE_5_ASSEMBLY1,29115.0778299992,1.3813117596728262,2,5.380608362465864,5.380608362465864,59.534758771547786,36,29109.697221636736,29174.61258877075,experiment,FIFO,0.28,0,variant_3
8265,ASSEMBLY_2_2,ASSEMBLY2_LINE_2,29130.53525594008,1.4114448675172753,3,15.457425940880057,20.83803430334592,44.07733283066773,38,29109.697221636736,29174.61258877075,experiment,FIFO,0.28,0,variant_3
8265,SORTING,SORTING_ROBOT_1,29161.77198222776,1.2288723333913367,4,31.23672628767963,52.07476059102555,12.840606542988098,40,29109.697221636736,29174.61258877075,experiment,FIFO,0.28,0,variant_3
8265,PACKAGING_3,PACKAGING_LINE_3,29166.310382365617,4.538400137855206,5,4.538400137855206,56.61316072888076,8.302206405132893,40,29109.697221636736,29174.61258877075,experiment,FIFO,0.28,0,variant_3
8265,INSPECTION_2_1,INSPECTION_2_1_LINE,29167.713280963304,1.3101695651348564,6,1.4028985976874537,58.01605932656821,6.899307807445439,41,29109.697221636736,29174.61258877075,experiment,FIFO,0.28,0,variant_3
8265,INSPECTION_2_2,INSPECTION_2_2_LINE,29170.03774909187,2.3244681285650586,7,2.3244681285650586,60.34052745513327,4.57483967888038,42,29109.697221636736,29174.61258877075,experiment,FIFO,0.28,0,variant_3
8265,INSPECTION_2_3,INSPECTION_2_3_LINE,29170.94716522608,0.9094161342109146,8,0.9094161342109146,61.249943589344184,3.6654235446694656,42,29109.697221636736,29174.61258877075,experiment,FIFO,0.28,0,variant_3
8265,INSPECTION_2_4,INSPECTION_2_4_LINE,29172.205668498693,1.2585032726128702,9,1.2585032726128702,62.508446861957054,2.4069202720565954,42,29109.697221636736,29174.61258877075,experiment,FIFO,0.28,0,variant_3
8265,INSPECTION_2_5,INSPECTION_2_5_LINE,29172.79294848633,0.5872799876378849,10,0.5872799876378849,63.09572684959494,1.8196402844187105,42,29109.697221636736,29174.61258877075,experiment,FIFO,0.28,0,variant_3
8265,INSPECTION_2_5,INSPECTION_2_5_LINE,29172.96976327112,0.17681478479062207,11,0.17681478479062207,63.27254163438556,1.6428254996280884,42,29109.697221636736,29174.61258877075,experiment,FIFO,0.28,0,variant_3
8265,INSPECTION_2_6,INSPECTION_2_6_LINE,29173.10822292358,0.1384596524585504,12,0.1384596524585504,63.41100128684411,1.504365847169538,42,29109.697221636736,29174.61258877075,experiment,FIFO,0.28,0,variant_3
8265,INSPECTION_2_7,INSPECTION_2_7_LINE,29174.61258877075,0.749770320024254,13,1.504365847169538,64.91536713401365,0.0,38,29109.697221636736,29174.61258877075,experiment,FIFO,0.28,0,variant_3
8266,MOULDING_1,MOULDING_MACHINE_1,29121.971257845453,9.245052866328479,1,0.0,0.0,149.02459393752724,37,29121.971257845453,29270.99585178298,experiment,FIFO,0.28,0,variant_4
8266,ASSEMBLY_1_1,LINE_1_ASSEMBLY1,29128.58330921615,1.4719870142689615,2,6.6120513706955535,6.6120513706955535,142.4125425668317,37,29121.971257845453,29270.99585178298,experiment,FIFO,0.28,0,variant_4
8266,ASSEMBLY_2_1,ASSEMBLY2_LINE_1,29231.33315113997,0.9156739516220114,3,102.7498419238218,109.36189329451736,39.662700643009885,41,29121.971257845453,29270.99585178298,experiment,FIFO,0.28,0,variant_4
8266,SORTING,SORTING_ROBOT_1,29249.82715306656,8.68831493820835,4,18.49400192658868,127.85589522110604,21.168698716421204,36,29121.971257845453,29270.99585178298,experiment,FIFO,0.28,0,variant_4
8266,PACKAGING_2,PACKAGING_LINE_2,29258.13419744867,8.307044382112508,5,8.307044382112508,136.16293960321855,12.861654334308696,33,29121.971257845453,29270.99585178298,experiment,FIFO,0.28,0,variant_4
8266,INSPECTION_2_1,INSPECTION_2_1_LINE,29260.62498143438,2.458043207658193,6,2.4907839857078216,138.65372358892637,10.370870348600874,34,29121.971257845453,29270.99585178298,experiment,FIFO,0.28,0,variant_4
8266,INSPECTION_2_2,INSPECTION_2_2_LINE,29262.17983599015,1.554854555772181,7,1.554854555772181,140.20857814469855,8.816015792828694,34,29121.971257845453,29270.99585178298,experiment,FIFO,0.28,0,variant_4
8266,INSPECTION_2_3,INSPECTION_2_3_LINE,29264.04014627413,1.8603102839770145,8,1.8603102839770145,142.06888842867556,6.955705508851679,34,29121.971257845453,29270.99585178298,experiment,FIFO,0.28,0,variant_4
8266,INSPECTION_2_4,INSPECTION_2_4_LINE,29268.08672803061,4.046581756480009,9,4.046581756480009,146.11547018515557,2.90912375237167,34,29121.971257845453,29270.99585178298,experiment,FIFO,0.28,0,variant_4
8266,INSPECTION_2_5,INSPECTION_2_5_LINE,29268.67223618356,0.585508152951661,10,0.585508152951661,146.70097833810723,2.323615599420009,35,29121.971257845453,29270.99585178298,experiment,FIFO,0.28,0,variant_4
8266,INSPECTION_2_6,INSPECTION_2_6_LINE,29269.97495136689,1.3027151833302923,11,1.3027151833302923,148.00369352143753,1.0209004160897166,34,29121.971257845453,29270.99585178298,experiment,FIFO,0.28,0,variant_4
8266,INSPECTION_2_7,INSPECTION_2_7_LINE,29270.99585178298,1.0209004160897166,12,1.0209004160897166,149.02459393752724,0.0,34,29121.971257845453,29270.99585178298,experiment,FIFO,0.28,0,variant_4
8267,MOULDING_4,MOULDING_MACHINE_4,29112.27055335021,2.301479718847986,1,0.0,0.0,72.73877826700482,35,29112.27055335021,29185.009331617213,experiment,FIFO,0.28,0,variant_1
8267,ASSEMBLY_1_3,LINE_3_ASSEMBLY1,29123.429114784794,11.158561434585863,2,11.158561434585863,11.158561434585863,61.580216832418955,37,29112.27055335021,29185.009331617213,experiment,FIFO,0.28,0,variant_1
8267,ASSEMBLY_2_2,ASSEMBLY2_LINE_2,29138.29988967588,0.07272807789922808,3,14.870774891085603,26.029336325671466,46.70944194133335,39,29112.27055335021,29185.009331617213,experiment,FIFO,0.28,0,variant_1
8267,SORTING,SORTING_ROBOT_1,29172.58444898281,0.3556930191698484,4,34.28455930692871,60.31389563260018,12.42488263440464,41,29112.27055335021,29185.009331617213,experiment,FIFO,0.28,0,variant_1
8267,PACKAGING_3,PACKAGING_LINE_3,29176.64463453234,4.060185549529706,5,4.060185549529706,64.37408118212988,8.364697084874933,40,29112.27055335021,29185.009331617213,experiment,FIFO,0.28,0,variant_1
8267,INSPECTION_2_1,INSPECTION_2_1_LINE,29178.36539447245,1.7207599401117477,6,1.7207599401117477,66.09484112224163,6.643937144763186,40,29112.27055335021,29185.009331617213,experiment,FIFO,0.28,0,variant_1
8267,INSPECTION_2_2,INSPECTION_2_2_LINE,29180.968155937004,2.6027614645536232,7,2.6027614645536232,68.69760258679526,4.041175680209562,39,29112.27055335021,29185.009331617213,experiment,FIFO,0.28,0,variant_1
8267,INSPECTION_2_3,INSPECTION_2_3_LINE,29180.97125899001,0.0031030530044517945,8,0.0031030530044517945,68.70070563979971,4.038072627205111,39,29112.27055335021,29185.009331617213,experiment,FIFO,0.28,0,variant_1
8267,INSPECTION_2_4,INSPECTION_2_4_LINE,29181.302320875617,0.3310618856085057,9,0.3310618856085057,69.03176752540821,3.707010741596605,38,29112.27055335021,29185.009331617213,experiment,FIFO,0.28,0,variant_1
8267,INSPECTION_2_5,INSPECTION_2_5_LINE,29182.760267966347,1.4579470907301584,10,1.4579470907301584,70.48971461613837,2.2490636508664466,39,29112.27055335021,29185.009331617213,experiment,FIFO,0.28,0,variant_1
8267,INSPECTION_2_6,INSPECTION_2_6_LINE,29184.46478737577,1.7045194094243925,11,1.7045194094243925,72.19423402556276,0.544544241442054,39,29112.27055335021,29185.009331617213,experiment,FIFO,0.28,0,variant_1
8267,INSPECTION_2_7,INSPECTION_2_7_LINE,29185.009331617213,0.544544241442054,12,0.544544241442054,72.73877826700482,0.0,38,29112.27055335021,29185.009331617213,experiment,FIFO,0.28,0,variant_1
8268,MOULDING_4,MOULDING_MACHINE_4,29127.19951781261,14.928964462400472,1,0.0,0.0,105.15006452359012,38,29127.19951781261,29232.3495823362,experiment,FIFO,0.28,0,variant_2
8268,ASSEMBLY_1_4,LINE_4_ASSEMBLY1,29171.19612100632,43.99660319371105,2,43.99660319371105,43.99660319371105,61.153461329879065,42,29127.19951781261,29232.3495823362,experiment,FIFO,0.28,0,variant_2
8268,ASSEMBLY_2_2,ASSEMBLY2_LINE_2,29186.60825732984,0.8789105769792513,3,15.412136323520826,59.40873951723188,45.74132500635824,39,29127.19951781261,29232.3495823362,experiment,FIFO,0.28,0,variant_2
8268,SORTING,SORTING_ROBOT_1,29211.71548638301,0.9027444662606285,4,25.10722905317016,84.51596857040204,20.63409595318808,37,29127.19951781261,29232.3495823362,experiment,FIFO,0.28,0,variant_2
8268,PACKAGING_3,PACKAGING_LINE_3,29227.93849053836,4.087446678990091,5,16.223004155348463,100.7389727257505,4.411091797839617,43,29127.19951781261,29232.3495823362,experiment,FIFO,0.28,0,variant_2
8268,INSPECTION_1_1,INSPECTION_1_1_LINE,29229.065014147105,1.1265236087456287,6,1.1265236087456287,101.86549633449613,3.2845681890939886,43,29127.19951781261,29232.3495823362,experiment,FIFO,0.28,0,variant_2
8268,INSPECTION_1_2,INSPECTION_1_2_LINE,29230.710753857733,1.0800728869326122,7,1.6457397106278222,103.51123604512395,1.6388284784661664,41,29127.19951781261,29232.3495823362,experiment,FIFO,0.28,0,variant_2
8268,INSPECTION_1_3,INSPECTION_1_3_LINE,29230.92327112921,0.21251727147682686,8,0.21251727147682686,103.72375331660078,1.4263112069893396,41,29127.19951781261,29232.3495823362,experiment,FIFO,0.28,0,variant_2
8268,INSPECTION_1_4,INSPECTION_1_4_LINE,29231.158520182504,0.2352490532939555,9,0.2352490532939555,103.95900236989473,1.191062153695384,41,29127.19951781261,29232.3495823362,experiment,FIFO,0.28,0,variant_2
8268,INSPECTION_1_5,INSPECTION_1_5_LINE,29231.56458029709,0.4060601145865803,10,0.4060601145865803,104.36506248448131,0.7850020391088037,41,29127.19951781261,29232.3495823362,experiment,FIFO,0.28,0,variant_2
8268,INSPECTION_1_6,INSPECTION_1_6_LINE,29232.161058856087,0.5964785589967505,11,0.5964785589967505,104.96154104347806,0.18852348011205322,40,29127.19951781261,29232.3495823362,experiment,FIFO,0.28,0,variant_2
8268,INSPECTION_1_7,INSPECTION_1_7_LINE,29232.3495823362,0.18852348011205322,12,0.18852348011205322,105.15006452359012,0.0,39,29127.19951781261,29232.3495823362,experiment,FIFO,0.28,0,variant_2
8269,MOULDING_2,MOULDING_MACHINE_2,29116.20014106111,1.506811850649683,1,0.0,0.0,141.20659546449315,38,29116.20014106111,29257.4067365256,experiment,FIFO,0.28,0,variant_3
8269,ASSEMBLY_1_2,LINE_2_ASSEMBLY1,29121.43424536357,2.5970209442784835,2,5.234104302460764,5.234104302460764,135.97249116203238,36,29116.20014106111,29257.4067365256,experiment,FIFO,0.28,0,variant_3
8269,ASSEMBLY_2_1,ASSEMBLY2_LINE_1,29230.417477188348,8.981714844005182,3,108.98323182477907,114.21733612723983,26.989259337253316,41,29116.20014106111,29257.4067365256,experiment,FIFO,0.28,0,variant_3
8269,SORTING,SORTING_ROBOT_1,29241.13883812835,1.1819459280995943,4,10.721360940002342,124.93869706724217,16.267898397250974,38,29116.20014106111,29257.4067365256,experiment,FIFO,0.28,0,variant_3
8269,PACKAGING_1,PACKAGING_LINE_1,29241.696031534004,0.5571934056533792,5,0.5571934056533792,125.49589047289555,15.710704991597595,38,29116.20014106111,29257.4067365256,experiment,FIFO,0.28,0,variant_3
8269,INSPECTION_1_1,INSPECTION_1_1_LINE,29241.7215577112,0.025526177196297795,6,0.025526177196297795,125.52141665009185,15.685178814401297,38,29116.20014106111,29257.4067365256,experiment,FIFO,0.28,0,variant_3
8269,INSPECTION_1_2,INSPECTION_1_2_LINE,29243.2777644615,1.4991032029320195,7,1.5562067503014987,127.07762340039335,14.128972064099798,37,29116.20014106111,29257.4067365256,experiment,FIFO,0.28,0,variant_3
8269,INSPECTION_1_3,INSPECTION_1_3_LINE,29243.62303853804,0.3452740765387716,8,0.3452740765387716,127.42289747693212,13.783697987561027,37,29116.20014106111,29257.4067365256,experiment,FIFO,0.28,0,variant_3
8269,INSPECTION_1_4,INSPECTION_1_4_LINE,29244.31774645313,0.6947079150886566,9,0.6947079150886566,128.11760539202078,13.08899007247237,37,29116.20014106111,29257.4067365256,experiment,FIFO,0.28,0,variant_3
8269,INSPECTION_1_5,INSPECTION_1_5_LINE,29244.9733117988,0.655565345670766,10,0.655565345670766,128.77317073769154,12.433424726801604,38,29116.20014106111,29257.4067365256,experiment,FIFO,0.28,0,variant_3
8269,INSPECTION_1_6,INSPECTION_1_6_LINE,29254.86240560032,9.889093801521085,11,9.889093801521085,138.66226453921263,2.5443309252805193,35,29116.20014106111,29257.4067365256,experiment,FIFO,0.28,0,variant_3
8269,INSPECTION_1_7,INSPECTION_1_7_LINE,29257.4067365256,2.5443309252805193,12,2.5443309252805193,141.20659546449315,0.0,33,29116.20014106111,29257.4067365256,experiment,FIFO,0.28,0,variant_3
8270,MOULDING_3,MOULDING_MACHINE_3,29116.187369020623,1.0801790209188766,1,0.0,0.0,56.95857716284809,37,29116.187369020623,29173.14594618347,experiment,FIFO,0.28,0,variant_4
8270,ASSEMBLY_1_2,LINE_2_ASSEMBLY1,29118.83722441929,2.649855398667569,2,2.649855398667569,2.649855398667569,54.30872176418052,35,29116.187369020623,29173.14594618347,experiment,FIFO,0.28,0,variant_4
8270,ASSEMBLY_2_2,ASSEMBLY2_LINE_2,29138.08706068378,7.551804743699904,3,19.249836264491023,21.899691663158592,35.058885499689495,39,29116.187369020623,29173.14594618347,experiment,FIFO,0.28,0,variant_4
8270,SORTING,SORTING_ROBOT_1,29166.3636334761,2.1240914321497257,4,28.276572792317893,50.176264455476485,6.782312707371602,41,29116.187369020623,29173.14594618347,experiment,FIFO,0.28,0,variant_4
8270,PACKAGING_3,PACKAGING_LINE_3,29166.772529761496,0.40889628539662226,5,0.40889628539662226,50.58516074087311,6.37341642197498,41,29116.187369020623,29173.14594618347,experiment,FIFO,0.28,0,variant_4
8270,INSPECTION_1_1,INSPECTION_1_1_LINE,29167.05357179391,0.28104203241309733,6,0.28104203241309733,50.866202773286204,6.092374389561883,41,29116.187369020623,29173.14594618347,experiment,FIFO,0.28,0,variant_4
8270,INSPECTION_1_2,INSPECTION_1_2_LINE,29167.41688255504,0.363310761131288,7,0.363310761131288,51.22951353441749,5.729063628430595,41,29116.187369020623,29173.14594618347,experiment,FIFO,0.28,0,variant_4
8270,INSPECTION_1_3,INSPECTION_1_3_LINE,29167.50340692828,0.08652437324053608,8,0.08652437324053608,51.31603790765803,5.642539255190059,41,29116.187369020623,29173.14594618347,experiment,FIFO,0.28,0,variant_4
8270,INSPECTION_1_4,INSPECTION_1_4_LINE,29169.66852902186,2.1651220935782476,9,2.1651220935782476,53.481160001236276,3.477417161611811,41,29116.187369020623,29173.14594618347,experiment,FIFO,0.28,0,variant_4
8270,INSPECTION_1_5,INSPECTION_1_5_LINE,29170.96160210047,1.2930730786101776,10,1.2930730786101776,54.774233079846454,2.1843440830016334,42,29116.187369020623,29173.14594618347,experiment,FIFO,0.28,0,variant_4
8270,INSPECTION_1_6,INSPECTION_1_6_LINE,29171.121763573192,0.16016147272239323,11,0.16016147272239323,54.93439455256885,2.02418261027924,42,29116.187369020623,29173.14594618347,experiment,FIFO,0.28,0,variant_4
8270,INSPECTION_1_7,INSPECTION_1_7_LINE,29173.14594618347,0.9363952459752909,12,2.02418261027924,56.95857716284809,0.0,41,29116.187369020623,29173.14594618347,experiment,FIFO,0.28,0,variant_4
8271,MOULDING_3,MOULDING_MACHINE_3,29119.89113060676,2.431960701200296,1,0.0,0.0,75.63930598815932,36,29119.89113060676,29195.53043659492,experiment,FIFO,0.28,0,variant_3
8271,ASSEMBLY_1_5,LINE_5_ASSEMBLY1,29129.852710335992,9.961579729231744,2,9.961579729231744,9.961579729231744,65.67772625892758,38,29119.89113060676,29195.53043659492,experiment,FIFO,0.28,0,variant_3
8271,ASSEMBLY_2_2,ASSEMBLY2_LINE_2,29159.00963623073,4.9598388861595595,3,29.15692589473838,39.11850562397012,36.5208003641892,39,29119.89113060676,29195.53043659492,experiment,FIFO,0.28,0,variant_3
8271,SORTING,SORTING_ROBOT_1,29186.377245474643,2.7467617970032734,4,27.36760924391274,66.48611486788286,9.15319112027646,39,29119.89113060676,29195.53043659492,experiment,FIFO,0.28,0,variant_3
8271,PACKAGING_3,PACKAGING_LINE_3,29186.63480474948,0.25755927483623964,5,0.25755927483623964,66.7436741427191,8.89563184544022,39,29119.89113060676,29195.53043659492,experiment,FIFO,0.28,0,variant_3
8271,INSPECTION_1_1,INSPECTION_1_1_LINE,29186.86778883085,0.232984081369068,6,0.232984081369068,66.97665822408817,8.662647764071153,39,29119.89113060676,29195.53043659492,experiment,FIFO,0.28,0,variant_3
8271,INSPECTION_1_2,INSPECTION_1_2_LINE,29188.22289443488,1.3551056040305411,7,1.3551056040305411,68.33176382811871,7.307542160040612,40,29119.89113060676,29195.53043659492,experiment,FIFO,0.28,0,variant_3
8271,INSPECTION_1_3,INSPECTION_1_3_LINE,29189.318119022293,1.0952245874141227,8,1.0952245874141227,69.42698841553283,6.212317572626489,39,29119.89113060676,29195.53043659492,experiment,FIFO,0.28,0,variant_3
8271,INSPECTION_1_4,INSPECTION_1_4_LINE,29189.583707916587,0.26558889429361443,9,0.26558889429361443,69.69257730982645,5.9467286783328746,40,29119.89113060676,29195.53043659492,experiment,FIFO,0.28,0,variant_3
8271,INSPECTION_1_5,INSPECTION_1_5_LINE,29191.60820130562,2.0244933890317043,10,2.0244933890317043,71.71707069885815,3.9222352893011703,42,29119.89113060676,29195.53043659492,experiment,FIFO,0.28,0,variant_3
8271,INSPECTION_1_6,INSPECTION_1_6_LINE,29195.255324148868,3.6471228432492353,11,3.6471228432492353,75.36419354210739,0.27511244605193497,41,29119.89113060676,29195.53043659492,experiment,FIFO,0.28,0,variant_3
8271,INSPECTION_1_7,INSPECTION_1_7_LINE,29195.53043659492,0.27511244605193497,12,0.27511244605193497,75.63930598815932,0.0,40,29119.89113060676,29195.53043659492,experiment,FIFO,0.28,0,variant_3
8272,MOULDING_4,MOULDING_MACHINE_4,29129.291911100023,2.09239328741387,1,0.0,0.0,71.82119823390167,38,29129.291911100023,29201.113109333925,experiment,FIFO,0.28,0,variant_3
8272,ASSEMBLY_1_1,LINE_1_ASSEMBLY1,29134.480935864904,5.189024764880742,2,5.189024764880742,5.189024764880742,66.63217346902093,40,29129.291911100023,29201.113109333925,experiment,FIFO,0.28,0,variant_3
8272,ASSEMBLY_2_2,ASSEMBLY2_LINE_2,29159.213511641858,0.2038754111272283,3,24.732575776954036,29.921600541834778,41.89959769206689,39,29129.291911100023,29201.113109333925,experiment,FIFO,0.28,0,variant_3
8272,SORTING,SORTING_ROBOT_1,29189.89427106008,3.5170255854354764,4,30.680759418220987,60.602359960055765,11.218838273845904,40,29129.291911100023,29201.113109333925,experiment,FIFO,0.28,0,variant_3
8272,PACKAGING_2,PACKAGING_LINE_2,29191.401710477123,1.5074394170442247,5,1.5074394170442247,62.10979937709999,9.71139885680168,41,29129.291911100023,29201.113109333925,experiment,FIFO,0.28,0,variant_3
8272,INSPECTION_1_1,INSPECTION_1_1_LINE,29192.12171761773,0.7200071406077768,6,0.7200071406077768,62.829806517707766,8.991391716193903,42,29129.291911100023,29201.113109333925,experiment,FIFO,0.28,0,variant_3
8272,INSPECTION_1_2,INSPECTION_1_2_LINE,29194.10702412085,1.9853065031202277,7,1.9853065031202277,64.815113020828,7.006085213073675,41,29129.291911100023,29201.113109333925,experiment,FIFO,0.28,0,variant_3
8272,INSPECTION_1_3,INSPECTION_1_3_LINE,29195.41748877717,1.3104646563187998,8,1.3104646563187998,66.1255776771468,5.695620556754875,41,29129.291911100023,29201.113109333925,experiment,FIFO,0.28,0,variant_3
8272,INSPECTION_1_4,INSPECTION_1_4_LINE,29196.806638460697,1.3891496835276484,9,1.3891496835276484,67.51472736067444,4.3064708732272265,40,29129.291911100023,29201.113109333925,experiment,FIFO,0.28,0,variant_3
8272,INSPECTION_1_5,INSPECTION_1_5_LINE,29197.960066642063,1.153428181365598,10,1.153428181365598,68.66815554204004,3.1530426918616286,39,29129.291911100023,29201.113109333925,experiment,FIFO,0.28,0,variant_3
8272,INSPECTION_1_6,INSPECTION_1_6_LINE,29200.65808433313,2.6980176910656155,11,2.6980176910656155,71.36617323310566,0.45502500079601305,40,29129.291911100023,29201.113109333925,experiment,FIFO,0.28,0,variant_3
8272,INSPECTION_1_7,INSPECTION_1_7_LINE,29201.113109333925,0.45502500079601305,12,0.45502500079601305,71.82119823390167,0.0,39,29129.291911100023,29201.113109333925,experiment,FIFO,0.28,0,variant_3
8273,MOULDING_4,MOULDING_MACHINE_4,29131.02158358736,1.729672487337666,1,0.0,0.0,74.83611524563094,39,29131.02158358736,29205.85769883299,experiment,FIFO,0.28,0,variant_3
8273,ASSEMBLY_1_3,LINE_3_ASSEMBLY1,29141.90306940488,10.881485817521025,2,10.881485817521025,10.881485817521025,63.95462942810991,40,29131.02158358736,29205.85769883299,experiment,FIFO,0.28,0,variant_3
8273,ASSEMBLY_2_2,ASSEMBLY2_LINE_2,29169.47761796199,10.264106320133578,3,27.574548557109665,38.45603437463069,36.380080871000246,41,29131.02158358736,29205.85769883299,experiment,FIFO,0.28,0,variant_3
8273,SORTING,SORTING_ROBOT_1,29191.72791725528,0.44409830860968214,4,22.250299293289572,60.70633366792026,14.129781577710673,42,29131.02158358736,29205.85769883299,experiment,FIFO,0.28,0,variant_3
8273,PACKAGING_2,PACKAGING_LINE_2,29197.120533486097,5.392616230816202,5,5.392616230816202,66.09894989873646,8.737165346894471,39,29131.02158358736,29205.85769883299,experiment,FIFO,0.28,0,variant_3
8273,INSPECTION_1_1,INSPECTION_1_1_LINE,29199.037559920227,1.9170264341300935,6,1.9170264341300935,68.01597633286656,6.820138912764378,40,29131.02158358736,29205.85769883299,experiment,FIFO,0.28,0,variant_3
8273,INSPECTION_1_2,INSPECTION_1_2_LINE,29200.41721361725,1.3796536970221496,7,1.3796536970221496,69.39563002988871,5.440485215742228,40,29131.02158358736,29205.85769883299,experiment,FIFO,0.28,0,variant_3
8273,INSPECTION_1_3,INSPECTION_1_3_LINE,29202.638420114552,2.2212064973027736,8,2.2212064973027736,71.61683652719148,3.2192787184394547,39,29131.02158358736,29205.85769883299,experiment,FIFO,0.28,0,variant_3
8273,INSPECTION_1_4,INSPECTION_1_4_LINE,29202.91442952615,0.276009411598352,9,0.276009411598352,71.89284593878983,2.9432693068411027,39,29131.02158358736,29205.85769883299,experiment,FIFO,0.28,0,variant_3
8273,INSPECTION_1_5,INSPECTION_1_5_LINE,29203.381189710628,0.46676018447760725,10,0.46676018447760725,72.35960612326744,2.4765091223634954,40,29131.02158358736,29205.85769883299,experiment,FIFO,0.28,0,variant_3
8273,INSPECTION_1_6,INSPECTION_1_6_LINE,29205.68441259392,2.3032228832926194,11,2.3032228832926194,74.66282900656006,0.17328623907087604,40,29131.02158358736,29205.85769883299,experiment,FIFO,0.28,0,variant_3
8273,INSPECTION_1_7,INSPECTION_1_7_LINE,29205.85769883299,0.17328623907087604,12,0.17328623907087604,74.83611524563094,0.0,39,29131.02158358736,29205.85769883299,experiment,FIFO,0.28,0,variant_3
8274,MOULDING_2,MOULDING_MACHINE_2,29134.780514497485,2.2390695934846008,1,0.0,0.0,180.24120893123472,41,29134.780514497485,29315.02172342872,experiment,FIFO,0.28,0,variant_6
8274,ASSEMBLY_1_4,LINE_4_ASSEMBLY1,29171.26560255611,0.06948154978817911,2,36.48508805862366,36.48508805862366,143.75612087261106,42,29134.780514497485,29315.02172342872,experiment,FIFO,0.28,0,variant_6
8274,ASSEMBLY_2_1,ASSEMBLY2_LINE_1,29260.36408623951,0.920691961870034,3,89.09848368340317,125.58357174202683,54.65763718920789,34,29134.780514497485,29315.02172342872,experiment,FIFO,0.28,0,variant_6
8274,SORTING,SORTING_ROBOT_1,29271.23548965857,7.6059627896684106,4,10.871403419059789,136.45497516108662,43.7862337701481,34,29134.780514497485,29315.02172342872,experiment,FIFO,0.28,0,variant_6
8274,PACKAGING_2,PACKAGING_LINE_2,29305.758187447715,4.763123299064318,5,34.52269778914342,170.97767295023004,9.26353598100468,34,29134.780514497485,29315.02172342872,experiment,FIFO,0.28,0,variant_6
8274,INSPECTION_2_1,INSPECTION_2_1_LINE,29308.264693420104,2.5065059723892773,6,2.5065059723892773,173.48417892261932,6.757030008615402,33,29134.780514497485,29315.02172342872,experiment,FIFO,0.28,0,variant_6
8274,INSPECTION_2_2,INSPECTION_2_2_LINE,29308.33839311993,0.0736996998275572,7,0.0736996998275572,173.55787862244688,6.683330308787845,33,29134.780514497485,29315.02172342872,experiment,FIFO,0.28,0,variant_6
8274,INSPECTION_2_3,INSPECTION_2_3_LINE,29310.372554144964,2.0341610250325175,8,2.0341610250325175,175.5920396474794,4.649169283755327,31,29134.780514497485,29315.02172342872,experiment,FIFO,0.28,0,variant_6
8274,INSPECTION_2_4,INSPECTION_2_4_LINE,29311.93119181191,1.5586376669452875,9,1.5586376669452875,177.15067731442468,3.09053161681004,32,29134.780514497485,29315.02172342872,experiment,FIFO,0.28,0,variant_6
8274,INSPECTION_2_5,INSPECTION_2_5_LINE,29312.1700513794,0.23885956748927129,10,0.23885956748927129,177.38953688191395,2.8516720493207686,32,29134.780514497485,29315.02172342872,experiment,FIFO,0.28,0,variant_6
8274,INSPECTION_2_6,INSPECTION_2_6_LINE,29312.341332804044,0.17128142464571283,11,0.17128142464571283,177.56081830655967,2.6803906246750557,32,29134.780514497485,29315.02172342872,experiment,FIFO,0.28,0,variant_6
8274,INSPECTION_2_7,INSPECTION_2_7_LINE,29315.02172342872,2.6803906246750557,12,2.6803906246750557,180.24120893123472,0.0,30,29134.780514497485,29315.02172342872,experiment,FIFO,0.28,0,variant_6
8275,MOULDING_4,MOULDING_MACHINE_4,29133.938913149028,1.0197677099786233,1,0.0,0.0,74.3575994674029,40,29133.938913149028,29208.29651261643,experiment,FIFO,0.28,0,variant_3
8275,ASSEMBLY_1_3,LINE_3_ASSEMBLY1,29157.800331099257,15.89726169437563,2,23.861417950229225,23.861417950229225,50.49618151717368,40,29133.938913149028,29208.29651261643,experiment,FIFO,0.28,0,variant_3
8275,ASSEMBLY_2_2,ASSEMBLY2_LINE_2,29177.79060061757,1.166639015704277,3,19.990269518311834,43.85168746854106,30.505911998861848,40,29133.938913149028,29208.29651261643,experiment,FIFO,0.28,0,variant_3
8275,SORTING,SORTING_ROBOT_1,29195.24542459748,1.7646620399500534,4,17.454823979911453,61.30651144845251,13.051088018950395,41,29133.938913149028,29208.29651261643,experiment,FIFO,0.28,0,variant_3
8275,PACKAGING_1,PACKAGING_LINE_1,29200.67693628201,3.3732691352415713,5,5.431511684528232,66.73802313298074,7.619576334422163,40,29133.938913149028,29208.29651261643,experiment,FIFO,0.28,0,variant_3
8275,INSPECTION_2_1,INSPECTION_2_1_LINE,29201.5247177976,0.847781515592942,6,0.847781515592942,67.58580464857368,6.771794818829221,39,29133.938913149028,29208.29651261643,experiment,FIFO,0.28,0,variant_3
8275,INSPECTION_2_2,INSPECTION_2_2_LINE,29202.58391826953,1.0592004719292163,7,1.0592004719292163,68.6450051205029,5.712594346900005,39,29133.938913149028,29208.29651261643,experiment,FIFO,0.28,0,variant_3
8275,INSPECTION_2_3,INSPECTION_2_3_LINE,29202.89954353736,0.31562526783091016,8,0.31562526783091016,68.96063038833381,5.396969079069095,39,29133.938913149028,29208.29651261643,experiment,FIFO,0.28,0,variant_3
8275,INSPECTION_2_4,INSPECTION_2_4_LINE,29204.18169390765,1.2821503702871269,9,1.2821503702871269,70.24278075862094,4.114818708781968,40,29133.938913149028,29208.29651261643,experiment,FIFO,0.28,0,variant_3
8275,INSPECTION_2_5,INSPECTION_2_5_LINE,29204.229333141106,0.03354053943985491,10,0.04763923345672083,70.29041999207766,4.067179475325247,40,29133.938913149028,29208.29651261643,experiment,FIFO,0.28,0,variant_3
8275,INSPECTION_2_6,INSPECTION_2_6_LINE,29208.11818055844,1.3492760020890273,11,3.8888474173327268,74.17926740941039,0.17833205799252028,38,29133.938913149028,29208.29651261643,experiment,FIFO,0.28,0,variant_3
8275,INSPECTION_2_7,INSPECTION_2_7_LINE,29208.29651261643,0.17833205799252028,12,0.17833205799252028,74.3575994674029,0.0,37,29133.938913149028,29208.29651261643,experiment,FIFO,0.28,0,variant_3
8276,MOULDING_2,MOULDING_MACHINE_2,29141.110184644745,6.329670147260913,1,0.0,0.0,76.87348651422144,39,29141.110184644745,29217.983671158967,experiment,FIFO,0.28,0,variant_4
8276,ASSEMBLY_1_5,LINE_5_ASSEMBLY1,29142.66847257029,1.5582879255453008,2,1.5582879255453008,1.5582879255453008,75.31519858867614,40,29141.110184644745,29217.983671158967,experiment,FIFO,0.28,0,variant_4
8276,ASSEMBLY_2_2,ASSEMBLY2_LINE_2,29176.623961601865,7.146343639873521,3,33.95548903157396,35.51377695711926,41.35970955710218,40,29141.110184644745,29217.983671158967,experiment,FIFO,0.28,0,variant_4
8276,SORTING,SORTING_ROBOT_1,29193.48076255753,1.746912005753984,4,16.856800955665676,52.37057791278494,24.502908601436502,42,29141.110184644745,29217.983671158967,experiment,FIFO,0.28,0,variant_4
8276,PACKAGING_2,PACKAGING_LINE_2,29197.990064344383,0.6070094126916956,5,4.50930178685303,56.87987969963797,19.993606814583472,39,29141.110184644745,29217.983671158967,experiment,FIFO,0.28,0,variant_4
8276,INSPECTION_1_1,INSPECTION_1_1_LINE,29203.302516497937,0.89330389641691,6,5.31245215355375,62.19233185319172,14.681154661029723,40,29141.110184644745,29217.983671158967,experiment,FIFO,0.28,0,variant_4
8276,INSPECTION_1_1,INSPECTION_1_1_LINE,29210.325576394724,1.8883746306273679,7,7.023059896786435,69.21539174997815,7.6580947642432875,36,29141.110184644745,29217.983671158967,experiment,FIFO,0.28,0,variant_4
8276,INSPECTION_1_2,INSPECTION_1_2_LINE,29211.013099962,0.6875235672778217,8,0.6875235672778217,69.90291531725597,6.970571196965466,36,29141.110184644745,29217.983671158967,experiment,FIFO,0.28,0,variant_4
8276,INSPECTION_1_3,INSPECTION_1_3_LINE,29213.58878173361,0.5060081510346208,9,2.575681771610107,72.47859708886608,4.394889425355359,38,29141.110184644745,29217.983671158967,experiment,FIFO,0.28,0,variant_4
8276,INSPECTION_1_4,INSPECTION_1_4_LINE,29216.16343770445,1.5211652823054465,10,2.5746559708386485,75.05325305970473,1.8202334545167105,37,29141.110184644745,29217.983671158967,experiment,FIFO,0.28,0,variant_4
8276,INSPECTION_1_5,INSPECTION_1_5_LINE,29217.09916423046,0.8526811844967597,11,0.9357265260114218,75.98897958571615,0.8845069285052887,38,29141.110184644745,29217.983671158967,experiment,FIFO,0.28,0,variant_4
8276,INSPECTION_1_6,INSPECTION_1_6_LINE,29217.375830012417,0.27666578195567126,12,0.27666578195567126,76.26564536767182,0.6078411465496174,38,29141.110184644745,29217.983671158967,experiment,FIFO,0.28,0,variant_4
8276,INSPECTION_1_7,INSPECTION_1_7_LINE,29217.983671158967,0.3256169215455884,13,0.6078411465496174,76.87348651422144,0.0,37,29141.110184644745,29217.983671158967,experiment,FIFO,0.28,0,variant_4
8277,MOULDING_2,MOULDING_MACHINE_2,29160.422345444043,19.312160799298,1,0.0,0.0,112.4051430146501,40,29160.422345444043,29272.827488458694,experiment,FIFO,0.28,0,variant_2
8277,ASSEMBLY_1_3,LINE_3_ASSEMBLY1,29166.591920448416,0.526707322056609,2,6.169575004372746,6.169575004372746,106.23556801027735,41,29160.422345444043,29272.827488458694,experiment,FIFO,0.28,0,variant_2
8277,ASSEMBLY_2_1,ASSEMBLY2_LINE_1,29258.28583790392,0.992931323209632,3,91.69391745550456,97.8634924598773,14.541650554772787,34,29160.422345444043,29272.827488458694,experiment,FIFO,0.28,0,variant_2
8277,SORTING,SORTING_ROBOT_1,29261.69459872522,0.8390062642574776,4,3.4087608212976193,101.27225328117493,11.132889733475167,34,29160.422345444043,29272.827488458694,experiment,FIFO,0.28,0,variant_2
8277,PACKAGING_1,PACKAGING_LINE_1,29263.987788476425,2.293189751206228,5,2.293189751206228,103.56544303238115,8.83969998226894,34,29160.422345444043,29272.827488458694,experiment,FIFO,0.28,0,variant_2
8277,INSPECTION_1_1,INSPECTION_1_1_LINE,29264.06787218588,0.08008370945390197,6,0.08008370945390197,103.64552674183506,8.759616272815038,34,29160.422345444043,29272.827488458694,experiment,FIFO,0.28,0,variant_2
8277,INSPECTION_1_2,INSPECTION_1_2_LINE,29265.971676574103,1.1324773282358365,7,1.9038043882246711,105.54933113005973,6.855811884590366,34,29160.422345444043,29272.827488458694,experiment,FIFO,0.28,0,variant_2
8277,INSPECTION_1_3,INSPECTION_1_3_LINE,29267.292192273053,1.3205156989497482,8,1.3205156989497482,106.86984682900948,5.535296185640618,34,29160.422345444043,29272.827488458694,experiment,FIFO,0.28,0,variant_2
8277,INSPECTION_1_4,INSPECTION_1_4_LINE,29270.21859259077,2.9264003177158884,9,2.9264003177158884,109.79624714672536,2.60889586792473,34,29160.422345444043,29272.827488458694,experiment,FIFO,0.28,0,variant_2
8277,INSPECTION_1_5,INSPECTION_1_5_LINE,29271.51159865257,1.2930060618018615,10,1.2930060618018615,111.08925320852723,1.3158898061228683,34,29160.422345444043,29272.827488458694,experiment,FIFO,0.28,0,variant_2
8277,INSPECTION_1_6,INSPECTION_1_6_LINE,29272.551147023,1.0395483704305661,11,1.0395483704305661,112.12880157895779,0.2763414356923022,34,29160.422345444043,29272.827488458694,experiment,FIFO,0.28,0,variant_2
8277,INSPECTION_1_7,INSPECTION_1_7_LINE,29272.827488458694,0.2763414356923022,12,0.2763414356923022,112.4051430146501,0.0,33,29160.422345444043,29272.827488458694,experiment,FIFO,0.28,0,variant_2
8278,MOULDING_1,MOULDING_MACHINE_1,29141.582007083023,6.062007371911022,1,0.0,0.0,76.07604715439811,40,29141.582007083023,29217.65805423742,experiment,FIFO,0.28,0,variant_4
8278,ASSEMBLY_1_1,LINE_1_ASSEMBLY1,29162.181773035907,20.5997659528839,2,20.5997659528839,20.5997659528839,55.47628120151421,40,29141.582007083023,29217.65805423742,experiment,FIFO,0.28,0,variant_4
8278,ASSEMBLY_2_2,ASSEMBLY2_LINE_2,29181.06640942176,3.275808804191911,3,18.88463638585381,39.48440233873771,36.5916448156604,39,29141.582007083023,29217.65805423742,experiment,FIFO,0.28,0,variant_4
8278,SORTING,SORTING_ROBOT_1,29196.4071725864,1.161747988920979,4,15.34076316464052,54.82516550337823,21.25088165101988,40,29141.582007083023,29217.65805423742,experiment,FIFO,0.28,0,variant_4
8278,PACKAGING_1,PACKAGING_LINE_1,29201.496325450687,0.8193891686787538,5,5.089152864286007,59.91431836766424,16.161728786733875,39,29141.582007083023,29217.65805423742,experiment,FIFO,0.28,0,variant_4
8278,INSPECTION_1_1,INSPECTION_1_1_LINE,29208.437201764096,5.134685266159067,6,6.940876313408808,66.85519468107304,9.220852473325067,37,29141.582007083023,29217.65805423742,experiment,FIFO,0.28,0,variant_4
8278,INSPECTION_1_2,INSPECTION_1_2_LINE,29208.8743170429,0.4371152788044128,7,0.4371152788044128,67.29230995987746,8.783737194520654,37,29141.582007083023,29217.65805423742,experiment,FIFO,0.28,0,variant_4
8278,INSPECTION_1_3,INSPECTION_1_3_LINE,29213.082773582577,4.208456539676263,8,4.208456539676263,71.50076649955372,4.575280654844391,37,29141.582007083023,29217.65805423742,experiment,FIFO,0.28,0,variant_4
8278,INSPECTION_1_4,INSPECTION_1_4_LINE,29214.642272422145,1.5594988395678229,9,1.5594988395678229,73.06026533912154,3.0157818152765685,38,29141.582007083023,29217.65805423742,experiment,FIFO,0.28,0,variant_4
8278,INSPECTION_1_5,INSPECTION_1_5_LINE,29216.246483045965,1.6042106238201086,10,1.6042106238201086,74.66447596294165,1.41157119145646,37,29141.582007083023,29217.65805423742,experiment,FIFO,0.28,0,variant_4
8278,INSPECTION_1_6,INSPECTION_1_6_LINE,29216.958290411698,0.711807365732966,11,0.711807365732966,75.37628332867462,0.6997638257234939,38,29141.582007083023,29217.65805423742,experiment,FIFO,0.28,0,variant_4
8278,INSPECTION_1_7,INSPECTION_1_7_LINE,29217.65805423742,0.6997638257234939,12,0.6997638257234939,76.07604715439811,0.0,38,29141.582007083023,29217.65805423742,experiment,FIFO,0.28,0,variant_4
8279,MOULDING_2,MOULDING_MACHINE_2,29162.40749683524,1.9851513911962684,1,0.0,0.0,46.92619574638593,40,29162.40749683524,29209.333692581626,experiment,FIFO,0.28,0,variant_6
8279,ASSEMBLY_1_1,LINE_1_ASSEMBLY1,29165.900008026616,3.492511191376252,2,3.492511191376252,3.492511191376252,43.43368455500968,40,29162.40749683524,29209.333692581626,experiment,FIFO,0.28,0,variant_6
8279,ASSEMBLY_2_2,ASSEMBLY2_LINE_2,29182.88556596328,1.8191565415181685,3,16.9855579366631,20.47806912803935,26.448126618346578,39,29162.40749683524,29209.333692581626,experiment,FIFO,0.28,0,variant_6
8279,SORTING,SORTING_ROBOT_1,29201.85992053778,5.4527479513781145,4,18.974354574500467,39.45242370253982,7.473772043846111,39,29162.40749683524,29209.333692581626,experiment,FIFO,0.28,0,variant_6
8279,PACKAGING_2,PACKAGING_LINE_2,29202.21713146058,0.3572109228007321,5,0.3572109228007321,39.80963462534055,7.116561121045379,39,29162.40749683524,29209.333692581626,experiment,FIFO,0.28,0,variant_6
8279,INSPECTION_2_1,INSPECTION_2_1_LINE,29202.74005408987,0.5229226292904059,6,0.5229226292904059,40.332557254630956,6.593638491754973,39,29162.40749683524,29209.333692581626,experiment,FIFO,0.28,0,variant_6
8279,INSPECTION_2_2,INSPECTION_2_2_LINE,29202.93376449847,0.193710408599145,7,0.193710408599145,40.5262676632301,6.399928083155828,39,29162.40749683524,29209.333692581626,experiment,FIFO,0.28,0,variant_6
8279,INSPECTION_2_3,INSPECTION_2_3_LINE,29203.31629830205,0.3825338035785535,8,0.3825338035785535,40.908801466808654,6.017394279577275,40,29162.40749683524,29209.333692581626,experiment,FIFO,0.28,0,variant_6
8279,INSPECTION_2_4,INSPECTION_2_4_LINE,29205.178058805308,0.9963648976590775,9,1.8617605032595748,42.77056197006823,4.1556337763177,40,29162.40749683524,29209.333692581626,experiment,FIFO,0.28,0,variant_6
8279,INSPECTION_2_5,INSPECTION_2_5_LINE,29205.24938467101,0.07132586570151034,10,0.07132586570151034,42.84188783576974,4.0843079106161895,40,29162.40749683524,29209.333692581626,experiment,FIFO,0.28,0,variant_6
8279,INSPECTION_2_6,INSPECTION_2_6_LINE,29208.9728543362,0.8546737777614908,11,3.7234696651903505,46.56535750096009,0.360838245425839,37,29162.40749683524,29209.333692581626,experiment,FIFO,0.28,0,variant_6
8279,INSPECTION_2_7,INSPECTION_2_7_LINE,29209.333692581626,0.360838245425839,12,0.360838245425839,46.92619574638593,0.0,36,29162.40749683524,29209.333692581626,experiment,FIFO,0.28,0,variant_6
8280,MOULDING_5,MOULDING_MACHINE_5,29152.219005015628,3.605895198368671,1,0.0,0.0,141.02131445688065,38,29152.219005015628,29293.24031947251,experiment,FIFO,0.28,0,variant_3
8280,ASSEMBLY_1_3,LINE_3_ASSEMBLY1,29166.06521312636,8.26488202710243,2,13.846208110731823,13.846208110731823,127.17510634614882,40,29152.219005015628,29293.24031947251,experiment,FIFO,0.28,0,variant_3
8280,ASSEMBLY_2_1,ASSEMBLY2_LINE_1,29257.29290658071,13.683165085312794,3,91.22769345435154,105.07390156508336,35.947412891797285,34,29152.219005015628,29293.24031947251,experiment,FIFO,0.28,0,variant_3
8280,SORTING,SORTING_ROBOT_1,29260.85559246096,3.5626858802497736,4,3.5626858802497736,108.63658744533313,32.38472701154751,34,29152.219005015628,29293.24031947251,experiment,FIFO,0.28,0,variant_3
8280,PACKAGING_2,PACKAGING_LINE_2,29280.735635571004,6.774317202154634,5,19.880043110042607,128.51663055537574,12.504683901504904,32,29152.219005015628,29293.24031947251,experiment,FIFO,0.28,0,variant_3
8280,INSPECTION_2_1,INSPECTION_2_1_LINE,29282.38048280407,1.6448472330666846,6,1.6448472330666846,130.16147778844243,10.85983666843822,32,29152.219005015628,29293.24031947251,experiment,FIFO,0.28,0,variant_3
8280,INSPECTION_2_2,INSPECTION_2_2_LINE,29286.74873982684,4.3682570227683755,7,4.3682570227683755,134.5297348112108,6.4915796456698445,33,29152.219005015628,29293.24031947251,experiment,FIFO,0.28,0,variant_3
8280,INSPECTION_2_3,INSPECTION_2_3_LINE,29288.1948698695,1.446130042662844,8,1.446130042662844,135.97586485387365,5.045449603007,33,29152.219005015628,29293.24031947251,experiment,FIFO,0.28,0,variant_3
8280,INSPECTION_2_4,INSPECTION_2_4_LINE,29288.935301122783,0.740431253281713,9,0.740431253281713,136.71629610715536,4.305018349725287,33,29152.219005015628,29293.24031947251,experiment,FIFO,0.28,0,variant_3
8280,INSPECTION_2_5,INSPECTION_2_5_LINE,29289.453645408244,0.5183442854613531,10,0.5183442854613531,137.2346403926167,3.7866740642639343,33,29152.219005015628,29293.24031947251,experiment,FIFO,0.28,0,variant_3
8280,INSPECTION_2_6,INSPECTION_2_6_LINE,29292.73884708032,3.2852016720753454,11,3.2852016720753454,140.51984206469206,0.5014723921885889,33,29152.219005015628,29293.24031947251,experiment,FIFO,0.28,0,variant_3
8280,INSPECTION_2_7,INSPECTION_2_7_LINE,29293.24031947251,0.5014723921885889,12,0.5014723921885889,141.02131445688065,0.0,32,29152.219005015628,29293.24031947251,experiment,FIFO,0.28,0,variant_3
8281,MOULDING_4,MOULDING_MACHINE_4,29157.46762963464,6.326926211939281,1,0.0,0.0,72.20203706460961,40,29157.46762963464,29229.66966669925,experiment,FIFO,0.28,0,variant_4
8281,ASSEMBLY_1_5,LINE_5_ASSEMBLY1,29166.24997660578,3.4205225743571646,2,8.782346971140214,8.782346971140214,63.4196900934694,40,29157.46762963464,29229.66966669925,experiment,FIFO,0.28,0,variant_4
8281,ASSEMBLY_2_2,ASSEMBLY2_LINE_2,29185.72934675286,2.8437807895825244,3,19.479370147080772,28.261717118220986,43.94031994638863,38,29157.46762963464,29229.66966669925,experiment,FIFO,0.28,0,variant_4
8281,SORTING,SORTING_ROBOT_1,29210.81274191675,1.221176305483823,4,25.08339516388878,53.34511228210977,18.856924782499846,36,29157.46762963464,29229.66966669925,experiment,FIFO,0.28,0,variant_4
8281,PACKAGING_3,PACKAGING_LINE_3,29223.85104385937,13.038301942619,5,13.038301942619,66.38341422472877,5.818622839880845,41,29157.46762963464,29229.66966669925,experiment,FIFO,0.28,0,variant_4
8281,INSPECTION_1_1,INSPECTION_1_1_LINE,29226.080689953684,2.2296460943143757,6,2.2296460943143757,68.61306031904314,3.5889767455664696,43,29157.46762963464,29229.66966669925,experiment,FIFO,0.28,0,variant_4
8281,INSPECTION_1_2,INSPECTION_1_2_LINE,29226.11095064546,0.030260691775765736,7,0.030260691775765736,68.64332101081891,3.558716053790704,43,29157.46762963464,29229.66966669925,experiment,FIFO,0.28,0,variant_4
8281,INSPECTION_1_3,INSPECTION_1_3_LINE,29226.727013025804,0.6160623803443741,8,0.6160623803443741,69.25938339116328,2.9426536734463298,43,29157.46762963464,29229.66966669925,experiment,FIFO,0.28,0,variant_4
8281,INSPECTION_1_4,INSPECTION_1_4_LINE,29227.160994577443,0.4339815516395902,9,0.4339815516395902,69.69336494280287,2.5086721218067396,43,29157.46762963464,29229.66966669925,experiment,FIFO,0.28,0,variant_4
8281,INSPECTION_1_5,INSPECTION_1_5_LINE,29227.794164467967,0.633169890523277,10,0.633169890523277,70.32653483332615,1.8755022312834626,43,29157.46762963464,29229.66966669925,experiment,FIFO,0.28,0,variant_4
8281,INSPECTION_1_6,INSPECTION_1_6_LINE,29227.95985588969,0.16569142172374995,11,0.16569142172374995,70.4922262550499,1.7098108095597127,43,29157.46762963464,29229.66966669925,experiment,FIFO,0.28,0,variant_4
8281,INSPECTION_1_7,INSPECTION_1_7_LINE,29229.66966669925,1.7098108095597127,12,1.7098108095597127,72.20203706460961,0.0,42,29157.46762963464,29229.66966669925,experiment,FIFO,0.28,0,variant_4
8282,MOULDING_3,MOULDING_MACHINE_3,29156.07737205996,2.362789362337935,1,0.0,0.0,118.42420066608247,39,29156.07737205996,29274.501572726043,experiment,FIFO,0.28,0,variant_3
8282,ASSEMBLY_1_5,LINE_5_ASSEMBLY1,29162.829454031424,6.752081971462758,2,6.752081971462758,6.752081971462758,111.67211869461971,40,29156.07737205996,29274.501572726043,experiment,FIFO,0.28,0,variant_3
8282,ASSEMBLY_2_1,ASSEMBLY2_LINE_1,29243.6097414954,12.276590355428198,3,80.78028746397467,87.53236943543743,30.89183123064504,37,29156.07737205996,29274.501572726043,experiment,FIFO,0.28,0,variant_3
8282,SORTING,SORTING_ROBOT_1,29252.28577410483,1.7318132586369757,4,8.676032609429967,96.2084020448674,22.21579862121507,35,29156.07737205996,29274.501572726043,experiment,FIFO,0.28,0,variant_3
8282,PACKAGING_2,PACKAGING_LINE_2,29263.32014154344,3.326218779911869,5,11.034367438613117,107.24276948348052,11.181431182601955,34,29156.07737205996,29274.501572726043,experiment,FIFO,0.28,0,variant_3
8282,INSPECTION_2_1,INSPECTION_2_1_LINE,29263.55797623001,0.23783468656984041,6,0.23783468656984041,107.48060417005036,10.943596496032114,34,29156.07737205996,29274.501572726043,experiment,FIFO,0.28,0,variant_3
8282,INSPECTION_2_2,INSPECTION_2_2_LINE,29264.7978892924,1.2399130623889505,7,1.2399130623889505,108.7205172324393,9.703683433643164,34,29156.07737205996,29274.501572726043,experiment,FIFO,0.28,0,variant_3
8282,INSPECTION_2_3,INSPECTION_2_3_LINE,29266.166135883203,0.1549982444230409,8,1.3682465908023005,110.0887638232416,8.335436842840863,34,29156.07737205996,29274.501572726043,experiment,FIFO,0.28,0,variant_3
8282,INSPECTION_2_4,INSPECTION_2_4_LINE,29271.4339520471,1.9933905577454425,9,5.267816163897805,115.35657998713941,3.067620678943058,34,29156.07737205996,29274.501572726043,experiment,FIFO,0.28,0,variant_3
8282,INSPECTION_2_5,INSPECTION_2_5_LINE,29271.588556494225,0.1546044471251662,10,0.1546044471251662,115.51118443426458,2.913016231817892,34,29156.07737205996,29274.501572726043,experiment,FIFO,0.28,0,variant_3
8282,INSPECTION_2_6,INSPECTION_2_6_LINE,29272.39977850856,0.8112220143339073,11,0.8112220143339073,116.32240644859849,2.1017942174839845,34,29156.07737205996,29274.501572726043,experiment,FIFO,0.28,0,variant_3
8282,INSPECTION_2_7,INSPECTION_2_7_LINE,29274.501572726043,0.6427846906553896,12,2.1017942174839845,118.42420066608247,0.0,33,29156.07737205996,29274.501572726043,experiment,FIFO,0.28,0,variant_3
8283,MOULDING_2,MOULDING_MACHINE_2,29166.3445682262,3.937071390959318,1,0.0,0.0,76.45321730559226,41,29166.3445682262,29242.79778553179,experiment,FIFO,0.28,0,variant_2
8283,ASSEMBLY_1_5,LINE_5_ASSEMBLY1,29179.946850047065,13.602281820865755,2,13.602281820865755,13.602281820865755,62.850935484726506,39,29166.3445682262,29242.79778553179,experiment,FIFO,0.28,0,variant_2
8283,ASSEMBLY_2_2,ASSEMBLY2_LINE_2,29191.54510252229,2.823009335559618,3,11.598252475225308,25.200534296091064,51.2526830095012,41,29166.3445682262,29242.79778553179,experiment,FIFO,0.28,0,variant_2
8283,SORTING,SORTING_ROBOT_1,29218.935598240187,0.19912256439420162,4,27.390495717896556,52.59103001398762,23.86218729160464,39,29166.3445682262,29242.79778553179,experiment,FIFO,0.28,0,variant_2
8283,PACKAGING_3,PACKAGING_LINE_3,29233.700282164773,1.084703596705367,5,14.76468392458628,67.3557139385739,9.097503367018362,39,29166.3445682262,29242.79778553179,experiment,FIFO,0.28,0,variant_2
8283,INSPECTION_1_1,INSPECTION_1_1_LINE,29235.56057899829,1.526886952942732,6,1.8602968335180776,69.21601077209198,7.237206533500284,39,29166.3445682262,29242.79778553179,experiment,FIFO,0.28,0,variant_2
8283,INSPECTION_1_2,INSPECTION_1_2_LINE,29238.322059341783,1.6273535477339465,7,2.761480343491712,71.97749111558369,4.475726190008572,39,29166.3445682262,29242.79778553179,experiment,FIFO,0.28,0,variant_2
8283,INSPECTION_1_3,INSPECTION_1_3_LINE,29239.09786954796,0.7758102061779937,8,0.7758102061779937,72.75330132176168,3.6999159838305786,39,29166.3445682262,29242.79778553179,experiment,FIFO,0.28,0,variant_2
8283,INSPECTION_1_3,INSPECTION_1_3_LINE,29240.74376908968,1.6458995417197002,9,1.6458995417197002,74.39920086348138,2.0540164421108784,39,29166.3445682262,29242.79778553179,experiment,FIFO,0.28,0,variant_2
8283,INSPECTION_1_4,INSPECTION_1_4_LINE,29240.99070680937,0.2469377196903224,10,0.2469377196903224,74.6461385831717,1.807078722420556,38,29166.3445682262,29242.79778553179,experiment,FIFO,0.28,0,variant_2
8283,INSPECTION_1_5,INSPECTION_1_5_LINE,29241.30718363791,0.3164768285387254,11,0.3164768285387254,74.96261541171043,1.4906018938818306,38,29166.3445682262,29242.79778553179,experiment,FIFO,0.28,0,variant_2
8283,INSPECTION_1_6,INSPECTION_1_6_LINE,29241.44726853578,0.14008489787011058,12,0.14008489787011058,75.10270030958054,1.35051699601172,38,29166.3445682262,29242.79778553179,experiment,FIFO,0.28,0,variant_2
8283,INSPECTION_1_7,INSPECTION_1_7_LINE,29242.79778553179,1.35051699601172,13,1.35051699601172,76.45321730559226,0.0,37,29166.3445682262,29242.79778553179,experiment,FIFO,0.28,0,variant_2
8284,MOULDING_2,MOULDING_MACHINE_2,29168.23891866935,1.8943504431517795,1,0.0,0.0,72.72614990730654,42,29168.23891866935,29240.965068576657,experiment,FIFO,0.28,0,variant_4
8284,ASSEMBLY_1_4,LINE_4_ASSEMBLY1,29175.58619771709,4.320595160981611,2,7.3472790477389935,7.3472790477389935,65.37887085956754,40,29168.23891866935,29240.965068576657,experiment,FIFO,0.28,0,variant_4
8284,ASSEMBLY_2_2,ASSEMBLY2_LINE_2,29188.72209318673,2.1138358568896365,3,13.135895469640673,20.483174517379666,52.24297538992687,40,29168.23891866935,29240.965068576657,experiment,FIFO,0.28,0,variant_4
8284,SORTING,SORTING_ROBOT_1,29212.71020198642,0.994715603410441,4,23.988108799690963,44.47128331707063,28.254866590235906,37,29168.23891866935,29240.965068576657,experiment,FIFO,0.28,0,variant_4
8284,PACKAGING_3,PACKAGING_LINE_3,29232.615578568068,4.677088029708102,5,19.905376581646124,64.37665989871675,8.349490008589783,39,29168.23891866935,29240.965068576657,experiment,FIFO,0.28,0,variant_4
8284,INSPECTION_1_1,INSPECTION_1_1_LINE,29234.03369204535,1.4181134772807127,6,1.4181134772807127,65.79477337599747,6.93137653130907,39,29168.23891866935,29240.965068576657,experiment,FIFO,0.28,0,variant_4
8284,INSPECTION_1_2,INSPECTION_1_2_LINE,29236.69470579405,2.6610137487004977,7,2.6610137487004977,68.45578712469796,4.270362782608572,40,29168.23891866935,29240.965068576657,experiment,FIFO,0.28,0,variant_4
8284,INSPECTION_1_3,INSPECTION_1_3_LINE,29237.77714127309,1.082435479042033,8,1.082435479042033,69.53822260374,3.187927303566539,39,29168.23891866935,29240.965068576657,experiment,FIFO,0.28,0,variant_4
8284,INSPECTION_1_4,INSPECTION_1_4_LINE,29238.229475484663,0.45233421157172415,9,0.45233421157172415,69.99055681531172,2.735593091994815,39,29168.23891866935,29240.965068576657,experiment,FIFO,0.28,0,variant_4
8284,INSPECTION_1_5,INSPECTION_1_5_LINE,29238.91751777361,0.6880422889480542,10,0.6880422889480542,70.67859910425977,2.047550803046761,39,29168.23891866935,29240.965068576657,experiment,FIFO,0.28,0,variant_4
8284,INSPECTION_1_6,INSPECTION_1_6_LINE,29240.96062658015,2.04310880653793,11,2.04310880653793,72.7217079107977,0.0044419965088309254,39,29168.23891866935,29240.965068576657,experiment,FIFO,0.28,0,variant_4
8284,INSPECTION_1_7,INSPECTION_1_7_LINE,29240.965068576657,0.0044419965088309254,12,0.0044419965088309254,72.72614990730654,0.0,38,29168.23891866935,29240.965068576657,experiment,FIFO,0.28,0,variant_4
8285,MOULDING_2,MOULDING_MACHINE_2,29175.29561090686,7.056692237507377,1,0.0,0.0,98.56317712852979,40,29175.29561090686,29273.858788035388,experiment,FIFO,0.28,0,variant_4
8285,ASSEMBLY_1_4,LINE_4_ASSEMBLY1,29198.12808570588,11.392697978160868,2,22.832474799022748,22.832474799022748,75.73070232950704,39,29175.29561090686,29273.858788035388,experiment,FIFO,0.28,0,variant_4
8285,ASSEMBLY_2_2,ASSEMBLY2_LINE_2,29240.64713034837,10.387174947085441,3,42.51904464248946,65.35151944151221,33.21165768701758,39,29175.29561090686,29273.858788035388,experiment,FIFO,0.28,0,variant_4
8285,SORTING,SORTING_ROBOT_1,29250.55396084619,0.7268077796325088,4,9.90683049782092,75.25834993933313,23.304827189196658,36,29175.29561090686,29273.858788035388,experiment,FIFO,0.28,0,variant_4
8285,PACKAGING_2,PACKAGING_LINE_2,29259.99392276353,1.859725314858224,5,9.439961917338223,84.69831185667135,13.864865271858434,34,29175.29561090686,29273.858788035388,experiment,FIFO,0.28,0,variant_4
8285,INSPECTION_2_1,INSPECTION_2_1_LINE,29261.36555123428,0.7405697999020049,6,1.3716284707516024,86.06994032742296,12.493236801106832,34,29175.29561090686,29273.858788035388,experiment,FIFO,0.28,0,variant_4
8285,INSPECTION_2_2,INSPECTION_2_2_LINE,29262.18265675131,0.002820761157636298,7,0.8171055170278123,86.88704584445077,11.67613128407902,34,29175.29561090686,29273.858788035388,experiment,FIFO,0.28,0,variant_4
8285,INSPECTION_2_3,INSPECTION_2_3_LINE,29266.01113763878,1.9709913646511268,8,3.828480887470505,90.71552673192127,7.847650396608515,34,29175.29561090686,29273.858788035388,experiment,FIFO,0.28,0,variant_4
8285,INSPECTION_2_4,INSPECTION_2_4_LINE,29269.440561489355,1.3538334587465215,9,3.4294238505754038,94.14495058249668,4.418226546033111,34,29175.29561090686,29273.858788035388,experiment,FIFO,0.28,0,variant_4
8285,INSPECTION_2_5,INSPECTION_2_5_LINE,29271.1950063624,1.7544448730441218,10,1.7544448730441218,95.8993954555408,2.663781672988989,34,29175.29561090686,29273.858788035388,experiment,FIFO,0.28,0,variant_4
8285,INSPECTION_2_6,INSPECTION_2_6_LINE,29271.46073434845,0.26572798605047865,11,0.26572798605047865,96.16512344159128,2.3980536869385105,34,29175.29561090686,29273.858788035388,experiment,FIFO,0.28,0,variant_4
8285,INSPECTION_2_7,INSPECTION_2_7_LINE,29273.858788035388,2.3980536869385105,12,2.3980536869385105,98.56317712852979,0.0,32,29175.29561090686,29273.858788035388,experiment,FIFO,0.28,0,variant_4
8286,MOULDING_3,MOULDING_MACHINE_3,29165.257963611628,3.198770315382717,1,0.0,0.0,142.0918346736653,40,29165.257963611628,29307.349798285293,experiment,FIFO,0.28,0,variant_6
8286,ASSEMBLY_1_3,LINE_3_ASSEMBLY1,29169.266925365017,2.675004916600301,2,4.008961753388576,4.008961753388576,138.0828729202767,41,29165.257963611628,29307.349798285293,experiment,FIFO,0.28,0,variant_6
8286,ASSEMBLY_2_1,ASSEMBLY2_LINE_1,29259.44339427764,1.1575563737205812,3,90.17646891262484,94.18543066601342,47.90640400765187,34,29165.257963611628,29307.349798285293,experiment,FIFO,0.28,0,variant_6
8286,SORTING,SORTING_ROBOT_1,29263.629526868903,1.7590556621616997,4,4.186132591261412,98.37156325727483,43.72027141639046,34,29165.257963611628,29307.349798285293,experiment,FIFO,0.28,0,variant_6
8286,PACKAGING_2,PACKAGING_LINE_2,29300.99506414865,20.25942857764676,5,37.365537279747514,135.73710053702234,6.354734136642946,32,29165.257963611628,29307.349798285293,experiment,FIFO,0.28,0,variant_6
8286,INSPECTION_1_1,INSPECTION_1_1_LINE,29305.62414736129,4.629083212639671,6,4.629083212639671,140.366183749662,1.7256509240032756,34,29165.257963611628,29307.349798285293,experiment,FIFO,0.28,0,variant_6
8286,INSPECTION_1_2,INSPECTION_1_2_LINE,29306.06792071681,0.4437733555205341,7,0.4437733555205341,140.80995710518255,1.2818775684827415,34,29165.257963611628,29307.349798285293,experiment,FIFO,0.28,0,variant_6
8286,INSPECTION_1_3,INSPECTION_1_3_LINE,29306.42846646916,0.36054575234811637,8,0.36054575234811637,141.17050285753066,0.9213318161346251,34,29165.257963611628,29307.349798285293,experiment,FIFO,0.28,0,variant_6
8286,INSPECTION_1_4,INSPECTION_1_4_LINE,29306.47571401147,0.047247542312106816,9,0.047247542312106816,141.21775039984277,0.8740842738225183,34,29165.257963611628,29307.349798285293,experiment,FIFO,0.28,0,variant_6
8286,INSPECTION_1_5,INSPECTION_1_5_LINE,29306.74830340338,0.2725893919086957,10,0.2725893919086957,141.49033979175147,0.6014948819138226,34,29165.257963611628,29307.349798285293,experiment,FIFO,0.28,0,variant_6
8286,INSPECTION_1_6,INSPECTION_1_6_LINE,29307.26070715786,0.5124037544810562,11,0.5124037544810562,142.00274354623252,0.08909112743276637,34,29165.257963611628,29307.349798285293,experiment,FIFO,0.28,0,variant_6
8286,INSPECTION_1_7,INSPECTION_1_7_LINE,29307.349798285293,0.08909112743276637,12,0.08909112743276637,142.0918346736653,0.0,33,29165.257963611628,29307.349798285293,experiment,FIFO,0.28,0,variant_6
8287,MOULDING_4,MOULDING_MACHINE_4,29170.0354610393,6.015768340712384,1,0.0,0.0,60.37483512846666,42,29170.0354610393,29230.410296167767,experiment,FIFO,0.28,0,variant_2
8287,ASSEMBLY_1_4,LINE_4_ASSEMBLY1,29181.065202886773,5.47900516968366,2,11.029741847472906,11.029741847472906,49.34509328099375,39,29170.0354610393,29230.410296167767,experiment,FIFO,0.28,0,variant_2
8287,ASSEMBLY_2_2,ASSEMBLY2_LINE_2,29197.851379974683,6.30627745239326,3,16.78617708790989,27.815918935382797,32.55891619308386,39,29170.0354610393,29230.410296167767,experiment,FIFO,0.28,0,variant_2
8287,SORTING,SORTING_ROBOT_1,29219.30462424472,0.3690260045332252,4,21.45324427003652,49.26916320541932,11.105671923047339,39,29170.0354610393,29230.410296167767,experiment,FIFO,0.28,0,variant_2
8287,PACKAGING_2,PACKAGING_LINE_2,29220.41259541792,1.107971173201804,5,1.107971173201804,50.37713437862112,9.997700749845535,39,29170.0354610393,29230.410296167767,experiment,FIFO,0.28,0,variant_2
8287,INSPECTION_2_1,INSPECTION_2_1_LINE,29220.501184336284,0.08858891836280236,6,0.08858891836280236,50.465723296983924,9.909111831482733,39,29170.0354610393,29230.410296167767,experiment,FIFO,0.28,0,variant_2
8287,INSPECTION_2_2,INSPECTION_2_2_LINE,29221.1164207344,0.6152363981163944,7,0.6152363981163944,51.08095969510032,9.293875433366338,41,29170.0354610393,29230.410296167767,experiment,FIFO,0.28,0,variant_2
8287,INSPECTION_2_3,INSPECTION_2_3_LINE,29221.4147152108,0.2982944764007698,8,0.2982944764007698,51.37925417150109,8.995580956965568,41,29170.0354610393,29230.410296167767,experiment,FIFO,0.28,0,variant_2
8287,INSPECTION_2_4,INSPECTION_2_4_LINE,29226.54170183375,5.126986622948607,9,5.126986622948607,56.506240794449695,3.8685943340169615,43,29170.0354610393,29230.410296167767,experiment,FIFO,0.28,0,variant_2
8287,INSPECTION_2_5,INSPECTION_2_5_LINE,29226.73263802758,0.19093619383056648,10,0.19093619383056648,56.69717698828026,3.677658140186395,43,29170.0354610393,29230.410296167767,experiment,FIFO,0.28,0,variant_2
8287,INSPECTION_2_6,INSPECTION_2_6_LINE,29228.278601442253,1.54596341467186,11,1.54596341467186,58.24314040295212,2.131694725514535,43,29170.0354610393,29230.410296167767,experiment,FIFO,0.28,0,variant_2
8287,INSPECTION_2_7,INSPECTION_2_7_LINE,29230.410296167767,2.131694725514535,12,2.131694725514535,60.37483512846666,0.0,41,29170.0354610393,29230.410296167767,experiment,FIFO,0.28,0,variant_2
8288,MOULDING_1,MOULDING_MACHINE_1,29172.67825692649,7.862425071649341,1,0.0,0.0,127.85462775468113,42,29172.67825692649,29300.53288468117,experiment,FIFO,0.28,0,variant_1
8288,ASSEMBLY_1_4,LINE_4_ASSEMBLY1,29186.73538772772,5.670184840946604,2,14.057130801229505,14.057130801229505,113.79749695345163,39,29172.67825692649,29300.53288468117,experiment,FIFO,0.28,0,variant_1
8288,ASSEMBLY_2_1,ASSEMBLY2_LINE_1,29272.44656824203,4.265741793507914,3,85.7111805143104,99.7683113155399,28.08631643914123,34,29172.67825692649,29300.53288468117,experiment,FIFO,0.28,0,variant_1
8288,SORTING,SORTING_ROBOT_1,29290.471470790235,14.51305765582947,4,18.02490254820441,117.79321386374431,10.06141389093682,33,29172.67825692649,29300.53288468117,experiment,FIFO,0.28,0,variant_1
8288,PACKAGING_1,PACKAGING_LINE_1,29292.52449228673,2.0530214964965126,5,2.0530214964965126,119.84623536024083,8.008392394440307,33,29172.67825692649,29300.53288468117,experiment,FIFO,0.28,0,variant_1
8288,INSPECTION_1_1,INSPECTION_1_1_LINE,29293.05313433743,0.5286420507000003,6,0.5286420507000003,120.37487741094083,7.479750343740307,33,29172.67825692649,29300.53288468117,experiment,FIFO,0.28,0,variant_1
8288,INSPECTION_1_2,INSPECTION_1_2_LINE,29293.582096181974,0.5289618445422093,7,0.5289618445422093,120.90383925548304,6.950788499198097,32,29172.67825692649,29300.53288468117,experiment,FIFO,0.28,0,variant_1
8288,INSPECTION_1_3,INSPECTION_1_3_LINE,29294.15755929101,0.5754631090348994,8,0.5754631090348994,121.47930236451793,6.375325390163198,32,29172.67825692649,29300.53288468117,experiment,FIFO,0.28,0,variant_1
8288,INSPECTION_1_4,INSPECTION_1_4_LINE,29296.36072317972,2.2031638887128793,9,2.2031638887128793,123.68246625323081,4.172161501450319,33,29172.67825692649,29300.53288468117,experiment,FIFO,0.28,0,variant_1
8288,INSPECTION_1_5,INSPECTION_1_5_LINE,29297.09311663776,0.7323934580381319,10,0.7323934580381319,124.41485971126895,3.4397680434121867,33,29172.67825692649,29300.53288468117,experiment,FIFO,0.28,0,variant_1
8288,INSPECTION_1_6,INSPECTION_1_6_LINE,29299.29933079757,2.20621415981077,11,2.20621415981077,126.62107387107972,1.2335538836014166,33,29172.67825692649,29300.53288468117,experiment,FIFO,0.28,0,variant_1
8288,INSPECTION_1_7,INSPECTION_1_7_LINE,29300.53288468117,1.2335538836014166,12,1.2335538836014166,127.85462775468113,0.0,32,29172.67825692649,29300.53288468117,experiment,FIFO,0.28,0,variant_1
8289,MOULDING_1,MOULDING_MACHINE_1,29174.78128296375,2.103026037260861,1,0.0,0.0,141.63299133412875,39,29174.78128296375,29316.41427429788,experiment,FIFO,0.28,0,variant_2
8289,ASSEMBLY_1_1,LINE_1_ASSEMBLY1,29177.8452086864,3.0639257226503105,2,3.0639257226503105,3.0639257226503105,138.56906561147844,40,29174.78128296375,29316.41427429788,experiment,FIFO,0.28,0,variant_2
8289,ASSEMBLY_2_1,ASSEMBLY2_LINE_1,29265.647606462484,5.283520222972584,3,87.80239777608222,90.86632349873253,50.76666783539622,33,29174.78128296375,29316.41427429788,experiment,FIFO,0.28,0,variant_2
8289,SORTING,SORTING_ROBOT_1,29274.50732398819,3.2718343296182866,4,8.859717525705491,99.72604102443802,41.90695030969073,33,29174.78128296375,29316.41427429788,experiment,FIFO,0.28,0,variant_2
8289,PACKAGING_2,PACKAGING_LINE_2,29307.501517965124,1.1472683582032914,5,32.994193976934184,132.7202350013722,8.912756332756544,33,29174.78128296375,29316.41427429788,experiment,FIFO,0.28,0,variant_2
8289,INSPECTION_1_1,INSPECTION_1_1_LINE,29308.64379891373,1.1422809486066399,6,1.1422809486066399,133.86251594997884,7.770475384149904,32,29174.78128296375,29316.41427429788,experiment,FIFO,0.28,0,variant_2
8289,INSPECTION_1_2,INSPECTION_1_2_LINE,29311.70096579477,3.0571668810407573,7,3.0571668810407573,136.9196828310196,4.713308503109147,32,29174.78128296375,29316.41427429788,experiment,FIFO,0.28,0,variant_2
8289,INSPECTION_1_3,INSPECTION_1_3_LINE,29313.611095601977,1.9101298072055215,8,1.9101298072055215,138.82981263822512,2.8031786959036253,32,29174.78128296375,29316.41427429788,experiment,FIFO,0.28,0,variant_2
8289,INSPECTION_1_4,INSPECTION_1_4_LINE,29315.234211956387,1.6231163544107403,9,1.6231163544107403,140.45292899263586,1.180062341492885,30,29174.78128296375,29316.41427429788,experiment,FIFO,0.28,0,variant_2
8289,INSPECTION_1_5,INSPECTION_1_5_LINE,29315.57215056836,0.3379386119740957,10,0.3379386119740957,140.79086760460996,0.8421237295187893,30,29174.78128296375,29316.41427429788,experiment,FIFO,0.28,0,variant_2
8289,INSPECTION_1_6,INSPECTION_1_6_LINE,29315.83216195289,0.26001138452920713,11,0.26001138452920713,141.05087898913916,0.5821123449895822,30,29174.78128296375,29316.41427429788,experiment,FIFO,0.28,0,variant_2
8289,INSPECTION_1_7,INSPECTION_1_7_LINE,29316.41427429788,0.5821123449895822,12,0.5821123449895822,141.63299133412875,0.0,29,29174.78128296375,29316.41427429788,experiment,FIFO,0.28,0,variant_2
8290,MOULDING_2,MOULDING_MACHINE_2,29182.44450677902,6.601812874607276,1,0.0,0.0,135.40088603948607,39,29182.44450677902,29317.845392818504,experiment,FIFO,0.28,0,variant_6
8290,ASSEMBLY_1_1,LINE_1_ASSEMBLY1,29184.76397472724,2.3194679482221545,2,2.3194679482221545,2.3194679482221545,133.0814180912639,39,29182.44450677902,29317.845392818504,experiment,FIFO,0.28,0,variant_6
8290,ASSEMBLY_2_1,ASSEMBLY2_LINE_1,29268.180826448523,2.5332199860386027,3,83.416851721282,85.73631966950416,49.66456636998191,34,29182.44450677902,29317.845392818504,experiment,FIFO,0.28,0,variant_6
8290,SORTING,SORTING_ROBOT_1,29275.958413134405,1.4510891462159634,4,7.777586685882852,93.51390635538701,41.88697968409906,33,29182.44450677902,29317.845392818504,experiment,FIFO,0.28,0,variant_6
8290,PACKAGING_2,PACKAGING_LINE_2,29307.7225220578,0.22100409267659415,5,31.764108923394815,125.27801527878182,10.122870760704245,33,29182.44450677902,29317.845392818504,experiment,FIFO,0.28,0,variant_6
8290,INSPECTION_1_1,INSPECTION_1_1_LINE,29308.88420645242,0.24040753869121545,6,1.1616843946212612,126.43969967340308,8.961186366082984,32,29182.44450677902,29317.845392818504,experiment,FIFO,0.28,0,variant_6
8290,INSPECTION_1_2,INSPECTION_1_2_LINE,29311.783933004925,0.08296721015358344,7,2.8997265525031253,129.3394262259062,6.061459813579859,32,29182.44450677902,29317.845392818504,experiment,FIFO,0.28,0,variant_6
8290,INSPECTION_1_3,INSPECTION_1_3_LINE,29315.61128422485,2.0001886228747026,8,3.8273512199266406,133.16677744583285,2.234108593653218,30,29182.44450677902,29317.845392818504,experiment,FIFO,0.28,0,variant_6
8290,INSPECTION_1_4,INSPECTION_1_4_LINE,29315.95431941117,0.34303518631713814,9,0.34303518631713814,133.50981263215,1.89107340733608,30,29182.44450677902,29317.845392818504,experiment,FIFO,0.28,0,variant_6
8290,INSPECTION_1_5,INSPECTION_1_5_LINE,29316.69954781303,0.7452284018618229,10,0.7452284018618229,134.2550410340118,1.145845005474257,29,29182.44450677902,29317.845392818504,experiment,FIFO,0.28,0,variant_6
8290,INSPECTION_1_6,INSPECTION_1_6_LINE,29317.789261285325,1.0897134722945339,11,1.0897134722945339,135.34475450630634,0.05613153317972319,29,29182.44450677902,29317.845392818504,experiment,FIFO,0.28,0,variant_6
8290,INSPECTION_1_7,INSPECTION_1_7_LINE,29317.845392818504,0.05613153317972319,12,0.05613153317972319,135.40088603948607,0.0,28,29182.44450677902,29317.845392818504,experiment,FIFO,0.28,0,variant_6
8291,MOULDING_3,MOULDING_MACHINE_3,29185.80311624184,6.24826284167284,1,0.0,0.0,69.06522338437935,39,29185.80311624184,29254.86833962622,experiment,FIFO,0.28,0,variant_2
8291,ASSEMBLY_1_2,LINE_2_ASSEMBLY1,29194.94654195106,9.143425709218718,2,9.143425709218718,9.143425709218718,59.92179767516063,41,29185.80311624184,29254.86833962622,experiment,FIFO,0.28,0,variant_2
8291,ASSEMBLY_2_2,ASSEMBLY2_LINE_2,29230.259955401285,5.418021781773859,3,35.3134134502252,44.456839159443916,24.608384224935435,42,29185.80311624184,29254.86833962622,experiment,FIFO,0.28,0,variant_2
8291,SORTING,SORTING_ROBOT_1,29239.95689220025,5.170902347428637,4,9.696936798965908,54.153775958409824,14.911447425969527,39,29185.80311624184,29254.86833962622,experiment,FIFO,0.28,0,variant_2
8291,PACKAGING_3,PACKAGING_LINE_3,29240.110216576817,0.15332437656616094,5,0.15332437656616094,54.307100334975985,14.758123049403366,39,29185.80311624184,29254.86833962622,experiment,FIFO,0.28,0,variant_2
8291,INSPECTION_2_1,INSPECTION_2_1_LINE,29243.964499141064,3.8542825642471144,6,3.8542825642471144,58.1613828992231,10.903840485156252,37,29185.80311624184,29254.86833962622,experiment,FIFO,0.28,0,variant_2
8291,INSPECTION_2_2,INSPECTION_2_2_LINE,29244.05916423608,0.0946650950172625,7,0.0946650950172625,58.25604799424036,10.80917539013899,37,29185.80311624184,29254.86833962622,experiment,FIFO,0.28,0,variant_2
8291,INSPECTION_2_3,INSPECTION_2_3_LINE,29244.32419338213,0.2650291460486187,8,0.2650291460486187,58.52107714028898,10.54414624409037,37,29185.80311624184,29254.86833962622,experiment,FIFO,0.28,0,variant_2
8291,INSPECTION_2_4,INSPECTION_2_4_LINE,29251.972039114225,3.5770254914204997,9,7.647845732095448,66.16892287238443,2.896300511994923,36,29185.80311624184,29254.86833962622,experiment,FIFO,0.28,0,variant_2
8291,INSPECTION_2_5,INSPECTION_2_5_LINE,29253.869417706792,1.8973785925663833,10,1.8973785925663833,68.06630146495081,0.9989219194285397,35,29185.80311624184,29254.86833962622,experiment,FIFO,0.28,0,variant_2
8291,INSPECTION_2_6,INSPECTION_2_6_LINE,29254.028426045308,0.15900833851628704,11,0.15900833851628704,68.2253098034671,0.8399135809122527,35,29185.80311624184,29254.86833962622,experiment,FIFO,0.28,0,variant_2
8291,INSPECTION_2_7,INSPECTION_2_7_LINE,29254.86833962622,0.8399135809122527,12,0.8399135809122527,69.06522338437935,0.0,34,29185.80311624184,29254.86833962622,experiment,FIFO,0.28,0,variant_2
8292,MOULDING_1,MOULDING_MACHINE_1,29189.46089874698,9.534425488240231,1,0.0,0.0,79.65089439885196,40,29189.46089874698,29269.111793145832,experiment,FIFO,0.28,0,variant_6
8292,ASSEMBLY_1_2,LINE_2_ASSEMBLY1,29204.586233061767,5.696677030206047,2,15.125334314787324,15.125334314787324,64.52556008406464,40,29189.46089874698,29269.111793145832,experiment,FIFO,0.28,0,variant_6
8292,ASSEMBLY_2_2,ASSEMBLY2_LINE_2,29256.520293906386,0.8681815911368176,3,51.934060844618216,67.05939515940554,12.59149923944642,34,29189.46089874698,29269.111793145832,experiment,FIFO,0.28,0,variant_6
8292,SORTING,SORTING_ROBOT_1,29256.580000877457,0.05970697107113665,4,0.05970697107113665,67.11910213047668,12.531792268375284,34,29189.46089874698,29269.111793145832,experiment,FIFO,0.28,0,variant_6
8292,PACKAGING_1,PACKAGING_LINE_1,29259.198878409385,1.3196876094261825,5,2.6188775319278648,69.73797966240454,9.91291473644742,34,29189.46089874698,29269.111793145832,experiment,FIFO,0.28,0,variant_6
8292,INSPECTION_1_1,INSPECTION_1_1_LINE,29262.16865360198,2.969775192595989,6,2.969775192595989,72.70775485500053,6.94313954385143,34,29189.46089874698,29269.111793145832,experiment,FIFO,0.28,0,variant_6
8292,INSPECTION_1_2,INSPECTION_1_2_LINE,29264.839199245867,2.670545643886726,7,2.670545643886726,75.37830049888726,4.272593899964704,34,29189.46089874698,29269.111793145832,experiment,FIFO,0.28,0,variant_6
8292,INSPECTION_1_3,INSPECTION_1_3_LINE,29265.618010736176,0.7788114903087262,8,0.7788114903087262,76.15711198919598,3.493782409655978,33,29189.46089874698,29269.111793145832,experiment,FIFO,0.28,0,variant_6
8292,INSPECTION_1_4,INSPECTION_1_4_LINE,29266.43101211185,0.8130013756745029,9,0.8130013756745029,76.97011336487049,2.680781033981475,34,29189.46089874698,29269.111793145832,experiment,FIFO,0.28,0,variant_6
8292,INSPECTION_1_5,INSPECTION_1_5_LINE,29267.755507182992,1.3244950711414276,10,1.3244950711414276,78.29460843601191,1.3562859628400474,34,29189.46089874698,29269.111793145832,experiment,FIFO,0.28,0,variant_6
8292,INSPECTION_1_6,INSPECTION_1_6_LINE,29268.87159734719,1.1160901641997043,11,1.1160901641997043,79.41069860021162,0.24019579864034313,35,29189.46089874698,29269.111793145832,experiment,FIFO,0.28,0,variant_6
8292,INSPECTION_1_7,INSPECTION_1_7_LINE,29269.111793145832,0.24019579864034313,12,0.24019579864034313,79.65089439885196,0.0,34,29189.46089874698,29269.111793145832,experiment,FIFO,0.28,0,variant_6
8293,MOULDING_1,MOULDING_MACHINE_1,29190.575263456427,1.1143647094468179,1,0.0,0.0,138.46954674643712,41,29190.575263456427,29329.044810202864,experiment,FIFO,0.28,0,variant_1
8293,ASSEMBLY_1_4,LINE_4_ASSEMBLY1,29220.342601635257,22.21451592937592,2,29.76733817882996,29.76733817882996,108.70220856760716,39,29190.575263456427,29329.044810202864,experiment,FIFO,0.28,0,variant_1
8293,ASSEMBLY_2_1,ASSEMBLY2_LINE_1,29299.816037617624,2.9445686736398784,3,79.47343598236694,109.2407741611969,29.228772585240222,33,29190.575263456427,29329.044810202864,experiment,FIFO,0.28,0,variant_1
8293,SORTING,SORTING_ROBOT_1,29318.88569110096,2.560104169569968,4,19.06965348333688,128.31042764453377,10.159119101903343,28,29190.575263456427,29329.044810202864,experiment,FIFO,0.28,0,variant_1
8293,PACKAGING_1,PACKAGING_LINE_1,29324.571585090376,5.086241033404804,5,5.68589398941549,133.99632163394926,4.473225112487853,29,29190.575263456427,29329.044810202864,experiment,FIFO,0.28,0,variant_1
8293,INSPECTION_1_1,INSPECTION_1_1_LINE,29324.83384165339,0.26225656301539857,6,0.26225656301539857,134.25857819696466,4.2109685494724545,29,29190.575263456427,29329.044810202864,experiment,FIFO,0.28,0,variant_1
8293,INSPECTION_1_2,INSPECTION_1_2_LINE,29326.587290826334,1.7534491729420552,7,1.7534491729420552,136.01202736990672,2.4575193765303993,29,29190.575263456427,29329.044810202864,experiment,FIFO,0.28,0,variant_1
8293,INSPECTION_1_3,INSPECTION_1_3_LINE,29326.816515865303,0.2292250389691617,8,0.2292250389691617,136.24125240887588,2.2282943375612376,29,29190.575263456427,29329.044810202864,experiment,FIFO,0.28,0,variant_1
8293,INSPECTION_1_4,INSPECTION_1_4_LINE,29327.22500781864,0.4084919533379434,9,0.4084919533379434,136.64974436221382,1.8198023842232942,29,29190.575263456427,29329.044810202864,experiment,FIFO,0.28,0,variant_1
8293,INSPECTION_1_5,INSPECTION_1_5_LINE,29328.20781347727,0.9828056586302409,10,0.9828056586302409,137.63255002084406,0.8369967255930533,29,29190.575263456427,29329.044810202864,experiment,FIFO,0.28,0,variant_1
8293,INSPECTION_1_6,INSPECTION_1_6_LINE,29329.00271232865,0.7948988513780932,11,0.7948988513780932,138.42744887222216,0.04209787421496003,28,29190.575263456427,29329.044810202864,experiment,FIFO,0.28,0,variant_1
8293,INSPECTION_1_7,INSPECTION_1_7_LINE,29329.044810202864,0.04209787421496003,12,0.04209787421496003,138.46954674643712,0.0,27,29190.575263456427,29329.044810202864,experiment,FIFO,0.28,0,variant_1
8294,MOULDING_4,MOULDING_MACHINE_4,29185.13096127648,3.9542688258661656,1,0.0,0.0,113.66237926737449,39,29185.13096127648,29298.793340543856,experiment,FIFO,0.28,0,variant_3
8294,ASSEMBLY_1_3,LINE_3_ASSEMBLY1,29192.10156199887,6.970600722386735,2,6.970600722386735,6.970600722386735,106.69177854498776,42,29185.13096127648,29298.793340543856,experiment,FIFO,0.28,0,variant_3
8294,ASSEMBLY_2_1,ASSEMBLY2_LINE_1,29275.67483109649,3.2282628544598992,3,83.57326909762196,90.5438698200087,23.118509447365795,33,29185.13096127648,29298.793340543856,experiment,FIFO,0.28,0,variant_3
8294,SORTING,SORTING_ROBOT_1,29291.492531960062,1.0210611698275898,4,15.8177008635721,106.3615706835808,7.300808583793696,33,29185.13096127648,29298.793340543856,experiment,FIFO,0.28,0,variant_3
8294,PACKAGING_3,PACKAGING_LINE_3,29294.66555842,3.1730264599391376,5,3.1730264599391376,109.53459714351993,4.1277821238545584,33,29185.13096127648,29298.793340543856,experiment,FIFO,0.28,0,variant_3
8294,INSPECTION_2_1,INSPECTION_2_1_LINE,29294.98841845851,0.32286003850822453,6,0.32286003850822453,109.85745718202816,3.804922085346334,33,29185.13096127648,29298.793340543856,experiment,FIFO,0.28,0,variant_3
8294,INSPECTION_2_2,INSPECTION_2_2_LINE,29295.781461783423,0.7930433249130147,7,0.7930433249130147,110.65050050694117,3.0118787604333193,33,29185.13096127648,29298.793340543856,experiment,FIFO,0.28,0,variant_3
8294,INSPECTION_2_3,INSPECTION_2_3_LINE,29296.74742145944,0.9659596760175191,8,0.9659596760175191,111.61646018295869,2.0459190844158,33,29185.13096127648,29298.793340543856,experiment,FIFO,0.28,0,variant_3
8294,INSPECTION_2_4,INSPECTION_2_4_LINE,29296.79507022054,0.0476487611012999,9,0.0476487611012999,111.66410894405999,1.9982703233145003,33,29185.13096127648,29298.793340543856,experiment,FIFO,0.28,0,variant_3
8294,INSPECTION_2_5,INSPECTION_2_5_LINE,29298.33413596217,1.539065741628292,10,1.539065741628292,113.20317468568828,0.45920458168620826,34,29185.13096127648,29298.793340543856,experiment,FIFO,0.28,0,variant_3
8294,INSPECTION_2_6,INSPECTION_2_6_LINE,29298.762373942656,0.42823798048630124,11,0.42823798048630124,113.63141266617458,0.030966601199907018,34,29185.13096127648,29298.793340543856,experiment,FIFO,0.28,0,variant_3
8294,INSPECTION_2_7,INSPECTION_2_7_LINE,29298.793340543856,0.030966601199907018,12,0.030966601199907018,113.66237926737449,0.0,33,29185.13096127648,29298.793340543856,experiment,FIFO,0.28,0,variant_3
8295,MOULDING_2,MOULDING_MACHINE_2,29187.980787469867,5.536280690848798,1,0.0,0.0,122.17961739589373,40,29187.980787469867,29310.16040486576,experiment,FIFO,0.28,0,variant_6
8295,ASSEMBLY_1_1,LINE_1_ASSEMBLY1,29193.83413094613,5.853343476261216,2,5.853343476261216,5.853343476261216,116.32627391963251,41,29187.980787469867,29310.16040486576,experiment,FIFO,0.28,0,variant_6
8295,ASSEMBLY_2_1,ASSEMBLY2_LINE_1,29279.85027935074,4.175448254249204,3,86.01614840461116,91.86949188087237,30.310125515021355,32,29187.980787469867,29310.16040486576,experiment,FIFO,0.28,0,variant_6
8295,SORTING,SORTING_ROBOT_1,29293.55065523425,2.058123274186073,4,13.700375883508968,105.56986776438134,16.609749631512386,32,29187.980787469867,29310.16040486576,experiment,FIFO,0.28,0,variant_6
8295,PACKAGING_3,PACKAGING_LINE_3,29298.91414439314,4.248585973138688,5,5.363489158891753,110.9333569232731,11.246260472620634,33,29187.980787469867,29310.16040486576,experiment,FIFO,0.28,0,variant_6
8295,INSPECTION_2_1,INSPECTION_2_1_LINE,29299.09217375245,0.17802935931104003,6,0.17802935931104003,111.11138628258414,11.068231113309594,33,29187.980787469867,29310.16040486576,experiment,FIFO,0.28,0,variant_6
8295,INSPECTION_2_2,INSPECTION_2_2_LINE,29299.673722121912,0.5815483694605064,7,0.5815483694605064,111.69293465204464,10.486682743849087,33,29187.980787469867,29310.16040486576,experiment,FIFO,0.28,0,variant_6
8295,INSPECTION_2_3,INSPECTION_2_3_LINE,29302.776014622497,2.485451616168575,8,3.102292500585463,114.7952271526301,7.384390243263624,32,29187.980787469867,29310.16040486576,experiment,FIFO,0.28,0,variant_6
8295,INSPECTION_2_4,INSPECTION_2_4_LINE,29306.51693706751,0.6674808810093964,9,3.740922445012984,118.53614959764309,3.64346779825064,34,29187.980787469867,29310.16040486576,experiment,FIFO,0.28,0,variant_6
8295,INSPECTION_2_5,INSPECTION_2_5_LINE,29307.57579768581,0.8701967642664385,10,1.0588606183009688,119.59501021594406,2.5846071799496713,33,29187.980787469867,29310.16040486576,experiment,FIFO,0.28,0,variant_6
8295,INSPECTION_2_6,INSPECTION_2_6_LINE,29308.955013916257,0.8959216752482462,11,1.3792162304453086,120.97422644638937,1.2053909495043627,32,29187.980787469867,29310.16040486576,experiment,FIFO,0.28,0,variant_6
8295,INSPECTION_2_7,INSPECTION_2_7_LINE,29310.16040486576,1.2053909495043627,12,1.2053909495043627,122.17961739589373,0.0,31,29187.980787469867,29310.16040486576,experiment,FIFO,0.28,0,variant_6
8296,MOULDING_2,MOULDING_MACHINE_2,29191.560552709183,3.5797652393157477,1,0.0,0.0,54.27034721160453,42,29191.560552709183,29245.830899920787,experiment,FIFO,0.28,0,variant_5
8296,ASSEMBLY_1_1,LINE_1_ASSEMBLY1,29194.90055634652,1.0664254003932,2,3.3400036373386683,3.3400036373386683,50.93034357426586,41,29191.560552709183,29245.830899920787,experiment,FIFO,0.28,0,variant_5
8296,ASSEMBLY_2_2,ASSEMBLY2_LINE_2,29224.84193361951,26.99055364482774,3,29.941377272989484,33.28138091032815,20.988966301276378,42,29191.560552709183,29245.830899920787,experiment,FIFO,0.28,0,variant_5
8296,SORTING,SORTING_ROBOT_1,29234.785989852822,5.253213822528778,4,9.94405623331113,43.22543714363928,11.044910067965247,39,29191.560552709183,29245.830899920787,experiment,FIFO,0.28,0,variant_5
8296,PACKAGING_3,PACKAGING_LINE_3,29239.87455284314,5.088562990316859,5,5.088562990316859,48.31400013395614,5.956347077648388,39,29191.560552709183,29245.830899920787,experiment,FIFO,0.28,0,variant_5
8296,INSPECTION_1_1,INSPECTION_1_1_LINE,29240.418156055483,0.5436032123434416,6,0.5436032123434416,48.857603346299584,5.412743865304947,39,29191.560552709183,29245.830899920787,experiment,FIFO,0.28,0,variant_5
8296,INSPECTION_1_2,INSPECTION_1_2_LINE,29241.77866125857,1.3605052030870866,7,1.3605052030870866,50.21810854938667,4.05223866221786,38,29191.560552709183,29245.830899920787,experiment,FIFO,0.28,0,variant_5
8296,INSPECTION_1_3,INSPECTION_1_3_LINE,29242.86274272788,1.0840814693110588,8,1.0840814693110588,51.30219001869773,2.9681571929068014,37,29191.560552709183,29245.830899920787,experiment,FIFO,0.28,0,variant_5
8296,INSPECTION_1_4,INSPECTION_1_4_LINE,29243.470761522083,0.6080187942025077,9,0.6080187942025077,51.91020881290024,2.3601383987042936,37,29191.560552709183,29245.830899920787,experiment,FIFO,0.28,0,variant_5
8296,INSPECTION_1_5,INSPECTION_1_5_LINE,29244.09489201401,0.6241304919276445,10,0.6241304919276445,52.53433930482788,1.7360079067766492,37,29191.560552709183,29245.830899920787,experiment,FIFO,0.28,0,variant_5
8296,INSPECTION_1_6,INSPECTION_1_6_LINE,29244.479924136416,0.3850321224053914,11,0.3850321224053914,52.91937142723327,1.3509757843712578,38,29191.560552709183,29245.830899920787,experiment,FIFO,0.28,0,variant_5
8296,INSPECTION_1_7,INSPECTION_1_7_LINE,29245.830899920787,1.3509757843712578,12,1.3509757843712578,54.27034721160453,0.0,37,29191.560552709183,29245.830899920787,experiment,FIFO,0.28,0,variant_5
8297,MOULDING_5,MOULDING_MACHINE_5,29187.742730916525,4.893587949125504,1,0.0,0.0,77.40719869835448,40,29187.742730916525,29265.14992961488,experiment,FIFO,0.28,0,variant_6
8297,ASSEMBLY_1_2,LINE_2_ASSEMBLY1,29198.88955603156,3.943014080501598,2,11.146825115036336,11.146825115036336,66.26037358331814,40,29187.742730916525,29265.14992961488,experiment,FIFO,0.28,0,variant_6
8297,ASSEMBLY_2_2,ASSEMBLY2_LINE_2,29246.608934372394,5.961804024023877,3,47.71937834083292,58.866203455869254,18.540995242485224,37,29187.742730916525,29265.14992961488,experiment,FIFO,0.28,0,variant_6
8297,SORTING,SORTING_ROBOT_1,29255.168939464704,2.88316535987542,4,8.560005092309439,67.42620854817869,9.980990150175785,34,29187.742730916525,29265.14992961488,experiment,FIFO,0.28,0,variant_6
8297,PACKAGING_1,PACKAGING_LINE_1,29257.87919079996,2.710251335254725,5,2.710251335254725,70.13645988343342,7.27073881492106,33,29187.742730916525,29265.14992961488,experiment,FIFO,0.28,0,variant_6
8297,INSPECTION_2_1,INSPECTION_2_1_LINE,29258.16693822672,0.28774742676250753,6,0.28774742676250753,70.42420731019592,6.982991388158553,33,29187.742730916525,29265.14992961488,experiment,FIFO,0.28,0,variant_6
8297,INSPECTION_2_2,INSPECTION_2_2_LINE,29258.86241273313,0.6954745064103918,7,0.6954745064103918,71.11968181660632,6.287516881748161,34,29187.742730916525,29265.14992961488,experiment,FIFO,0.28,0,variant_6
8297,INSPECTION_2_3,INSPECTION_2_3_LINE,29259.490374493515,0.6279617603831866,8,0.6279617603831866,71.7476435769895,5.659555121364974,34,29187.742730916525,29265.14992961488,experiment,FIFO,0.28,0,variant_6
8297,INSPECTION_2_4,INSPECTION_2_4_LINE,29261.25284333339,1.7624688398755097,9,1.7624688398755097,73.51011241686501,3.8970862814894645,34,29187.742730916525,29265.14992961488,experiment,FIFO,0.28,0,variant_6
8297,INSPECTION_2_5,INSPECTION_2_5_LINE,29262.93948111484,1.6866377814512816,10,1.6866377814512816,75.1967501983163,2.210448500038183,34,29187.742730916525,29265.14992961488,experiment,FIFO,0.28,0,variant_6
8297,INSPECTION_2_6,INSPECTION_2_6_LINE,29263.00632629187,0.06684517702888115,11,0.06684517702888115,75.26359537534518,2.1436033230093017,34,29187.742730916525,29265.14992961488,experiment,FIFO,0.28,0,variant_6
8297,INSPECTION_2_7,INSPECTION_2_7_LINE,29265.14992961488,2.1436033230093017,12,2.1436033230093017,77.40719869835448,0.0,33,29187.742730916525,29265.14992961488,experiment,FIFO,0.28,0,variant_6
8298,MOULDING_1,MOULDING_MACHINE_1,29190.982241972,0.406978515573428,1,0.0,0.0,132.46696168263952,42,29190.982241972,29323.44920365464,experiment,FIFO,0.28,0,variant_6
8298,ASSEMBLY_1_2,LINE_2_ASSEMBLY1,29209.85300677763,5.266773715862655,2,18.870764805629733,18.870764805629733,113.59619687700979,36,29190.982241972,29323.44920365464,experiment,FIFO,0.28,0,variant_6
8298,ASSEMBLY_2_1,ASSEMBLY2_LINE_1,29294.37494669921,14.524667348468938,3,84.52193992157845,103.39270472720818,29.074256955431338,33,29190.982241972,29323.44920365464,experiment,FIFO,0.28,0,variant_6
8298,SORTING,SORTING_ROBOT_1,29306.25276935342,0.27594897893141024,4,11.87782265421265,115.27052738142083,17.196434301218687,34,29190.982241972,29323.44920365464,experiment,FIFO,0.28,0,variant_6
8298,PACKAGING_3,PACKAGING_LINE_3,29319.520337132926,13.267567779505043,5,13.267567779505043,128.53809516092588,3.928866521713644,28,29190.982241972,29323.44920365464,experiment,FIFO,0.28,0,variant_6
8298,INSPECTION_2_1,INSPECTION_2_1_LINE,29319.53560393511,0.015266802183759864,6,0.015266802183759864,128.55336196310964,3.913599719529884,28,29190.982241972,29323.44920365464,experiment,FIFO,0.28,0,variant_6
8298,INSPECTION_2_2,INSPECTION_2_2_LINE,29319.76527575739,0.22967182227876037,7,0.22967182227876037,128.7830337853884,3.683927897251124,29,29190.982241972,29323.44920365464,experiment,FIFO,0.28,0,variant_6
8298,INSPECTION_2_3,INSPECTION_2_3_LINE,29319.96102363581,0.19574787842066144,8,0.19574787842066144,128.97878166380906,3.4881800188304624,29,29190.982241972,29323.44920365464,experiment,FIFO,0.28,0,variant_6
8298,INSPECTION_2_4,INSPECTION_2_4_LINE,29320.071928703423,0.11090506761320285,9,0.11090506761320285,129.08968673142226,3.3772749512172595,29,29190.982241972,29323.44920365464,experiment,FIFO,0.28,0,variant_6
8298,INSPECTION_2_5,INSPECTION_2_5_LINE,29320.08074203258,0.008813329157419503,10,0.008813329157419503,129.09850006057968,3.36846162205984,29,29190.982241972,29323.44920365464,experiment,FIFO,0.28,0,variant_6
8298,INSPECTION_2_6,INSPECTION_2_6_LINE,29320.95589932704,0.8751572944602231,11,0.8751572944602231,129.9736573550399,2.493304327599617,28,29190.982241972,29323.44920365464,experiment,FIFO,0.28,0,variant_6
8298,INSPECTION_2_7,INSPECTION_2_7_LINE,29323.44920365464,2.493304327599617,12,2.493304327599617,132.46696168263952,0.0,29,29190.982241972,29323.44920365464,experiment,FIFO,0.28,0,variant_6
8299,MOULDING_5,MOULDING_MACHINE_5,29203.26979308397,6.826896208367543,1,0.0,0.0,74.47440435620592,40,29203.26979308397,29277.744197440177,experiment,FIFO,0.28,0,variant_3
8299,ASSEMBLY_1_3,LINE_3_ASSEMBLY1,29208.333291057334,5.063497973362246,2,5.063497973362246,5.063497973362246,69.41090638284368,37,29203.26979308397,29277.744197440177,experiment,FIFO,0.28,0,variant_3
8299,ASSEMBLY_2_2,ASSEMBLY2_LINE_2,29258.74046078672,2.220166880335455,3,50.40716972938753,55.47066770274978,19.003736653456144,34,29203.26979308397,29277.744197440177,experiment,FIFO,0.28,0,variant_3
8299,SORTING,SORTING_ROBOT_1,29261.87047120674,0.1758724815226742,4,3.130010420019971,58.60067812276975,15.873726233436173,34,29203.26979308397,29277.744197440177,experiment,FIFO,0.28,0,variant_3
8299,PACKAGING_1,PACKAGING_LINE_1,29267.66444890586,3.6766604294352874,5,5.793977699118841,64.39465582188859,10.079748534317332,34,29203.26979308397,29277.744197440177,experiment,FIFO,0.28,0,variant_3
8299,INSPECTION_1_1,INSPECTION_1_1_LINE,29268.51928650969,0.8548376038306742,6,0.8548376038306742,65.24949342571927,9.224910930486658,34,29203.26979308397,29277.744197440177,experiment,FIFO,0.28,0,variant_3
8299,INSPECTION_1_2,INSPECTION_1_2_LINE,29268.88706461078,0.36777810108833364,7,0.36777810108833364,65.6172715268076,8.857132829398324,35,29203.26979308397,29277.744197440177,experiment,FIFO,0.28,0,variant_3
8299,INSPECTION_1_3,INSPECTION_1_3_LINE,29269.76455787169,0.8774932609121606,8,0.8774932609121606,66.49476478771976,7.979639568486164,34,29203.26979308397,29277.744197440177,experiment,FIFO,0.28,0,variant_3
8299,INSPECTION_1_4,INSPECTION_1_4_LINE,29270.54671209416,0.3281195033923723,9,0.7821542224701261,67.27691901018989,7.1974853460160375,35,29203.26979308397,29277.744197440177,experiment,FIFO,0.28,0,variant_3
8299,INSPECTION_1_5,INSPECTION_1_5_LINE,29274.16408637701,2.6524877244410163,10,3.6173742828505056,70.89429329304039,3.580111063165532,32,29203.26979308397,29277.744197440177,experiment,FIFO,0.28,0,variant_3
8299,INSPECTION_1_6,INSPECTION_1_6_LINE,29275.39405519214,1.2299688151288137,11,1.2299688151288137,72.1242621081692,2.3501422480367182,33,29203.26979308397,29277.744197440177,experiment,FIFO,0.28,0,variant_3
8299,INSPECTION_1_7,INSPECTION_1_7_LINE,29277.744197440177,2.3501422480367182,12,2.3501422480367182,74.47440435620592,0.0,32,29203.26979308397,29277.744197440177,experiment,FIFO,0.28,0,variant_3
8300,MOULDING_1,MOULDING_MACHINE_1,29198.29589400093,0.05550041409151163,1,0.0,0.0,115.54170831616284,40,29198.29589400093,29313.837602317093,experiment,FIFO,0.28,0,variant_1
8300,ASSEMBLY_1_1,LINE_1_ASSEMBLY1,29199.057605354286,0.7617113533560769,2,0.7617113533560769,0.7617113533560769,114.77999696280676,40,29198.29589400093,29313.837602317093,experiment,FIFO,0.28,0,variant_1
8300,ASSEMBLY_2_2,ASSEMBLY2_LINE_2,29255.65211231525,9.043177942854527,3,56.59450696096246,57.35621831431854,58.1854900018443,34,29198.29589400093,29313.837602317093,experiment,FIFO,0.28,0,variant_1
8300,SORTING,SORTING_ROBOT_1,29255.65781183925,0.005699524001101963,4,0.005699524001101963,57.36191783831964,58.1797904778432,34,29198.29589400093,29313.837602317093,experiment,FIFO,0.28,0,variant_1
8300,PACKAGING_2,PACKAGING_LINE_2,29273.96131836885,10.641176825407456,5,18.303506529598963,75.6654243679186,39.876283948244236,32,29198.29589400093,29313.837602317093,experiment,FIFO,0.28,0,variant_1
8300,PACKAGING_2,PACKAGING_LINE_2,29306.35424960692,0.5960621592057578,6,32.39293123807147,108.05835560599007,7.483352710172767,34,29198.29589400093,29313.837602317093,experiment,FIFO,0.28,0,variant_1
8300,INSPECTION_1_1,INSPECTION_1_1_LINE,29306.595336830665,0.2410872237451258,7,0.2410872237451258,108.2994428297352,7.242265486427641,34,29198.29589400093,29313.837602317093,experiment,FIFO,0.28,0,variant_1
8300,INSPECTION_1_2,INSPECTION_1_2_LINE,29306.83701969497,0.2416828643035842,8,0.2416828643035842,108.54112569403878,7.000582622124057,34,29198.29589400093,29313.837602317093,experiment,FIFO,0.28,0,variant_1
8300,INSPECTION_1_3,INSPECTION_1_3_LINE,29308.803827168664,1.9668074736946437,9,1.9668074736946437,110.50793316773343,5.033775148429413,32,29198.29589400093,29313.837602317093,experiment,FIFO,0.28,0,variant_1
8300,INSPECTION_1_4,INSPECTION_1_4_LINE,29310.655381147448,1.851553978784068,10,1.851553978784068,112.3594871465175,3.182221169645345,31,29198.29589400093,29313.837602317093,experiment,FIFO,0.28,0,variant_1
8300,INSPECTION_1_5,INSPECTION_1_5_LINE,29311.048018576766,0.39263742931871093,11,0.39263742931871093,112.7521245758362,2.789583740326634,31,29198.29589400093,29313.837602317093,experiment,FIFO,0.28,0,variant_1
8300,INSPECTION_1_6,INSPECTION_1_6_LINE,29312.42405519725,1.3760366204842285,12,1.3760366204842285,114.12816119632043,1.4135471198424057,32,29198.29589400093,29313.837602317093,experiment,FIFO,0.28,0,variant_1
8300,INSPECTION_1_7,INSPECTION_1_7_LINE,29313.837602317093,1.4135471198424057,13,1.4135471198424057,115.54170831616284,0.0,31,29198.29589400093,29313.837602317093,experiment,FIFO,0.28,0,variant_1
8301,MOULDING_2,MOULDING_MACHINE_2,29213.88683389772,9.72875059251237,1,0.0,0.0,163.95270670777245,39,29213.88683389772,29377.83954060549,experiment,FIFO,0.28,0,variant_6
8301,ASSEMBLY_1_2,LINE_2_ASSEMBLY1,29237.25361715192,6.778127429191954,2,23.366783254201437,23.366783254201437,140.585923453571,40,29213.88683389772,29377.83954060549,experiment,FIFO,0.28,0,variant_6
8301,ASSEMBLY_2_1,ASSEMBLY2_LINE_1,29309.97401534539,0.1779069103722577,3,72.72039819346901,96.08718144767045,67.865525260102,32,29213.88683389772,29377.83954060549,experiment,FIFO,0.28,0,variant_6
8301,SORTING,SORTING_ROBOT_1,29354.13239088292,1.408389162934327,4,44.158375537532265,140.2455569852027,23.70714972256974,34,29213.88683389772,29377.83954060549,experiment,FIFO,0.28,0,variant_6
8301,PACKAGING_1,PACKAGING_LINE_1,29365.121182014173,1.2547523267639917,5,10.988791131250764,151.23434811645348,12.718358591318975,33,29213.88683389772,29377.83954060549,experiment,FIFO,0.28,0,variant_6
8301,INSPECTION_2_1,INSPECTION_2_1_LINE,29365.316853829067,0.19567181489401264,6,0.19567181489401264,151.4300199313475,12.522686776424962,33,29213.88683389772,29377.83954060549,experiment,FIFO,0.28,0,variant_6
8301,INSPECTION_2_2,INSPECTION_2_2_LINE,29366.867481051617,1.550627222550247,7,1.550627222550247,152.98064715389773,10.972059553874715,33,29213.88683389772,29377.83954060549,experiment,FIFO,0.28,0,variant_6
8301,INSPECTION_2_3,INSPECTION_2_3_LINE,29367.689945880506,0.3056081949871441,8,0.8224648288887693,153.8031119827865,10.149594724985946,33,29213.88683389772,29377.83954060549,experiment,FIFO,0.28,0,variant_6
8301,INSPECTION_2_4,INSPECTION_2_4_LINE,29370.696477786503,1.38048024319869,9,3.00653190599769,156.8096438887842,7.1430628189882555,33,29213.88683389772,29377.83954060549,experiment,FIFO,0.28,0,variant_6
8301,INSPECTION_2_5,INSPECTION_2_5_LINE,29374.664244083167,3.4242359228046553,10,3.9677662966641947,160.7774101854484,3.175296522324061,32,29213.88683389772,29377.83954060549,experiment,FIFO,0.28,0,variant_6
8301,INSPECTION_2_6,INSPECTION_2_6_LINE,29377.429450766325,2.765206683157885,11,2.765206683157885,163.54261686860627,0.4100898391661758,32,29213.88683389772,29377.83954060549,experiment,FIFO,0.28,0,variant_6
8301,INSPECTION_2_7,INSPECTION_2_7_LINE,29377.83954060549,0.4100898391661758,12,0.4100898391661758,163.95270670777245,0.0,31,29213.88683389772,29377.83954060549,experiment,FIFO,0.28,0,variant_6
8302,MOULDING_1,MOULDING_MACHINE_1,29207.734575197825,3.18127970637579,1,0.0,0.0,112.61877902759807,39,29207.734575197825,29320.353354225423,experiment,FIFO,0.28,0,variant_4
8302,ASSEMBLY_1_2,LINE_2_ASSEMBLY1,29225.687862475654,15.834855698023603,2,17.953287277829077,17.953287277829077,94.66549174976899,42,29207.734575197825,29320.353354225423,experiment,FIFO,0.28,0,variant_4
8302,ASSEMBLY_2_2,ASSEMBLY2_LINE_2,29290.44373169,7.29322325713656,3,64.7558692143466,82.70915649217568,29.909622535422386,33,29207.734575197825,29320.353354225423,experiment,FIFO,0.28,0,variant_4
8302,SORTING,SORTING_ROBOT_1,29305.97682037449,10.776180108045082,4,15.533088684489485,98.24224517666516,14.376533850932901,34,29207.734575197825,29320.353354225423,experiment,FIFO,0.28,0,variant_4
8302,PACKAGING_2,PACKAGING_LINE_2,29314.92032881512,7.197806757318176,5,8.943508440628648,107.18575361729381,5.4330254103042535,31,29207.734575197825,29320.353354225423,experiment,FIFO,0.28,0,variant_4
8302,INSPECTION_1_1,INSPECTION_1_1_LINE,29315.260260382463,0.33993156734504737,6,0.33993156734504737,107.52568518463886,5.093093842959206,30,29207.734575197825,29320.353354225423,experiment,FIFO,0.28,0,variant_4
8302,INSPECTION_1_2,INSPECTION_1_2_LINE,29315.45410560576,0.19384522329710308,7,0.19384522329710308,107.71953040793596,4.899248619662103,30,29207.734575197825,29320.353354225423,experiment,FIFO,0.28,0,variant_4
8302,INSPECTION_1_3,INSPECTION_1_3_LINE,29316.52221822932,0.9109340044669807,8,1.0681126235576812,108.78764303149364,3.831135996104422,29,29207.734575197825,29320.353354225423,experiment,FIFO,0.28,0,variant_4
8302,INSPECTION_1_4,INSPECTION_1_4_LINE,29317.19430733211,0.6720891027907783,9,0.6720891027907783,109.45973213428442,3.1590468933136435,29,29207.734575197825,29320.353354225423,experiment,FIFO,0.28,0,variant_4
8302,INSPECTION_1_5,INSPECTION_1_5_LINE,29318.07180447645,0.8774971443417598,10,0.8774971443417598,110.33722927862618,2.2815497489718837,28,29207.734575197825,29320.353354225423,experiment,FIFO,0.28,0,variant_4
8302,INSPECTION_1_6,INSPECTION_1_6_LINE,29318.559152260368,0.48734778391735745,11,0.48734778391735745,110.82457706254354,1.7942019650545262,28,29207.734575197825,29320.353354225423,experiment,FIFO,0.28,0,variant_4
8302,INSPECTION_1_7,INSPECTION_1_7_LINE,29320.353354225423,1.7942019650545262,12,1.7942019650545262,112.61877902759807,0.0,28,29207.734575197825,29320.353354225423,experiment,FIFO,0.28,0,variant_4
8303,MOULDING_4,MOULDING_MACHINE_4,29211.33529971698,1.649265490766993,1,0.0,0.0,148.59397258960234,37,29211.33529971698,29359.92927230658,experiment,FIFO,0.28,0,variant_2
8303,ASSEMBLY_1_2,LINE_2_ASSEMBLY1,29230.47548972273,4.787627247074852,2,19.1401900057499,19.1401900057499,129.45378258385244,41,29211.33529971698,29359.92927230658,experiment,FIFO,0.28,0,variant_2
8303,ASSEMBLY_2_1,ASSEMBLY2_LINE_1,29309.28207544018,0.4360613626195118,3,78.80658571745153,97.94677572320143,50.64719686640092,32,29211.33529971698,29359.92927230658,experiment,FIFO,0.28,0,variant_2
8303,SORTING,SORTING_ROBOT_1,29337.28240018315,0.15837512385041919,4,28.000324742970406,125.94710046617183,22.646872123430512,26,29211.33529971698,29359.92927230658,experiment,FIFO,0.28,0,variant_2
8303,PACKAGING_1,PACKAGING_LINE_1,29345.29821473801,0.17063356163998833,5,8.01581455485939,133.96291502103122,14.631057568571123,29,29211.33529971698,29359.92927230658,experiment,FIFO,0.28,0,variant_2
8303,INSPECTION_2_1,INSPECTION_2_1_LINE,29345.969961722625,0.5126515711417596,6,0.6717469846153108,134.63466200564653,13.959310583955812,30,29211.33529971698,29359.92927230658,experiment,FIFO,0.28,0,variant_2
8303,INSPECTION_2_2,INSPECTION_2_2_LINE,29352.392686414583,1.7025692455317767,7,6.4227246919581376,141.05738669760467,7.5365858919976745,32,29211.33529971698,29359.92927230658,experiment,FIFO,0.28,0,variant_2
8303,INSPECTION_2_3,INSPECTION_2_3_LINE,29353.398167000385,1.0054805858017062,8,1.0054805858017062,142.06286728340638,6.531105306195968,33,29211.33529971698,29359.92927230658,experiment,FIFO,0.28,0,variant_2
8303,INSPECTION_2_4,INSPECTION_2_4_LINE,29354.08501052848,0.6868435280957783,9,0.6868435280957783,142.74971081150215,5.84426177810019,34,29211.33529971698,29359.92927230658,experiment,FIFO,0.28,0,variant_2
8303,INSPECTION_2_5,INSPECTION_2_5_LINE,29355.87939025936,1.7943797308798821,10,1.7943797308798821,144.54409054238204,4.049882047220308,35,29211.33529971698,29359.92927230658,experiment,FIFO,0.28,0,variant_2
8303,INSPECTION_2_6,INSPECTION_2_6_LINE,29358.19350424607,2.3141139867075253,11,2.3141139867075253,146.85820452908956,1.7357680605127825,33,29211.33529971698,29359.92927230658,experiment,FIFO,0.28,0,variant_2
8303,INSPECTION_2_7,INSPECTION_2_7_LINE,29359.92927230658,1.7357680605127825,12,1.7357680605127825,148.59397258960234,0.0,32,29211.33529971698,29359.92927230658,experiment,FIFO,0.28,0,variant_2
8304,MOULDING_2,MOULDING_MACHINE_2,29218.34073175613,4.4538978584096185,1,0.0,0.0,153.43412674833962,38,29218.34073175613,29371.77485850447,experiment,FIFO,0.28,0,variant_1
8304,ASSEMBLY_1_1,LINE_1_ASSEMBLY1,29232.84146897157,9.873229975437425,2,14.500737215439585,14.500737215439585,138.93338953290004,39,29218.34073175613,29371.77485850447,experiment,FIFO,0.28,0,variant_1
8304,ASSEMBLY_2_1,ASSEMBLY2_LINE_1,29309.796108435017,0.51403299483718,3,76.95463946344898,91.45537667888857,61.97875006945105,32,29218.34073175613,29371.77485850447,experiment,FIFO,0.28,0,variant_1
8304,SORTING,SORTING_ROBOT_1,29351.657047567136,14.374647383985575,4,41.8609391321188,133.31631581100737,20.11781093733225,32,29218.34073175613,29371.77485850447,experiment,FIFO,0.28,0,variant_1
8304,PACKAGING_1,PACKAGING_LINE_1,29363.86642968741,12.209382120272494,5,12.209382120272494,145.52569793127986,7.908428817059757,33,29218.34073175613,29371.77485850447,experiment,FIFO,0.28,0,variant_1
8304,INSPECTION_1_1,INSPECTION_1_1_LINE,29364.16724358188,0.30081389447150286,6,0.30081389447150286,145.82651182575137,7.607614922588255,33,29218.34073175613,29371.77485850447,experiment,FIFO,0.28,0,variant_1
8304,INSPECTION_1_2,INSPECTION_1_2_LINE,29364.99769966241,0.8304560805299843,7,0.8304560805299843,146.65696790628135,6.77715884205827,33,29218.34073175613,29371.77485850447,experiment,FIFO,0.28,0,variant_1
8304,INSPECTION_1_3,INSPECTION_1_3_LINE,29367.07677795224,2.07907828982934,8,2.07907828982934,148.7360461961107,4.69808055222893,33,29218.34073175613,29371.77485850447,experiment,FIFO,0.28,0,variant_1
8304,INSPECTION_1_4,INSPECTION_1_4_LINE,29370.028004801858,2.9512268496182514,9,2.9512268496182514,151.68727304572894,1.7468537026106787,33,29218.34073175613,29371.77485850447,experiment,FIFO,0.28,0,variant_1
8304,INSPECTION_1_5,INSPECTION_1_5_LINE,29371.30011957335,1.272114771491033,10,1.272114771491033,152.95938781721998,0.4747389311196457,34,29218.34073175613,29371.77485850447,experiment,FIFO,0.28,0,variant_1
8304,INSPECTION_1_6,INSPECTION_1_6_LINE,29371.444567940827,0.144448367478617,11,0.144448367478617,153.1038361846986,0.3302905636410287,34,29218.34073175613,29371.77485850447,experiment,FIFO,0.28,0,variant_1
8304,INSPECTION_1_7,INSPECTION_1_7_LINE,29371.77485850447,0.3302905636410287,12,0.3302905636410287,153.43412674833962,0.0,33,29218.34073175613,29371.77485850447,experiment,FIFO,0.28,0,variant_1
8305,MOULDING_3,MOULDING_MACHINE_3,29213.32766705614,2.114699717338226,1,0.0,0.0,95.10376450072363,38,29213.32766705614,29308.431431556863,experiment,FIFO,0.28,0,variant_6
8305,ASSEMBLY_1_1,LINE_1_ASSEMBLY1,29214.4626166575,1.1349496013608587,2,1.1349496013608587,1.1349496013608587,93.96881489936277,38,29213.32766705614,29308.431431556863,experiment,FIFO,0.28,0,variant_6
8305,ASSEMBLY_2_2,ASSEMBLY2_LINE_2,29283.150508432864,24.41004764614263,3,68.68789177536382,69.82284137672468,25.280923123998946,32,29213.32766705614,29308.431431556863,experiment,FIFO,0.28,0,variant_6
8305,SORTING,SORTING_ROBOT_1,29295.200640266445,1.6499850321961276,4,12.050131833580963,81.87297321030564,13.230791290417983,33,29213.32766705614,29308.431431556863,experiment,FIFO,0.28,0,variant_6
8305,PACKAGING_1,PACKAGING_LINE_1,29297.495066070547,2.2944258041025023,5,2.2944258041025023,84.16739901440815,10.93636548631548,33,29213.32766705614,29308.431431556863,experiment,FIFO,0.28,0,variant_6
8305,INSPECTION_2_1,INSPECTION_2_1_LINE,29298.190958869058,0.6958927985106129,6,0.6958927985106129,84.86329181291876,10.240472687804868,34,29213.32766705614,29308.431431556863,experiment,FIFO,0.28,0,variant_6
8305,INSPECTION_2_2,INSPECTION_2_2_LINE,29298.94092786153,0.7499689924734412,7,0.7499689924734412,85.6132608053922,9.490503695331427,33,29213.32766705614,29308.431431556863,experiment,FIFO,0.28,0,variant_6
8305,INSPECTION_2_3,INSPECTION_2_3_LINE,29300.29056300633,1.349635144797503,8,1.349635144797503,86.9628959501897,8.140868550533924,33,29213.32766705614,29308.431431556863,experiment,FIFO,0.28,0,variant_6
8305,INSPECTION_2_4,INSPECTION_2_4_LINE,29305.8494561865,5.558893180172163,9,5.558893180172163,92.52178913036187,2.5819753703617607,34,29213.32766705614,29308.431431556863,experiment,FIFO,0.28,0,variant_6
8305,INSPECTION_2_5,INSPECTION_2_5_LINE,29306.705600921545,0.8561447350439266,10,0.8561447350439266,93.3779338654058,1.725830635317834,34,29213.32766705614,29308.431431556863,experiment,FIFO,0.28,0,variant_6
8305,INSPECTION_2_6,INSPECTION_2_6_LINE,29308.05909224101,1.353491319463501,11,1.353491319463501,94.7314251848693,0.3723393158543331,33,29213.32766705614,29308.431431556863,experiment,FIFO,0.28,0,variant_6
8305,INSPECTION_2_7,INSPECTION_2_7_LINE,29308.431431556863,0.3723393158543331,12,0.3723393158543331,95.10376450072363,0.0,32,29213.32766705614,29308.431431556863,experiment,FIFO,0.28,0,variant_6
8306,MOULDING_4,MOULDING_MACHINE_4,29216.520613589186,3.1977565897432214,1,0.0,0.0,140.12892624482993,38,29216.520613589186,29356.649539834016,experiment,FIFO,0.28,0,variant_5
8306,ASSEMBLY_1_1,LINE_1_ASSEMBLY1,29222.96823899613,6.447625406945008,2,6.447625406945008,6.447625406945008,133.68130083788492,41,29216.520613589186,29356.649539834016,experiment,FIFO,0.28,0,variant_5
8306,ASSEMBLY_2_1,ASSEMBLY2_LINE_1,29308.84601407756,6.025537698897097,3,85.87777508142972,92.32540048837473,47.8035257564552,32,29216.520613589186,29356.649539834016,experiment,FIFO,0.28,0,variant_5
8306,SORTING,SORTING_ROBOT_1,29337.1240250593,5.533189736655913,4,28.2780109817395,120.60341147011422,19.525514774715703,26,29216.520613589186,29356.649539834016,experiment,FIFO,0.28,0,variant_5
8306,PACKAGING_1,PACKAGING_LINE_1,29345.12758117637,5.52277698252874,5,8.00355611706982,128.60696758718404,11.521958657645882,29,29216.520613589186,29356.649539834016,experiment,FIFO,0.28,0,variant_5
8306,INSPECTION_2_1,INSPECTION_2_1_LINE,29345.457310151483,0.3297289751135395,6,0.3297289751135395,128.93669656229758,11.192229682532343,29,29216.520613589186,29356.649539834016,experiment,FIFO,0.28,0,variant_5
8306,INSPECTION_2_2,INSPECTION_2_2_LINE,29350.69011716905,1.9634068628511159,7,5.2328070175681205,134.1695035798657,5.959422664964222,32,29216.520613589186,29356.649539834016,experiment,FIFO,0.28,0,variant_5
8306,INSPECTION_2_3,INSPECTION_2_3_LINE,29350.95761226404,0.2674950949876802,8,0.2674950949876802,134.43699867485338,5.691927569976542,32,29216.520613589186,29356.649539834016,experiment,FIFO,0.28,0,variant_5
8306,INSPECTION_2_4,INSPECTION_2_4_LINE,29352.761850874784,1.8042386107445054,9,1.8042386107445054,136.2412372855979,3.8876889592320367,33,29216.520613589186,29356.649539834016,experiment,FIFO,0.28,0,variant_5
8306,INSPECTION_2_5,INSPECTION_2_5_LINE,29352.8618543984,0.1000035236174881,10,0.1000035236174881,136.34124080921538,3.7876854356145486,33,29216.520613589186,29356.649539834016,experiment,FIFO,0.28,0,variant_5
8306,INSPECTION_2_6,INSPECTION_2_6_LINE,29353.99090853564,1.1290541372400185,11,1.1290541372400185,137.4702949464554,2.65863129837453,34,29216.520613589186,29356.649539834016,experiment,FIFO,0.28,0,variant_5
8306,INSPECTION_2_7,INSPECTION_2_7_LINE,29356.649539834016,0.26096030341432197,12,2.65863129837453,140.12892624482993,0.0,33,29216.520613589186,29356.649539834016,experiment,FIFO,0.28,0,variant_5
8307,MOULDING_1,MOULDING_MACHINE_1,29220.524647610608,6.4268194239994045,1,0.0,0.0,139.58788197740796,40,29220.524647610608,29360.112529588016,experiment,FIFO,0.28,0,variant_1
8307,ASSEMBLY_1_4,LINE_4_ASSEMBLY1,29222.057017058964,1.5323694483558938,2,1.5323694483558938,1.5323694483558938,138.05551252905207,41,29220.524647610608,29360.112529588016,experiment,FIFO,0.28,0,variant_1
8307,ASSEMBLY_2_1,ASSEMBLY2_LINE_1,29302.820476378663,1.9527161135629285,3,80.7634593196999,82.2958287680558,57.29205320935216,32,29220.524647610608,29360.112529588016,experiment,FIFO,0.28,0,variant_1
8307,SORTING,SORTING_ROBOT_1,29331.440415482124,4.618923819427437,4,28.619939103460638,110.91576787151644,28.672114105891524,26,29220.524647610608,29360.112529588016,experiment,FIFO,0.28,0,variant_1
8307,PACKAGING_1,PACKAGING_LINE_1,29339.60480419384,8.164388711717038,5,8.164388711717038,119.08015658323347,20.507725394174486,27,29220.524647610608,29360.112529588016,experiment,FIFO,0.28,0,variant_1
8307,PACKAGING_1,PACKAGING_LINE_1,29350.03323163849,4.735016900478513,6,10.428427444647241,129.50858402788072,10.079297949527245,32,29220.524647610608,29360.112529588016,experiment,FIFO,0.28,0,variant_1
8307,INSPECTION_2_1,INSPECTION_2_1_LINE,29351.241996748133,1.208765109644446,7,1.208765109644446,130.71734913752516,8.870532839882799,32,29220.524647610608,29360.112529588016,experiment,FIFO,0.28,0,variant_1
8307,INSPECTION_2_2,INSPECTION_2_2_LINE,29352.48209212681,0.08940571222774452,8,1.2400953786782338,131.9574445162034,7.630437461204565,32,29220.524647610608,29360.112529588016,experiment,FIFO,0.28,0,variant_1
8307,INSPECTION_2_3,INSPECTION_2_3_LINE,29354.874124322905,1.4759573225201166,9,2.3920321960940782,134.34947671229747,5.238405265110487,34,29220.524647610608,29360.112529588016,experiment,FIFO,0.28,0,variant_1
8307,INSPECTION_2_4,INSPECTION_2_4_LINE,29356.06452369794,1.1903993750347581,10,1.1903993750347581,135.53987608733223,4.0480058900757285,35,29220.524647610608,29360.112529588016,experiment,FIFO,0.28,0,variant_1
8307,INSPECTION_2_5,INSPECTION_2_5_LINE,29356.07261561171,0.00809191376902163,11,0.00809191376902163,135.54796800110125,4.039913976306707,35,29220.524647610608,29360.112529588016,experiment,FIFO,0.28,0,variant_1
8307,INSPECTION_2_6,INSPECTION_2_6_LINE,29358.74838914851,0.5548849024416995,12,2.675773536800989,138.22374153790224,1.364140439505718,33,29220.524647610608,29360.112529588016,experiment,FIFO,0.28,0,variant_1
8307,INSPECTION_2_7,INSPECTION_2_7_LINE,29360.112529588016,0.18325728143463493,13,1.364140439505718,139.58788197740796,0.0,31,29220.524647610608,29360.112529588016,experiment,FIFO,0.28,0,variant_1
8308,MOULDING_3,MOULDING_MACHINE_3,29218.78637834383,4.243974444150808,1,0.0,0.0,165.64545625075334,39,29218.78637834383,29384.431834594583,experiment,FIFO,0.28,0,variant_4
8308,ASSEMBLY_1_2,LINE_2_ASSEMBLY1,29253.64489025705,16.391273105127766,2,34.858511913218535,34.858511913218535,130.7869443375348,35,29218.78637834383,29384.431834594583,experiment,FIFO,0.28,0,variant_4
8308,ASSEMBLY_2_1,ASSEMBLY2_LINE_1,29317.50885453994,0.569900275211694,3,63.863964282892994,98.72247619611153,66.92298005464181,29,29218.78637834383,29384.431834594583,experiment,FIFO,0.28,0,variant_4
8308,SORTING,SORTING_ROBOT_1,29370.00450173287,1.942185425083153,4,52.49564719292903,151.21812338904056,14.427332861712785,33,29218.78637834383,29384.431834594583,experiment,FIFO,0.28,0,variant_4
8308,PACKAGING_1,PACKAGING_LINE_1,29379.63504020602,9.215252968988352,5,9.6305384731495,160.84866186219006,4.796794388563285,31,29218.78637834383,29384.431834594583,experiment,FIFO,0.28,0,variant_4
8308,INSPECTION_1_1,INSPECTION_1_1_LINE,29381.50829506318,1.8732548571606458,6,1.8732548571606458,162.7219167193507,2.923539531402639,29,29218.78637834383,29384.431834594583,experiment,FIFO,0.28,0,variant_4
8308,INSPECTION_1_2,INSPECTION_1_2_LINE,29381.68242998792,0.1741349247386097,7,0.1741349247386097,162.8960516440893,2.7494046066640294,29,29218.78637834383,29384.431834594583,experiment,FIFO,0.28,0,variant_4
8308,INSPECTION_1_3,INSPECTION_1_3_LINE,29381.802247168056,0.11981718013703357,8,0.11981718013703357,163.01586882422635,2.629587426526996,29,29218.78637834383,29384.431834594583,experiment,FIFO,0.28,0,variant_4
8308,INSPECTION_1_4,INSPECTION_1_4_LINE,29382.79710713518,0.9948599671224656,9,0.9948599671224656,164.0107287913488,1.6347274594045302,29,29218.78637834383,29384.431834594583,experiment,FIFO,0.28,0,variant_4
8308,INSPECTION_1_5,INSPECTION_1_5_LINE,29383.55333676859,0.7562296334108396,10,0.7562296334108396,164.76695842475965,0.8784978259936906,27,29218.78637834383,29384.431834594583,experiment,FIFO,0.28,0,variant_4
8308,INSPECTION_1_6,INSPECTION_1_6_LINE,29383.6884451906,0.13510842201139894,11,0.13510842201139894,164.90206684677105,0.7433894039822917,27,29218.78637834383,29384.431834594583,experiment,FIFO,0.28,0,variant_4
8308,INSPECTION_1_7,INSPECTION_1_7_LINE,29384.431834594583,0.7433894039822917,12,0.7433894039822917,165.64545625075334,0.0,26,29218.78637834383,29384.431834594583,experiment,FIFO,0.28,0,variant_4
8309,MOULDING_5,MOULDING_MACHINE_5,29217.576819244507,0.20869637400755892,1,0.0,0.0,110.81021673325449,39,29217.576819244507,29328.38703597776,experiment,FIFO,0.28,0,variant_4
8309,ASSEMBLY_1_3,LINE_3_ASSEMBLY1,29217.94273204332,0.36591279881395167,2,0.36591279881395167,0.36591279881395167,110.44430393444054,38,29217.576819244507,29328.38703597776,experiment,FIFO,0.28,0,variant_4
8309,ASSEMBLY_2_1,ASSEMBLY2_LINE_1,29296.871468943984,2.496522244775406,3,78.92873690066335,79.2946496994773,31.515567033777188,33,29217.576819244507,29328.38703597776,experiment,FIFO,0.28,0,variant_4
8309,SORTING,SORTING_ROBOT_1,29316.32558693139,10.072817577969545,4,19.45411798740679,98.7487676868841,12.061449046370399,30,29217.576819244507,29328.38703597776,experiment,FIFO,0.28,0,variant_4
8309,PACKAGING_1,PACKAGING_LINE_1,29319.48534405697,3.1597571255806542,5,3.1597571255806542,101.90852481246475,8.901691920789744,28,29217.576819244507,29328.38703597776,experiment,FIFO,0.28,0,variant_4
8309,INSPECTION_1_1,INSPECTION_1_1_LINE,29321.184629472347,1.6992854153759254,6,1.6992854153759254,103.60781022784067,7.202406505413819,28,29217.576819244507,29328.38703597776,experiment,FIFO,0.28,0,variant_4
8309,INSPECTION_1_2,INSPECTION_1_2_LINE,29321.45932809728,0.2746986249330803,7,0.2746986249330803,103.88250885277375,6.927707880480739,29,29217.576819244507,29328.38703597776,experiment,FIFO,0.28,0,variant_4
8309,INSPECTION_1_2,INSPECTION_1_2_LINE,29322.92416882836,1.4648407310778566,8,1.4648407310778566,105.34734958385161,5.462867149402882,30,29217.576819244507,29328.38703597776,experiment,FIFO,0.28,0,variant_4
8309,INSPECTION_1_3,INSPECTION_1_3_LINE,29323.169091705928,0.24492287756947917,9,0.24492287756947917,105.59227246142109,5.217944271833403,30,29217.576819244507,29328.38703597776,experiment,FIFO,0.28,0,variant_4
8309,INSPECTION_1_4,INSPECTION_1_4_LINE,29323.64934248503,0.48025077910278924,10,0.48025077910278924,106.07252324052388,4.737693492730614,29,29217.576819244507,29328.38703597776,experiment,FIFO,0.28,0,variant_4
8309,INSPECTION_1_5,INSPECTION_1_5_LINE,29324.676485028776,1.0271425437458674,11,1.0271425437458674,107.09966578426975,3.7105509489847464,29,29217.576819244507,29328.38703597776,experiment,FIFO,0.28,0,variant_4
8309,INSPECTION_1_6,INSPECTION_1_6_LINE,29325.555694476607,0.8792094478303625,12,0.8792094478303625,107.97887523210011,2.831341501154384,29,29217.576819244507,29328.38703597776,experiment,FIFO,0.28,0,variant_4
8309,INSPECTION_1_7,INSPECTION_1_7_LINE,29328.38703597776,2.831341501154384,13,2.831341501154384,110.81021673325449,0.0,28,29217.576819244507,29328.38703597776,experiment,FIFO,0.28,0,variant_4
8310,MOULDING_4,MOULDING_MACHINE_4,29220.656139183306,1.2387194916955195,1,0.0,0.0,135.73244034729578,41,29220.656139183306,29356.3885795306,experiment,FIFO,0.28,0,variant_5
8310,ASSEMBLY_1_1,LINE_1_ASSEMBLY1,29237.46919558731,4.627726615741267,2,16.813056404003873,16.813056404003873,118.9193839432919,40,29220.656139183306,29356.3885795306,experiment,FIFO,0.28,0,variant_5
8310,ASSEMBLY_2_2,ASSEMBLY2_LINE_2,29305.260448371864,3.9950350509570853,3,67.79125278455467,84.60430918855855,51.12813115873723,34,29220.656139183306,29356.3885795306,experiment,FIFO,0.28,0,variant_5
8310,SORTING,SORTING_ROBOT_1,29331.590835322644,0.1504198405200441,4,26.33038695077994,110.93469613933848,24.797744207957294,26,29220.656139183306,29356.3885795306,experiment,FIFO,0.28,0,variant_5
8310,PACKAGING_3,PACKAGING_LINE_3,29344.263524428192,12.67268910554776,5,12.67268910554776,123.60738524488625,12.125055102409533,28,29220.656139183306,29356.3885795306,experiment,FIFO,0.28,0,variant_5
8310,INSPECTION_2_1,INSPECTION_2_1_LINE,29344.61402373821,0.35049931001776713,6,0.35049931001776713,123.95788455490401,11.774555792391766,28,29220.656139183306,29356.3885795306,experiment,FIFO,0.28,0,variant_5
8310,INSPECTION_2_2,INSPECTION_2_2_LINE,29348.7267103062,4.11268656799075,7,4.11268656799075,128.07057112289476,7.661869224401016,31,29220.656139183306,29356.3885795306,experiment,FIFO,0.28,0,variant_5
8310,INSPECTION_2_3,INSPECTION_2_3_LINE,29349.74993580223,1.0232254960283171,8,1.0232254960283171,129.09379661892308,6.638643728372699,31,29220.656139183306,29356.3885795306,experiment,FIFO,0.28,0,variant_5
8310,INSPECTION_2_4,INSPECTION_2_4_LINE,29350.540910931148,0.7909751289189444,9,0.7909751289189444,129.88477174784202,5.847668599453755,32,29220.656139183306,29356.3885795306,experiment,FIFO,0.28,0,variant_5
8310,INSPECTION_2_5,INSPECTION_2_5_LINE,29350.73337805252,0.19246712137100985,10,0.19246712137100985,130.07723886921303,5.655201478082745,32,29220.656139183306,29356.3885795306,experiment,FIFO,0.28,0,variant_5
8310,INSPECTION_2_6,INSPECTION_2_6_LINE,29351.28696262849,0.5535845759695803,11,0.5535845759695803,130.6308234451826,5.1016169021131645,32,29220.656139183306,29356.3885795306,experiment,FIFO,0.28,0,variant_5
8310,INSPECTION_2_7,INSPECTION_2_7_LINE,29356.3885795306,5.1016169021131645,12,5.1016169021131645,135.73244034729578,0.0,34,29220.656139183306,29356.3885795306,experiment,FIFO,0.28,0,variant_5
8311,MOULDING_2,MOULDING_MACHINE_2,29225.94583091798,6.195171759034565,1,0.0,0.0,153.98241436204262,43,29225.94583091798,29379.92824528002,experiment,FIFO,0.28,0,variant_1
8311,ASSEMBLY_1_1,LINE_1_ASSEMBLY1,29238.39607505889,0.9268794715790136,2,12.45024414090949,12.45024414090949,141.53217022113313,39,29225.94583091798,29379.92824528002,experiment,FIFO,0.28,0,variant_1
8311,ASSEMBLY_2_1,ASSEMBLY2_LINE_1,29314.61970011784,4.6456847724512045,3,76.22362505895217,88.67386919986166,65.30854516218096,31,29225.94583091798,29379.92824528002,experiment,FIFO,0.28,0,variant_1
8311,SORTING,SORTING_ROBOT_1,29358.487190660355,2.0458902578320703,4,43.86749054251413,132.5413597423758,21.44105461966683,33,29225.94583091798,29379.92824528002,experiment,FIFO,0.28,0,variant_1
8311,PACKAGING_3,PACKAGING_LINE_3,29369.82569952541,11.08238956615969,5,11.338508865053882,143.87986860742967,10.102545754612947,33,29225.94583091798,29379.92824528002,experiment,FIFO,0.28,0,variant_1
8311,INSPECTION_1_1,INSPECTION_1_1_LINE,29373.87601732608,4.050317800672929,6,4.050317800672929,147.9301864081026,6.052227953940019,32,29225.94583091798,29379.92824528002,experiment,FIFO,0.28,0,variant_1
8311,INSPECTION_1_2,INSPECTION_1_2_LINE,29374.116125245386,0.24010791930413689,7,0.24010791930413689,148.17029432740674,5.812120034635882,32,29225.94583091798,29379.92824528002,experiment,FIFO,0.28,0,variant_1
8311,INSPECTION_1_3,INSPECTION_1_3_LINE,29374.92811960553,0.8119943601450359,8,0.8119943601450359,148.98228868755177,5.000125674490846,32,29225.94583091798,29379.92824528002,experiment,FIFO,0.28,0,variant_1
8311,INSPECTION_1_4,INSPECTION_1_4_LINE,29375.843310488573,0.9151908830426692,9,0.9151908830426692,149.89747957059444,4.084934791448177,32,29225.94583091798,29379.92824528002,experiment,FIFO,0.28,0,variant_1
8311,INSPECTION_1_5,INSPECTION_1_5_LINE,29375.87065472842,0.027344239846570417,10,0.027344239846570417,149.924823810441,4.057590551601606,32,29225.94583091798,29379.92824528002,experiment,FIFO,0.28,0,variant_1
8311,INSPECTION_1_6,INSPECTION_1_6_LINE,29377.83669786451,1.9660431360898656,11,1.9660431360898656,151.89086694653088,2.091547415511741,32,29225.94583091798,29379.92824528002,experiment,FIFO,0.28,0,variant_1
8311,INSPECTION_1_7,INSPECTION_1_7_LINE,29379.92824528002,2.091547415511741,12,2.091547415511741,153.98241436204262,0.0,30,29225.94583091798,29379.92824528002,experiment,FIFO,0.28,0,variant_1
8312,MOULDING_3,MOULDING_MACHINE_3,29224.83197567246,1.8242239527789934,1,0.0,0.0,107.37110897622188,42,29224.83197567246,29332.20308464868,experiment,FIFO,0.28,0,variant_2
8312,ASSEMBLY_1_4,LINE_4_ASSEMBLY1,29228.170880954185,3.3389052817256015,2,3.3389052817256015,3.3389052817256015,104.03220369449627,43,29224.83197567246,29332.20308464868,experiment,FIFO,0.28,0,variant_2
8312,ASSEMBLY_2_2,ASSEMBLY2_LINE_2,29301.265413320907,10.821681630906824,3,73.09453236672198,76.43343764844758,30.937671327774297,32,29224.83197567246,29332.20308464868,experiment,FIFO,0.28,0,variant_2
8312,SORTING,SORTING_ROBOT_1,29326.821491662697,3.530870618407789,4,25.556078341789544,101.98951599023712,5.381592985984753,29,29224.83197567246,29332.20308464868,experiment,FIFO,0.28,0,variant_2
8312,PACKAGING_2,PACKAGING_LINE_2,29327.82364119116,1.002149528463633,5,1.002149528463633,102.99166551870076,4.37944345752112,29,29224.83197567246,29332.20308464868,experiment,FIFO,0.28,0,variant_2
8312,INSPECTION_2_1,INSPECTION_2_1_LINE,29328.40613281892,0.5824916277597367,6,0.5824916277597367,103.5741571464605,3.796951829761383,28,29224.83197567246,29332.20308464868,experiment,FIFO,0.28,0,variant_2
8312,INSPECTION_2_2,INSPECTION_2_2_LINE,29328.607955333016,0.2018225140964205,7,0.2018225140964205,103.77597966055691,3.5951293156649626,28,29224.83197567246,29332.20308464868,experiment,FIFO,0.28,0,variant_2
8312,INSPECTION_2_3,INSPECTION_2_3_LINE,29329.471594646817,0.8636393138003768,8,0.8636393138003768,104.63961897435729,2.731490001864586,27,29224.83197567246,29332.20308464868,experiment,FIFO,0.28,0,variant_2
8312,INSPECTION_2_4,INSPECTION_2_4_LINE,29330.68764554886,1.2160509020432073,9,1.2160509020432073,105.8556698764005,1.5154390998213785,27,29224.83197567246,29332.20308464868,experiment,FIFO,0.28,0,variant_2
8312,INSPECTION_2_5,INSPECTION_2_5_LINE,29330.994535079582,0.3068895307224011,10,0.3068895307224011,106.1625594071229,1.2085495690989774,27,29224.83197567246,29332.20308464868,experiment,FIFO,0.28,0,variant_2
8312,INSPECTION_2_6,INSPECTION_2_6_LINE,29331.16206339012,0.16752831053599948,11,0.16752831053599948,106.3300877176589,1.041021258562978,26,29224.83197567246,29332.20308464868,experiment,FIFO,0.28,0,variant_2
8312,INSPECTION_2_7,INSPECTION_2_7_LINE,29332.20308464868,1.041021258562978,12,1.041021258562978,107.37110897622188,0.0,26,29224.83197567246,29332.20308464868,experiment,FIFO,0.28,0,variant_2
8313,MOULDING_2,MOULDING_MACHINE_2,29235.72841384321,3.472667636906408,1,0.0,0.0,144.8592811409435,40,29235.72841384321,29380.587694984155,experiment,FIFO,0.28,0,variant_4
8313,ASSEMBLY_1_4,LINE_4_ASSEMBLY1,29238.47970172163,2.751287878418225,2,2.751287878418225,2.751287878418225,142.10799326252527,39,29235.72841384321,29380.587694984155,experiment,FIFO,0.28,0,variant_4
8313,ASSEMBLY_2_1,ASSEMBLY2_LINE_1,29316.93895426473,2.319254146888852,3,78.45925254309986,81.21054042151809,63.648740719425405,29,29235.72841384321,29380.587694984155,experiment,FIFO,0.28,0,variant_4
8313,SORTING,SORTING_ROBOT_1,29366.479236518266,2.8607686999748694,4,49.540282253536134,130.75082267505422,14.10845846588927,33,29235.72841384321,29380.587694984155,experiment,FIFO,0.28,0,variant_4
8313,PACKAGING_2,PACKAGING_LINE_2,29369.91242953686,3.4331930185944657,5,3.4331930185944657,134.1840156936487,10.675265447294805,33,29235.72841384321,29380.587694984155,experiment,FIFO,0.28,0,variant_4
8313,INSPECTION_1_1,INSPECTION_1_1_LINE,29375.573633534765,1.69761620868303,6,5.661203997904522,139.8452196915532,5.014061449390283,32,29235.72841384321,29380.587694984155,experiment,FIFO,0.28,0,variant_4
8313,INSPECTION_1_2,INSPECTION_1_2_LINE,29376.207252871704,0.6336193369388639,7,0.6336193369388639,140.47883902849208,4.380442112451419,32,29235.72841384321,29380.587694984155,experiment,FIFO,0.28,0,variant_4
8313,INSPECTION_1_3,INSPECTION_1_3_LINE,29376.73213062239,0.524877750685846,8,0.524877750685846,141.00371677917792,3.8555643617655733,32,29235.72841384321,29380.587694984155,experiment,FIFO,0.28,0,variant_4
8313,INSPECTION_1_4,INSPECTION_1_4_LINE,29377.709481710008,0.9773510876184446,9,0.9773510876184446,141.98106786679637,2.8782132741471287,32,29235.72841384321,29380.587694984155,experiment,FIFO,0.28,0,variant_4
8313,INSPECTION_1_5,INSPECTION_1_5_LINE,29379.268233263887,1.5587515538791195,10,1.5587515538791195,143.53981942067549,1.3194617202680092,31,29235.72841384321,29380.587694984155,experiment,FIFO,0.28,0,variant_4
8313,INSPECTION_1_6,INSPECTION_1_6_LINE,29380.28980584468,1.0215725807938725,11,1.0215725807938725,144.56139200146936,0.29788913947413675,30,29235.72841384321,29380.587694984155,experiment,FIFO,0.28,0,variant_4
8313,INSPECTION_1_7,INSPECTION_1_7_LINE,29380.587694984155,0.29788913947413675,12,0.29788913947413675,144.8592811409435,0.0,29,29235.72841384321,29380.587694984155,experiment,FIFO,0.28,0,variant_4
8314,MOULDING_1,MOULDING_MACHINE_1,29244.39717418089,1.974230804698891,1,0.0,0.0,156.2438778148353,38,29244.39717418089,29400.641051995724,experiment,FIFO,0.28,0,variant_2
8314,ASSEMBLY_1_2,LINE_2_ASSEMBLY1,29273.588954591047,19.94406433399854,2,29.191780410157662,29.191780410157662,127.05209740467762,33,29244.39717418089,29400.641051995724,experiment,FIFO,0.28,0,variant_2
8314,ASSEMBLY_2_1,ASSEMBLY2_LINE_1,29324.3198575464,1.9941520003376354,3,50.730902955354395,79.92268336551206,76.32119444932323,29,29244.39717418089,29400.641051995724,experiment,FIFO,0.28,0,variant_2
8314,SORTING,SORTING_ROBOT_1,29377.036558317646,0.04117833858617814,4,52.71670077124509,132.63938413675714,23.604493678078143,32,29244.39717418089,29400.641051995724,experiment,FIFO,0.28,0,variant_2
8314,PACKAGING_1,PACKAGING_LINE_1,29393.958571259995,10.012252897086,5,16.922012942348374,149.56139707910552,6.682480735729769,24,29244.39717418089,29400.641051995724,experiment,FIFO,0.28,0,variant_2
8314,INSPECTION_2_1,INSPECTION_2_1_LINE,29394.81360139515,0.8550301351569942,6,0.8550301351569942,150.4164272142625,5.827450600572774,24,29244.39717418089,29400.641051995724,experiment,FIFO,0.28,0,variant_2
8314,INSPECTION_2_2,INSPECTION_2_2_LINE,29395.108399151683,0.29479775653089746,7,0.29479775653089746,150.7112249707934,5.532652844041877,24,29244.39717418089,29400.641051995724,experiment,FIFO,0.28,0,variant_2
8314,INSPECTION_2_3,INSPECTION_2_3_LINE,29396.494528323547,1.3861291718640132,8,1.3861291718640132,152.09735414265742,4.146523672177864,24,29244.39717418089,29400.641051995724,experiment,FIFO,0.28,0,variant_2
8314,INSPECTION_2_4,INSPECTION_2_4_LINE,29398.312204641108,1.8176763175615633,9,1.8176763175615633,153.915030460219,2.3288473546163004,23,29244.39717418089,29400.641051995724,experiment,FIFO,0.28,0,variant_2
8314,INSPECTION_2_5,INSPECTION_2_5_LINE,29398.46597274377,0.15376810266025132,10,0.15376810266025132,154.06879856287924,2.175079251956049,23,29244.39717418089,29400.641051995724,experiment,FIFO,0.28,0,variant_2
8314,INSPECTION_2_6,INSPECTION_2_6_LINE,29399.77375730587,1.3077845621010056,11,1.3077845621010056,155.37658312498024,0.8672946898550435,22,29244.39717418089,29400.641051995724,experiment,FIFO,0.28,0,variant_2
8314,INSPECTION_2_7,INSPECTION_2_7_LINE,29400.641051995724,0.8672946898550435,12,0.8672946898550435,156.2438778148353,0.0,19,29244.39717418089,29400.641051995724,experiment,FIFO,0.28,0,variant_2
8315,MOULDING_2,MOULDING_MACHINE_2,29258.22891037115,2.3076033832294343,1,0.0,0.0,137.66993682658358,34,29258.22891037115,29395.89884719773,experiment,FIFO,0.28,0,variant_6
8315,ASSEMBLY_1_4,LINE_4_ASSEMBLY1,29258.97807363673,0.7491632655801368,2,0.7491632655801368,0.7491632655801368,136.92077356100344,34,29258.22891037115,29395.89884719773,experiment,FIFO,0.28,0,variant_6
8315,ASSEMBLY_2_1,ASSEMBLY2_LINE_1,29322.325705546064,4.816851006122306,3,63.34763190933518,64.09679517491531,73.57314165166827,29,29258.22891037115,29395.89884719773,experiment,FIFO,0.28,0,variant_6
8315,SORTING,SORTING_ROBOT_1,29376.99537997906,4.106036688997847,4,54.669674432996544,118.76646960791186,18.90346721867172,32,29258.22891037115,29395.89884719773,experiment,FIFO,0.28,0,variant_6
8315,PACKAGING_2,PACKAGING_LINE_2,29384.522878833657,7.52749885459707,5,7.52749885459707,126.29396846250893,11.375968364074652,26,29258.22891037115,29395.89884719773,experiment,FIFO,0.28,0,variant_6
8315,INSPECTION_1_1,INSPECTION_1_1_LINE,29385.04397886249,0.5211000288327341,6,0.5211000288327341,126.81506849134166,10.854868335241918,26,29258.22891037115,29395.89884719773,experiment,FIFO,0.28,0,variant_6
8315,INSPECTION_1_2,INSPECTION_1_2_LINE,29386.80317199953,0.2785395393293584,7,1.759193137040711,128.57426162838237,9.095675198201207,25,29258.22891037115,29395.89884719773,experiment,FIFO,0.28,0,variant_6
8315,INSPECTION_1_3,INSPECTION_1_3_LINE,29388.64228141511,1.8391094155776955,8,1.8391094155776955,130.41337104396007,7.256565782623511,25,29258.22891037115,29395.89884719773,experiment,FIFO,0.28,0,variant_6
8315,INSPECTION_1_4,INSPECTION_1_4_LINE,29392.216536077714,1.983872686727409,9,3.5742546626061085,133.98762570656618,3.6823111200174026,24,29258.22891037115,29395.89884719773,experiment,FIFO,0.28,0,variant_6
8315,INSPECTION_1_5,INSPECTION_1_5_LINE,29393.910249222103,1.6937131443883118,10,1.6937131443883118,135.6813388509545,1.9885979756290908,24,29258.22891037115,29395.89884719773,experiment,FIFO,0.28,0,variant_6
8315,INSPECTION_1_6,INSPECTION_1_6_LINE,29393.91066571298,0.00041649087870609947,11,0.00041649087870609947,135.6817553418332,1.9881814847503847,24,29258.22891037115,29395.89884719773,experiment,FIFO,0.28,0,variant_6
8315,INSPECTION_1_7,INSPECTION_1_7_LINE,29395.89884719773,1.9881814847503847,12,1.9881814847503847,137.66993682658358,0.0,24,29258.22891037115,29395.89884719773,experiment,FIFO,0.28,0,variant_6
8316,MOULDING_5,MOULDING_MACHINE_5,29265.88997458748,6.759703835519758,1,0.0,0.0,148.3771062934029,34,29265.88997458748,29414.267080880883,experiment,FIFO,0.28,0,variant_4
8316,ASSEMBLY_1_3,LINE_3_ASSEMBLY1,29278.864490257965,12.974515670484834,2,12.974515670484834,12.974515670484834,135.40259062291807,32,29265.88997458748,29414.267080880883,experiment,FIFO,0.28,0,variant_4
8316,ASSEMBLY_2_1,ASSEMBLY2_LINE_1,29331.533633200124,7.213775653723133,3,52.66914294215894,65.64365861264378,82.73344768075913,26,29265.88997458748,29414.267080880883,experiment,FIFO,0.28,0,variant_4
8316,ASSEMBLY_2_1,ASSEMBLY2_LINE_1,29364.57653654872,1.4596588864988007,4,33.042903348596155,98.68656196123993,49.69054433216297,33,29265.88997458748,29414.267080880883,experiment,FIFO,0.28,0,variant_4
8316,SORTING,SORTING_ROBOT_1,29392.72167399167,3.3844151696284825,5,28.145137442948908,126.83169940418884,21.545406889214064,23,29265.88997458748,29414.267080880883,experiment,FIFO,0.28,0,variant_4
8316,PACKAGING_1,PACKAGING_LINE_1,29405.63048421352,5.839714307679969,6,12.908810221852036,139.74050962604088,8.636596667362028,21,29265.88997458748,29414.267080880883,experiment,FIFO,0.28,0,variant_4
8316,INSPECTION_2_1,INSPECTION_2_1_LINE,29406.2186483574,0.5881641438791121,7,0.5881641438791121,140.32867376992,8.048432523482916,22,29265.88997458748,29414.267080880883,experiment,FIFO,0.28,0,variant_4
8316,INSPECTION_2_2,INSPECTION_2_2_LINE,29406.49072122938,0.27207287197961705,8,0.27207287197961705,140.6007466418996,7.776359651503299,23,29265.88997458748,29414.267080880883,experiment,FIFO,0.28,0,variant_4
8316,INSPECTION_2_3,INSPECTION_2_3_LINE,29407.37758946593,0.593841676669399,9,0.8868682365500717,141.48761487844968,6.889491414953227,24,29265.88997458748,29414.267080880883,experiment,FIFO,0.28,0,variant_4
8316,INSPECTION_2_4,INSPECTION_2_4_LINE,29409.23208139565,0.7640960609314789,10,1.8544919297200977,143.34210680816977,5.034999485233129,24,29265.88997458748,29414.267080880883,experiment,FIFO,0.28,0,variant_4
8316,INSPECTION_2_5,INSPECTION_2_5_LINE,29411.166900683675,1.9348192880243005,11,1.9348192880243005,145.27692609619407,3.1001801972088288,25,29265.88997458748,29414.267080880883,experiment,FIFO,0.28,0,variant_4
8316,INSPECTION_2_6,INSPECTION_2_6_LINE,29413.761240448774,1.4301155912107788,12,2.5943397650989937,147.87126586129307,0.5058404321098351,24,29265.88997458748,29414.267080880883,experiment,FIFO,0.28,0,variant_4
8316,INSPECTION_2_7,INSPECTION_2_7_LINE,29414.267080880883,0.5058404321098351,13,0.5058404321098351,148.3771062934029,0.0,23,29265.88997458748,29414.267080880883,experiment,FIFO,0.28,0,variant_4
8317,MOULDING_5,MOULDING_MACHINE_5,29274.240399974147,8.053043894185976,1,0.0,0.0,98.27222841665571,33,29274.240399974147,29372.512628390803,experiment,FIFO,0.28,0,variant_2
8317,ASSEMBLY_1_4,LINE_4_ASSEMBLY1,29292.90792495118,18.66752497703419,2,18.66752497703419,18.66752497703419,79.60470343962152,33,29274.240399974147,29372.512628390803,experiment,FIFO,0.28,0,variant_2
8317,ASSEMBLY_2_2,ASSEMBLY2_LINE_2,29312.606819300367,2.778951888638403,3,19.69889434918514,38.36641932621933,59.90580909043638,32,29274.240399974147,29372.512628390803,experiment,FIFO,0.28,0,variant_2
8317,SORTING,SORTING_ROBOT_1,29356.441300402523,2.308909519601002,4,43.83448110215613,82.20090042837546,16.071327988280245,34,29274.240399974147,29372.512628390803,experiment,FIFO,0.28,0,variant_2
8317,PACKAGING_3,PACKAGING_LINE_3,29358.74330995925,1.0913593776094785,5,2.3020095567262615,84.50290998510172,13.769318431553984,33,29274.240399974147,29372.512628390803,experiment,FIFO,0.28,0,variant_2
8317,INSPECTION_2_1,INSPECTION_2_1_LINE,29362.51234718265,1.9193627338318038,6,3.7690372233992093,88.27194720850093,10.000281208154775,32,29274.240399974147,29372.512628390803,experiment,FIFO,0.28,0,variant_2
8317,INSPECTION_2_2,INSPECTION_2_2_LINE,29363.923156690613,1.4108095079645864,7,1.4108095079645864,89.68275671646552,8.589471700190188,33,29274.240399974147,29372.512628390803,experiment,FIFO,0.28,0,variant_2
8317,INSPECTION_2_3,INSPECTION_2_3_LINE,29367.38433768552,3.4611809949055896,8,3.4611809949055896,93.14393771137111,5.1282907052845985,33,29274.240399974147,29372.512628390803,experiment,FIFO,0.28,0,variant_2
8317,INSPECTION_2_4,INSPECTION_2_4_LINE,29369.315997543305,1.9316598577861441,9,1.9316598577861441,95.07559756915725,3.1966308474984544,33,29274.240399974147,29372.512628390803,experiment,FIFO,0.28,0,variant_2
8317,INSPECTION_2_5,INSPECTION_2_5_LINE,29371.240008160363,1.9240106170582294,10,1.9240106170582294,96.99960818621548,1.272620230440225,34,29274.240399974147,29372.512628390803,experiment,FIFO,0.28,0,variant_2
8317,INSPECTION_2_6,INSPECTION_2_6_LINE,29372.37479027912,1.1347821187555382,11,1.1347821187555382,98.13439030497102,0.13783811168468674,33,29274.240399974147,29372.512628390803,experiment,FIFO,0.28,0,variant_2
8317,INSPECTION_2_7,INSPECTION_2_7_LINE,29372.512628390803,0.13783811168468674,12,0.13783811168468674,98.27222841665571,0.0,32,29274.240399974147,29372.512628390803,experiment,FIFO,0.28,0,variant_2
8318,MOULDING_2,MOULDING_MACHINE_2,29268.577530940816,1.702363754317048,1,0.0,0.0,96.8839543111244,35,29268.577530940816,29365.46148525194,experiment,FIFO,0.28,0,variant_6
8318,ASSEMBLY_1_3,LINE_3_ASSEMBLY1,29281.44041885103,2.5759285930653277,2,12.86288791021434,12.86288791021434,84.02106640091006,32,29268.577530940816,29365.46148525194,experiment,FIFO,0.28,0,variant_6
8318,ASSEMBLY_2_2,ASSEMBLY2_LINE_2,29309.82786741173,4.567419039864035,3,28.38744856069752,41.25033647091186,55.63361784021254,32,29268.577530940816,29365.46148525194,experiment,FIFO,0.28,0,variant_6
8318,SORTING,SORTING_ROBOT_1,29352.724001719987,1.0669541528513946,4,42.89613430825921,84.14647077917107,12.73748353195333,33,29268.577530940816,29365.46148525194,experiment,FIFO,0.28,0,variant_6
8318,PACKAGING_3,PACKAGING_LINE_3,29357.65195058164,4.927948861652112,5,4.927948861652112,89.07441964082318,7.809534670301218,33,29268.577530940816,29365.46148525194,experiment,FIFO,0.28,0,variant_6
8318,INSPECTION_2_1,INSPECTION_2_1_LINE,29360.592984448816,2.941033867176884,6,2.941033867176884,92.01545350800006,4.868500803124334,31,29268.577530940816,29365.46148525194,experiment,FIFO,0.28,0,variant_6
8318,INSPECTION_2_2,INSPECTION_2_2_LINE,29361.23896409333,0.6459796445124084,7,0.6459796445124084,92.66143315251247,4.222521158611926,32,29268.577530940816,29365.46148525194,experiment,FIFO,0.28,0,variant_6
8318,INSPECTION_2_3,INSPECTION_2_3_LINE,29362.62983716679,1.3908730734619894,8,1.3908730734619894,94.05230622597446,2.8316480851499364,32,29268.577530940816,29365.46148525194,experiment,FIFO,0.28,0,variant_6
8318,INSPECTION_2_4,INSPECTION_2_4_LINE,29363.28970124574,0.6598640789488854,9,0.6598640789488854,94.71217030492335,2.171784006201051,32,29268.577530940816,29365.46148525194,experiment,FIFO,0.28,0,variant_6
8318,INSPECTION_2_5,INSPECTION_2_5_LINE,29363.926234047813,0.6365328020729066,10,0.6365328020729066,95.34870310699625,1.5352512041281443,33,29268.577530940816,29365.46148525194,experiment,FIFO,0.28,0,variant_6
8318,INSPECTION_2_6,INSPECTION_2_6_LINE,29364.32874826176,0.4025142139471427,11,0.4025142139471427,95.7512173209434,1.1327369901810016,33,29268.577530940816,29365.46148525194,experiment,FIFO,0.28,0,variant_6
8318,INSPECTION_2_7,INSPECTION_2_7_LINE,29365.46148525194,1.1327369901810016,12,1.1327369901810016,96.8839543111244,0.0,32,29268.577530940816,29365.46148525194,experiment,FIFO,0.28,0,variant_6
8319,MOULDING_2,MOULDING_MACHINE_2,29270.45838383064,0.6636725293392374,1,0.0,0.0,131.9266069124169,35,29270.45838383064,29402.384990743056,experiment,FIFO,0.28,0,variant_2
8319,ASSEMBLY_1_3,LINE_3_ASSEMBLY1,29283.396588634707,1.9561697836761596,2,12.938204804067936,12.938204804067936,118.98840210834896,32,29270.45838383064,29402.384990743056,experiment,FIFO,0.28,0,variant_2
8319,ASSEMBLY_2_1,ASSEMBLY2_LINE_1,29354.960089313816,23.42645611369153,3,71.56350067910898,84.50170548317692,47.42490142923998,34,29270.45838383064,29402.384990743056,experiment,FIFO,0.28,0,variant_2
8319,SORTING,SORTING_ROBOT_1,29384.17913602274,1.500757097674068,4,29.219046708923997,113.72075219210092,18.205854720315983,27,29270.45838383064,29402.384990743056,experiment,FIFO,0.28,0,variant_2
8319,PACKAGING_1,PACKAGING_LINE_1,29395.57393942457,1.6153681645737379,5,11.39480340182854,125.11555559392946,6.8110513184874435,25,29270.45838383064,29402.384990743056,experiment,FIFO,0.28,0,variant_2
8319,INSPECTION_2_1,INSPECTION_2_1_LINE,29395.601478389726,0.027538965157873463,6,0.027538965157873463,125.14309455908733,6.78351235332957,25,29270.45838383064,29402.384990743056,experiment,FIFO,0.28,0,variant_2
8319,INSPECTION_2_2,INSPECTION_2_2_LINE,29396.941344477324,1.3398660875973292,7,1.3398660875973292,126.48296064668466,5.443646265732241,24,29270.45838383064,29402.384990743056,experiment,FIFO,0.28,0,variant_2
8319,INSPECTION_2_3,INSPECTION_2_3_LINE,29397.97675884981,1.0354143724871392,8,1.0354143724871392,127.5183750191718,4.408231893245102,23,29270.45838383064,29402.384990743056,experiment,FIFO,0.28,0,variant_2
8319,INSPECTION_2_4,INSPECTION_2_4_LINE,29398.83035500557,0.5181503644635086,9,0.8535961557608971,128.3719711749327,3.5546357374842046,23,29270.45838383064,29402.384990743056,experiment,FIFO,0.28,0,variant_2
8319,INSPECTION_2_5,INSPECTION_2_5_LINE,29400.091744941405,1.2613899358329945,10,1.2613899358329945,129.6333611107657,2.29324580165121,22,29270.45838383064,29402.384990743056,experiment,FIFO,0.28,0,variant_2
8319,INSPECTION_2_6,INSPECTION_2_6_LINE,29401.583490846253,1.491745904848358,11,1.491745904848358,131.12510701561405,0.8014998968028522,20,29270.45838383064,29402.384990743056,experiment,FIFO,0.28,0,variant_2
8319,INSPECTION_2_7,INSPECTION_2_7_LINE,29402.199805931057,0.6163150848042278,12,0.6163150848042278,131.74142210041828,0.18518481199862435,20,29270.45838383064,29402.384990743056,experiment,FIFO,0.28,0,variant_2
8319,INSPECTION_2_7,INSPECTION_2_7_LINE,29402.384990743056,0.18518481199862435,13,0.18518481199862435,131.9266069124169,0.0,19,29270.45838383064,29402.384990743056,experiment,FIFO,0.28,0,variant_2
8320,MOULDING_5,MOULDING_MACHINE_5,29274.476206579136,0.23580660498919315,1,0.0,0.0,110.9599442820545,34,29274.476206579136,29385.43615086119,experiment,FIFO,0.28,0,variant_1
8320,ASSEMBLY_1_4,LINE_4_ASSEMBLY1,29294.172667390183,1.2647424390015658,2,19.696460811046563,19.696460811046563,91.26348347100793,32,29274.476206579136,29385.43615086119,experiment,FIFO,0.28,0,variant_1
8320,ASSEMBLY_2_2,ASSEMBLY2_LINE_2,29316.18803126829,3.581211967924901,3,22.015363878108474,41.71182468915504,69.24811959289946,30,29274.476206579136,29385.43615086119,experiment,FIFO,0.28,0,variant_1
8320,SORTING,SORTING_ROBOT_1,29363.61846781829,5.131277157935983,4,47.430436549999285,89.14226123915432,21.81768304290017,33,29274.476206579136,29385.43615086119,experiment,FIFO,0.28,0,variant_1
8320,PACKAGING_3,PACKAGING_LINE_3,29371.54362846065,1.7179289352425258,5,7.925160642360424,97.06742188151475,13.892522400539747,34,29274.476206579136,29385.43615086119,experiment,FIFO,0.28,0,variant_1
8320,INSPECTION_2_1,INSPECTION_2_1_LINE,29371.62922103915,0.08559257849992719,6,0.08559257849992719,97.15301446001467,13.80692982203982,34,29274.476206579136,29385.43615086119,experiment,FIFO,0.28,0,variant_1
8320,INSPECTION_2_2,INSPECTION_2_2_LINE,29374.058780585416,0.08402127328008646,7,2.4295595462644997,99.58257400627917,11.37737027577532,32,29274.476206579136,29385.43615086119,experiment,FIFO,0.28,0,variant_1
8320,INSPECTION_2_3,INSPECTION_2_3_LINE,29376.20292264667,0.8463553258443426,8,2.1441420612536604,101.72671606753283,9.23322821452166,32,29274.476206579136,29385.43615086119,experiment,FIFO,0.28,0,variant_1
8320,INSPECTION_2_4,INSPECTION_2_4_LINE,29376.71758081427,0.0013331871159607545,9,0.5146581676017377,102.24137423513457,8.718570046919922,32,29274.476206579136,29385.43615086119,experiment,FIFO,0.28,0,variant_1
8320,INSPECTION_2_5,INSPECTION_2_5_LINE,29378.93926065152,0.9034325146058109,10,2.2216798372501216,104.4630540723847,6.4968902096698,31,29274.476206579136,29385.43615086119,experiment,FIFO,0.28,0,variant_1
8320,INSPECTION_2_6,INSPECTION_2_6_LINE,29383.843479577263,1.2125940451733186,11,4.9042189257415885,109.36727299812628,1.5926712839282118,27,29274.476206579136,29385.43615086119,experiment,FIFO,0.28,0,variant_1
8320,INSPECTION_2_7,INSPECTION_2_7_LINE,29385.43615086119,1.5926712839282118,12,1.5926712839282118,110.9599442820545,0.0,25,29274.476206579136,29385.43615086119,experiment,FIFO,0.28,0,variant_1
8321,MOULDING_5,MOULDING_MACHINE_5,29294.20068046148,16.46227889547663,1,0.0,0.0,89.06373599747894,33,29294.20068046148,29383.26441645896,experiment,FIFO,0.28,0,variant_3
8321,ASSEMBLY_1_5,LINE_5_ASSEMBLY1,29302.19556445553,7.994883994051634,2,7.994883994051634,7.994883994051634,81.06885200342731,32,29294.20068046148,29383.26441645896,experiment,FIFO,0.28,0,variant_3
8321,ASSEMBLY_2_2,ASSEMBLY2_LINE_2,29317.122263167857,0.1364206986982026,3,14.92669871232647,22.921582706378103,66.14215329110084,29,29294.20068046148,29383.26441645896,experiment,FIFO,0.28,0,variant_3
8321,SORTING,SORTING_ROBOT_1,29368.062316307787,1.129857930198341,4,50.94005313992966,73.86163584630776,15.20210015117118,33,29294.20068046148,29383.26441645896,experiment,FIFO,0.28,0,variant_3
8321,PACKAGING_1,PACKAGING_LINE_1,29370.41978723703,2.0365514780460217,5,2.3574709292443004,76.21910677555206,12.84462922192688,33,29294.20068046148,29383.26441645896,experiment,FIFO,0.28,0,variant_3
8321,INSPECTION_2_1,INSPECTION_2_1_LINE,29371.00670953297,0.18939092615255504,6,0.5869222959372564,76.80602907148932,12.257706925989623,34,29294.20068046148,29383.26441645896,experiment,FIFO,0.28,0,variant_3
8321,INSPECTION_2_2,INSPECTION_2_2_LINE,29373.974759312136,0.05348135182066471,7,2.968049779166904,79.77407885065622,9.28965714682272,32,29294.20068046148,29383.26441645896,experiment,FIFO,0.28,0,variant_3
8321,INSPECTION_2_3,INSPECTION_2_3_LINE,29375.356567320825,0.9352955104113789,8,1.3818080086894042,81.15588685934563,7.907849138133315,32,29294.20068046148,29383.26441645896,experiment,FIFO,0.28,0,variant_3
8321,INSPECTION_2_4,INSPECTION_2_4_LINE,29376.716247627155,1.3596803063301195,9,1.3596803063301195,82.51556716567575,6.548168831803196,32,29294.20068046148,29383.26441645896,experiment,FIFO,0.28,0,variant_3
8321,INSPECTION_2_5,INSPECTION_2_5_LINE,29378.035828136915,1.3195805097602715,10,1.3195805097602715,83.83514767543602,5.228588322042924,31,29294.20068046148,29383.26441645896,experiment,FIFO,0.28,0,variant_3
8321,INSPECTION_2_6,INSPECTION_2_6_LINE,29382.63088553209,2.4646395036106696,11,4.595057395174081,88.4302050706101,0.6335309268688434,29,29294.20068046148,29383.26441645896,experiment,FIFO,0.28,0,variant_3
8321,INSPECTION_2_7,INSPECTION_2_7_LINE,29383.26441645896,0.36290785639721435,12,0.6335309268688434,89.06373599747894,0.0,27,29294.20068046148,29383.26441645896,experiment,FIFO,0.28,0,variant_3
8322,MOULDING_1,MOULDING_MACHINE_1,29286.032868827988,8.240621730426938,1,0.0,0.0,114.15127158472387,33,29286.032868827988,29400.18414041271,experiment,FIFO,0.28,0,variant_2
8322,ASSEMBLY_1_3,LINE_3_ASSEMBLY1,29306.3422134876,20.30934465961036,2,20.30934465961036,20.30934465961036,93.84192692511351,34,29286.032868827988,29400.18414041271,experiment,FIFO,0.28,0,variant_2
8322,ASSEMBLY_2_1,ASSEMBLY2_LINE_1,29363.11687766222,8.156788348405826,3,56.77466417462347,77.08400883423383,37.067262750490045,32,29286.032868827988,29400.18414041271,experiment,FIFO,0.28,0,variant_2
8322,SORTING,SORTING_ROBOT_1,29389.33725882204,3.006800567072787,4,26.220381159819226,103.30438999405305,10.846881590670819,25,29286.032868827988,29400.18414041271,experiment,FIFO,0.28,0,variant_2
8322,PACKAGING_3,PACKAGING_LINE_3,29391.53423526475,2.1969764427085465,5,2.1969764427085465,105.5013664367616,8.649905147962272,24,29286.032868827988,29400.18414041271,experiment,FIFO,0.28,0,variant_2
8322,PACKAGING_3,PACKAGING_LINE_3,29392.226499911903,0.6922646471539338,6,0.6922646471539338,106.19363108391553,7.957640500808338,24,29286.032868827988,29400.18414041271,experiment,FIFO,0.28,0,variant_2
8322,INSPECTION_1_1,INSPECTION_1_1_LINE,29393.48214694223,1.2556470303279639,7,1.2556470303279639,107.4492781142435,6.7019934704803745,23,29286.032868827988,29400.18414041271,experiment,FIFO,0.28,0,variant_2
8322,INSPECTION_1_2,INSPECTION_1_2_LINE,29394.184268134577,0.7021211923456576,8,0.7021211923456576,108.15139930658916,5.999872278134717,24,29286.032868827988,29400.18414041271,experiment,FIFO,0.28,0,variant_2
8322,INSPECTION_1_3,INSPECTION_1_3_LINE,29394.41488656059,0.047534496097796364,9,0.23061842601237004,108.38201773260153,5.769253852122347,24,29286.032868827988,29400.18414041271,experiment,FIFO,0.28,0,variant_2
8322,INSPECTION_1_4,INSPECTION_1_4_LINE,29396.99411058841,0.5291859953686071,10,2.579224027820601,110.96124176042213,3.190029824301746,24,29286.032868827988,29400.18414041271,experiment,FIFO,0.28,0,variant_2
8322,INSPECTION_1_5,INSPECTION_1_5_LINE,29398.43003182872,0.06758742802412598,11,1.435921240310563,112.39716300073269,1.754108583991183,23,29286.032868827988,29400.18414041271,experiment,FIFO,0.28,0,variant_2
8322,INSPECTION_1_6,INSPECTION_1_6_LINE,29398.43850230847,0.008470479748211801,12,0.008470479748211801,112.4056334804809,1.7456381042429712,23,29286.032868827988,29400.18414041271,experiment,FIFO,0.28,0,variant_2
8322,INSPECTION_1_7,INSPECTION_1_7_LINE,29400.18414041271,0.601654468504421,13,1.7456381042429712,114.15127158472387,0.0,21,29286.032868827988,29400.18414041271,experiment,FIFO,0.28,0,variant_2
8323,MOULDING_2,MOULDING_MACHINE_2,29297.6941836099,19.152278579811536,1,0.0,0.0,85.2073249926616,34,29297.6941836099,29382.90150860256,experiment,FIFO,0.28,0,variant_2
8323,ASSEMBLY_1_2,LINE_2_ASSEMBLY1,29298.533856859834,0.8396732499350037,2,0.8396732499350037,0.8396732499350037,84.3676517427266,34,29297.6941836099,29382.90150860256,experiment,FIFO,0.28,0,variant_2
8323,ASSEMBLY_2_2,ASSEMBLY2_LINE_2,29316.98584246916,0.7978112008677272,3,18.451985609324765,19.29165885925977,65.91566613340183,29,29297.6941836099,29382.90150860256,experiment,FIFO,0.28,0,variant_2
8323,SORTING,SORTING_ROBOT_1,29366.93245837759,0.45322185932309367,4,49.94661590842952,69.23827476768929,15.969050224972307,33,29297.6941836099,29382.90150860256,experiment,FIFO,0.28,0,variant_2
8323,PACKAGING_1,PACKAGING_LINE_1,29368.383235758985,1.4507773813966196,5,1.4507773813966196,70.68905214908591,14.518272843575687,33,29297.6941836099,29382.90150860256,experiment,FIFO,0.28,0,variant_2
8323,INSPECTION_2_1,INSPECTION_2_1_LINE,29370.817318606816,2.434082847830723,6,2.434082847830723,73.12313499691663,12.084189995744964,33,29297.6941836099,29382.90150860256,experiment,FIFO,0.28,0,variant_2
8323,INSPECTION_2_2,INSPECTION_2_2_LINE,29373.921277960315,3.1039593534987944,7,3.1039593534987944,76.22709435041543,8.98023064224617,32,29297.6941836099,29382.90150860256,experiment,FIFO,0.28,0,variant_2
8323,INSPECTION_2_3,INSPECTION_2_3_LINE,29374.421271810414,0.49999385009869,8,0.49999385009869,76.72708820051412,8.48023679214748,32,29297.6941836099,29382.90150860256,experiment,FIFO,0.28,0,variant_2
8323,INSPECTION_2_4,INSPECTION_2_4_LINE,29374.80825663907,0.38698482865584083,9,0.38698482865584083,77.11407302916996,8.093251963491639,32,29297.6941836099,29382.90150860256,experiment,FIFO,0.28,0,variant_2
8323,INSPECTION_2_5,INSPECTION_2_5_LINE,29375.430722240424,0.6224656013546337,10,0.6224656013546337,77.73653863052459,7.470786362137005,32,29297.6941836099,29382.90150860256,experiment,FIFO,0.28,0,variant_2
8323,INSPECTION_2_6,INSPECTION_2_6_LINE,29380.16624602848,2.736795262153464,11,4.7355237880547065,82.4720624185793,2.7352625740822987,30,29297.6941836099,29382.90150860256,experiment,FIFO,0.28,0,variant_2
8323,INSPECTION_2_7,INSPECTION_2_7_LINE,29382.90150860256,2.7352625740822987,12,2.7352625740822987,85.2073249926616,0.0,28,29297.6941836099,29382.90150860256,experiment,FIFO,0.28,0,variant_2
8324,MOULDING_2,MOULDING_MACHINE_2,29303.05931440288,3.187029768509092,1,0.0,0.0,89.4427705522503,33,29303.05931440288,29392.50208495513,experiment,FIFO,0.28,0,variant_4
8324,ASSEMBLY_1_4,LINE_4_ASSEMBLY1,29304.94176488423,1.882450481352862,2,1.882450481352862,1.882450481352862,87.56032007089743,34,29303.05931440288,29392.50208495513,experiment,FIFO,0.28,0,variant_4
8324,ASSEMBLY_2_2,ASSEMBLY2_LINE_2,29319.41114705745,2.288883889592398,3,14.469382173218037,16.3518326545709,73.0909378976794,28,29303.05931440288,29392.50208495513,experiment,FIFO,0.28,0,variant_4
8324,SORTING,SORTING_ROBOT_1,29372.3994268241,2.3949250912301068,4,52.98827976665052,69.34011242122142,20.102658131028875,33,29303.05931440288,29392.50208495513,experiment,FIFO,0.28,0,variant_4
8324,PACKAGING_1,PACKAGING_LINE_1,29383.94631836291,4.311278156888875,5,11.546891538808268,80.88700396002969,8.555766592220607,27,29303.05931440288,29392.50208495513,experiment,FIFO,0.28,0,variant_4
8324,INSPECTION_1_1,INSPECTION_1_1_LINE,29384.367440279275,0.4211219163662463,6,0.4211219163662463,81.30812587639593,8.13464467585436,27,29303.05931440288,29392.50208495513,experiment,FIFO,0.28,0,variant_4
8324,INSPECTION_1_2,INSPECTION_1_2_LINE,29386.5246324602,0.5394537864121958,7,2.1571921809263586,83.46531805732229,5.977452494928002,25,29303.05931440288,29392.50208495513,experiment,FIFO,0.28,0,variant_4
8324,INSPECTION_1_3,INSPECTION_1_3_LINE,29386.650259126032,0.06464997267175931,8,0.12562666583107784,83.59094472315337,5.851825829096924,25,29303.05931440288,29392.50208495513,experiment,FIFO,0.28,0,variant_4
8324,INSPECTION_1_4,INSPECTION_1_4_LINE,29390.232663390987,3.537915806988167,9,3.5824042649546755,87.17334898810805,2.269421564142249,25,29303.05931440288,29392.50208495513,experiment,FIFO,0.28,0,variant_4
8324,INSPECTION_1_5,INSPECTION_1_5_LINE,29390.518823339324,0.2861599483367172,10,0.2861599483367172,87.45950893644476,1.9832616158055316,25,29303.05931440288,29392.50208495513,experiment,FIFO,0.28,0,variant_4
8324,INSPECTION_1_6,INSPECTION_1_6_LINE,29390.68919739536,0.17037405603696243,11,0.17037405603696243,87.62988299248173,1.8128875597685692,25,29303.05931440288,29392.50208495513,experiment,FIFO,0.28,0,variant_4
8324,INSPECTION_1_7,INSPECTION_1_7_LINE,29392.50208495513,1.548525241400057,12,1.8128875597685692,89.4427705522503,0.0,23,29303.05931440288,29392.50208495513,experiment,FIFO,0.28,0,variant_4
8325,MOULDING_5,MOULDING_MACHINE_5,29303.667446485862,1.1984786680113757,1,0.0,0.0,87.28611322786674,34,29303.667446485862,29390.95355971373,experiment,FIFO,0.28,0,variant_6
8325,ASSEMBLY_1_5,LINE_5_ASSEMBLY1,29305.76211247908,2.09466599321604,2,2.09466599321604,2.09466599321604,85.1914472346507,34,29303.667446485862,29390.95355971373,experiment,FIFO,0.28,0,variant_6
8325,ASSEMBLY_2_2,ASSEMBLY2_LINE_2,29320.45296714945,1.0418200919993978,3,14.690854670370754,16.785520663586794,70.50059256427994,28,29303.667446485862,29390.95355971373,experiment,FIFO,0.28,0,variant_6
8325,SORTING,SORTING_ROBOT_1,29372.67695758566,0.2775307615593192,4,52.22399043621044,69.00951109979724,18.2766021280695,32,29303.667446485862,29390.95355971373,experiment,FIFO,0.28,0,variant_6
8325,PACKAGING_3,PACKAGING_LINE_3,29381.66591429932,8.988956713659718,5,8.988956713659718,77.99846781345695,9.28764541440978,29,29303.667446485862,29390.95355971373,experiment,FIFO,0.28,0,variant_6
8325,INSPECTION_1_1,INSPECTION_1_1_LINE,29382.00447101953,0.3385567202094535,6,0.3385567202094535,78.33702453366641,8.949088694200327,29,29303.667446485862,29390.95355971373,experiment,FIFO,0.28,0,variant_6
8325,INSPECTION_1_2,INSPECTION_1_2_LINE,29385.98517867379,3.9807076542601862,7,3.9807076542601862,82.3177321879266,4.968381039940141,25,29303.667446485862,29390.95355971373,experiment,FIFO,0.28,0,variant_6
8325,INSPECTION_1_3,INSPECTION_1_3_LINE,29386.58560915336,0.6004304795715143,8,0.6004304795715143,82.91816266749811,4.367950560368627,25,29303.667446485862,29390.95355971373,experiment,FIFO,0.28,0,variant_6
8325,INSPECTION_1_4,INSPECTION_1_4_LINE,29386.694747584,0.10913843063826789,9,0.10913843063826789,83.02730109813638,4.258812129730359,25,29303.667446485862,29390.95355971373,experiment,FIFO,0.28,0,variant_6
8325,INSPECTION_1_5,INSPECTION_1_5_LINE,29389.55708226009,2.8623346760905406,10,2.8623346760905406,85.88963577422692,1.3964774536398181,25,29303.667446485862,29390.95355971373,experiment,FIFO,0.28,0,variant_6
8325,INSPECTION_1_6,INSPECTION_1_6_LINE,29390.41548073859,0.8583984785000212,11,0.8583984785000212,86.74803425272694,0.538078975139797,25,29303.667446485862,29390.95355971373,experiment,FIFO,0.28,0,variant_6
8325,INSPECTION_1_7,INSPECTION_1_7_LINE,29390.95355971373,0.538078975139797,12,0.538078975139797,87.28611322786674,0.0,24,29303.667446485862,29390.95355971373,experiment,FIFO,0.28,0,variant_6
8326,MOULDING_4,MOULDING_MACHINE_4,29311.554030164385,2.630274620896671,1,0.0,0.0,85.99641498562414,32,29311.554030164385,29397.55044515001,experiment,FIFO,0.28,0,variant_5
8326,ASSEMBLY_1_5,LINE_5_ASSEMBLY1,29313.1687269938,1.6146968294160615,2,1.6146968294160615,1.6146968294160615,84.38171815620808,32,29311.554030164385,29397.55044515001,experiment,FIFO,0.28,0,variant_5
8326,ASSEMBLY_2_2,ASSEMBLY2_LINE_2,29321.325188681545,0.872221532095864,3,8.156461687744013,9.771158517160075,76.22525646846407,28,29311.554030164385,29397.55044515001,experiment,FIFO,0.28,0,variant_5
8326,SORTING,SORTING_ROBOT_1,29372.889343290062,0.2123857044025499,4,51.56415460851713,61.3353131256772,24.66110185994694,32,29311.554030164385,29397.55044515001,experiment,FIFO,0.28,0,variant_5
8326,PACKAGING_3,PACKAGING_LINE_3,29385.44615927839,3.7802449790688115,5,12.55681598832598,73.89212911400318,12.10428587162096,25,29311.554030164385,29397.55044515001,experiment,FIFO,0.28,0,variant_5
8326,INSPECTION_2_1,INSPECTION_2_1_LINE,29386.580654113408,1.1344948350197228,6,1.1344948350197228,75.0266239490229,10.969791036601237,25,29311.554030164385,29397.55044515001,experiment,FIFO,0.28,0,variant_5
8326,INSPECTION_2_2,INSPECTION_2_2_LINE,29389.35096349724,2.7703093838317727,7,2.7703093838317727,77.79693333285468,8.199481652769464,25,29311.554030164385,29397.55044515001,experiment,FIFO,0.28,0,variant_5
8326,INSPECTION_2_3,INSPECTION_2_3_LINE,29392.02854972215,2.6775862249087368,8,2.6775862249087368,80.47451955776341,5.521895427860727,24,29311.554030164385,29397.55044515001,experiment,FIFO,0.28,0,variant_5
8326,INSPECTION_2_4,INSPECTION_2_4_LINE,29393.94593970035,1.9173899781999353,9,1.9173899781999353,82.39190953596335,3.604505449660792,24,29311.554030164385,29397.55044515001,experiment,FIFO,0.28,0,variant_5
8326,INSPECTION_2_5,INSPECTION_2_5_LINE,29396.549418878803,2.603479178455018,10,2.603479178455018,84.99538871441837,1.0010262712057738,24,29311.554030164385,29397.55044515001,experiment,FIFO,0.28,0,variant_5
8326,INSPECTION_2_6,INSPECTION_2_6_LINE,29397.038949762664,0.4895308838604251,11,0.4895308838604251,85.4849195982788,0.5114953873453487,24,29311.554030164385,29397.55044515001,experiment,FIFO,0.28,0,variant_5
8326,INSPECTION_2_7,INSPECTION_2_7_LINE,29397.55044515001,0.5114953873453487,12,0.5114953873453487,85.99641498562414,0.0,23,29311.554030164385,29397.55044515001,experiment,FIFO,0.28,0,variant_5
8327,MOULDING_5,MOULDING_MACHINE_5,29319.6544158924,3.3704063146651606,1,0.0,0.0,83.32750711082917,29,29319.6544158924,29402.98192300323,experiment,FIFO,0.28,0,variant_5
8327,ASSEMBLY_1_1,LINE_1_ASSEMBLY1,29327.73204834317,8.077632450767851,2,8.077632450767851,8.077632450767851,75.24987466006132,29,29319.6544158924,29402.98192300323,experiment,FIFO,0.28,0,variant_5
8327,ASSEMBLY_2_2,ASSEMBLY2_LINE_2,29344.320031068044,4.6233250935256365,3,16.587982724875474,24.665615175643325,58.66189193518585,28,29319.6544158924,29402.98192300323,experiment,FIFO,0.28,0,variant_5
8327,SORTING,SORTING_ROBOT_1,29382.010540612748,0.7215512550974381,4,37.69050954470367,62.356124720347,20.971382390482177,29,29319.6544158924,29402.98192300323,experiment,FIFO,0.28,0,variant_5
8327,PACKAGING_2,PACKAGING_LINE_2,29394.24286143213,0.8207393214288459,5,12.23232081938113,74.58844553972813,8.739061571101047,24,29319.6544158924,29402.98192300323,experiment,FIFO,0.28,0,variant_5
8327,INSPECTION_1_1,INSPECTION_1_1_LINE,29394.76620743501,0.523346002879407,6,0.523346002879407,75.11179154260753,8.21571556822164,24,29319.6544158924,29402.98192300323,experiment,FIFO,0.28,0,variant_5
8327,INSPECTION_1_2,INSPECTION_1_2_LINE,29395.319753234908,0.5535457998994389,7,0.5535457998994389,75.66533734250697,7.662169768322201,25,29319.6544158924,29402.98192300323,experiment,FIFO,0.28,0,variant_5
8327,INSPECTION_1_3,INSPECTION_1_3_LINE,29395.50631140905,0.186558174144011,8,0.186558174144011,75.85189551665098,7.47561159417819,25,29319.6544158924,29402.98192300323,experiment,FIFO,0.28,0,variant_5
8327,INSPECTION_1_4,INSPECTION_1_4_LINE,29400.192712471013,1.6083775944134686,9,4.686401061961078,80.53829657861206,2.789210532217112,20,29319.6544158924,29402.98192300323,experiment,FIFO,0.28,0,variant_5
8327,INSPECTION_1_5,INSPECTION_1_5_LINE,29402.212843307847,2.0201308368341415,10,2.0201308368341415,82.5584274154462,0.7690796953829704,20,29319.6544158924,29402.98192300323,experiment,FIFO,0.28,0,variant_5
8327,INSPECTION_1_6,INSPECTION_1_6_LINE,29402.659121906225,0.44627859837783035,11,0.44627859837783035,83.00470601382403,0.32280109700514004,19,29319.6544158924,29402.98192300323,experiment,FIFO,0.28,0,variant_5
8327,INSPECTION_1_7,INSPECTION_1_7_LINE,29402.98192300323,0.32280109700514004,12,0.32280109700514004,83.32750711082917,0.0,18,29319.6544158924,29402.98192300323,experiment,FIFO,0.28,0,variant_5
8328,MOULDING_2,MOULDING_MACHINE_2,29322.62444003448,5.730287057136593,1,0.0,0.0,77.56768524178915,30,29322.62444003448,29400.19212527627,experiment,FIFO,0.28,0,variant_6
8328,ASSEMBLY_1_3,LINE_3_ASSEMBLY1,29326.922111740794,4.297671706313849,2,4.297671706313849,4.297671706313849,73.2700135354753,29,29322.62444003448,29400.19212527627,experiment,FIFO,0.28,0,variant_6
8328,ASSEMBLY_2_2,ASSEMBLY2_LINE_2,29339.69670597452,12.774594233724201,3,12.774594233724201,17.07226594003805,60.4954193017511,27,29322.62444003448,29400.19212527627,experiment,FIFO,0.28,0,variant_6
8328,SORTING,SORTING_ROBOT_1,29381.28898935765,4.252431040004012,4,41.59228338313187,58.66454932316992,18.903135918619228,29,29322.62444003448,29400.19212527627,experiment,FIFO,0.28,0,variant_6
8328,PACKAGING_2,PACKAGING_LINE_2,29393.4221221107,8.899243277042842,5,12.133132753049722,70.79768207621964,6.770003165569506,23,29322.62444003448,29400.19212527627,experiment,FIFO,0.28,0,variant_6
8328,INSPECTION_1_1,INSPECTION_1_1_LINE,29393.84774060441,0.3655936621798901,6,0.4256184937112266,71.22330056993087,6.344384671858279,23,29322.62444003448,29400.19212527627,experiment,FIFO,0.28,0,variant_6
8328,INSPECTION_1_2,INSPECTION_1_2_LINE,29394.35665829126,0.17239015668383217,7,0.5089176868495997,71.73221825678047,5.835466985008679,24,29322.62444003448,29400.19212527627,experiment,FIFO,0.28,0,variant_6
8328,INSPECTION_1_3,INSPECTION_1_3_LINE,29394.431251804926,0.016365244337066542,8,0.0745935136656044,71.80681177044607,5.760873471343075,24,29322.62444003448,29400.19212527627,experiment,FIFO,0.28,0,variant_6
8328,INSPECTION_1_4,INSPECTION_1_4_LINE,29398.5843348766,1.5902242881893471,9,4.1530830716728815,75.95989484211896,1.6077903996701934,23,29322.62444003448,29400.19212527627,experiment,FIFO,0.28,0,variant_6
8328,INSPECTION_1_5,INSPECTION_1_5_LINE,29399.226954107933,0.6426192313338106,10,0.6426192313338106,76.60251407345277,0.9651711683363828,23,29322.62444003448,29400.19212527627,experiment,FIFO,0.28,0,variant_6
8328,INSPECTION_1_6,INSPECTION_1_6_LINE,29399.2674704314,0.040516323468182236,11,0.040516323468182236,76.64303039692095,0.9246548448682006,23,29322.62444003448,29400.19212527627,experiment,FIFO,0.28,0,variant_6
8328,INSPECTION_1_7,INSPECTION_1_7_LINE,29400.19212527627,0.007984863557794597,12,0.9246548448682006,77.56768524178915,0.0,20,29322.62444003448,29400.19212527627,experiment,FIFO,0.28,0,variant_6
8329,MOULDING_5,MOULDING_MACHINE_5,29321.332809899355,1.678394006954477,1,0.0,0.0,78.2496760448521,29,29321.332809899355,29399.582485944207,experiment,FIFO,0.28,0,variant_3
8329,ASSEMBLY_1_1,LINE_1_ASSEMBLY1,29336.285206442248,8.553158099079155,2,14.95239654289253,14.95239654289253,63.297279501959565,26,29321.332809899355,29399.582485944207,experiment,FIFO,0.28,0,variant_3
8329,ASSEMBLY_2_2,ASSEMBLY2_LINE_2,29345.66711122877,1.3470801607254543,3,9.381904786521773,24.334301329414302,53.91537471543779,30,29321.332809899355,29399.582485944207,experiment,FIFO,0.28,0,variant_3
8329,SORTING,SORTING_ROBOT_1,29382.678378925066,0.6678383123180538,4,37.01126769629627,61.345569025710574,16.90410701914152,29,29321.332809899355,29399.582485944207,experiment,FIFO,0.28,0,variant_3
8329,PACKAGING_3,PACKAGING_LINE_3,29386.46443804048,1.018278762090631,5,3.7860591154130816,65.13162814112366,13.118047903728439,25,29321.332809899355,29399.582485944207,experiment,FIFO,0.28,0,variant_3
8329,INSPECTION_1_1,INSPECTION_1_1_LINE,29391.622353705177,5.157915664698521,6,5.157915664698521,70.28954380582218,7.960132239029917,24,29321.332809899355,29399.582485944207,experiment,FIFO,0.28,0,variant_3
8329,INSPECTION_1_2,INSPECTION_1_2_LINE,29392.12344693337,0.5010932281911664,7,0.5010932281911664,70.79063703401334,7.459039010838751,24,29321.332809899355,29399.582485944207,experiment,FIFO,0.28,0,variant_3
8329,INSPECTION_1_3,INSPECTION_1_3_LINE,29394.36735206449,2.2439051311230287,8,2.2439051311230287,73.03454216513637,5.215133879715722,24,29321.332809899355,29399.582485944207,experiment,FIFO,0.28,0,variant_3
8329,INSPECTION_1_4,INSPECTION_1_4_LINE,29396.46492459304,2.09757252854979,9,2.09757252854979,75.13211469368616,3.117561351165932,24,29321.332809899355,29399.582485944207,experiment,FIFO,0.28,0,variant_3
8329,INSPECTION_1_5,INSPECTION_1_5_LINE,29398.362444400696,1.8975198076550441,10,1.8975198076550441,77.0296345013412,1.220041543510888,23,29321.332809899355,29399.582485944207,experiment,FIFO,0.28,0,variant_3
8329,INSPECTION_1_6,INSPECTION_1_6_LINE,29398.376482787982,0.014038387285836507,11,0.014038387285836507,77.04367288862704,1.2060031562250515,23,29321.332809899355,29399.582485944207,experiment,FIFO,0.28,0,variant_3
8329,INSPECTION_1_7,INSPECTION_1_7_LINE,29399.582485944207,1.2060031562250515,12,1.2060031562250515,78.2496760448521,0.0,22,29321.332809899355,29399.582485944207,experiment,FIFO,0.28,0,variant_3
8330,MOULDING_1,MOULDING_MACHINE_1,29337.615189093925,13.84284494059466,1,0.0,0.0,69.02077014743554,27,29337.615189093925,29406.63595924136,experiment,FIFO,0.28,0,variant_4
8330,ASSEMBLY_1_5,LINE_5_ASSEMBLY1,29339.832491870933,2.217302777007717,2,2.217302777007717,2.217302777007717,66.80346737042782,27,29337.615189093925,29406.63595924136,experiment,FIFO,0.28,0,variant_4
8330,ASSEMBLY_2_1,ASSEMBLY2_LINE_1,29370.530343410803,5.953806862082274,3,30.69785153986959,32.915154316877306,36.105615830558236,33,29337.615189093925,29406.63595924136,experiment,FIFO,0.28,0,variant_4
8330,SORTING,SORTING_ROBOT_1,29396.46936911735,3.7476951256794564,4,25.93902570654609,58.854180023423396,10.166590124012146,24,29337.615189093925,29406.63595924136,experiment,FIFO,0.28,0,variant_4
8330,PACKAGING_2,PACKAGING_LINE_2,29397.57763003672,1.1082609193726967,5,1.1082609193726967,59.96244094279609,9.058329204639449,23,29337.615189093925,29406.63595924136,experiment,FIFO,0.28,0,variant_4
8330,INSPECTION_1_1,INSPECTION_1_1_LINE,29397.82858969381,0.25095965708896983,6,0.25095965708896983,60.21340059988506,8.80736954755048,23,29337.615189093925,29406.63595924136,experiment,FIFO,0.28,0,variant_4
8330,INSPECTION_1_2,INSPECTION_1_2_LINE,29399.60353813608,1.7749484422711248,7,1.7749484422711248,61.98834904215619,7.032421105279354,22,29337.615189093925,29406.63595924136,experiment,FIFO,0.28,0,variant_4
8330,INSPECTION_1_3,INSPECTION_1_3_LINE,29399.831289320475,0.22775118439312791,8,0.22775118439312791,62.216100226549315,6.8046699208862265,22,29337.615189093925,29406.63595924136,experiment,FIFO,0.28,0,variant_4
8330,INSPECTION_1_3,INSPECTION_1_3_LINE,29399.927454486344,0.09616516586902435,9,0.09616516586902435,62.31226539241834,6.708504755017202,22,29337.615189093925,29406.63595924136,experiment,FIFO,0.28,0,variant_4
8330,INSPECTION_1_4,INSPECTION_1_4_LINE,29401.132255094188,0.9395426231749298,10,1.2048006078439357,63.517066000262275,5.503704147173266,19,29337.615189093925,29406.63595924136,experiment,FIFO,0.28,0,variant_4
8330,INSPECTION_1_5,INSPECTION_1_5_LINE,29402.85721710591,0.6443737980625883,11,1.7249620117218,65.24202801198408,3.7787421354514663,19,29337.615189093925,29406.63595924136,experiment,FIFO,0.28,0,variant_4
8330,INSPECTION_1_6,INSPECTION_1_6_LINE,29404.876302237302,2.019085131392785,12,2.019085131392785,67.26111314337686,1.7596570040586812,20,29337.615189093925,29406.63595924136,experiment,FIFO,0.28,0,variant_4
8330,INSPECTION_1_7,INSPECTION_1_7_LINE,29406.63595924136,1.7596570040586812,13,1.7596570040586812,69.02077014743554,0.0,22,29337.615189093925,29406.63595924136,experiment,FIFO,0.28,0,variant_4
8331,MOULDING_2,MOULDING_MACHINE_2,29332.13653815598,3.0351837366615655,1,0.0,0.0,93.9112902031593,27,29332.13653815598,29426.04782835914,experiment,FIFO,0.28,0,variant_3
8331,ASSEMBLY_1_3,LINE_3_ASSEMBLY1,29351.47555332229,19.339015166307945,2,19.339015166307945,19.339015166307945,74.57227503685135,32,29332.13653815598,29426.04782835914,experiment,FIFO,0.28,0,variant_3
8331,ASSEMBLY_2_2,ASSEMBLY2_LINE_2,29372.82482780389,9.895280216129322,3,21.349274481599423,40.68828964790737,53.22300055525193,32,29332.13653815598,29426.04782835914,experiment,FIFO,0.28,0,variant_3
8331,SORTING,SORTING_ROBOT_1,29404.9460433444,1.714133414428943,4,32.12121554051191,72.80950518841928,21.101785014740017,20,29332.13653815598,29426.04782835914,experiment,FIFO,0.28,0,variant_3
8331,PACKAGING_1,PACKAGING_LINE_1,29413.76456942382,1.7625389888416976,5,8.818526079419826,81.6280312678391,12.283258935320191,24,29332.13653815598,29426.04782835914,experiment,FIFO,0.28,0,variant_3
8331,INSPECTION_2_1,INSPECTION_2_1_LINE,29414.14512002683,0.38055060301121557,6,0.38055060301121557,82.00858187085032,11.902708332308976,24,29332.13653815598,29426.04782835914,experiment,FIFO,0.28,0,variant_3
8331,INSPECTION_2_2,INSPECTION_2_2_LINE,29416.14056585457,1.9954458277388767,7,1.9954458277388767,84.0040276985892,9.907262504570099,25,29332.13653815598,29426.04782835914,experiment,FIFO,0.28,0,variant_3
8331,INSPECTION_2_3,INSPECTION_2_3_LINE,29418.065153238287,1.924587383717153,8,1.924587383717153,85.92861508230635,7.982675120852946,25,29332.13653815598,29426.04782835914,experiment,FIFO,0.28,0,variant_3
8331,INSPECTION_2_4,INSPECTION_2_4_LINE,29419.74588145765,1.6807282193622086,9,1.6807282193622086,87.60934330166856,6.301946901490737,25,29332.13653815598,29426.04782835914,experiment,FIFO,0.28,0,variant_3
8331,INSPECTION_2_5,INSPECTION_2_5_LINE,29420.7794536636,1.0335722059498949,10,1.0335722059498949,88.64291550761845,5.268374695540842,25,29332.13653815598,29426.04782835914,experiment,FIFO,0.28,0,variant_3
8331,INSPECTION_2_6,INSPECTION_2_6_LINE,29425.169022408965,4.3895687453659775,11,4.3895687453659775,93.03248425298443,0.8788059501748648,25,29332.13653815598,29426.04782835914,experiment,FIFO,0.28,0,variant_3
8331,INSPECTION_2_7,INSPECTION_2_7_LINE,29426.04782835914,0.8788059501748648,12,0.8788059501748648,93.9112902031593,0.0,23,29332.13653815598,29426.04782835914,experiment,FIFO,0.28,0,variant_3
8332,MOULDING_1,MOULDING_MACHINE_1,29345.041236618967,7.426047525041213,1,0.0,0.0,80.45238645080462,29,29345.041236618967,29425.49362306977,experiment,FIFO,0.28,0,variant_3
8332,ASSEMBLY_1_4,LINE_4_ASSEMBLY1,29350.45615342479,5.41491680582476,2,5.41491680582476,5.41491680582476,75.03746964497986,32,29345.041236618967,29425.49362306977,experiment,FIFO,0.28,0,variant_3
8332,ASSEMBLY_2_1,ASSEMBLY2_LINE_1,29375.33693277488,3.081909588399867,3,24.880779350089142,30.2956961559139,50.15669029489072,32,29345.041236618967,29425.49362306977,experiment,FIFO,0.28,0,variant_3
8332,SORTING,SORTING_ROBOT_1,29415.875702667054,10.929659322653606,4,40.53876989217315,70.83446604808705,9.617920402717573,25,29345.041236618967,29425.49362306977,experiment,FIFO,0.28,0,variant_3
8332,PACKAGING_3,PACKAGING_LINE_3,29416.144718441425,0.26901577437092783,5,0.26901577437092783,71.10348182245798,9.348904628346645,25,29345.041236618967,29425.49362306977,experiment,FIFO,0.28,0,variant_3
8332,PACKAGING_3,PACKAGING_LINE_3,29416.74972600041,0.6050075589846529,6,0.6050075589846529,71.70848938144263,8.743897069361992,25,29345.041236618967,29425.49362306977,experiment,FIFO,0.28,0,variant_3
8332,INSPECTION_1_1,INSPECTION_1_1_LINE,29419.216693762555,2.4669677621459414,7,2.4669677621459414,74.17545714358857,6.276929307216051,25,29345.041236618967,29425.49362306977,experiment,FIFO,0.28,0,variant_3
8332,INSPECTION_1_2,INSPECTION_1_2_LINE,29419.281882181047,0.0651884184917435,8,0.0651884184917435,74.24064556208032,6.211740888724307,25,29345.041236618967,29425.49362306977,experiment,FIFO,0.28,0,variant_3
8332,INSPECTION_1_3,INSPECTION_1_3_LINE,29421.60110737296,2.3192251919135742,9,2.3192251919135742,76.55987075399389,3.892515696810733,24,29345.041236618967,29425.49362306977,experiment,FIFO,0.28,0,variant_3
8332,INSPECTION_1_4,INSPECTION_1_4_LINE,29421.97731729603,0.3762099230698368,10,0.3762099230698368,76.93608067706373,3.5163057737408963,24,29345.041236618967,29425.49362306977,experiment,FIFO,0.28,0,variant_3
8332,INSPECTION_1_5,INSPECTION_1_5_LINE,29421.980400169665,0.0030828736344119534,11,0.0030828736344119534,76.93916355069814,3.5132229001064843,24,29345.041236618967,29425.49362306977,experiment,FIFO,0.28,0,variant_3
8332,INSPECTION_1_6,INSPECTION_1_6_LINE,29422.35034700348,0.36994683381635696,12,0.36994683381635696,77.3091103845145,3.1432760662901273,24,29345.041236618967,29425.49362306977,experiment,FIFO,0.28,0,variant_3
8332,INSPECTION_1_7,INSPECTION_1_7_LINE,29425.49362306977,3.1432760662901273,13,3.1432760662901273,80.45238645080462,0.0,24,29345.041236618967,29425.49362306977,experiment,FIFO,0.28,0,variant_3
8333,MOULDING_1,MOULDING_MACHINE_1,29349.75493305153,4.7136964325618464,1,0.0,0.0,90.68142593755329,32,29349.75493305153,29440.43635898908,experiment,FIFO,0.28,0,variant_1
8333,ASSEMBLY_1_5,LINE_5_ASSEMBLY1,29363.3154467868,13.560513735272252,2,13.560513735272252,13.560513735272252,77.12091220228103,32,29349.75493305153,29440.43635898908,experiment,FIFO,0.28,0,variant_1
8333,ASSEMBLY_2_2,ASSEMBLY2_LINE_2,29386.887577755577,1.5076840356341563,3,23.572130968776037,37.13264470404829,53.548781233505,25,29349.75493305153,29440.43635898908,experiment,FIFO,0.28,0,variant_1
8333,SORTING,SORTING_ROBOT_1,29423.30870951049,1.3731017720238015,4,36.421131754912494,73.55377645896078,17.127649478592502,24,29349.75493305153,29440.43635898908,experiment,FIFO,0.28,0,variant_1
8333,PACKAGING_3,PACKAGING_LINE_3,29429.33647481534,5.38275659961073,5,6.027765304850618,79.5815417638114,11.099884173741884,25,29349.75493305153,29440.43635898908,experiment,FIFO,0.28,0,variant_1
8333,INSPECTION_2_1,INSPECTION_2_1_LINE,29429.600576501864,0.2641016865236452,6,0.2641016865236452,79.84564345033505,10.83578248721824,26,29349.75493305153,29440.43635898908,experiment,FIFO,0.28,0,variant_1
8333,INSPECTION_2_2,INSPECTION_2_2_LINE,29433.857220658567,4.25664415670326,7,4.25664415670326,84.1022876070383,6.579138330514979,26,29349.75493305153,29440.43635898908,experiment,FIFO,0.28,0,variant_1
8333,INSPECTION_2_3,INSPECTION_2_3_LINE,29436.76056396739,2.903343308822514,8,2.903343308822514,87.00563091586082,3.6757950216924655,26,29349.75493305153,29440.43635898908,experiment,FIFO,0.28,0,variant_1
8333,INSPECTION_2_4,INSPECTION_2_4_LINE,29437.34577000968,0.5852060422912473,9,0.5852060422912473,87.59083695815207,3.0905889794012182,26,29349.75493305153,29440.43635898908,experiment,FIFO,0.28,0,variant_1
8333,INSPECTION_2_5,INSPECTION_2_5_LINE,29437.428519418547,0.08274940886622062,10,0.08274940886622062,87.67358636701829,3.0078395705349976,26,29349.75493305153,29440.43635898908,experiment,FIFO,0.28,0,variant_1
8333,INSPECTION_2_6,INSPECTION_2_6_LINE,29438.998111787874,1.569592369327438,11,1.569592369327438,89.24317873634573,1.4382472012075596,27,29349.75493305153,29440.43635898908,experiment,FIFO,0.28,0,variant_1
8333,INSPECTION_2_7,INSPECTION_2_7_LINE,29440.43635898908,1.4382472012075596,12,1.4382472012075596,90.68142593755329,0.0,27,29349.75493305153,29440.43635898908,experiment,FIFO,0.28,0,variant_1
8334,MOULDING_3,MOULDING_MACHINE_3,29342.50024426565,9.354513406389742,1,0.0,0.0,70.83132127666977,28,29342.50024426565,29413.33156554232,experiment,FIFO,0.28,0,variant_6
8334,ASSEMBLY_1_1,LINE_1_ASSEMBLY1,29348.070020675023,5.569776409371116,2,5.569776409371116,5.569776409371116,65.26154486729865,30,29342.50024426565,29413.33156554232,experiment,FIFO,0.28,0,variant_6
8334,ASSEMBLY_2_2,ASSEMBLY2_LINE_2,29362.92954758776,14.859526912736328,3,14.859526912736328,20.429303322107444,50.402017954562325,32,29342.50024426565,29413.33156554232,experiment,FIFO,0.28,0,variant_6
8334,SORTING,SORTING_ROBOT_1,29386.330458254968,2.1513222322282672,4,23.400910667209246,43.83021398931669,27.00110728735308,25,29342.50024426565,29413.33156554232,experiment,FIFO,0.28,0,variant_6
8334,PACKAGING_1,PACKAGING_LINE_1,29399.79076990584,4.216830481273064,5,13.460311650873336,57.290525640190026,13.540795636479743,22,29342.50024426565,29413.33156554232,experiment,FIFO,0.28,0,variant_6
8334,INSPECTION_2_1,INSPECTION_2_1_LINE,29400.951164519924,1.160394614082179,6,1.160394614082179,58.450920254272205,12.380401022397564,19,29342.50024426565,29413.33156554232,experiment,FIFO,0.28,0,variant_6
8334,INSPECTION_2_2,INSPECTION_2_2_LINE,29401.397765513226,0.4466009933021269,7,0.4466009933021269,58.89752124757433,11.933800029095437,20,29342.50024426565,29413.33156554232,experiment,FIFO,0.28,0,variant_6
8334,INSPECTION_2_3,INSPECTION_2_3_LINE,29406.78374778926,5.385982276035065,8,5.385982276035065,64.2835035236094,6.547817753060372,22,29342.50024426565,29413.33156554232,experiment,FIFO,0.28,0,variant_6
8334,INSPECTION_2_4,INSPECTION_2_4_LINE,29408.46798533472,1.6842375454580178,9,1.6842375454580178,65.96774106906742,4.863580207602354,24,29342.50024426565,29413.33156554232,experiment,FIFO,0.28,0,variant_6
8334,INSPECTION_2_5,INSPECTION_2_5_LINE,29408.48385383916,0.015868504440732067,10,0.015868504440732067,65.98360957350815,4.847711703161622,24,29342.50024426565,29413.33156554232,experiment,FIFO,0.28,0,variant_6
8334,INSPECTION_2_6,INSPECTION_2_6_LINE,29412.331124857563,3.847271018403262,11,3.847271018403262,69.83088059191141,1.0004406847583596,25,29342.50024426565,29413.33156554232,experiment,FIFO,0.28,0,variant_6
8334,INSPECTION_2_7,INSPECTION_2_7_LINE,29413.33156554232,1.0004406847583596,12,1.0004406847583596,70.83132127666977,0.0,24,29342.50024426565,29413.33156554232,experiment,FIFO,0.28,0,variant_6
8335,MOULDING_1,MOULDING_MACHINE_1,29360.738035697,10.983102645470353,1,0.0,0.0,82.24984898960247,32,29360.738035697,29442.9878846866,experiment,FIFO,0.28,0,variant_5
8335,ASSEMBLY_1_3,LINE_3_ASSEMBLY1,29363.555830467936,2.8177947709373257,2,2.8177947709373257,2.8177947709373257,79.43205421866514,32,29360.738035697,29442.9878846866,experiment,FIFO,0.28,0,variant_5
8335,ASSEMBLY_2_2,ASSEMBLY2_LINE_2,29388.26891032497,1.381332569391816,3,24.713079857032426,27.53087462796975,54.71897436163272,25,29360.738035697,29442.9878846866,experiment,FIFO,0.28,0,variant_5
8335,SORTING,SORTING_ROBOT_1,29426.084432049567,2.775722539077833,4,37.81552172459851,65.34639635256826,16.903452637034206,23,29360.738035697,29442.9878846866,experiment,FIFO,0.28,0,variant_5
8335,PACKAGING_3,PACKAGING_LINE_3,29432.52645909608,3.1899842807397363,5,6.442027046512521,71.78842339908078,10.461425590521685,26,29360.738035697,29442.9878846866,experiment,FIFO,0.28,0,variant_5
8335,INSPECTION_2_1,INSPECTION_2_1_LINE,29434.39784539891,1.8713863028315245,6,1.8713863028315245,73.65980970191231,8.59003928769016,25,29360.738035697,29442.9878846866,experiment,FIFO,0.28,0,variant_5
8335,INSPECTION_2_2,INSPECTION_2_2_LINE,29434.91351934125,0.5156739423400722,7,0.5156739423400722,74.17548364425238,8.074365345350088,25,29360.738035697,29442.9878846866,experiment,FIFO,0.28,0,variant_5
8335,INSPECTION_2_3,INSPECTION_2_3_LINE,29437.22177484912,0.46121088173094904,8,2.3082555078690348,76.48373915212142,5.7661098374810535,26,29360.738035697,29442.9878846866,experiment,FIFO,0.28,0,variant_5
8335,INSPECTION_2_4,INSPECTION_2_4_LINE,29437.75145500175,0.4056849920707464,9,0.5296801526310446,77.01341930475246,5.236429684850009,26,29360.738035697,29442.9878846866,experiment,FIFO,0.28,0,variant_5
8335,INSPECTION_2_5,INSPECTION_2_5_LINE,29441.86144830573,4.1099933039804455,10,4.1099933039804455,81.1234126087329,1.1264363808695634,27,29360.738035697,29442.9878846866,experiment,FIFO,0.28,0,variant_5
8335,INSPECTION_2_6,INSPECTION_2_6_LINE,29442.832711433144,0.9712631274123851,11,0.9712631274123851,82.09467573614529,0.15517325345717836,27,29360.738035697,29442.9878846866,experiment,FIFO,0.28,0,variant_5
8335,INSPECTION_2_7,INSPECTION_2_7_LINE,29442.9878846866,0.15517325345717836,12,0.15517325345717836,82.24984898960247,0.0,26,29360.738035697,29442.9878846866,experiment,FIFO,0.28,0,variant_5
8336,MOULDING_4,MOULDING_MACHINE_4,29345.56761470756,4.924962647361099,1,0.0,0.0,75.29945732268243,30,29345.56761470756,29420.867072030243,experiment,FIFO,0.28,0,variant_6
8336,ASSEMBLY_1_2,LINE_2_ASSEMBLY1,29346.48261874189,0.9150040343301953,2,0.9150040343301953,0.9150040343301953,74.38445328835223,30,29345.56761470756,29420.867072030243,experiment,FIFO,0.28,0,variant_6
8336,ASSEMBLY_2_1,ASSEMBLY2_LINE_1,29372.25502318648,1.7246797756779415,3,25.772404444589483,26.68740847891968,48.61204884376275,33,29345.56761470756,29420.867072030243,experiment,FIFO,0.28,0,variant_6
8336,SORTING,SORTING_ROBOT_1,29403.23190992997,6.762540812622319,4,30.976886743490468,57.664295222410146,17.635162100272282,18,29345.56761470756,29420.867072030243,experiment,FIFO,0.28,0,variant_6
8336,PACKAGING_1,PACKAGING_LINE_1,29412.00203043498,6.371546221456811,5,8.770120505007071,66.43441572741722,8.865041595265211,25,29345.56761470756,29420.867072030243,experiment,FIFO,0.28,0,variant_6
8336,INSPECTION_1_1,INSPECTION_1_1_LINE,29412.93288124393,0.9308508089525276,6,0.9308508089525276,67.36526653636975,7.9341907863126835,25,29345.56761470756,29420.867072030243,experiment,FIFO,0.28,0,variant_6
8336,INSPECTION_1_2,INSPECTION_1_2_LINE,29412.935813171945,0.002931928014731966,7,0.002931928014731966,67.36819846438448,7.9312588582979515,25,29345.56761470756,29420.867072030243,experiment,FIFO,0.28,0,variant_6
8336,INSPECTION_1_3,INSPECTION_1_3_LINE,29413.10159646033,0.1657832883829542,8,0.1657832883829542,67.53398175276743,7.765475569914997,25,29345.56761470756,29420.867072030243,experiment,FIFO,0.28,0,variant_6
8336,INSPECTION_1_4,INSPECTION_1_4_LINE,29416.31548446907,3.2138880087404686,9,3.2138880087404686,70.7478697615079,4.551587561174529,25,29345.56761470756,29420.867072030243,experiment,FIFO,0.28,0,variant_6
8336,INSPECTION_1_5,INSPECTION_1_5_LINE,29416.360983766124,0.0454992970553576,10,0.0454992970553576,70.79336905856326,4.506088264119171,25,29345.56761470756,29420.867072030243,experiment,FIFO,0.28,0,variant_6
8336,INSPECTION_1_6,INSPECTION_1_6_LINE,29419.67833005011,3.3173462839840795,11,3.3173462839840795,74.11071534254734,1.1887419801350916,25,29345.56761470756,29420.867072030243,experiment,FIFO,0.28,0,variant_6
8336,INSPECTION_1_7,INSPECTION_1_7_LINE,29420.867072030243,1.1887419801350916,12,1.1887419801350916,75.29945732268243,0.0,24,29345.56761470756,29420.867072030243,experiment,FIFO,0.28,0,variant_6
8337,MOULDING_2,MOULDING_MACHINE_2,29348.33853626127,5.71043124562857,1,0.0,0.0,80.25548890581922,31,29348.33853626127,29428.59402516709,experiment,FIFO,0.28,0,variant_2
8337,ASSEMBLY_1_4,LINE_4_ASSEMBLY1,29350.64404348139,0.187890056597098,2,2.3055072201168514,2.3055072201168514,77.94998168570237,32,29348.33853626127,29428.59402516709,experiment,FIFO,0.28,0,variant_2
8337,ASSEMBLY_2_1,ASSEMBLY2_LINE_1,29382.46244163585,7.125508860968694,3,31.818398154460738,34.12390537457759,46.13158353124163,29,29348.33853626127,29428.59402516709,experiment,FIFO,0.28,0,variant_2
8337,SORTING,SORTING_ROBOT_1,29418.212478326343,2.3367756592888327,4,35.75003669049329,69.87394206507088,10.381546840748342,25,29348.33853626127,29428.59402516709,experiment,FIFO,0.28,0,variant_2
8337,PACKAGING_3,PACKAGING_LINE_3,29421.06548879814,2.853010471797461,5,2.853010471797461,72.72695253686834,7.528536368950881,24,29348.33853626127,29428.59402516709,experiment,FIFO,0.28,0,variant_2
8337,INSPECTION_1_1,INSPECTION_1_1_LINE,29422.18742248163,1.1219336834910791,6,1.1219336834910791,73.84888622035942,6.406602685459802,24,29348.33853626127,29428.59402516709,experiment,FIFO,0.28,0,variant_2
8337,INSPECTION_1_2,INSPECTION_1_2_LINE,29422.207195878105,0.01977339647419285,7,0.01977339647419285,73.86865961683361,6.386829288985609,24,29348.33853626127,29428.59402516709,experiment,FIFO,0.28,0,variant_2
8337,INSPECTION_1_3,INSPECTION_1_3_LINE,29424.579039893288,2.3718440151824325,8,2.3718440151824325,76.24050363201604,4.014985273803177,24,29348.33853626127,29428.59402516709,experiment,FIFO,0.28,0,variant_2
8337,INSPECTION_1_4,INSPECTION_1_4_LINE,29425.892589335468,1.3135494421803742,9,1.3135494421803742,77.55405307419642,2.7014358316228027,24,29348.33853626127,29428.59402516709,experiment,FIFO,0.28,0,variant_2
8337,INSPECTION_1_5,INSPECTION_1_5_LINE,29427.453276537944,1.5606872024764016,10,1.5606872024764016,79.11474027667282,1.140748629146401,24,29348.33853626127,29428.59402516709,experiment,FIFO,0.28,0,variant_2
8337,INSPECTION_1_6,INSPECTION_1_6_LINE,29427.82589868384,0.37262214589645737,11,0.37262214589645737,79.48736242256928,0.7681264832499437,24,29348.33853626127,29428.59402516709,experiment,FIFO,0.28,0,variant_2
8337,INSPECTION_1_7,INSPECTION_1_7_LINE,29428.59402516709,0.7681264832499437,12,0.7681264832499437,80.25548890581922,0.0,25,29348.33853626127,29428.59402516709,experiment,FIFO,0.28,0,variant_2
8338,MOULDING_3,MOULDING_MACHINE_3,29355.65201111584,8.47247752803014,1,0.0,0.0,78.66610017170387,35,29355.65201111584,29434.318111287543,experiment,FIFO,0.28,0,variant_5
8338,ASSEMBLY_1_1,LINE_1_ASSEMBLY1,29357.2713756408,1.6193645249622932,2,1.6193645249622932,1.6193645249622932,77.04673564674158,33,29355.65201111584,29434.318111287543,experiment,FIFO,0.28,0,variant_5
8338,ASSEMBLY_2_2,ASSEMBLY2_LINE_2,29385.379893719943,12.555065916054446,3,28.108518079141504,29.727882604103797,48.93821756760008,26,29355.65201111584,29434.318111287543,experiment,FIFO,0.28,0,variant_5
8338,SORTING,SORTING_ROBOT_1,29421.935607738465,3.723129412122944,4,36.55571401852285,66.28359662262665,12.382503549077228,24,29355.65201111584,29434.318111287543,experiment,FIFO,0.28,0,variant_5
8338,PACKAGING_3,PACKAGING_LINE_3,29423.95371821573,2.01811047726369,5,2.01811047726369,68.30170709989034,10.364393071813538,24,29355.65201111584,29434.318111287543,experiment,FIFO,0.28,0,variant_5
8338,INSPECTION_1_1,INSPECTION_1_1_LINE,29424.830561654515,0.8768434387857269,6,0.8768434387857269,69.17855053867606,9.487549633027811,24,29355.65201111584,29434.318111287543,experiment,FIFO,0.28,0,variant_5
8338,INSPECTION_1_2,INSPECTION_1_2_LINE,29425.19461694505,0.36405529053445207,7,0.36405529053445207,69.54260582921052,9.123494342493359,25,29355.65201111584,29434.318111287543,experiment,FIFO,0.28,0,variant_5
8338,INSPECTION_1_3,INSPECTION_1_3_LINE,29425.50036840608,0.30575146103001316,8,0.30575146103001316,69.84835729024053,8.817742881463346,24,29355.65201111584,29434.318111287543,experiment,FIFO,0.28,0,variant_5
8338,INSPECTION_1_4,INSPECTION_1_4_LINE,29427.455718312653,1.5631289771845331,9,1.9553499065732467,71.80370719681378,6.862392974890099,24,29355.65201111584,29434.318111287543,experiment,FIFO,0.28,0,variant_5
8338,INSPECTION_1_5,INSPECTION_1_5_LINE,29433.903457160934,6.447738848281006,10,6.447738848281006,78.25144604509478,0.4146541266090935,26,29355.65201111584,29434.318111287543,experiment,FIFO,0.28,0,variant_5
8338,INSPECTION_1_6,INSPECTION_1_6_LINE,29434.09387182853,0.1904146675951779,11,0.1904146675951779,78.44186071268996,0.22423945901391562,26,29355.65201111584,29434.318111287543,experiment,FIFO,0.28,0,variant_5
8338,INSPECTION_1_7,INSPECTION_1_7_LINE,29434.318111287543,0.22423945901391562,12,0.22423945901391562,78.66610017170387,0.0,25,29355.65201111584,29434.318111287543,experiment,FIFO,0.28,0,variant_5
8339,MOULDING_4,MOULDING_MACHINE_4,29352.65553833176,1.9962833484642033,1,0.0,0.0,98.60507344110738,33,29352.65553833176,29451.26061177287,experiment,FIFO,0.28,0,variant_5
8339,ASSEMBLY_1_5,LINE_5_ASSEMBLY1,29366.20538522997,2.889938443167921,2,13.549846898207761,13.549846898207761,85.05522654289962,33,29352.65553833176,29451.26061177287,experiment,FIFO,0.28,0,variant_5
8339,ASSEMBLY_2_2,ASSEMBLY2_LINE_2,29415.824768146427,27.55585782145863,3,49.61938291645856,63.16922981466632,35.435843626441056,25,29352.65553833176,29451.26061177287,experiment,FIFO,0.28,0,variant_5
8339,SORTING,SORTING_ROBOT_1,29439.014491859605,2.314539285398496,4,23.189723713177955,86.35895352784428,12.246119913263101,27,29352.65553833176,29451.26061177287,experiment,FIFO,0.28,0,variant_5
8339,PACKAGING_3,PACKAGING_LINE_3,29440.514872649263,1.5003807896573562,5,1.5003807896573562,87.85933431750163,10.745739123605745,27,29352.65553833176,29451.26061177287,experiment,FIFO,0.28,0,variant_5
8339,INSPECTION_2_1,INSPECTION_2_1_LINE,29443.855229714445,3.3403570651826158,6,3.3403570651826158,91.19969138268425,7.405382058423129,27,29352.65553833176,29451.26061177287,experiment,FIFO,0.28,0,variant_5
8339,INSPECTION_2_2,INSPECTION_2_2_LINE,29445.76887520977,1.913645495325909,7,1.913645495325909,93.11333687801016,5.49173656309722,26,29352.65553833176,29451.26061177287,experiment,FIFO,0.28,0,variant_5
8339,INSPECTION_2_3,INSPECTION_2_3_LINE,29446.286545207902,0.5176699981311685,8,0.5176699981311685,93.63100687614133,4.974066564966051,26,29352.65553833176,29451.26061177287,experiment,FIFO,0.28,0,variant_5
8339,INSPECTION_2_4,INSPECTION_2_4_LINE,29446.34883841321,0.062293205308378674,9,0.062293205308378674,93.6933000814497,4.911773359657673,26,29352.65553833176,29451.26061177287,experiment,FIFO,0.28,0,variant_5
8339,INSPECTION_2_5,INSPECTION_2_5_LINE,29448.25702674405,1.9081883308390388,10,1.9081883308390388,95.60148841228875,3.003585028818634,26,29352.65553833176,29451.26061177287,experiment,FIFO,0.28,0,variant_5
8339,INSPECTION_2_6,INSPECTION_2_6_LINE,29449.725078078096,1.4680513340463222,11,1.4680513340463222,97.06953974633507,1.5355336947723117,26,29352.65553833176,29451.26061177287,experiment,FIFO,0.28,0,variant_5
8339,INSPECTION_2_7,INSPECTION_2_7_LINE,29451.26061177287,0.055142100325610954,12,1.5355336947723117,98.60507344110738,0.0,25,29352.65553833176,29451.26061177287,experiment,FIFO,0.28,0,variant_5
8340,MOULDING_2,MOULDING_MACHINE_2,29353.53337052887,0.6133592993101047,1,0.0,0.0,87.09391481213606,34,29353.53337052887,29440.627285341005,experiment,FIFO,0.28,0,variant_3
8340,ASSEMBLY_1_2,LINE_2_ASSEMBLY1,29363.78754245073,10.254171921860689,2,10.254171921860689,10.254171921860689,76.83974289027537,33,29353.53337052887,29440.627285341005,experiment,FIFO,0.28,0,variant_3
8340,ASSEMBLY_2_1,ASSEMBLY2_LINE_1,29388.729423712564,6.266982076715067,3,24.94188126183508,35.19605318369577,51.897861628440296,25,29353.53337052887,29440.627285341005,experiment,FIFO,0.28,0,variant_3
8340,SORTING,SORTING_ROBOT_1,29427.833873313702,1.7494412641353847,4,39.104449601138185,74.30050278483395,12.79341202730211,24,29353.53337052887,29440.627285341005,experiment,FIFO,0.28,0,variant_3
8340,PACKAGING_2,PACKAGING_LINE_2,29433.185814627894,5.351941314191208,5,5.351941314191208,79.65244409902516,7.441470713110903,26,29353.53337052887,29440.627285341005,experiment,FIFO,0.28,0,variant_3
8340,INSPECTION_1_1,INSPECTION_1_1_LINE,29435.88729173005,2.7014771021567867,6,2.7014771021567867,82.35392120118195,4.739993610954116,26,29353.53337052887,29440.627285341005,experiment,FIFO,0.28,0,variant_3
8340,INSPECTION_1_2,INSPECTION_1_2_LINE,29436.674786401047,0.7874946709962387,7,0.7874946709962387,83.14141587217819,3.952498939957877,26,29353.53337052887,29440.627285341005,experiment,FIFO,0.28,0,variant_3
8340,INSPECTION_1_3,INSPECTION_1_3_LINE,29437.04520009418,0.3704136931337416,8,0.3704136931337416,83.51182956531193,3.5820852468241355,26,29353.53337052887,29440.627285341005,experiment,FIFO,0.28,0,variant_3
8340,INSPECTION_1_4,INSPECTION_1_4_LINE,29439.0465508889,2.0013507947187463,9,2.0013507947187463,85.51318036003067,1.5807344521053892,27,29353.53337052887,29440.627285341005,experiment,FIFO,0.28,0,variant_3
8340,INSPECTION_1_5,INSPECTION_1_5_LINE,29439.78843445464,0.7418835657408636,10,0.7418835657408636,86.25506392577154,0.8388508863645256,27,29353.53337052887,29440.627285341005,experiment,FIFO,0.28,0,variant_3
8340,INSPECTION_1_6,INSPECTION_1_6_LINE,29440.182989284112,0.3945548294723267,11,0.3945548294723267,86.64961875524386,0.444296056892199,28,29353.53337052887,29440.627285341005,experiment,FIFO,0.28,0,variant_3
8340,INSPECTION_1_7,INSPECTION_1_7_LINE,29440.627285341005,0.444296056892199,12,0.444296056892199,87.09391481213606,0.0,26,29353.53337052887,29440.627285341005,experiment,FIFO,0.28,0,variant_3
8341,MOULDING_1,MOULDING_MACHINE_1,29363.586472104107,2.848436407108238,1,0.0,0.0,83.65344913418448,33,29363.586472104107,29447.23992123829,experiment,FIFO,0.28,0,variant_1
8341,ASSEMBLY_1_1,LINE_1_ASSEMBLY1,29379.46216504976,15.87569294565401,2,15.87569294565401,15.87569294565401,67.77775618853047,31,29363.586472104107,29447.23992123829,experiment,FIFO,0.28,0,variant_1
8341,ASSEMBLY_2_1,ASSEMBLY2_LINE_1,29389.13896715301,0.40954344044439495,3,9.67680210324761,25.55249504890162,58.100954085282865,25,29363.586472104107,29447.23992123829,experiment,FIFO,0.28,0,variant_1
8341,SORTING,SORTING_ROBOT_1,29431.96190559264,4.128032278938917,4,42.82293843963271,68.37543348853433,15.278015645650157,26,29363.586472104107,29447.23992123829,experiment,FIFO,0.28,0,variant_1
8341,PACKAGING_2,PACKAGING_LINE_2,29438.45346020772,5.2676455798246025,5,6.491554615076893,74.86698810361122,8.786461030573264,26,29363.586472104107,29447.23992123829,experiment,FIFO,0.28,0,variant_1
8341,INSPECTION_1_1,INSPECTION_1_1_LINE,29439.57671239547,0.0958756680629449,6,1.1232521877500403,75.99024029136126,7.663208842823224,27,29363.586472104107,29447.23992123829,experiment,FIFO,0.28,0,variant_1
8341,INSPECTION_1_2,INSPECTION_1_2_LINE,29439.92663416581,0.2743157816839812,7,0.3499217703429167,76.34016206170418,7.313287072480307,28,29363.586472104107,29447.23992123829,experiment,FIFO,0.28,0,variant_1
8341,INSPECTION_1_3,INSPECTION_1_3_LINE,29442.76055553847,2.186747694046062,8,2.8339213726576418,79.17408343436182,4.479365699822665,27,29363.586472104107,29447.23992123829,experiment,FIFO,0.28,0,variant_1
8341,INSPECTION_1_4,INSPECTION_1_4_LINE,29443.323733195062,0.5631776565933251,9,0.5631776565933251,79.73726109095514,3.91618804322934,27,29363.586472104107,29447.23992123829,experiment,FIFO,0.28,0,variant_1
8341,INSPECTION_1_5,INSPECTION_1_5_LINE,29446.566132432286,3.242399237224163,10,3.242399237224163,82.9796603281793,0.6737888060051773,26,29363.586472104107,29447.23992123829,experiment,FIFO,0.28,0,variant_1
8341,INSPECTION_1_6,INSPECTION_1_6_LINE,29446.883355707872,0.3172232755860023,11,0.3172232755860023,83.29688360376531,0.35656553041917505,26,29363.586472104107,29447.23992123829,experiment,FIFO,0.28,0,variant_1
8341,INSPECTION_1_7,INSPECTION_1_7_LINE,29447.23992123829,0.35656553041917505,12,0.35656553041917505,83.65344913418448,0.0,25,29363.586472104107,29447.23992123829,experiment,FIFO,0.28,0,variant_1
8342,MOULDING_3,MOULDING_MACHINE_3,29365.489545127937,2.2992986137141997,1,0.0,0.0,90.1740562272389,33,29365.489545127937,29455.663601355176,experiment,FIFO,0.28,0,variant_3
8342,ASSEMBLY_1_3,LINE_3_ASSEMBLY1,29368.98396877573,3.4944236477931554,2,3.4944236477931554,3.4944236477931554,86.67963257944575,33,29365.489545127937,29455.663601355176,experiment,FIFO,0.28,0,variant_3
8342,ASSEMBLY_2_2,ASSEMBLY2_LINE_2,29428.91578493824,13.091016791811853,3,59.93181616250877,63.42623981030192,26.747816416936985,25,29365.489545127937,29455.663601355176,experiment,FIFO,0.28,0,variant_3
8342,SORTING,SORTING_ROBOT_1,29443.90059659926,1.7078728394189966,4,14.984811661019194,78.41105147132112,11.763004755917791,27,29365.489545127937,29455.663601355176,experiment,FIFO,0.28,0,variant_3
8342,PACKAGING_3,PACKAGING_LINE_3,29449.01236972093,5.111773121672741,5,5.111773121672741,83.52282459299386,6.65123163424505,26,29365.489545127937,29455.663601355176,experiment,FIFO,0.28,0,variant_3
8342,INSPECTION_1_1,INSPECTION_1_1_LINE,29449.195564991074,0.18319527014318737,6,0.18319527014318737,83.70601986313704,6.468036364101863,26,29365.489545127937,29455.663601355176,experiment,FIFO,0.28,0,variant_3
8342,INSPECTION_1_2,INSPECTION_1_2_LINE,29452.33425004601,3.138685054935195,7,3.138685054935195,86.84470491807224,3.329351309166668,27,29365.489545127937,29455.663601355176,experiment,FIFO,0.28,0,variant_3
8342,INSPECTION_1_3,INSPECTION_1_3_LINE,29453.10798855373,0.7737385077198269,8,0.7737385077198269,87.61844342579207,2.5556128014468413,26,29365.489545127937,29455.663601355176,experiment,FIFO,0.28,0,variant_3
8342,INSPECTION_1_4,INSPECTION_1_4_LINE,29453.731422487068,0.6234339333386743,9,0.6234339333386743,88.24187735913074,1.932178868108167,26,29365.489545127937,29455.663601355176,experiment,FIFO,0.28,0,variant_3
8342,INSPECTION_1_5,INSPECTION_1_5_LINE,29454.51341292544,0.7819904383723042,10,0.7819904383723042,89.02386779750304,1.1501884297358629,26,29365.489545127937,29455.663601355176,experiment,FIFO,0.28,0,variant_3
8342,INSPECTION_1_6,INSPECTION_1_6_LINE,29454.63137806165,0.11796513621084159,11,0.11796513621084159,89.14183293371389,1.0322232935250213,26,29365.489545127937,29455.663601355176,experiment,FIFO,0.28,0,variant_3
8342,INSPECTION_1_7,INSPECTION_1_7_LINE,29455.663601355176,1.0322232935250213,12,1.0322232935250213,90.1740562272389,0.0,25,29365.489545127937,29455.663601355176,experiment,FIFO,0.28,0,variant_3
8343,MOULDING_4,MOULDING_MACHINE_4,29370.858233060622,0.5443567344227631,1,0.0,0.0,92.50153007941844,34,29370.858233060622,29463.35976314004,experiment,FIFO,0.28,0,variant_4
8343,ASSEMBLY_1_4,LINE_4_ASSEMBLY1,29374.538270582307,3.680037521684426,2,3.680037521684426,3.680037521684426,88.82149255773402,32,29370.858233060622,29463.35976314004,experiment,FIFO,0.28,0,variant_4
8343,ASSEMBLY_2_2,ASSEMBLY2_LINE_2,29431.77208433868,2.856299400442367,3,57.23381375637473,60.913851278059155,31.58767880135929,26,29370.858233060622,29463.35976314004,experiment,FIFO,0.28,0,variant_4
8343,SORTING,SORTING_ROBOT_1,29445.80501764092,1.9044210416614078,4,14.032933302238234,74.94678458029739,17.554745499121054,26,29370.858233060622,29463.35976314004,experiment,FIFO,0.28,0,variant_4
8343,PACKAGING_3,PACKAGING_LINE_3,29451.658655065374,2.646285344442731,5,5.853637424454064,80.80042200475145,11.70110807466699,25,29370.858233060622,29463.35976314004,experiment,FIFO,0.28,0,variant_4
8343,INSPECTION_2_1,INSPECTION_2_1_LINE,29453.811826869223,0.4055453378241509,6,2.1531718038495455,82.953593808601,9.547936270817445,26,29370.858233060622,29463.35976314004,experiment,FIFO,0.28,0,variant_4
8343,INSPECTION_2_2,INSPECTION_2_2_LINE,29454.907134578712,1.0531816487819015,7,1.0953077094891341,84.04890151809013,8.45262856132831,26,29370.858233060622,29463.35976314004,experiment,FIFO,0.28,0,variant_4
8343,INSPECTION_2_3,INSPECTION_2_3_LINE,29457.030542621385,2.070080661756947,8,2.1234080426729633,86.1723095607631,6.329220518655347,25,29370.858233060622,29463.35976314004,experiment,FIFO,0.28,0,variant_4
8343,INSPECTION_2_4,INSPECTION_2_4_LINE,29457.35605014676,0.3255075253728137,9,0.3255075253728137,86.49781708613591,6.003712993282534,25,29370.858233060622,29463.35976314004,experiment,FIFO,0.28,0,variant_4
8343,INSPECTION_2_5,INSPECTION_2_5_LINE,29459.494378824034,1.8271135159266123,10,2.1383286772761494,88.63614576341206,3.8653843160063843,25,29370.858233060622,29463.35976314004,experiment,FIFO,0.28,0,variant_4
8343,INSPECTION_2_6,INSPECTION_2_6_LINE,29462.93605680712,1.8089633711897477,11,3.441677983086265,92.07782374649832,0.42370633292011917,24,29370.858233060622,29463.35976314004,experiment,FIFO,0.28,0,variant_4
8343,INSPECTION_2_7,INSPECTION_2_7_LINE,29463.35976314004,0.42370633292011917,12,0.42370633292011917,92.50153007941844,0.0,23,29370.858233060622,29463.35976314004,experiment,FIFO,0.28,0,variant_4
8344,MOULDING_3,MOULDING_MACHINE_3,29401.23126838115,25.2968999853656,1,0.0,0.0,62.69183300665827,20,29401.23126838115,29463.92310138781,experiment,FIFO,0.28,0,variant_3
8344,ASSEMBLY_1_4,LINE_4_ASSEMBLY1,29406.42637113344,5.195102752288221,2,5.195102752288221,5.195102752288221,57.49673025437005,23,29401.23126838115,29463.92310138781,experiment,FIFO,0.28,0,variant_3
8344,ASSEMBLY_2_2,ASSEMBLY2_LINE_2,29440.806337956725,9.034253618043294,3,34.37996682328594,39.57506957557416,23.11676343108411,26,29401.23126838115,29463.92310138781,experiment,FIFO,0.28,0,variant_3
8344,SORTING,SORTING_ROBOT_1,29448.008850350176,2.2038327092559484,4,7.202512393450888,46.77758196902505,15.914251037633221,26,29401.23126838115,29463.92310138781,experiment,FIFO,0.28,0,variant_3
8344,PACKAGING_1,PACKAGING_LINE_1,29454.941492057536,6.9326417073607445,5,6.9326417073607445,53.710223676385795,8.981609330272477,26,29401.23126838115,29463.92310138781,experiment,FIFO,0.28,0,variant_3
8344,INSPECTION_1_1,INSPECTION_1_1_LINE,29456.75218396956,1.8106919120218663,6,1.8106919120218663,55.52091558840766,7.17091741825061,25,29401.23126838115,29463.92310138781,experiment,FIFO,0.28,0,variant_3
8344,INSPECTION_1_2,INSPECTION_1_2_LINE,29460.15462792042,3.4024439508611977,7,3.4024439508611977,58.92335953926886,3.7684734673894127,25,29401.23126838115,29463.92310138781,experiment,FIFO,0.28,0,variant_3
8344,INSPECTION_1_3,INSPECTION_1_3_LINE,29460.555091385435,0.40046346501549124,8,0.40046346501549124,59.32382300428435,3.3680100023739215,25,29401.23126838115,29463.92310138781,experiment,FIFO,0.28,0,variant_3
8344,INSPECTION_1_4,INSPECTION_1_4_LINE,29461.035369190577,0.48027780514166807,9,0.48027780514166807,59.80410080942602,2.8877321972322534,25,29401.23126838115,29463.92310138781,experiment,FIFO,0.28,0,variant_3
8344,INSPECTION_1_5,INSPECTION_1_5_LINE,29462.06955164449,1.0341824539136724,10,1.0341824539136724,60.83828326333969,1.853549743318581,24,29401.23126838115,29463.92310138781,experiment,FIFO,0.28,0,variant_3
8344,INSPECTION_1_6,INSPECTION_1_6_LINE,29463.557394367195,1.4878427227049542,11,1.4878427227049542,62.326125986044644,0.3657070206136268,23,29401.23126838115,29463.92310138781,experiment,FIFO,0.28,0,variant_3
8344,INSPECTION_1_7,INSPECTION_1_7_LINE,29463.92310138781,0.3657070206136268,12,0.3657070206136268,62.69183300665827,0.0,22,29401.23126838115,29463.92310138781,experiment,FIFO,0.28,0,variant_3
8345,MOULDING_3,MOULDING_MACHINE_3,29403.52125242998,2.289984048828046,1,0.0,0.0,47.684217242564046,20,29403.52125242998,29451.205469672543,experiment,FIFO,0.28,0,variant_5
8345,ASSEMBLY_1_2,LINE_2_ASSEMBLY1,29409.51406679064,1.970910306321457,2,5.992814360663033,5.992814360663033,41.69140288190101,24,29403.52125242998,29451.205469672543,experiment,FIFO,0.28,0,variant_5
8345,ASSEMBLY_2_1,ASSEMBLY2_LINE_1,29411.646001074565,2.1319342839233286,3,2.1319342839233286,8.124748644586361,39.559468597977684,25,29403.52125242998,29451.205469672543,experiment,FIFO,0.28,0,variant_5
8345,SORTING,SORTING_ROBOT_1,29436.699952574207,2.1611750327683694,4,25.0539514996417,33.17870014422806,14.505517098335986,26,29403.52125242998,29451.205469672543,experiment,FIFO,0.28,0,variant_5
8345,PACKAGING_3,PACKAGING_LINE_3,29437.01747418435,0.31752161014446756,5,0.31752161014446756,33.49622175437253,14.187995488191518,26,29403.52125242998,29451.205469672543,experiment,FIFO,0.28,0,variant_5
8345,INSPECTION_2_1,INSPECTION_2_1_LINE,29438.35292366166,1.3354494773084298,6,1.3354494773084298,34.83167123168096,12.852546010883088,26,29403.52125242998,29451.205469672543,experiment,FIFO,0.28,0,variant_5
8345,INSPECTION_2_2,INSPECTION_2_2_LINE,29439.61583742417,1.2629137625117437,7,1.2629137625117437,36.0945849941927,11.589632248371345,27,29403.52125242998,29451.205469672543,experiment,FIFO,0.28,0,variant_5
8345,INSPECTION_2_3,INSPECTION_2_3_LINE,29440.01039142104,0.39455399686994497,8,0.39455399686994497,36.489138991062646,11.1950782515014,28,29403.52125242998,29451.205469672543,experiment,FIFO,0.28,0,variant_5
8345,INSPECTION_2_4,INSPECTION_2_4_LINE,29440.599706387984,0.5893149669427657,9,0.5893149669427657,37.07845395800541,10.605763284558634,27,29403.52125242998,29451.205469672543,experiment,FIFO,0.28,0,variant_5
8345,INSPECTION_2_5,INSPECTION_2_5_LINE,29441.92810281969,0.06665451395747368,10,1.3283964317051868,38.4068503897106,9.277366852853447,27,29403.52125242998,29451.205469672543,experiment,FIFO,0.28,0,variant_5
8345,INSPECTION_2_6,INSPECTION_2_6_LINE,29446.482099989247,3.6493885561030766,11,4.553997169557988,42.960847559268586,4.723369683295459,26,29403.52125242998,29451.205469672543,experiment,FIFO,0.28,0,variant_5
8345,INSPECTION_2_7,INSPECTION_2_7_LINE,29451.205469672543,4.723369683295459,12,4.723369683295459,47.684217242564046,0.0,26,29403.52125242998,29451.205469672543,experiment,FIFO,0.28,0,variant_5
8346,MOULDING_5,MOULDING_MACHINE_5,29393.89712834897,4.4124663076254365,1,0.0,0.0,58.44032312198033,24,29393.89712834897,29452.33745147095,experiment,FIFO,0.28,0,variant_5
8346,ASSEMBLY_1_3,LINE_3_ASSEMBLY1,29398.699328438608,4.802200089638063,2,4.802200089638063,4.802200089638063,53.638123032342264,23,29393.89712834897,29452.33745147095,experiment,FIFO,0.28,0,variant_5
8346,ASSEMBLY_2_1,ASSEMBLY2_LINE_1,29404.26704156401,5.567713125401497,3,5.567713125401497,10.36991321503956,48.07040990694077,20,29393.89712834897,29452.33745147095,experiment,FIFO,0.28,0,variant_5
8346,SORTING,SORTING_ROBOT_1,29433.19425866381,1.2323530711692001,4,28.927217099801055,39.297130314840615,19.143192807139712,26,29393.89712834897,29452.33745147095,experiment,FIFO,0.28,0,variant_5
8346,PACKAGING_1,PACKAGING_LINE_1,29441.67230074751,8.478042083697801,5,8.478042083697801,47.775172398538416,10.665150723441911,27,29393.89712834897,29452.33745147095,experiment,FIFO,0.28,0,variant_5
8346,INSPECTION_1_1,INSPECTION_1_1_LINE,29441.91318807948,0.2408873319727718,6,0.2408873319727718,48.01605973051119,10.42426339146914,27,29393.89712834897,29452.33745147095,experiment,FIFO,0.28,0,variant_5
8346,INSPECTION_1_2,INSPECTION_1_2_LINE,29441.92950511781,0.016317038327542832,7,0.016317038327542832,48.03237676883873,10.407946353141597,27,29393.89712834897,29452.33745147095,experiment,FIFO,0.28,0,variant_5
8346,INSPECTION_1_3,INSPECTION_1_3_LINE,29444.70790056585,1.9473450273799244,8,2.7783954480401007,50.81077221687883,7.629550905101496,27,29393.89712834897,29452.33745147095,experiment,FIFO,0.28,0,variant_5
8346,INSPECTION_1_4,INSPECTION_1_4_LINE,29445.16533238369,0.45743181784200715,9,0.45743181784200715,51.26820403472084,7.172119087259489,26,29393.89712834897,29452.33745147095,experiment,FIFO,0.28,0,variant_5
8346,INSPECTION_1_5,INSPECTION_1_5_LINE,29449.22771292852,2.6615804962348193,10,4.062380544830376,55.330584579551214,3.1097385424291133,26,29393.89712834897,29452.33745147095,experiment,FIFO,0.28,0,variant_5
8346,INSPECTION_1_6,INSPECTION_1_6_LINE,29451.09508731477,1.8673743862491392,11,1.8673743862491392,57.19795896580035,1.242364156179974,27,29393.89712834897,29452.33745147095,experiment,FIFO,0.28,0,variant_5
8346,INSPECTION_1_7,INSPECTION_1_7_LINE,29452.33745147095,1.242364156179974,12,1.242364156179974,58.44032312198033,0.0,26,29393.89712834897,29452.33745147095,experiment,FIFO,0.28,0,variant_5
8347,MOULDING_3,MOULDING_MACHINE_3,29405.747653696308,2.2264012663290487,1,0.0,0.0,111.18077554000774,22,29405.747653696308,29516.928429236315,experiment,FIFO,0.28,0,variant_5
8347,ASSEMBLY_1_4,LINE_4_ASSEMBLY1,29445.96820389124,39.541832757800876,2,40.220550194932,40.220550194932,70.96022534507574,26,29405.747653696308,29516.928429236315,experiment,FIFO,0.28,0,variant_5
8347,ASSEMBLY_2_2,ASSEMBLY2_LINE_2,29474.26858198072,2.463624065832846,3,28.300378089479636,68.52092828441164,42.659847255596105,20,29405.747653696308,29516.928429236315,experiment,FIFO,0.28,0,variant_5
8347,SORTING,SORTING_ROBOT_1,29489.310926510072,2.9032359280317905,4,15.042344529352704,83.56327281376434,27.6175027262434,23,29405.747653696308,29516.928429236315,experiment,FIFO,0.28,0,variant_5
8347,PACKAGING_1,PACKAGING_LINE_1,29504.784320590505,15.473394080432627,5,15.473394080432627,99.03666689419697,12.144108645810775,21,29405.747653696308,29516.928429236315,experiment,FIFO,0.28,0,variant_5
8347,INSPECTION_2_1,INSPECTION_2_1_LINE,29504.951549739853,0.1672291493487137,6,0.1672291493487137,99.20389604354568,11.976879496462061,21,29405.747653696308,29516.928429236315,experiment,FIFO,0.28,0,variant_5
8347,INSPECTION_2_2,INSPECTION_2_2_LINE,29505.832469948647,0.880920208794123,7,0.880920208794123,100.0848162523398,11.095959287667938,21,29405.747653696308,29516.928429236315,experiment,FIFO,0.28,0,variant_5
8347,INSPECTION_2_2,INSPECTION_2_2_LINE,29507.598729858262,1.766259909614746,8,1.766259909614746,101.85107616195455,9.329699378053192,20,29405.747653696308,29516.928429236315,experiment,FIFO,0.28,0,variant_5
8347,INSPECTION_2_3,INSPECTION_2_3_LINE,29508.47054661748,0.8718167592160171,9,0.8718167592160171,102.72289292117057,8.457882618837175,19,29405.747653696308,29516.928429236315,experiment,FIFO,0.28,0,variant_5
8347,INSPECTION_2_4,INSPECTION_2_4_LINE,29509.73540785969,1.2648612422126462,10,1.2648612422126462,103.98775416338322,7.193021376624529,19,29405.747653696308,29516.928429236315,experiment,FIFO,0.28,0,variant_5
8347,INSPECTION_2_5,INSPECTION_2_5_LINE,29511.642176645088,1.9067687853967072,11,1.9067687853967072,105.89452294877992,5.2862525912278215,19,29405.747653696308,29516.928429236315,experiment,FIFO,0.28,0,variant_5
8347,INSPECTION_2_6,INSPECTION_2_6_LINE,29515.3005967762,1.5729040562546288,12,3.658420131112507,109.55294307989243,1.6278324601153145,21,29405.747653696308,29516.928429236315,experiment,FIFO,0.28,0,variant_5
8347,INSPECTION_2_7,INSPECTION_2_7_LINE,29516.928429236315,1.6278324601153145,13,1.6278324601153145,111.18077554000774,0.0,20,29405.747653696308,29516.928429236315,experiment,FIFO,0.28,0,variant_5
8348,MOULDING_5,MOULDING_MACHINE_5,29395.245771499624,1.3486431506535155,1,0.0,0.0,49.73690541416363,25,29395.245771499624,29444.982676913787,experiment,FIFO,0.28,0,variant_2
8348,ASSEMBLY_1_2,LINE_2_ASSEMBLY1,29407.54315648432,12.297384984696691,2,12.297384984696691,12.297384984696691,37.43952042946694,24,29395.245771499624,29444.982676913787,experiment,FIFO,0.28,0,variant_2
8348,ASSEMBLY_2_1,ASSEMBLY2_LINE_1,29408.51769838713,0.9745419028113247,3,0.9745419028113247,13.271926887508016,36.464978526655614,24,29395.245771499624,29444.982676913787,experiment,FIFO,0.28,0,variant_2
8348,SORTING,SORTING_ROBOT_1,29434.53877754144,1.3445188776277064,4,26.02107915430679,39.293006041814806,10.443899372348824,25,29395.245771499624,29444.982676913787,experiment,FIFO,0.28,0,variant_2
8348,PACKAGING_3,PACKAGING_LINE_3,29436.191429599545,1.6526520581064688,5,1.6526520581064688,40.945658099921275,8.791247314242355,26,29395.245771499624,29444.982676913787,experiment,FIFO,0.28,0,variant_2
8348,INSPECTION_1_1,INSPECTION_1_1_LINE,29439.480836727405,3.2894071278606134,6,3.2894071278606134,44.23506522778189,5.501840186381742,27,29395.245771499624,29444.982676913787,experiment,FIFO,0.28,0,variant_2
8348,INSPECTION_1_2,INSPECTION_1_2_LINE,29439.652318384127,0.17148165672188043,7,0.17148165672188043,44.40654688450377,5.330358529659861,27,29395.245771499624,29444.982676913787,experiment,FIFO,0.28,0,variant_2
8348,INSPECTION_1_3,INSPECTION_1_3_LINE,29440.573807844423,0.921489460295561,8,0.921489460295561,45.32803634479933,4.4088690693643,27,29395.245771499624,29444.982676913787,experiment,FIFO,0.28,0,variant_2
8348,INSPECTION_1_4,INSPECTION_1_4_LINE,29441.66198009185,1.0881722474259732,9,1.0881722474259732,46.4162085922253,3.320696821938327,27,29395.245771499624,29444.982676913787,experiment,FIFO,0.28,0,variant_2
8348,INSPECTION_1_5,INSPECTION_1_5_LINE,29441.81003508336,0.14805499151043477,10,0.14805499151043477,46.56426358373574,3.1726418304278923,27,29395.245771499624,29444.982676913787,experiment,FIFO,0.28,0,variant_2
8348,INSPECTION_1_6,INSPECTION_1_6_LINE,29443.12993576932,1.3199006859613291,11,1.3199006859613291,47.88416426969707,1.8527411444665631,26,29395.245771499624,29444.982676913787,experiment,FIFO,0.28,0,variant_2
8348,INSPECTION_1_7,INSPECTION_1_7_LINE,29444.982676913787,1.8527411444665631,12,1.8527411444665631,49.73690541416363,0.0,26,29395.245771499624,29444.982676913787,experiment,FIFO,0.28,0,variant_2
8349,MOULDING_5,MOULDING_MACHINE_5,29403.31564362601,8.069872126387054,1,0.0,0.0,67.12227195884043,19,29403.31564362601,29470.43791558485,experiment,FIFO,0.28,0,variant_2
8349,ASSEMBLY_1_3,LINE_3_ASSEMBLY1,29407.19537851508,3.8797348890693684,2,3.8797348890693684,3.8797348890693684,63.24253706977106,23,29403.31564362601,29470.43791558485,experiment,FIFO,0.28,0,variant_2
8349,ASSEMBLY_2_2,ASSEMBLY2_LINE_2,29452.769481638443,11.963143681718066,3,45.574103123362875,49.45383801243224,17.668433946408186,26,29403.31564362601,29470.43791558485,experiment,FIFO,0.28,0,variant_2
8349,SORTING,SORTING_ROBOT_1,29459.397361385563,4.815559708953515,4,6.62787974712046,56.0817177595527,11.040554199287726,25,29403.31564362601,29470.43791558485,experiment,FIFO,0.28,0,variant_2
8349,PACKAGING_2,PACKAGING_LINE_2,29461.95103693177,2.5536755462053407,5,2.5536755462053407,58.63539330575804,8.486878653082385,24,29403.31564362601,29470.43791558485,experiment,FIFO,0.28,0,variant_2
8349,INSPECTION_2_1,INSPECTION_2_1_LINE,29462.3763019924,0.4252650606322277,6,0.4252650606322277,59.06065836639027,8.061613592450158,24,29403.31564362601,29470.43791558485,experiment,FIFO,0.28,0,variant_2
8349,INSPECTION_2_2,INSPECTION_2_2_LINE,29464.817106963223,2.440804970821773,7,2.440804970821773,61.501463337212044,5.620808621628385,22,29403.31564362601,29470.43791558485,experiment,FIFO,0.28,0,variant_2
8349,INSPECTION_2_3,INSPECTION_2_3_LINE,29466.222679320195,1.405572356972698,8,1.405572356972698,62.90703569418474,4.215236264655687,22,29403.31564362601,29470.43791558485,experiment,FIFO,0.28,0,variant_2
8349,INSPECTION_2_4,INSPECTION_2_4_LINE,29466.62957789185,0.4068985716548923,9,0.4068985716548923,63.313934265839634,3.8083376930007944,22,29403.31564362601,29470.43791558485,experiment,FIFO,0.28,0,variant_2
8349,INSPECTION_2_5,INSPECTION_2_5_LINE,29469.01592099648,2.386343104630214,10,2.386343104630214,65.70027737046985,1.4219945883705805,23,29403.31564362601,29470.43791558485,experiment,FIFO,0.28,0,variant_2
8349,INSPECTION_2_6,INSPECTION_2_6_LINE,29469.214774036154,0.1988530396738497,11,0.1988530396738497,65.8991304101437,1.2231415486967308,22,29403.31564362601,29470.43791558485,experiment,FIFO,0.28,0,variant_2
8349,INSPECTION_2_7,INSPECTION_2_7_LINE,29470.43791558485,0.12096363240561914,12,1.2231415486967308,67.12227195884043,0.0,20,29403.31564362601,29470.43791558485,experiment,FIFO,0.28,0,variant_2
8350,MOULDING_1,MOULDING_MACHINE_1,29405.00237667208,8.183165005339106,1,0.0,0.0,91.63250509037971,21,29405.00237667208,29496.63488176246,experiment,FIFO,0.28,0,variant_2
8350,ASSEMBLY_1_3,LINE_3_ASSEMBLY1,29409.38407355703,2.188695041950268,2,4.381696884949633,4.381696884949633,87.25080820543008,24,29405.00237667208,29496.63488176246,experiment,FIFO,0.28,0,variant_2
8350,ASSEMBLY_2_2,ASSEMBLY2_LINE_2,29463.61359592585,10.844114287407137,3,54.229522368819744,58.61121925376938,33.02128583661033,23,29405.00237667208,29496.63488176246,experiment,FIFO,0.28,0,variant_2
8350,SORTING,SORTING_ROBOT_1,29471.922989510986,0.004075809185451362,4,8.309393585135695,66.92061283890507,24.711892251474637,20,29405.00237667208,29496.63488176246,experiment,FIFO,0.28,0,variant_2
8350,PACKAGING_1,PACKAGING_LINE_1,29481.00988750289,0.08853108984840219,5,9.086897991903243,76.00751083080831,15.624994259571395,20,29405.00237667208,29496.63488176246,experiment,FIFO,0.28,0,variant_2
8350,INSPECTION_1_1,INSPECTION_1_1_LINE,29483.93387434199,0.4719348237995291,6,2.923986839101417,78.93149766990973,12.701007420469978,23,29405.00237667208,29496.63488176246,experiment,FIFO,0.28,0,variant_2
8350,INSPECTION_1_2,INSPECTION_1_2_LINE,29485.97088030593,1.9201237338784267,7,2.0370059639390092,80.96850363384874,10.664001456530968,22,29405.00237667208,29496.63488176246,experiment,FIFO,0.28,0,variant_2
8350,INSPECTION_1_3,INSPECTION_1_3_LINE,29488.666140377,2.6952600710719707,8,2.6952600710719707,83.66376370492071,7.968741385458998,22,29405.00237667208,29496.63488176246,experiment,FIFO,0.28,0,variant_2
8350,INSPECTION_1_4,INSPECTION_1_4_LINE,29489.824277231983,1.1581368549814215,9,1.1581368549814215,84.82190055990213,6.810604530477576,23,29405.00237667208,29496.63488176246,experiment,FIFO,0.28,0,variant_2
8350,INSPECTION_1_5,INSPECTION_1_5_LINE,29491.717841651727,0.9518127168084902,10,1.8935644197445072,86.71546497964664,4.917040110733069,22,29405.00237667208,29496.63488176246,experiment,FIFO,0.28,0,variant_2
8350,INSPECTION_1_6,INSPECTION_1_6_LINE,29492.019697195163,0.3018555434355221,11,0.3018555434355221,87.01732052308216,4.615184567297547,22,29405.00237667208,29496.63488176246,experiment,FIFO,0.28,0,variant_2
8350,INSPECTION_1_6,INSPECTION_1_6_LINE,29492.700955759803,0.33115356587586575,12,0.6812585646403022,87.69857908772246,3.9339260026572447,23,29405.00237667208,29496.63488176246,experiment,FIFO,0.28,0,variant_2
8350,INSPECTION_1_7,INSPECTION_1_7_LINE,29496.63488176246,2.5300379690816044,13,3.9339260026572447,91.63250509037971,0.0,22,29405.00237667208,29496.63488176246,experiment,FIFO,0.28,0,variant_2
8351,MOULDING_3,MOULDING_MACHINE_3,29407.15031410605,1.4026604097416566,1,0.0,0.0,112.56970755647126,23,29407.15031410605,29519.72002166252,experiment,FIFO,0.28,0,variant_1
8351,ASSEMBLY_1_4,LINE_4_ASSEMBLY1,29457.987327106,9.417244199030392,2,50.837012999949366,50.837012999949366,61.73269455652189,25,29407.15031410605,29519.72002166252,experiment,FIFO,0.28,0,variant_1
8351,ASSEMBLY_2_2,ASSEMBLY2_LINE_2,29495.18283906615,11.477942840403557,3,37.195511960151634,88.032524960101,24.537182596370258,22,29407.15031410605,29519.72002166252,experiment,FIFO,0.28,0,variant_1
8351,SORTING,SORTING_ROBOT_1,29504.312263760094,1.260868251320062,4,9.129424693943292,97.16194965404429,15.407757902426965,21,29407.15031410605,29519.72002166252,experiment,FIFO,0.28,0,variant_1
8351,PACKAGING_3,PACKAGING_LINE_3,29506.98776939808,2.6755056379879534,5,2.6755056379879534,99.83745529203225,12.732252264439012,21,29407.15031410605,29519.72002166252,experiment,FIFO,0.28,0,variant_1
8351,INSPECTION_1_1,INSPECTION_1_1_LINE,29507.228407176524,0.24063777844276046,6,0.24063777844276046,100.078093070475,12.491614485996251,20,29407.15031410605,29519.72002166252,experiment,FIFO,0.28,0,variant_1
8351,INSPECTION_1_2,INSPECTION_1_2_LINE,29513.91940553905,2.430999202588282,7,6.690998362526443,106.76909143300145,5.800616123469808,21,29407.15031410605,29519.72002166252,experiment,FIFO,0.28,0,variant_1
8351,INSPECTION_1_3,INSPECTION_1_3_LINE,29514.653970276537,0.7345647374859254,8,0.7345647374859254,107.50365617048737,5.066051385983883,20,29407.15031410605,29519.72002166252,experiment,FIFO,0.28,0,variant_1
8351,INSPECTION_1_4,INSPECTION_1_4_LINE,29516.46116491788,1.8071946413438127,9,1.8071946413438127,109.31085081183119,3.2588567446400702,21,29407.15031410605,29519.72002166252,experiment,FIFO,0.28,0,variant_1
8351,INSPECTION_1_5,INSPECTION_1_5_LINE,29517.46512268091,1.0039577630304848,10,1.0039577630304848,110.31480857486167,2.2548989816095855,19,29407.15031410605,29519.72002166252,experiment,FIFO,0.28,0,variant_1
8351,INSPECTION_1_6,INSPECTION_1_6_LINE,29517.788328235125,0.3232055542139278,11,0.3232055542139278,110.6380141290756,1.9316934273956576,18,29407.15031410605,29519.72002166252,experiment,FIFO,0.28,0,variant_1
8351,INSPECTION_1_7,INSPECTION_1_7_LINE,29519.72002166252,1.9316934273956576,12,1.9316934273956576,112.56970755647126,0.0,16,29407.15031410605,29519.72002166252,experiment,FIFO,0.28,0,variant_1
8352,MOULDING_1,MOULDING_MACHINE_1,29407.35779075592,2.3554140838386957,1,0.0,0.0,110.23078161559533,24,29407.35779075592,29517.588572371515,experiment,FIFO,0.28,0,variant_3
8352,ASSEMBLY_1_4,LINE_4_ASSEMBLY1,29458.51430236073,0.5269752547319513,2,51.156511604811385,51.156511604811385,59.07427001078395,25,29407.35779075592,29517.588572371515,experiment,FIFO,0.28,0,variant_3
8352,ASSEMBLY_2_2,ASSEMBLY2_LINE_2,29503.856178705777,8.673339639626647,3,45.34187634504633,96.49838794985772,13.732393665737618,21,29407.35779075592,29517.588572371515,experiment,FIFO,0.28,0,variant_3
8352,SORTING,SORTING_ROBOT_1,29504.89088336237,0.5786196022745571,4,1.0347046565912024,97.53309260644892,12.697689009146416,21,29407.35779075592,29517.588572371515,experiment,FIFO,0.28,0,variant_3
8352,PACKAGING_2,PACKAGING_LINE_2,29505.660524138144,0.7696407757757697,5,0.7696407757757697,98.30273338222469,11.928048233370646,21,29407.35779075592,29517.588572371515,experiment,FIFO,0.28,0,variant_3
8352,INSPECTION_2_1,INSPECTION_2_1_LINE,29507.224136177498,1.5636120393537567,6,1.5636120393537567,99.86634542157844,10.36443619401689,20,29407.35779075592,29517.588572371515,experiment,FIFO,0.28,0,variant_3
8352,INSPECTION_2_2,INSPECTION_2_2_LINE,29507.94735407323,0.3486242149665486,7,0.723217895731068,100.58956331730951,9.641218298285821,20,29407.35779075592,29517.588572371515,experiment,FIFO,0.28,0,variant_3
8352,INSPECTION_2_3,INSPECTION_2_3_LINE,29508.653696971072,0.18315035359410103,8,0.7063428978435695,101.29590621515308,8.934875400442252,19,29407.35779075592,29517.588572371515,experiment,FIFO,0.28,0,variant_3
8352,INSPECTION_2_4,INSPECTION_2_4_LINE,29510.95080639216,1.2153985324694077,9,2.297109421087953,103.59301563624103,6.637765979354299,20,29407.35779075592,29517.588572371515,experiment,FIFO,0.28,0,variant_3
8352,INSPECTION_2_5,INSPECTION_2_5_LINE,29513.411906206373,1.769729561285203,10,2.4610998142125027,106.05411545045354,4.176666165141796,21,29407.35779075592,29517.588572371515,experiment,FIFO,0.28,0,variant_3
8352,INSPECTION_2_6,INSPECTION_2_6_LINE,29517.02225814841,1.721661372208473,11,3.610351942035777,109.66446739248931,0.5663142231060192,20,29407.35779075592,29517.588572371515,experiment,FIFO,0.28,0,variant_3
8352,INSPECTION_2_7,INSPECTION_2_7_LINE,29517.588572371515,0.5663142231060192,12,0.5663142231060192,110.23078161559533,0.0,18,29407.35779075592,29517.588572371515,experiment,FIFO,0.28,0,variant_3
8353,MOULDING_5,MOULDING_MACHINE_5,29415.29725870262,11.98161507660916,1,0.0,0.0,85.0230051071012,25,29415.29725870262,29500.32026380972,experiment,FIFO,0.28,0,variant_2
8353,ASSEMBLY_1_5,LINE_5_ASSEMBLY1,29420.40960823949,0.4924214330785617,2,5.11234953687017,5.11234953687017,79.91065557023103,25,29415.29725870262,29500.32026380972,experiment,FIFO,0.28,0,variant_2
8353,ASSEMBLY_2_2,ASSEMBLY2_LINE_2,29469.06929060829,3.4639922604510502,3,48.65968236880144,53.77203190567161,31.250973201429588,23,29415.29725870262,29500.32026380972,experiment,FIFO,0.28,0,variant_2
8353,SORTING,SORTING_ROBOT_1,29482.14805261563,4.406325494819612,4,13.07876200733881,66.85079391301042,18.172211194090778,21,29415.29725870262,29500.32026380972,experiment,FIFO,0.28,0,variant_2
8353,PACKAGING_1,PACKAGING_LINE_1,29482.802635476422,0.6545828607922886,5,0.6545828607922886,67.50537677380271,17.51762833329849,22,29415.29725870262,29500.32026380972,experiment,FIFO,0.28,0,variant_2
8353,INSPECTION_1_1,INSPECTION_1_1_LINE,29486.3744330508,0.7421872475024429,6,3.5717975743791612,71.07717434818187,13.945830758919328,22,29415.29725870262,29500.32026380972,experiment,FIFO,0.28,0,variant_2
8353,INSPECTION_1_2,INSPECTION_1_2_LINE,29488.35277124409,0.4464082720587612,7,1.9783381932866178,73.05551254146849,11.96749256563271,22,29415.29725870262,29500.32026380972,experiment,FIFO,0.28,0,variant_2
8353,INSPECTION_1_3,INSPECTION_1_3_LINE,29492.23969260394,1.3301868766648113,8,3.88692135985184,76.94243390132033,8.08057120578087,22,29415.29725870262,29500.32026380972,experiment,FIFO,0.28,0,variant_2
8353,INSPECTION_1_4,INSPECTION_1_4_LINE,29492.717296949653,0.4776043457131891,9,0.4776043457131891,77.42003824703352,7.602966860067681,23,29415.29725870262,29500.32026380972,experiment,FIFO,0.28,0,variant_2
8353,INSPECTION_1_5,INSPECTION_1_5_LINE,29493.83748489516,1.120187945507496,10,1.120187945507496,78.54022619254101,6.4827789145601855,22,29415.29725870262,29500.32026380972,experiment,FIFO,0.28,0,variant_2
8353,INSPECTION_1_6,INSPECTION_1_6_LINE,29493.885358285475,0.04787339031463489,11,0.04787339031463489,78.58809958285565,6.434905524245551,22,29415.29725870262,29500.32026380972,experiment,FIFO,0.28,0,variant_2
8353,INSPECTION_1_7,INSPECTION_1_7_LINE,29500.32026380972,3.6853820472606458,12,6.434905524245551,85.0230051071012,0.0,20,29415.29725870262,29500.32026380972,experiment,FIFO,0.28,0,variant_2
8354,MOULDING_4,MOULDING_MACHINE_4,29406.387684748915,0.09330473203590373,1,0.0,0.0,105.23922601371669,23,29406.387684748915,29511.626910762632,experiment,FIFO,0.28,0,variant_6
8354,ASSEMBLY_1_4,LINE_4_ASSEMBLY1,29448.57008290697,2.6018790157286276,2,42.18239815805282,42.18239815805282,63.05682785566387,26,29406.387684748915,29511.626910762632,experiment,FIFO,0.28,0,variant_6
8354,ASSEMBLY_2_2,ASSEMBLY2_LINE_2,29482.31954112754,7.54195605989662,3,33.749458220572706,75.93185637862553,29.307369635091163,22,29406.387684748915,29511.626910762632,experiment,FIFO,0.28,0,variant_6
8354,SORTING,SORTING_ROBOT_1,29490.91584110328,0.5548010392849392,4,8.596299975739385,84.52815635436491,20.71106965935178,22,29406.387684748915,29511.626910762632,experiment,FIFO,0.28,0,variant_6
8354,PACKAGING_3,PACKAGING_LINE_3,29493.74926865253,0.1533908534074726,5,2.8334275492488814,87.36158390361379,17.877642110102897,22,29406.387684748915,29511.626910762632,experiment,FIFO,0.28,0,variant_6
8354,INSPECTION_1_1,INSPECTION_1_1_LINE,29495.158436844493,0.6581816473335493,6,1.4091681919635448,88.77075209557734,16.468473918139352,22,29406.387684748915,29511.626910762632,experiment,FIFO,0.28,0,variant_6
8354,INSPECTION_1_2,INSPECTION_1_2_LINE,29496.279649010725,0.0816022477374645,7,1.1212121662319987,89.89196426180933,15.347261751907354,23,29406.387684748915,29511.626910762632,experiment,FIFO,0.28,0,variant_6
8354,INSPECTION_1_3,INSPECTION_1_3_LINE,29497.4636533319,0.976645387840108,8,1.1840043211741431,91.07596858298348,14.16325743073321,22,29406.387684748915,29511.626910762632,experiment,FIFO,0.28,0,variant_6
8354,INSPECTION_1_4,INSPECTION_1_4_LINE,29507.708710376904,1.3710712585343572,9,10.245057045005524,101.321025627989,3.918200385727687,20,29406.387684748915,29511.626910762632,experiment,FIFO,0.28,0,variant_6
8354,INSPECTION_1_5,INSPECTION_1_5_LINE,29509.017946390024,1.3092360131195164,10,1.3092360131195164,102.63026164110852,2.6089643726081704,19,29406.387684748915,29511.626910762632,experiment,FIFO,0.28,0,variant_6
8354,INSPECTION_1_6,INSPECTION_1_6_LINE,29511.38540778711,2.367461397087027,11,2.367461397087027,104.99772303819555,0.24150297552114353,20,29406.387684748915,29511.626910762632,experiment,FIFO,0.28,0,variant_6
8354,INSPECTION_1_7,INSPECTION_1_7_LINE,29511.626910762632,0.24150297552114353,12,0.24150297552114353,105.23922601371669,0.0,19,29406.387684748915,29511.626910762632,experiment,FIFO,0.28,0,variant_6
8355,MOULDING_3,MOULDING_MACHINE_3,29409.61743655961,0.8038546809220861,1,0.0,0.0,52.1563778126947,25,29409.61743655961,29461.773814372304,experiment,FIFO,0.28,0,variant_4
8355,ASSEMBLY_1_1,LINE_1_ASSEMBLY1,29416.94047569573,7.323039136121224,2,7.323039136121224,7.323039136121224,44.833338676573476,25,29409.61743655961,29461.773814372304,experiment,FIFO,0.28,0,variant_4
8355,ASSEMBLY_2_1,ASSEMBLY2_LINE_1,29417.83826133354,0.8977856378114666,3,0.8977856378114666,8.22082477393269,43.93555303876201,25,29409.61743655961,29461.773814372304,experiment,FIFO,0.28,0,variant_4
8355,SORTING,SORTING_ROBOT_1,29442.19272375984,3.1782319002340955,4,24.354462426297687,32.57528720023038,19.581090612464322,27,29409.61743655961,29461.773814372304,experiment,FIFO,0.28,0,variant_4
8355,PACKAGING_2,PACKAGING_LINE_2,29451.49207346509,9.299349705252098,5,9.299349705252098,41.874636905482475,10.281740907212225,25,29409.61743655961,29461.773814372304,experiment,FIFO,0.28,0,variant_4
8355,INSPECTION_2_1,INSPECTION_2_1_LINE,29453.4062815314,1.914208066307765,6,1.914208066307765,43.78884497179024,8.36753284090446,26,29409.61743655961,29461.773814372304,experiment,FIFO,0.28,0,variant_4
8355,INSPECTION_2_2,INSPECTION_2_2_LINE,29453.85395292993,0.4476713985313836,7,0.4476713985313836,44.236516370321624,7.919861442373076,26,29409.61743655961,29461.773814372304,experiment,FIFO,0.28,0,variant_4
8355,INSPECTION_2_3,INSPECTION_2_3_LINE,29454.96046195963,1.1065090296979179,8,1.1065090296979179,45.34302540001954,6.813352412675158,26,29409.61743655961,29461.773814372304,experiment,FIFO,0.28,0,variant_4
8355,INSPECTION_2_4,INSPECTION_2_4_LINE,29455.42538953466,0.46492757503074245,9,0.46492757503074245,45.807952975050284,6.348424837644416,26,29409.61743655961,29461.773814372304,experiment,FIFO,0.28,0,variant_4
8355,INSPECTION_2_5,INSPECTION_2_5_LINE,29457.667265308108,2.2418757734485553,10,2.2418757734485553,48.04982874849884,4.10654906419586,25,29409.61743655961,29461.773814372304,experiment,FIFO,0.28,0,variant_4
8355,INSPECTION_2_6,INSPECTION_2_6_LINE,29461.12709343593,3.4598281278231298,11,3.4598281278231298,51.50965687632197,0.6467209363727306,25,29409.61743655961,29461.773814372304,experiment,FIFO,0.28,0,variant_4
8355,INSPECTION_2_7,INSPECTION_2_7_LINE,29461.773814372304,0.6467209363727306,12,0.6467209363727306,52.1563778126947,0.0,24,29409.61743655961,29461.773814372304,experiment,FIFO,0.28,0,variant_4
8356,MOULDING_3,MOULDING_MACHINE_3,29425.15668151168,14.55868433843716,1,0.0,0.0,82.90118346832242,25,29425.15668151168,29508.05786498,experiment,FIFO,0.28,0,variant_4
8356,ASSEMBLY_1_2,LINE_2_ASSEMBLY1,29446.63034338659,21.473661874912068,2,21.473661874912068,21.473661874912068,61.42752159341035,26,29425.15668151168,29508.05786498,experiment,FIFO,0.28,0,variant_4
8356,ASSEMBLY_2_2,ASSEMBLY2_LINE_2,29474.777585067644,0.5090030869250768,3,28.147241681053856,49.620903555965924,33.28027991235649,20,29425.15668151168,29508.05786498,experiment,FIFO,0.28,0,variant_4
8356,SORTING,SORTING_ROBOT_1,29490.361040063995,1.0501135539234383,4,15.583454996351065,65.20435855231699,17.696824916005426,22,29425.15668151168,29508.05786498,experiment,FIFO,0.28,0,variant_4
8356,PACKAGING_2,PACKAGING_LINE_2,29493.616176743784,3.2551366797888477,5,3.2551366797888477,68.45949523210584,14.441688236216578,22,29425.15668151168,29508.05786498,experiment,FIFO,0.28,0,variant_4
8356,INSPECTION_1_1,INSPECTION_1_1_LINE,29494.50025519716,0.17143550565378973,6,0.8840784533749684,69.3435736854808,13.55760978284161,22,29425.15668151168,29508.05786498,experiment,FIFO,0.28,0,variant_4
8356,INSPECTION_1_2,INSPECTION_1_2_LINE,29496.198046762987,1.1494632863577863,7,1.6977915658280835,71.04136525130889,11.859818217013526,23,29425.15668151168,29508.05786498,experiment,FIFO,0.28,0,variant_4
8356,INSPECTION_1_3,INSPECTION_1_3_LINE,29496.48700794406,0.2889611810714996,8,0.2889611810714996,71.33032643238039,11.570857035942026,23,29425.15668151168,29508.05786498,experiment,FIFO,0.28,0,variant_4
8356,INSPECTION_1_4,INSPECTION_1_4_LINE,29506.33763911837,2.249268715731887,9,9.850631174311275,81.18095760669166,1.7202258616307518,21,29425.15668151168,29508.05786498,experiment,FIFO,0.28,0,variant_4
8356,INSPECTION_1_5,INSPECTION_1_5_LINE,29506.90791208128,0.5702729629083478,10,0.5702729629083478,81.75123056960001,1.149952898722404,21,29425.15668151168,29508.05786498,experiment,FIFO,0.28,0,variant_4
8356,INSPECTION_1_6,INSPECTION_1_6_LINE,29507.77991935659,0.8720072753130808,11,0.8720072753130808,82.62323784491309,0.27794562340932316,20,29425.15668151168,29508.05786498,experiment,FIFO,0.28,0,variant_4
8356,INSPECTION_1_7,INSPECTION_1_7_LINE,29508.05786498,0.27794562340932316,12,0.27794562340932316,82.90118346832242,0.0,19,29425.15668151168,29508.05786498,experiment,FIFO,0.28,0,variant_4
8357,MOULDING_1,MOULDING_MACHINE_1,29414.48633839956,1.1323193321222789,1,0.0,0.0,78.6331017959601,24,29414.48633839956,29493.11944019552,experiment,FIFO,0.28,0,variant_3
8357,ASSEMBLY_1_5,LINE_5_ASSEMBLY1,29419.91718680641,5.430848406849691,2,5.430848406849691,5.430848406849691,73.20225338911041,25,29414.48633839956,29493.11944019552,experiment,FIFO,0.28,0,variant_3
8357,ASSEMBLY_2_2,ASSEMBLY2_LINE_2,29465.60529834784,1.9917024219903396,3,45.68811154142895,51.11895994827864,27.514141847681458,22,29414.48633839956,29493.11944019552,experiment,FIFO,0.28,0,variant_3
8357,SORTING,SORTING_ROBOT_1,29474.82595385936,2.9029643483736436,4,9.220655511518999,60.33961545979764,18.29348633616246,20,29414.48633839956,29493.11944019552,experiment,FIFO,0.28,0,variant_3
8357,PACKAGING_3,PACKAGING_LINE_3,29480.61228327137,5.786329412010673,5,5.786329412010673,66.12594487180831,12.507156924151786,20,29414.48633839956,29493.11944019552,experiment,FIFO,0.28,0,variant_3
8357,INSPECTION_1_1,INSPECTION_1_1_LINE,29483.46193951819,2.849656246820814,6,2.849656246820814,68.97560111862913,9.657500677330972,22,29414.48633839956,29493.11944019552,experiment,FIFO,0.28,0,variant_3
8357,INSPECTION_1_2,INSPECTION_1_2_LINE,29484.05075657205,0.5888170538601116,7,0.5888170538601116,69.56441817248924,9.06868362347086,23,29414.48633839956,29493.11944019552,experiment,FIFO,0.28,0,variant_3
8357,INSPECTION_1_3,INSPECTION_1_3_LINE,29485.02022817357,0.9694716015183076,8,0.9694716015183076,70.53388977400755,8.099212021952553,22,29414.48633839956,29493.11944019552,experiment,FIFO,0.28,0,variant_3
8357,INSPECTION_1_4,INSPECTION_1_4_LINE,29486.569650119432,1.549421945863287,9,1.549421945863287,72.08331171987084,6.549790076089266,22,29414.48633839956,29493.11944019552,experiment,FIFO,0.28,0,variant_3
8357,INSPECTION_1_5,INSPECTION_1_5_LINE,29490.76602893492,4.196378815486241,10,4.196378815486241,76.27969053535708,2.353411260603025,22,29414.48633839956,29493.11944019552,experiment,FIFO,0.28,0,variant_3
8357,INSPECTION_1_6,INSPECTION_1_6_LINE,29491.54549772253,0.7794687876121316,11,0.7794687876121316,77.05915932296921,1.5739424729908933,22,29414.48633839956,29493.11944019552,experiment,FIFO,0.28,0,variant_3
8357,INSPECTION_1_7,INSPECTION_1_7_LINE,29493.11944019552,1.5739424729908933,12,1.5739424729908933,78.6331017959601,0.0,22,29414.48633839956,29493.11944019552,experiment,FIFO,0.28,0,variant_3
8358,MOULDING_3,MOULDING_MACHINE_3,29426.33455181657,1.1778703048912575,1,0.0,0.0,73.11415001870046,24,29426.33455181657,29499.44870183527,experiment,FIFO,0.28,0,variant_5
8358,ASSEMBLY_1_5,LINE_5_ASSEMBLY1,29435.62044479284,9.285892976269679,2,9.285892976269679,9.285892976269679,63.82825704243078,25,29426.33455181657,29499.44870183527,experiment,FIFO,0.28,0,variant_5
8358,ASSEMBLY_2_2,ASSEMBLY2_LINE_2,29469.97280093591,0.9035103276182781,3,34.35235614307021,43.63824911933989,29.475900899360568,22,29426.33455181657,29499.44870183527,experiment,FIFO,0.28,0,variant_5
8358,SORTING,SORTING_ROBOT_1,29484.991000135164,2.8429475195334817,4,15.018199199254013,58.6564483185939,14.457701700106554,22,29426.33455181657,29499.44870183527,experiment,FIFO,0.28,0,variant_5
8358,PACKAGING_3,PACKAGING_LINE_3,29492.943074161187,7.952074026023183,5,7.952074026023183,66.60852234461709,6.505627674083371,23,29426.33455181657,29499.44870183527,experiment,FIFO,0.28,0,variant_5
8358,INSPECTION_2_1,INSPECTION_2_1_LINE,29495.450530719787,2.507456558600097,6,2.507456558600097,69.11597890321718,3.9981711154832738,23,29426.33455181657,29499.44870183527,experiment,FIFO,0.28,0,variant_5
8358,INSPECTION_2_2,INSPECTION_2_2_LINE,29496.63957189658,1.1890411767926707,7,1.1890411767926707,70.30502008000985,2.809129938690603,22,29426.33455181657,29499.44870183527,experiment,FIFO,0.28,0,variant_5
8358,INSPECTION_2_3,INSPECTION_2_3_LINE,29498.06244004845,1.4228681518688973,8,1.4228681518688973,71.72788823187875,1.3862617868217058,22,29426.33455181657,29499.44870183527,experiment,FIFO,0.28,0,variant_5
8358,INSPECTION_2_4,INSPECTION_2_4_LINE,29498.27521805743,0.21277800898315036,9,0.21277800898315036,71.9406662408619,1.1734837778385554,22,29426.33455181657,29499.44870183527,experiment,FIFO,0.28,0,variant_5
8358,INSPECTION_2_5,INSPECTION_2_5_LINE,29498.48191518783,0.20669713039751514,10,0.20669713039751514,72.14736337125942,0.9667866474410403,22,29426.33455181657,29499.44870183527,experiment,FIFO,0.28,0,variant_5
8358,INSPECTION_2_6,INSPECTION_2_6_LINE,29499.192518316933,0.710603129104129,11,0.710603129104129,72.85796650036355,0.2561835183369112,22,29426.33455181657,29499.44870183527,experiment,FIFO,0.28,0,variant_5
8358,INSPECTION_2_7,INSPECTION_2_7_LINE,29499.44870183527,0.2561835183369112,12,0.2561835183369112,73.11415001870046,0.0,21,29426.33455181657,29499.44870183527,experiment,FIFO,0.28,0,variant_5
8359,MOULDING_2,MOULDING_MACHINE_2,29435.81114212113,17.620362746089086,1,0.0,0.0,44.350818574526784,26,29435.81114212113,29480.161960695656,experiment,FIFO,0.28,0,variant_6
8359,ASSEMBLY_1_3,LINE_3_ASSEMBLY1,29438.67544478651,2.8643026653808192,2,2.8643026653808192,2.8643026653808192,41.486515909145965,26,29435.81114212113,29480.161960695656,experiment,FIFO,0.28,0,variant_6
8359,ASSEMBLY_2_1,ASSEMBLY2_LINE_1,29450.945445836074,12.270001049564598,3,12.270001049564598,15.134303714945418,29.216514859581366,27,29435.81114212113,29480.161960695656,experiment,FIFO,0.28,0,variant_6
8359,SORTING,SORTING_ROBOT_1,29451.06553015369,0.12008431761569227,4,0.12008431761569227,15.25438803256111,29.096430541965674,27,29435.81114212113,29480.161960695656,experiment,FIFO,0.28,0,variant_6
8359,PACKAGING_1,PACKAGING_LINE_1,29468.28709568377,13.345603626232332,5,17.221565530078806,32.475953562639916,11.874865011886868,23,29435.81114212113,29480.161960695656,experiment,FIFO,0.28,0,variant_6
8359,INSPECTION_2_1,INSPECTION_2_1_LINE,29469.347694096472,1.060598412703257,6,1.060598412703257,33.53655197534317,10.814266599183611,22,29435.81114212113,29480.161960695656,experiment,FIFO,0.28,0,variant_6
8359,INSPECTION_2_2,INSPECTION_2_2_LINE,29470.415580611912,1.0678865154404775,7,1.0678865154404775,34.60443849078365,9.746380083743134,21,29435.81114212113,29480.161960695656,experiment,FIFO,0.28,0,variant_6
8359,INSPECTION_2_3,INSPECTION_2_3_LINE,29470.810094343764,0.3945137318514753,8,0.3945137318514753,34.998952222635126,9.351866351891658,20,29435.81114212113,29480.161960695656,experiment,FIFO,0.28,0,variant_6
8359,INSPECTION_2_4,INSPECTION_2_4_LINE,29471.40077356332,0.5906792195564776,9,0.5906792195564776,35.5896314421916,8.76118713233518,20,29435.81114212113,29480.161960695656,experiment,FIFO,0.28,0,variant_6
8359,INSPECTION_2_5,INSPECTION_2_5_LINE,29471.48734187904,0.08656831572079682,10,0.08656831572079682,35.6761997579124,8.674618816614384,20,29435.81114212113,29480.161960695656,experiment,FIFO,0.28,0,variant_6
8359,INSPECTION_2_6,INSPECTION_2_6_LINE,29471.985593409256,0.49825153021447477,11,0.49825153021447477,36.174451288126875,8.176367286399909,20,29435.81114212113,29480.161960695656,experiment,FIFO,0.28,0,variant_6
8359,INSPECTION_2_7,INSPECTION_2_7_LINE,29480.161960695656,8.176367286399909,12,8.176367286399909,44.350818574526784,0.0,20,29435.81114212113,29480.161960695656,experiment,FIFO,0.28,0,variant_6
8360,MOULDING_2,MOULDING_MACHINE_2,29441.38998316156,5.5788410404311435,1,0.0,0.0,77.10925081664027,27,29441.38998316156,29518.4992339782,experiment,FIFO,0.28,0,variant_2
8360,ASSEMBLY_1_2,LINE_2_ASSEMBLY1,29452.243820059804,0.9053087535357918,2,10.85383689824448,10.85383689824448,66.25541391839579,26,29441.38998316156,29518.4992339782,experiment,FIFO,0.28,0,variant_2
8360,ASSEMBLY_2_2,ASSEMBLY2_LINE_2,29483.704896225747,1.385355098205764,3,31.46107616594236,42.31491306418684,34.79433775245343,22,29441.38998316156,29518.4992339782,experiment,FIFO,0.28,0,variant_2
8360,SORTING,SORTING_ROBOT_1,29501.511498874745,3.8380845731371664,4,17.806602648997796,60.121515713184635,16.987735103455634,20,29441.38998316156,29518.4992339782,experiment,FIFO,0.28,0,variant_2
8360,PACKAGING_1,PACKAGING_LINE_1,29506.11001033267,1.3256897421670146,5,4.5985114579270885,64.72002717111172,12.389223645528546,22,29441.38998316156,29518.4992339782,experiment,FIFO,0.28,0,variant_2
8360,INSPECTION_2_1,INSPECTION_2_1_LINE,29507.75536339338,0.53122721588079,6,1.6453530607068387,66.36538023181856,10.743870584821707,20,29441.38998316156,29518.4992339782,experiment,FIFO,0.28,0,variant_2
8360,INSPECTION_2_2,INSPECTION_2_2_LINE,29509.55800577859,1.610651705359487,7,1.802642385209765,68.16802261702833,8.941228199611942,19,29441.38998316156,29518.4992339782,experiment,FIFO,0.28,0,variant_2
8360,INSPECTION_2_3,INSPECTION_2_3_LINE,29510.68969087139,1.13168509280149,8,1.13168509280149,69.29970770982982,7.809543106810452,20,29441.38998316156,29518.4992339782,experiment,FIFO,0.28,0,variant_2
8360,INSPECTION_2_4,INSPECTION_2_4_LINE,29513.7364659672,2.785659575038153,9,3.046775095808698,72.34648280563852,4.762768011001754,21,29441.38998316156,29518.4992339782,experiment,FIFO,0.28,0,variant_2
8360,INSPECTION_2_5,INSPECTION_2_5_LINE,29514.482492759616,0.7460267924179789,10,0.7460267924179789,73.0925095980565,4.016741218583775,20,29441.38998316156,29518.4992339782,experiment,FIFO,0.28,0,variant_2
8360,INSPECTION_2_6,INSPECTION_2_6_LINE,29517.559212216485,0.5369540680767386,11,3.0767194568688865,76.16922905492538,0.9400217617148883,19,29441.38998316156,29518.4992339782,experiment,FIFO,0.28,0,variant_2
8360,INSPECTION_2_7,INSPECTION_2_7_LINE,29518.4992339782,0.9106616066856077,12,0.9400217617148883,77.10925081664027,0.0,17,29441.38998316156,29518.4992339782,experiment,FIFO,0.28,0,variant_2
8361,MOULDING_2,MOULDING_MACHINE_2,29451.747376543142,10.35739338158237,1,0.0,0.0,106.58131858282286,26,29451.747376543142,29558.328695125965,experiment,FIFO,0.28,0,variant_5
8361,ASSEMBLY_1_4,LINE_4_ASSEMBLY1,29465.172539720264,3.6511853618649184,2,13.425163177122158,13.425163177122158,93.1561554057007,22,29451.747376543142,29558.328695125965,experiment,FIFO,0.28,0,variant_5
8361,ASSEMBLY_2_2,ASSEMBLY2_LINE_2,29521.14160411533,0.3576951586037467,3,55.96906439506711,69.39422757218927,37.187091010633594,16,29451.747376543142,29558.328695125965,experiment,FIFO,0.28,0,variant_5
8361,SORTING,SORTING_ROBOT_1,29525.812612275287,1.9448223532963311,4,4.671008159955818,74.06523573214508,32.516082850677776,16,29451.747376543142,29558.328695125965,experiment,FIFO,0.28,0,variant_5
8361,PACKAGING_2,PACKAGING_LINE_2,29551.206175645257,8.58577098646856,5,25.393563369969343,99.45879910211443,7.1225194807084335,17,29451.747376543142,29558.328695125965,experiment,FIFO,0.28,0,variant_5
8361,INSPECTION_1_1,INSPECTION_1_1_LINE,29551.81330368725,0.6071280419928371,6,0.6071280419928371,100.06592714410726,6.5153914387155965,18,29451.747376543142,29558.328695125965,experiment,FIFO,0.28,0,variant_5
8361,INSPECTION_1_2,INSPECTION_1_2_LINE,29551.988054625475,0.17475093822577037,7,0.17475093822577037,100.24067808233303,6.340640500489826,18,29451.747376543142,29558.328695125965,experiment,FIFO,0.28,0,variant_5
8361,INSPECTION_1_3,INSPECTION_1_3_LINE,29552.33518741277,0.34713278729395824,8,0.34713278729395824,100.58781086962699,5.993507713195868,18,29451.747376543142,29558.328695125965,experiment,FIFO,0.28,0,variant_5
8361,INSPECTION_1_4,INSPECTION_1_4_LINE,29553.58488738921,1.249699976440752,9,1.249699976440752,101.83751084606774,4.743807736755116,18,29451.747376543142,29558.328695125965,experiment,FIFO,0.28,0,variant_5
8361,INSPECTION_1_5,INSPECTION_1_5_LINE,29554.21612630993,0.6312389207196247,10,0.6312389207196247,102.46874976678737,4.112568816035491,18,29451.747376543142,29558.328695125965,experiment,FIFO,0.28,0,variant_5
8361,INSPECTION_1_6,INSPECTION_1_6_LINE,29556.125063156484,1.9089368465538428,11,1.9089368465538428,104.37768661334121,2.2036319694816484,19,29451.747376543142,29558.328695125965,experiment,FIFO,0.28,0,variant_5
8361,INSPECTION_1_7,INSPECTION_1_7_LINE,29558.328695125965,2.2036319694816484,12,2.2036319694816484,106.58131858282286,0.0,19,29451.747376543142,29558.328695125965,experiment,FIFO,0.28,0,variant_5
8362,MOULDING_3,MOULDING_MACHINE_3,29428.14201754914,1.1561010585792246,1,0.0,0.0,42.17493440330509,25,29428.14201754914,29470.316951952445,experiment,FIFO,0.28,0,variant_6
8362,ASSEMBLY_1_1,LINE_1_ASSEMBLY1,29439.509291130085,11.367273580945039,2,11.367273580945039,11.367273580945039,30.80766082236005,27,29428.14201754914,29470.316951952445,experiment,FIFO,0.28,0,variant_6
8362,ASSEMBLY_2_1,ASSEMBLY2_LINE_1,29451.561609245528,0.6161634094532928,3,12.052318115442176,23.419591696387215,18.755342706917872,25,29428.14201754914,29470.316951952445,experiment,FIFO,0.28,0,variant_6
8362,SORTING,SORTING_ROBOT_1,29454.58180167661,3.0201924310822506,4,3.0201924310822506,26.439784127469466,15.735150275835622,26,29428.14201754914,29470.316951952445,experiment,FIFO,0.28,0,variant_6
8362,PACKAGING_2,PACKAGING_LINE_2,29456.196846050272,1.6150443736623856,5,1.6150443736623856,28.05482850113185,14.120105902173236,25,29428.14201754914,29470.316951952445,experiment,FIFO,0.28,0,variant_6
8362,INSPECTION_2_1,INSPECTION_2_1_LINE,29456.52610715288,0.3292611026081431,6,0.3292611026081431,28.384089603739994,13.790844799565093,25,29428.14201754914,29470.316951952445,experiment,FIFO,0.28,0,variant_6
8362,INSPECTION_2_2,INSPECTION_2_2_LINE,29456.66900546936,0.1428983164805686,7,0.1428983164805686,28.526987920220563,13.647946483084525,25,29428.14201754914,29470.316951952445,experiment,FIFO,0.28,0,variant_6
8362,INSPECTION_2_3,INSPECTION_2_3_LINE,29457.2101344906,0.17959186921507353,8,0.5411290212396125,29.068116941460175,13.106817461844912,25,29428.14201754914,29470.316951952445,experiment,FIFO,0.28,0,variant_6
8362,INSPECTION_2_4,INSPECTION_2_4_LINE,29459.80147177216,2.44542162540165,9,2.5913372815593902,31.659454223019566,10.515480180285522,25,29428.14201754914,29470.316951952445,experiment,FIFO,0.28,0,variant_6
8362,INSPECTION_2_5,INSPECTION_2_5_LINE,29459.856612834035,0.055141061875474406,10,0.055141061875474406,31.71459528489504,10.460339118410047,25,29428.14201754914,29470.316951952445,experiment,FIFO,0.28,0,variant_6
8362,INSPECTION_2_6,INSPECTION_2_6_LINE,29463.46455597277,0.5284991656480997,11,3.60794313873339,35.32253842362843,6.852395979676658,23,29428.14201754914,29470.316951952445,experiment,FIFO,0.28,0,variant_6
8362,INSPECTION_2_7,INSPECTION_2_7_LINE,29470.316951952445,6.852395979676658,12,6.852395979676658,42.17493440330509,0.0,21,29428.14201754914,29470.316951952445,experiment,FIFO,0.28,0,variant_6
8363,MOULDING_1,MOULDING_MACHINE_1,29428.37674124541,1.0180300405991147,1,0.0,0.0,78.65849236086797,26,29428.37674124541,29507.03523360628,experiment,FIFO,0.28,0,variant_1
8363,ASSEMBLY_1_5,LINE_5_ASSEMBLY1,29436.664209583345,1.04376479050552,2,8.287468337934115,8.287468337934115,70.37102402293385,26,29428.37674124541,29507.03523360628,experiment,FIFO,0.28,0,variant_1
8363,ASSEMBLY_2_2,ASSEMBLY2_LINE_2,29471.804957914886,1.8321569789768546,3,35.140748331541545,43.42821666947566,35.23027569139231,20,29428.37674124541,29507.03523360628,experiment,FIFO,0.28,0,variant_1
8363,SORTING,SORTING_ROBOT_1,29486.40769058204,1.4166904468766006,4,14.60273266715376,58.03094933662942,20.62754302423855,22,29428.37674124541,29507.03523360628,experiment,FIFO,0.28,0,variant_1
8363,PACKAGING_3,PACKAGING_LINE_3,29493.59587779912,0.6528036379349942,5,7.188187217081577,65.219136553711,13.439355807156971,22,29428.37674124541,29507.03523360628,experiment,FIFO,0.28,0,variant_1
8363,INSPECTION_1_1,INSPECTION_1_1_LINE,29494.328819691505,0.7329418923836784,6,0.7329418923836784,65.95207844609467,12.706413914773293,22,29428.37674124541,29507.03523360628,experiment,FIFO,0.28,0,variant_1
8363,INSPECTION_1_2,INSPECTION_1_2_LINE,29495.04858347663,0.719763785124087,7,0.719763785124087,66.67184223121876,11.986650129649206,22,29428.37674124541,29507.03523360628,experiment,FIFO,0.28,0,variant_1
8363,INSPECTION_1_3,INSPECTION_1_3_LINE,29495.798582958145,0.7499994815152604,8,0.7499994815152604,67.42184171273402,11.236650648133946,23,29428.37674124541,29507.03523360628,experiment,FIFO,0.28,0,variant_1
8363,INSPECTION_1_4,INSPECTION_1_4_LINE,29504.08837040264,8.289787444493413,9,8.289787444493413,75.71162915722743,2.9468632036405324,21,29428.37674124541,29507.03523360628,experiment,FIFO,0.28,0,variant_1
8363,INSPECTION_1_5,INSPECTION_1_5_LINE,29505.2019486325,1.113578229862469,10,1.113578229862469,76.8252073870899,1.8332849737780634,21,29428.37674124541,29507.03523360628,experiment,FIFO,0.28,0,variant_1
8363,INSPECTION_1_6,INSPECTION_1_6_LINE,29506.86137689903,1.6594282665282662,11,1.6594282665282662,78.48463565361817,0.17385670724979718,21,29428.37674124541,29507.03523360628,experiment,FIFO,0.28,0,variant_1
8363,INSPECTION_1_7,INSPECTION_1_7_LINE,29507.03523360628,0.17385670724979718,12,0.17385670724979718,78.65849236086797,0.0,20,29428.37674124541,29507.03523360628,experiment,FIFO,0.28,0,variant_1
8364,MOULDING_1,MOULDING_MACHINE_1,29429.59377645251,1.2170352071007073,1,0.0,0.0,107.6398648869399,26,29429.59377645251,29537.23364133945,experiment,FIFO,0.28,0,variant_6
8364,ASSEMBLY_1_4,LINE_4_ASSEMBLY1,29460.771090244303,2.2567878835725423,2,31.177313791791676,31.177313791791676,76.46255109514823,25,29429.59377645251,29537.23364133945,experiment,FIFO,0.28,0,variant_6
8364,ASSEMBLY_2_2,ASSEMBLY2_LINE_2,29520.783908956728,16.927730250950844,3,60.01281871242463,91.19013250421631,16.449732382723596,16,29429.59377645251,29537.23364133945,experiment,FIFO,0.28,0,variant_6
8364,SORTING,SORTING_ROBOT_1,29523.86778992199,3.0838809652632335,4,3.0838809652632335,94.27401346947954,13.365851417460362,15,29429.59377645251,29537.23364133945,experiment,FIFO,0.28,0,variant_6
8364,PACKAGING_1,PACKAGING_LINE_1,29524.865449538927,0.9976596169362892,5,0.9976596169362892,95.27167308641583,12.368191800524073,16,29429.59377645251,29537.23364133945,experiment,FIFO,0.28,0,variant_6
8364,INSPECTION_1_1,INSPECTION_1_1_LINE,29527.93138095896,3.06593142003112,6,3.06593142003112,98.33760450644695,9.302260380492953,17,29429.59377645251,29537.23364133945,experiment,FIFO,0.28,0,variant_6
8364,INSPECTION_1_2,INSPECTION_1_2_LINE,29529.52965757336,1.5982766144006746,7,1.5982766144006746,99.93588112084763,7.7039837660922785,17,29429.59377645251,29537.23364133945,experiment,FIFO,0.28,0,variant_6
8364,INSPECTION_1_3,INSPECTION_1_3_LINE,29532.2545417966,2.724884223240224,8,2.724884223240224,102.66076534408785,4.979099542852055,18,29429.59377645251,29537.23364133945,experiment,FIFO,0.28,0,variant_6
8364,INSPECTION_1_4,INSPECTION_1_4_LINE,29533.13919755941,0.884655762809416,9,0.884655762809416,103.54542110689727,4.0944437800426385,18,29429.59377645251,29537.23364133945,experiment,FIFO,0.28,0,variant_6
8364,INSPECTION_1_5,INSPECTION_1_5_LINE,29533.254734735867,0.11553717645801953,10,0.11553717645801953,103.66095828335528,3.978906603584619,18,29429.59377645251,29537.23364133945,experiment,FIFO,0.28,0,variant_6
8364,INSPECTION_1_6,INSPECTION_1_6_LINE,29533.77814572032,0.5234109844532213,11,0.5234109844532213,104.1843692678085,3.4554956191313977,18,29429.59377645251,29537.23364133945,experiment,FIFO,0.28,0,variant_6
8364,INSPECTION_1_6,INSPECTION_1_6_LINE,29536.560896456864,2.782750736543676,12,2.782750736543676,106.96712000435218,0.6727448825877218,19,29429.59377645251,29537.23364133945,experiment,FIFO,0.28,0,variant_6
8364,INSPECTION_1_7,INSPECTION_1_7_LINE,29537.23364133945,0.6727448825877218,13,0.6727448825877218,107.6398648869399,0.0,18,29429.59377645251,29537.23364133945,experiment,FIFO,0.28,0,variant_6
8365,MOULDING_4,MOULDING_MACHINE_4,29438.84133923802,7.113581384390272,1,0.0,0.0,45.8372716731792,27,29438.84133923802,29484.6786109112,experiment,FIFO,0.28,0,variant_2
8365,ASSEMBLY_1_2,LINE_2_ASSEMBLY1,29451.33851130627,4.70816791967809,2,12.497172068247892,12.497172068247892,33.34009960493131,25,29438.84133923802,29484.6786109112,experiment,FIFO,0.28,0,variant_2
8365,ASSEMBLY_2_1,ASSEMBLY2_LINE_1,29458.419689832343,2.701318857172737,3,7.081178526073927,19.57835059432182,26.258921078857384,25,29438.84133923802,29484.6786109112,experiment,FIFO,0.28,0,variant_2
8365,SORTING,SORTING_ROBOT_1,29467.25793383139,6.11083819509804,4,8.838243999049155,28.416594593370974,17.42067707980823,22,29438.84133923802,29484.6786109112,experiment,FIFO,0.28,0,variant_2
8365,PACKAGING_2,PACKAGING_LINE_2,29471.946970364468,4.6890365330764325,5,4.6890365330764325,33.105631126447406,12.731640546731796,20,29438.84133923802,29484.6786109112,experiment,FIFO,0.28,0,variant_2
8365,INSPECTION_1_1,INSPECTION_1_1_LINE,29473.438581332302,1.4916109678342764,6,1.4916109678342764,34.59724209428168,11.24002957889752,19,29438.84133923802,29484.6786109112,experiment,FIFO,0.28,0,variant_2
8365,INSPECTION_1_2,INSPECTION_1_2_LINE,29475.64963368604,2.211052353737614,7,2.211052353737614,36.808294448019296,9.028977225159906,20,29438.84133923802,29484.6786109112,experiment,FIFO,0.28,0,variant_2
8365,INSPECTION_1_3,INSPECTION_1_3_LINE,29477.317792352143,1.668158666103409,8,1.668158666103409,38.476453114122705,7.360818559056497,20,29438.84133923802,29484.6786109112,experiment,FIFO,0.28,0,variant_2
8365,INSPECTION_1_4,INSPECTION_1_4_LINE,29478.160564668626,0.8427723164822964,9,0.8427723164822964,39.319225430605,6.518046242574201,20,29438.84133923802,29484.6786109112,experiment,FIFO,0.28,0,variant_2
8365,INSPECTION_1_5,INSPECTION_1_5_LINE,29478.40671872776,0.2461540591357334,10,0.2461540591357334,39.565379489740735,6.271892183438467,20,29438.84133923802,29484.6786109112,experiment,FIFO,0.28,0,variant_2
8365,INSPECTION_1_6,INSPECTION_1_6_LINE,29480.961090503853,2.5543717760920117,11,2.5543717760920117,42.11975126583275,3.7175204073464556,20,29438.84133923802,29484.6786109112,experiment,FIFO,0.28,0,variant_2
8365,INSPECTION_1_7,INSPECTION_1_7_LINE,29484.6786109112,3.7175204073464556,12,3.7175204073464556,45.8372716731792,0.0,22,29438.84133923802,29484.6786109112,experiment,FIFO,0.28,0,variant_2
8366,MOULDING_5,MOULDING_MACHINE_5,29443.227844688347,10.411687435567728,1,0.0,0.0,29.759629744417907,27,29443.227844688347,29472.987474432764,experiment,FIFO,0.28,0,variant_5
8366,ASSEMBLY_1_3,LINE_3_ASSEMBLY1,29453.52822176588,10.300377077532175,2,10.300377077532175,10.300377077532175,19.45925266688573,26,29443.227844688347,29472.987474432764,experiment,FIFO,0.28,0,variant_5
8366,ASSEMBLY_2_1,ASSEMBLY2_LINE_1,29458.65151803566,0.231828203315672,3,5.12329626977953,15.423673347311706,14.335956397106202,25,29443.227844688347,29472.987474432764,experiment,FIFO,0.28,0,variant_5
8366,SORTING,SORTING_ROBOT_1,29467.48278840489,0.2248545734983054,4,8.831270369231788,24.254943716543494,5.504686027874413,23,29443.227844688347,29472.987474432764,experiment,FIFO,0.28,0,variant_5
8366,PACKAGING_3,PACKAGING_LINE_3,29467.68991392148,0.20712551659016754,5,0.20712551659016754,24.46206923313366,5.297560511284246,23,29443.227844688347,29472.987474432764,experiment,FIFO,0.28,0,variant_5
8366,INSPECTION_1_1,INSPECTION_1_1_LINE,29468.396085456177,0.7061715346972051,6,0.7061715346972051,25.168240767830866,4.591388976587041,23,29443.227844688347,29472.987474432764,experiment,FIFO,0.28,0,variant_5
8366,INSPECTION_1_2,INSPECTION_1_2_LINE,29468.800630024867,0.40454456868974376,7,0.40454456868974376,25.57278533652061,4.186844407897297,23,29443.227844688347,29472.987474432764,experiment,FIFO,0.28,0,variant_5
8366,INSPECTION_1_3,INSPECTION_1_3_LINE,29469.11749869618,0.3168686713142961,8,0.3168686713142961,25.889654007834906,3.869975736583001,23,29443.227844688347,29472.987474432764,experiment,FIFO,0.28,0,variant_5
8366,INSPECTION_1_4,INSPECTION_1_4_LINE,29471.627533729024,2.5100350328430068,9,2.5100350328430068,28.399689040677913,1.3599407037399942,20,29443.227844688347,29472.987474432764,experiment,FIFO,0.28,0,variant_5
8366,INSPECTION_1_5,INSPECTION_1_5_LINE,29472.048831807613,0.4212980785887339,10,0.4212980785887339,28.820987119266647,0.9386426251512603,20,29443.227844688347,29472.987474432764,experiment,FIFO,0.28,0,variant_5
8366,INSPECTION_1_6,INSPECTION_1_6_LINE,29472.4558914257,0.4070596180863504,11,0.4070596180863504,29.228046737352997,0.5315830070649099,20,29443.227844688347,29472.987474432764,experiment,FIFO,0.28,0,variant_5
8366,INSPECTION_1_7,INSPECTION_1_7_LINE,29472.987474432764,0.5315830070649099,12,0.5315830070649099,29.759629744417907,0.0,19,29443.227844688347,29472.987474432764,experiment,FIFO,0.28,0,variant_5
8367,MOULDING_1,MOULDING_MACHINE_1,29439.85737136917,1.5959104583016597,1,0.0,0.0,29.311711217669654,28,29439.85737136917,29469.16908258684,experiment,FIFO,0.28,0,variant_1
8367,ASSEMBLY_1_3,LINE_3_ASSEMBLY1,29441.427088308174,1.5697169390041381,2,1.5697169390041381,1.5697169390041381,27.741994278665516,27,29439.85737136917,29469.16908258684,experiment,FIFO,0.28,0,variant_1
8367,ASSEMBLY_2_1,ASSEMBLY2_LINE_1,29455.71837097517,4.156761729642312,3,14.291282666996267,15.860999606000405,13.450711611669249,25,29439.85737136917,29469.16908258684,experiment,FIFO,0.28,0,variant_1
8367,SORTING,SORTING_ROBOT_1,29461.147095636294,1.7497342507303983,4,5.4287246611238515,21.289724267124257,8.021986950545397,25,29439.85737136917,29469.16908258684,experiment,FIFO,0.28,0,variant_1
8367,PACKAGING_2,PACKAGING_LINE_2,29462.675580909763,0.7245439779944718,5,1.528485273469414,22.81820954059367,6.493501677075983,24,29439.85737136917,29469.16908258684,experiment,FIFO,0.28,0,variant_1
8367,INSPECTION_1_1,INSPECTION_1_1_LINE,29463.107346997804,0.4317660880406038,6,0.4317660880406038,23.249975628634274,6.061735589035379,24,29439.85737136917,29469.16908258684,experiment,FIFO,0.28,0,variant_1
8367,INSPECTION_1_2,INSPECTION_1_2_LINE,29463.29219036845,0.18484337064728606,7,0.18484337064728606,23.43481899928156,5.876892218388093,24,29439.85737136917,29469.16908258684,experiment,FIFO,0.28,0,variant_1
8367,INSPECTION_1_3,INSPECTION_1_3_LINE,29464.176850465967,0.8846600975157344,8,0.8846600975157344,24.319479096797295,4.992232120872359,22,29439.85737136917,29469.16908258684,experiment,FIFO,0.28,0,variant_1
8367,INSPECTION_1_4,INSPECTION_1_4_LINE,29466.132539383936,1.9556889179693826,9,1.9556889179693826,26.275168014766678,3.036543202902976,22,29439.85737136917,29469.16908258684,experiment,FIFO,0.28,0,variant_1
8367,INSPECTION_1_5,INSPECTION_1_5_LINE,29466.876886893853,0.7443475099171337,10,0.7443475099171337,27.01951552468381,2.2921956929858425,22,29439.85737136917,29469.16908258684,experiment,FIFO,0.28,0,variant_1
8367,INSPECTION_1_6,INSPECTION_1_6_LINE,29468.693769722555,1.8168828287016368,11,1.8168828287016368,28.836398353385448,0.4753128642842057,23,29439.85737136917,29469.16908258684,experiment,FIFO,0.28,0,variant_1
8367,INSPECTION_1_7,INSPECTION_1_7_LINE,29469.16908258684,0.4753128642842057,12,0.4753128642842057,29.311711217669654,0.0,22,29439.85737136917,29469.16908258684,experiment,FIFO,0.28,0,variant_1
8368,MOULDING_1,MOULDING_MACHINE_1,29447.27283748177,2.9637387375296385,1,0.0,0.0,42.779240905125334,26,29447.27283748177,29490.052078386896,experiment,FIFO,0.28,0,variant_3
8368,ASSEMBLY_1_4,LINE_4_ASSEMBLY1,29461.5213543584,0.7502641140963533,2,14.248516876628855,14.248516876628855,28.53072402849648,25,29447.27283748177,29490.052078386896,experiment,FIFO,0.28,0,variant_3
8368,ASSEMBLY_2_1,ASSEMBLY2_LINE_1,29466.49513855217,4.97378419377128,3,4.97378419377128,19.222301070400135,23.5569398347252,22,29447.27283748177,29490.052078386896,experiment,FIFO,0.28,0,variant_3
8368,SORTING,SORTING_ROBOT_1,29477.74172712081,2.9157732614512497,4,11.246588568639709,30.468889639039844,12.31035126608549,20,29447.27283748177,29490.052078386896,experiment,FIFO,0.28,0,variant_3
8368,PACKAGING_3,PACKAGING_LINE_3,29484.64508918036,4.032805908991577,5,6.903362059551,37.372251698590844,5.40698920653449,23,29447.27283748177,29490.052078386896,experiment,FIFO,0.28,0,variant_3
8368,INSPECTION_2_1,INSPECTION_2_1_LINE,29484.92097402264,0.2758848422781739,6,0.2758848422781739,37.64813654086902,5.131104364256316,22,29447.27283748177,29490.052078386896,experiment,FIFO,0.28,0,variant_3
8368,INSPECTION_2_2,INSPECTION_2_2_LINE,29484.94998742612,0.029013403480348643,7,0.029013403480348643,37.67714994434937,5.102090960775968,22,29447.27283748177,29490.052078386896,experiment,FIFO,0.28,0,variant_3
8368,INSPECTION_2_3,INSPECTION_2_3_LINE,29487.07543088023,2.125443454111519,8,2.125443454111519,39.802593398460886,2.976647506664449,22,29447.27283748177,29490.052078386896,experiment,FIFO,0.28,0,variant_3
8368,INSPECTION_2_4,INSPECTION_2_4_LINE,29488.5299236049,1.4544927246679435,9,1.4544927246679435,41.25708612312883,1.5221547819965053,22,29447.27283748177,29490.052078386896,experiment,FIFO,0.28,0,variant_3
8368,INSPECTION_2_5,INSPECTION_2_5_LINE,29489.234976710093,0.7050531051936559,10,0.7050531051936559,41.962139228322485,0.8171016768028494,23,29447.27283748177,29490.052078386896,experiment,FIFO,0.28,0,variant_3
8368,INSPECTION_2_6,INSPECTION_2_6_LINE,29489.570834480524,0.3358577704311756,11,0.3358577704311756,42.29799699875366,0.4812439063716738,23,29447.27283748177,29490.052078386896,experiment,FIFO,0.28,0,variant_3
8368,INSPECTION_2_7,INSPECTION_2_7_LINE,29490.052078386896,0.4812439063716738,12,0.4812439063716738,42.779240905125334,0.0,22,29447.27283748177,29490.052078386896,experiment,FIFO,0.28,0,variant_3
8369,MOULDING_3,MOULDING_MACHINE_3,29450.31758649107,1.1088211836686241,1,0.0,0.0,43.78725730230872,27,29450.31758649107,29494.10484379338,experiment,FIFO,0.28,0,variant_4
8369,ASSEMBLY_1_2,LINE_2_ASSEMBLY1,29456.56067807872,4.316858018915809,2,6.2430915876502695,6.2430915876502695,37.54416571465845,25,29450.31758649107,29494.10484379338,experiment,FIFO,0.28,0,variant_4
8369,ASSEMBLY_2_1,ASSEMBLY2_LINE_1,29460.011920675614,1.3604026399552822,3,3.4512425968932803,9.69433418454355,34.09292311776517,25,29450.31758649107,29494.10484379338,experiment,FIFO,0.28,0,variant_4
8369,SORTING,SORTING_ROBOT_1,29471.9189137018,4.436125296910177,4,11.906993026186683,21.601327210730233,22.185930091578484,20,29450.31758649107,29494.10484379338,experiment,FIFO,0.28,0,variant_4
8369,PACKAGING_1,PACKAGING_LINE_1,29480.92135641304,9.002442711240292,5,9.002442711240292,30.603769921970525,13.183487380338192,20,29450.31758649107,29494.10484379338,experiment,FIFO,0.28,0,variant_4
8369,PACKAGING_1,PACKAGING_LINE_1,29481.45091901124,0.44103150835144334,6,0.5295625981998455,31.13333252017037,12.653924782138347,21,29450.31758649107,29494.10484379338,experiment,FIFO,0.28,0,variant_4
8369,INSPECTION_1_1,INSPECTION_1_1_LINE,29485.6322458033,1.6983714613088523,7,4.181326792058826,35.314659312229196,8.472597990079521,22,29450.31758649107,29494.10484379338,experiment,FIFO,0.28,0,variant_4
8369,INSPECTION_1_2,INSPECTION_1_2_LINE,29487.90636297203,1.9354826661001425,8,2.2741171687302995,37.588776480959496,6.1984808213492215,22,29450.31758649107,29494.10484379338,experiment,FIFO,0.28,0,variant_4
8369,INSPECTION_1_3,INSPECTION_1_3_LINE,29490.909505727275,2.2433653502739617,9,3.00314275524579,40.591919236205285,3.1953380661034316,22,29450.31758649107,29494.10484379338,experiment,FIFO,0.28,0,variant_4
8369,INSPECTION_1_4,INSPECTION_1_4_LINE,29491.18058248014,0.27107675286606536,10,0.27107675286606536,40.86299598907135,2.9242613132373663,22,29450.31758649107,29494.10484379338,experiment,FIFO,0.28,0,variant_4
8369,INSPECTION_1_5,INSPECTION_1_5_LINE,29491.86244388105,0.14460222932393663,11,0.6818614009098383,41.54485738998119,2.242399912327528,22,29450.31758649107,29494.10484379338,experiment,FIFO,0.28,0,variant_4
8369,INSPECTION_1_6,INSPECTION_1_6_LINE,29492.369802193927,0.35010499876443646,12,0.507358312876022,42.05221570285721,1.735041599451506,23,29450.31758649107,29494.10484379338,experiment,FIFO,0.28,0,variant_4
8369,INSPECTION_1_7,INSPECTION_1_7_LINE,29494.10484379338,0.98540359785693,13,1.735041599451506,43.78725730230872,0.0,22,29450.31758649107,29494.10484379338,experiment,FIFO,0.28,0,variant_4
8370,MOULDING_1,MOULDING_MACHINE_1,29452.28481742036,0.4106028269925446,1,0.0,0.0,62.13734733702222,27,29452.28481742036,29514.422164757383,experiment,FIFO,0.28,0,variant_1
8370,ASSEMBLY_1_4,LINE_4_ASSEMBLY1,29475.37437752286,10.201837802596856,2,23.0895601025004,23.0895601025004,39.04778723452182,20,29452.28481742036,29514.422164757383,experiment,FIFO,0.28,0,variant_1
8370,ASSEMBLY_2_1,ASSEMBLY2_LINE_1,29482.323247737808,6.94887021494651,3,6.94887021494651,30.03843031744691,32.09891701957531,22,29452.28481742036,29514.422164757383,experiment,FIFO,0.28,0,variant_1
8370,SORTING,SORTING_ROBOT_1,29493.849133219304,2.9332921160239493,4,11.525885481496516,41.564315798943426,20.573031538078794,22,29452.28481742036,29514.422164757383,experiment,FIFO,0.28,0,variant_1
8370,PACKAGING_2,PACKAGING_LINE_2,29498.110129081382,4.260995862077834,5,4.260995862077834,45.82531166102126,16.31203567600096,22,29452.28481742036,29514.422164757383,experiment,FIFO,0.28,0,variant_1
8370,INSPECTION_2_1,INSPECTION_2_1_LINE,29500.833063924616,2.7229348432338156,6,2.7229348432338156,48.548246504255076,13.589100832767144,20,29452.28481742036,29514.422164757383,experiment,FIFO,0.28,0,variant_1
8370,INSPECTION_2_2,INSPECTION_2_2_LINE,29501.51143681764,0.6783728930240613,7,0.6783728930240613,49.22661939727914,12.910727939743083,20,29452.28481742036,29514.422164757383,experiment,FIFO,0.28,0,variant_1
8370,INSPECTION_2_3,INSPECTION_2_3_LINE,29501.58500837562,0.0735715579794487,8,0.0735715579794487,49.300190955258586,12.837156381763634,20,29452.28481742036,29514.422164757383,experiment,FIFO,0.28,0,variant_1
8370,INSPECTION_2_4,INSPECTION_2_4_LINE,29503.17590250445,1.5908941288289498,9,1.5908941288289498,50.891085084087536,11.246262252934685,21,29452.28481742036,29514.422164757383,experiment,FIFO,0.28,0,variant_1
8370,INSPECTION_2_4,INSPECTION_2_4_LINE,29504.13181220344,0.6349420661754266,10,0.9559096989905811,51.84699478307812,10.290352553944103,21,29452.28481742036,29514.422164757383,experiment,FIFO,0.28,0,variant_1
8370,INSPECTION_2_5,INSPECTION_2_5_LINE,29508.435058604497,2.6371767720956996,11,4.3032464010575495,56.150241184135666,5.987106152886554,19,29452.28481742036,29514.422164757383,experiment,FIFO,0.28,0,variant_1
8370,INSPECTION_2_6,INSPECTION_2_6_LINE,29513.727692719945,5.292634115448891,12,5.292634115448891,61.44287529958456,0.694472037437663,21,29452.28481742036,29514.422164757383,experiment,FIFO,0.28,0,variant_1
8370,INSPECTION_2_7,INSPECTION_2_7_LINE,29514.422164757383,0.694472037437663,13,0.694472037437663,62.13734733702222,0.0,20,29452.28481742036,29514.422164757383,experiment,FIFO,0.28,0,variant_1
8371,MOULDING_2,MOULDING_MACHINE_2,29467.446933728414,1.1788963702019828,1,0.0,0.0,38.713502284175775,23,29467.446933728414,29506.16043601259,experiment,FIFO,0.28,0,variant_3
8371,ASSEMBLY_1_4,LINE_4_ASSEMBLY1,29479.07171323602,3.697335713157372,2,11.624779507605126,11.624779507605126,27.08872277657065,20,29467.446933728414,29506.16043601259,experiment,FIFO,0.28,0,variant_3
8371,ASSEMBLY_2_1,ASSEMBLY2_LINE_1,29482.91856145175,0.5953137139404134,3,3.846848215729551,15.471627723334677,23.241874560841097,22,29467.446933728414,29506.16043601259,experiment,FIFO,0.28,0,variant_3
8371,SORTING,SORTING_ROBOT_1,29497.673414301607,3.8242810823030595,4,14.754852849859162,30.22648057319384,8.487021710981935,22,29467.446933728414,29506.16043601259,experiment,FIFO,0.28,0,variant_3
8371,PACKAGING_2,PACKAGING_LINE_2,29500.26570299101,2.155573909629311,5,2.5922886894040857,32.818769262597925,5.894733021577849,21,29467.446933728414,29506.16043601259,experiment,FIFO,0.28,0,variant_3
8371,INSPECTION_2_1,INSPECTION_2_1_LINE,29500.8584769199,0.02541299528456875,6,0.5927739288890734,33.411543191487,5.301959092688776,20,29467.446933728414,29506.16043601259,experiment,FIFO,0.28,0,variant_3
8371,INSPECTION_2_2,INSPECTION_2_2_LINE,29501.52664985762,0.015213039980153553,7,0.6681729377196461,34.079716129206645,4.63378615496913,20,29467.446933728414,29506.16043601259,experiment,FIFO,0.28,0,variant_3
8371,INSPECTION_2_3,INSPECTION_2_3_LINE,29502.619741074606,1.0347326989867724,8,1.0930912169860676,35.17280734619271,3.540694937983062,21,29467.446933728414,29506.16043601259,experiment,FIFO,0.28,0,variant_3
8371,INSPECTION_2_4,INSPECTION_2_4_LINE,29503.496870137264,0.3209676328151545,9,0.8771290626573318,36.049936408850044,2.6635658753257303,21,29467.446933728414,29506.16043601259,experiment,FIFO,0.28,0,variant_3
8371,INSPECTION_2_5,INSPECTION_2_5_LINE,29505.7978818324,2.3010116951372765,10,2.3010116951372765,38.35094810398732,0.36255418018845376,21,29467.446933728414,29506.16043601259,experiment,FIFO,0.28,0,variant_3
8371,INSPECTION_2_6,INSPECTION_2_6_LINE,29505.893224766463,0.09534293406250072,11,0.09534293406250072,38.44629103804982,0.26721124612595304,22,29467.446933728414,29506.16043601259,experiment,FIFO,0.28,0,variant_3
8371,INSPECTION_2_7,INSPECTION_2_7_LINE,29506.16043601259,0.26721124612595304,12,0.26721124612595304,38.713502284175775,0.0,21,29467.446933728414,29506.16043601259,experiment,FIFO,0.28,0,variant_3
8372,MOULDING_2,MOULDING_MACHINE_2,29481.32178031239,13.87484658397807,1,0.0,0.0,103.92963692081685,21,29481.32178031239,29585.25141723321,experiment,FIFO,0.28,0,variant_4
8372,ASSEMBLY_1_3,LINE_3_ASSEMBLY1,29512.89539986124,31.57361954884982,2,31.57361954884982,31.57361954884982,72.35601737196703,20,29481.32178031239,29585.25141723321,experiment,FIFO,0.28,0,variant_4
8372,ASSEMBLY_2_2,ASSEMBLY2_LINE_2,29538.1700744242,3.5462371535031707,3,25.274674562959262,56.84829411180908,47.081342809007765,19,29481.32178031239,29585.25141723321,experiment,FIFO,0.28,0,variant_4
8372,SORTING,SORTING_ROBOT_1,29549.667647668088,9.884682271458587,4,11.497573243887018,68.3458673556961,35.58376956512075,19,29481.32178031239,29585.25141723321,experiment,FIFO,0.28,0,variant_4
8372,PACKAGING_3,PACKAGING_LINE_3,29571.71252250963,22.044874841543788,5,22.044874841543788,90.39074219723989,13.53889472357696,24,29481.32178031239,29585.25141723321,experiment,FIFO,0.28,0,variant_4
8372,INSPECTION_1_1,INSPECTION_1_1_LINE,29573.86748206237,0.5701239984628046,6,2.154959552739456,92.54570174997934,11.383935170837503,24,29481.32178031239,29585.25141723321,experiment,FIFO,0.28,0,variant_4
8372,INSPECTION_1_2,INSPECTION_1_2_LINE,29576.97974146913,2.269922417570342,7,3.1122594067601312,95.65796115673947,8.271675764077372,23,29481.32178031239,29585.25141723321,experiment,FIFO,0.28,0,variant_4
8372,INSPECTION_1_3,INSPECTION_1_3_LINE,29581.429856630413,4.450115161282156,8,4.450115161282156,100.10807631802163,3.8215606027952163,21,29481.32178031239,29585.25141723321,experiment,FIFO,0.28,0,variant_4
8372,INSPECTION_1_4,INSPECTION_1_4_LINE,29582.34622498929,0.9163683588776621,9,0.9163683588776621,101.0244446768993,2.905192243917554,22,29481.32178031239,29585.25141723321,experiment,FIFO,0.28,0,variant_4
8372,INSPECTION_1_5,INSPECTION_1_5_LINE,29584.10001224781,1.7537872585198784,10,1.7537872585198784,102.77823193541917,1.1514049853976758,22,29481.32178031239,29585.25141723321,experiment,FIFO,0.28,0,variant_4
8372,INSPECTION_1_6,INSPECTION_1_6_LINE,29584.298740933988,0.1987286861767643,11,0.1987286861767643,102.97696062159594,0.9526762992209115,22,29481.32178031239,29585.25141723321,experiment,FIFO,0.28,0,variant_4
8372,INSPECTION_1_7,INSPECTION_1_7_LINE,29585.25141723321,0.9526762992209115,12,0.9526762992209115,103.92963692081685,0.0,21,29481.32178031239,29585.25141723321,experiment,FIFO,0.28,0,variant_4
8373,MOULDING_4,MOULDING_MACHINE_4,29474.14528272374,7.1331487554598425,1,0.0,0.0,128.9426386532832,20,29474.14528272374,29603.087921377024,experiment,FIFO,0.28,0,variant_3
8373,ASSEMBLY_1_5,LINE_5_ASSEMBLY1,29482.45563522444,8.310352500699082,2,8.310352500699082,8.310352500699082,120.63228615258413,22,29474.14528272374,29603.087921377024,experiment,FIFO,0.28,0,variant_3
8373,ASSEMBLY_2_2,ASSEMBLY2_LINE_2,29522.8911397085,1.7495355931678205,3,40.43550448405949,48.745856984758575,80.19678166852464,14,29474.14528272374,29603.087921377024,experiment,FIFO,0.28,0,variant_3
8373,ASSEMBLY_2_2,ASSEMBLY2_LINE_2,29538.941332617047,0.7712581928462896,4,16.050192908547615,64.79604989330619,64.14658875997702,19,29474.14528272374,29603.087921377024,experiment,FIFO,0.28,0,variant_3
8373,SORTING,SORTING_ROBOT_1,29550.54860302453,0.8809553564424277,5,11.607270407483156,76.40332030078935,52.539318352493865,17,29474.14528272374,29603.087921377024,experiment,FIFO,0.28,0,variant_3
8373,PACKAGING_3,PACKAGING_LINE_3,29585.30109737657,13.58857486693887,6,34.75249435204023,111.15581465282958,17.786824000453635,21,29474.14528272374,29603.087921377024,experiment,FIFO,0.28,0,variant_3
8373,INSPECTION_1_1,INSPECTION_1_1_LINE,29595.22778060164,9.9266832250687,7,9.9266832250687,121.08249787789828,7.860140775384934,21,29474.14528272374,29603.087921377024,experiment,FIFO,0.28,0,variant_3
8373,INSPECTION_1_2,INSPECTION_1_2_LINE,29595.65157423306,0.42379363142026705,8,0.42379363142026705,121.50629150931854,7.436347143964667,21,29474.14528272374,29603.087921377024,experiment,FIFO,0.28,0,variant_3
8373,INSPECTION_1_3,INSPECTION_1_3_LINE,29596.348178836084,0.6966046030247526,9,0.6966046030247526,122.2028961123433,6.739742540939915,21,29474.14528272374,29603.087921377024,experiment,FIFO,0.28,0,variant_3
8373,INSPECTION_1_4,INSPECTION_1_4_LINE,29598.15656565792,1.8083868218345742,10,1.8083868218345742,124.01128293417787,4.9313557191053405,23,29474.14528272374,29603.087921377024,experiment,FIFO,0.28,0,variant_3
8373,INSPECTION_1_4,INSPECTION_1_4_LINE,29599.011349618035,0.8547839601160376,11,0.8547839601160376,124.86606689429391,4.076571758989303,23,29474.14528272374,29603.087921377024,experiment,FIFO,0.28,0,variant_3
8373,INSPECTION_1_5,INSPECTION_1_5_LINE,29599.100505706425,0.08915608839015476,12,0.08915608839015476,124.95522298268406,3.987415670599148,23,29474.14528272374,29603.087921377024,experiment,FIFO,0.28,0,variant_3
8373,INSPECTION_1_6,INSPECTION_1_6_LINE,29599.734138054413,0.6336323479881685,13,0.6336323479881685,125.58885533067223,3.3537833226109797,23,29474.14528272374,29603.087921377024,experiment,FIFO,0.28,0,variant_3
8373,INSPECTION_1_7,INSPECTION_1_7_LINE,29603.087921377024,3.3537833226109797,14,3.3537833226109797,128.9426386532832,0.0,22,29474.14528272374,29603.087921377024,experiment,FIFO,0.28,0,variant_3
8374,MOULDING_1,MOULDING_MACHINE_1,29479.18057812329,0.07779818180279108,1,0.0,0.0,42.54757647507358,21,29479.18057812329,29521.728154598364,experiment,FIFO,0.28,0,variant_3
8374,ASSEMBLY_1_5,LINE_5_ASSEMBLY1,29492.65804327848,10.202408054039552,2,13.477465155188838,13.477465155188838,29.070111319884745,23,29479.18057812329,29521.728154598364,experiment,FIFO,0.28,0,variant_3
8374,ASSEMBLY_2_1,ASSEMBLY2_LINE_1,29504.05105118569,9.32732586568818,3,11.393007907208812,24.87047306239765,17.677103412675933,21,29479.18057812329,29521.728154598364,experiment,FIFO,0.28,0,variant_3
8374,SORTING,SORTING_ROBOT_1,29505.68900757069,0.798124208322406,4,1.637956385002326,26.508429447399976,16.039147027673607,21,29479.18057812329,29521.728154598364,experiment,FIFO,0.28,0,variant_3
8374,PACKAGING_3,PACKAGING_LINE_3,29507.788021166467,0.8002517683853512,5,2.0990135957763414,28.607443043176318,13.940133431897266,20,29479.18057812329,29521.728154598364,experiment,FIFO,0.28,0,variant_3
8374,INSPECTION_2_1,INSPECTION_2_1_LINE,29509.5434449213,1.7554237548320089,6,1.7554237548320089,30.362866798008326,12.184709677065257,19,29479.18057812329,29521.728154598364,experiment,FIFO,0.28,0,variant_3
8374,INSPECTION_2_2,INSPECTION_2_2_LINE,29510.46623333076,0.9082275521723204,7,0.9227884094616456,31.285655207469972,11.261921267603611,19,29479.18057812329,29521.728154598364,experiment,FIFO,0.28,0,variant_3
8374,INSPECTION_2_3,INSPECTION_2_3_LINE,29510.970452540925,0.2807616695354227,8,0.5042192101645924,31.789874417634564,10.757702057439019,20,29479.18057812329,29521.728154598364,experiment,FIFO,0.28,0,variant_3
8374,INSPECTION_2_4,INSPECTION_2_4_LINE,29513.810324267524,0.07385830032580998,9,2.8398717265990854,34.62974614423365,7.917830330839934,21,29479.18057812329,29521.728154598364,experiment,FIFO,0.28,0,variant_3
8374,INSPECTION_2_5,INSPECTION_2_5_LINE,29514.49332384032,0.01083108070451999,10,0.6829995727966889,35.31274571703034,7.234830758043245,20,29479.18057812329,29521.728154598364,experiment,FIFO,0.28,0,variant_3
8374,INSPECTION_2_6,INSPECTION_2_6_LINE,29519.28120219396,1.7219899774754595,11,4.787878353639826,40.100624070670165,2.4469524044034188,17,29479.18057812329,29521.728154598364,experiment,FIFO,0.28,0,variant_3
8374,INSPECTION_2_7,INSPECTION_2_7_LINE,29521.728154598364,2.4469524044034188,12,2.4469524044034188,42.54757647507358,0.0,15,29479.18057812329,29521.728154598364,experiment,FIFO,0.28,0,variant_3
8375,MOULDING_2,MOULDING_MACHINE_2,29482.16502891432,0.8261115536333818,1,0.0,0.0,35.163310592615744,22,29482.16502891432,29517.328339506937,experiment,FIFO,0.28,0,variant_2
8375,ASSEMBLY_1_2,LINE_2_ASSEMBLY1,29486.415324645168,4.250295730846119,2,4.250295730846119,4.250295730846119,30.913014861769625,22,29482.16502891432,29517.328339506937,experiment,FIFO,0.28,0,variant_2
8375,ASSEMBLY_2_1,ASSEMBLY2_LINE_1,29494.72372532,8.308400674832228,3,8.308400674832228,12.558696405678347,22.604614186937397,22,29482.16502891432,29517.328339506937,experiment,FIFO,0.28,0,variant_2
8375,SORTING,SORTING_ROBOT_1,29503.051395508774,1.5398966340289917,4,8.327670188773482,20.88636659445183,14.276943998163915,21,29482.16502891432,29517.328339506937,experiment,FIFO,0.28,0,variant_2
8375,PACKAGING_1,PACKAGING_LINE_1,29506.892902515887,0.7828921832151536,5,3.8415070071132504,24.72787360156508,10.435436991050665,21,29482.16502891432,29517.328339506937,experiment,FIFO,0.28,0,variant_2
8375,INSPECTION_1_1,INSPECTION_1_1_LINE,29506.89657992064,0.0036774047548533417,6,0.0036774047548533417,24.731551006319933,10.431759586295811,21,29482.16502891432,29517.328339506937,experiment,FIFO,0.28,0,variant_2
8375,INSPECTION_1_2,INSPECTION_1_2_LINE,29511.488406336463,4.591826415820833,7,4.591826415820833,29.323377422140766,5.839933170474978,20,29482.16502891432,29517.328339506937,experiment,FIFO,0.28,0,variant_2
8375,INSPECTION_1_3,INSPECTION_1_3_LINE,29512.660873189176,1.1724668527131143,8,1.1724668527131143,30.49584427485388,4.667466317761864,20,29482.16502891432,29517.328339506937,experiment,FIFO,0.28,0,variant_2
8375,INSPECTION_1_4,INSPECTION_1_4_LINE,29514.26211868973,1.6012455005547963,9,1.6012455005547963,32.097089775408676,3.0662208172070677,21,29482.16502891432,29517.328339506937,experiment,FIFO,0.28,0,variant_2
8375,INSPECTION_1_5,INSPECTION_1_5_LINE,29515.79812920941,1.5360105196778022,10,1.5360105196778022,33.63310029508648,1.5302102975292655,21,29482.16502891432,29517.328339506937,experiment,FIFO,0.28,0,variant_2
8375,INSPECTION_1_6,INSPECTION_1_6_LINE,29516.3310965138,0.532967304392514,11,0.532967304392514,34.16606759947899,0.9972429931367515,21,29482.16502891432,29517.328339506937,experiment,FIFO,0.28,0,variant_2
8375,INSPECTION_1_7,INSPECTION_1_7_LINE,29517.328339506937,0.9972429931367515,12,0.9972429931367515,35.163310592615744,0.0,19,29482.16502891432,29517.328339506937,experiment,FIFO,0.28,0,variant_2
8376,MOULDING_1,MOULDING_MACHINE_1,29483.77135346921,2.1355856656082324,1,0.0,0.0,66.16010369695141,23,29483.77135346921,29549.93145716616,experiment,FIFO,0.28,0,variant_5
8376,ASSEMBLY_1_4,LINE_4_ASSEMBLY1,29485.85394034169,2.082586872482352,2,2.082586872482352,2.082586872482352,64.07751682446906,22,29483.77135346921,29549.93145716616,experiment,FIFO,0.28,0,variant_5
8376,ASSEMBLY_2_2,ASSEMBLY2_LINE_2,29527.255266578984,4.364126870485052,3,41.40132623729369,43.48391310977604,22.67619058717537,16,29483.77135346921,29549.93145716616,experiment,FIFO,0.28,0,variant_5
8376,SORTING,SORTING_ROBOT_1,29535.41517619839,2.0596784236695385,4,8.159909619404061,51.6438227291801,14.516280967771308,19,29483.77135346921,29549.93145716616,experiment,FIFO,0.28,0,variant_5
8376,PACKAGING_3,PACKAGING_LINE_3,29535.496793240745,0.081617042356811,5,0.081617042356811,51.72543977153691,14.434663925414497,19,29483.77135346921,29549.93145716616,experiment,FIFO,0.28,0,variant_5
8376,INSPECTION_1_1,INSPECTION_1_1_LINE,29537.726980056486,2.2301868157410354,6,2.2301868157410354,53.95562658727795,12.204477109673462,18,29483.77135346921,29549.93145716616,experiment,FIFO,0.28,0,variant_5
8376,INSPECTION_1_2,INSPECTION_1_2_LINE,29539.72400917112,1.9970291146346426,7,1.9970291146346426,55.95265570191259,10.20744799503882,19,29483.77135346921,29549.93145716616,experiment,FIFO,0.28,0,variant_5
8376,INSPECTION_1_3,INSPECTION_1_3_LINE,29543.580774075952,3.856764904830925,8,3.856764904830925,59.809420606743515,6.350683090207895,19,29483.77135346921,29549.93145716616,experiment,FIFO,0.28,0,variant_5
8376,INSPECTION_1_4,INSPECTION_1_4_LINE,29545.23482316452,1.6540490885672625,9,1.6540490885672625,61.46346969531078,4.696634001640632,20,29483.77135346921,29549.93145716616,experiment,FIFO,0.28,0,variant_5
8376,INSPECTION_1_5,INSPECTION_1_5_LINE,29545.38116134833,0.14633818381116726,10,0.14633818381116726,61.609807879121945,4.550295817829465,20,29483.77135346921,29549.93145716616,experiment,FIFO,0.28,0,variant_5
8376,INSPECTION_1_6,INSPECTION_1_6_LINE,29549.20574005363,3.824578705298336,11,3.824578705298336,65.43438658442028,0.7257171125311288,19,29483.77135346921,29549.93145716616,experiment,FIFO,0.28,0,variant_5
8376,INSPECTION_1_7,INSPECTION_1_7_LINE,29549.93145716616,0.7257171125311288,12,0.7257171125311288,66.16010369695141,0.0,18,29483.77135346921,29549.93145716616,experiment,FIFO,0.28,0,variant_5
8377,MOULDING_1,MOULDING_MACHINE_1,29489.04520357112,3.481465347096673,1,0.0,0.0,108.69580873064842,23,29489.04520357112,29597.74101230177,experiment,FIFO,0.28,0,variant_4
8377,ASSEMBLY_1_3,LINE_3_ASSEMBLY1,29527.84694480127,14.951544940027816,2,38.801741230148764,38.801741230148764,69.89406750049966,16,29489.04520357112,29597.74101230177,experiment,FIFO,0.28,0,variant_4
8377,ASSEMBLY_2_2,ASSEMBLY2_LINE_2,29541.775712594583,2.8343799775357184,3,13.928767793313455,52.73050902346222,55.965299707186205,20,29489.04520357112,29597.74101230177,experiment,FIFO,0.28,0,variant_4
8377,SORTING,SORTING_ROBOT_1,29552.082314572726,1.5337115481961519,4,10.30660197814359,63.03711100160581,45.658697729042615,18,29489.04520357112,29597.74101230177,experiment,FIFO,0.28,0,variant_4
8377,PACKAGING_3,PACKAGING_LINE_3,29587.72950988794,2.42841251136997,5,35.64719531521405,98.68430631681986,10.011502413828566,22,29489.04520357112,29597.74101230177,experiment,FIFO,0.28,0,variant_4
8377,INSPECTION_2_1,INSPECTION_2_1_LINE,29588.153462054343,0.4239521664021595,6,0.4239521664021595,99.10825848322202,9.587550247426407,22,29489.04520357112,29597.74101230177,experiment,FIFO,0.28,0,variant_4
8377,INSPECTION_2_2,INSPECTION_2_2_LINE,29588.54980025685,0.0031339266679424327,7,0.39633820250674034,99.50459668572876,9.191212044919666,22,29489.04520357112,29597.74101230177,experiment,FIFO,0.28,0,variant_4
8377,INSPECTION_2_3,INSPECTION_2_3_LINE,29589.031284124267,0.22161616894300096,8,0.4814838674174098,99.98608055314617,8.709728177502257,22,29489.04520357112,29597.74101230177,experiment,FIFO,0.28,0,variant_4
8377,INSPECTION_2_4,INSPECTION_2_4_LINE,29592.300137830727,2.39985121612699,9,3.2688537064605043,103.25493425960667,5.440874471041752,21,29489.04520357112,29597.74101230177,experiment,FIFO,0.28,0,variant_4
8377,INSPECTION_2_5,INSPECTION_2_5_LINE,29593.560337484552,1.2601996538251115,10,1.2601996538251115,104.51513391343178,4.180674817216641,22,29489.04520357112,29597.74101230177,experiment,FIFO,0.28,0,variant_4
8377,INSPECTION_2_6,INSPECTION_2_6_LINE,29596.27367414195,2.713336657398031,11,2.713336657398031,107.22847057082981,1.4673381598186097,21,29489.04520357112,29597.74101230177,experiment,FIFO,0.28,0,variant_4
8377,INSPECTION_2_7,INSPECTION_2_7_LINE,29597.74101230177,1.4673381598186097,12,1.4673381598186097,108.69580873064842,0.0,21,29489.04520357112,29597.74101230177,experiment,FIFO,0.28,0,variant_4
8378,MOULDING_5,MOULDING_MACHINE_5,29492.243688721115,4.511606280644628,1,0.0,0.0,77.63107515077354,23,29492.243688721115,29569.87476387189,experiment,FIFO,0.28,0,variant_6
8378,ASSEMBLY_1_3,LINE_3_ASSEMBLY1,29532.7038962026,4.856951401332481,2,40.46020748148658,40.46020748148658,37.17086766928696,18,29492.243688721115,29569.87476387189,experiment,FIFO,0.28,0,variant_6
8378,ASSEMBLY_2_1,ASSEMBLY2_LINE_1,29532.817447616715,0.11355141411331715,3,0.11355141411331715,40.573758895599894,37.057316255173646,18,29492.243688721115,29569.87476387189,experiment,FIFO,0.28,0,variant_6
8378,SORTING,SORTING_ROBOT_1,29537.52433040609,1.5527978481295577,4,4.706882789374504,45.2806416849744,32.35043346579914,18,29492.243688721115,29569.87476387189,experiment,FIFO,0.28,0,variant_6
8378,PACKAGING_2,PACKAGING_LINE_2,29560.295009605903,7.811413341361913,5,22.770679199813458,68.05132088478786,9.579754265985684,19,29492.243688721115,29569.87476387189,experiment,FIFO,0.28,0,variant_6
8378,INSPECTION_2_1,INSPECTION_2_1_LINE,29560.989634380086,0.6946247741834668,6,0.6946247741834668,68.74594565897132,8.885129491802218,20,29492.243688721115,29569.87476387189,experiment,FIFO,0.28,0,variant_6
8378,INSPECTION_2_2,INSPECTION_2_2_LINE,29562.13767497344,1.1480405933543807,7,1.1480405933543807,69.8939862523257,7.737088898447837,20,29492.243688721115,29569.87476387189,experiment,FIFO,0.28,0,variant_6
8378,INSPECTION_2_3,INSPECTION_2_3_LINE,29563.35320700389,1.2155320304482302,8,1.2155320304482302,71.10951828277393,6.521556867999607,22,29492.243688721115,29569.87476387189,experiment,FIFO,0.28,0,variant_6
8378,INSPECTION_2_4,INSPECTION_2_4_LINE,29565.88384825566,2.530641251771158,9,2.530641251771158,73.64015953454509,3.990915616228449,22,29492.243688721115,29569.87476387189,experiment,FIFO,0.28,0,variant_6
8378,INSPECTION_2_5,INSPECTION_2_5_LINE,29568.688362429155,2.804514173494681,10,2.804514173494681,76.44467370803977,1.186401442733768,24,29492.243688721115,29569.87476387189,experiment,FIFO,0.28,0,variant_6
8378,INSPECTION_2_6,INSPECTION_2_6_LINE,29568.831473572434,0.14311114327938412,11,0.14311114327938412,76.58778485131916,1.0432902994543838,24,29492.243688721115,29569.87476387189,experiment,FIFO,0.28,0,variant_6
8378,INSPECTION_2_7,INSPECTION_2_7_LINE,29569.87476387189,1.0432902994543838,12,1.0432902994543838,77.63107515077354,0.0,23,29492.243688721115,29569.87476387189,experiment,FIFO,0.28,0,variant_6
8379,MOULDING_5,MOULDING_MACHINE_5,29495.247634491094,3.0039457699786,1,0.0,0.0,110.03469580270757,23,29495.247634491094,29605.2823302938,experiment,FIFO,0.28,0,variant_3
8379,ASSEMBLY_1_3,LINE_3_ASSEMBLY1,29534.846774076435,2.1428778738336405,2,39.59913958534162,39.59913958534162,70.43555621736596,19,29495.247634491094,29605.2823302938,experiment,FIFO,0.28,0,variant_3
8379,ASSEMBLY_2_1,ASSEMBLY2_LINE_1,29548.98581034122,14.139036264783499,3,14.139036264783499,53.73817585012512,56.29651995258246,19,29495.247634491094,29605.2823302938,experiment,FIFO,0.28,0,variant_3
8379,SORTING,SORTING_ROBOT_1,29558.149666909,3.9959400376465055,4,9.163856567782204,62.90203241790732,47.13266338480025,20,29495.247634491094,29605.2823302938,experiment,FIFO,0.28,0,variant_3
8379,PACKAGING_3,PACKAGING_LINE_3,29591.63479823281,3.9052883448712237,5,33.48513132381049,96.38716374171781,13.64753206098976,22,29495.247634491094,29605.2823302938,experiment,FIFO,0.28,0,variant_3
8379,INSPECTION_1_1,INSPECTION_1_1_LINE,29596.178877343213,0.9510967415735649,6,4.544079110401071,100.93124285211888,9.10345295058869,21,29495.247634491094,29605.2823302938,experiment,FIFO,0.28,0,variant_3
8379,INSPECTION_1_2,INSPECTION_1_2_LINE,29596.99420327386,0.8153259306491236,7,0.8153259306491236,101.74656878276801,8.288127019939566,21,29495.247634491094,29605.2823302938,experiment,FIFO,0.28,0,variant_3
8379,INSPECTION_1_3,INSPECTION_1_3_LINE,29599.375336304216,2.381133030354249,8,2.381133030354249,104.12770181312226,5.906993989585317,23,29495.247634491094,29605.2823302938,experiment,FIFO,0.28,0,variant_3
8379,INSPECTION_1_4,INSPECTION_1_4_LINE,29601.06500801516,1.6896717109448218,9,1.6896717109448218,105.81737352406708,4.217322278640495,23,29495.247634491094,29605.2823302938,experiment,FIFO,0.28,0,variant_3
8379,INSPECTION_1_5,INSPECTION_1_5_LINE,29602.394067664343,1.3290596491824545,10,1.3290596491824545,107.14643317324953,2.8882626294580405,22,29495.247634491094,29605.2823302938,experiment,FIFO,0.28,0,variant_3
8379,INSPECTION_1_6,INSPECTION_1_6_LINE,29602.932483038985,0.5384153746417724,11,0.5384153746417724,107.6848485478913,2.349847254816268,23,29495.247634491094,29605.2823302938,experiment,FIFO,0.28,0,variant_3
8379,INSPECTION_1_7,INSPECTION_1_7_LINE,29605.2823302938,2.19440891677732,12,2.349847254816268,110.03469580270757,0.0,20,29495.247634491094,29605.2823302938,experiment,FIFO,0.28,0,variant_3
8380,MOULDING_3,MOULDING_MACHINE_3,29494.09080585345,0.6600499674859748,1,0.0,0.0,28.45202586506275,23,29494.09080585345,29522.542831718514,experiment,FIFO,0.28,0,variant_6
8380,ASSEMBLY_1_1,LINE_1_ASSEMBLY1,29497.80127226657,3.710466413118411,2,3.710466413118411,3.710466413118411,24.74155945194434,22,29494.09080585345,29522.542831718514,experiment,FIFO,0.28,0,variant_6
8380,ASSEMBLY_2_1,ASSEMBLY2_LINE_1,29504.387143351723,0.33609216603508685,3,6.585871085153485,10.296337498271896,18.155688366790855,21,29494.09080585345,29522.542831718514,experiment,FIFO,0.28,0,variant_6
8380,SORTING,SORTING_ROBOT_1,29505.752671995484,0.0636644247933873,4,1.3655286437606264,11.661866142032522,16.79015972303023,21,29494.09080585345,29522.542831718514,experiment,FIFO,0.28,0,variant_6
8380,PACKAGING_3,PACKAGING_LINE_3,29509.17137076976,1.383349603293027,5,3.418698774275981,15.080564916308504,13.371460948754248,19,29494.09080585345,29522.542831718514,experiment,FIFO,0.28,0,variant_6
8380,INSPECTION_2_1,INSPECTION_2_1_LINE,29509.605696384497,0.062251463197753765,6,0.4343256147367356,15.51489053104524,12.937135334017512,19,29494.09080585345,29522.542831718514,experiment,FIFO,0.28,0,variant_6
8380,INSPECTION_2_2,INSPECTION_2_2_LINE,29510.564025325115,0.09779199435433839,7,0.9583289406182303,16.47321947166347,11.978806393399282,19,29494.09080585345,29522.542831718514,experiment,FIFO,0.28,0,variant_6
8380,INSPECTION_2_3,INSPECTION_2_3_LINE,29511.257792880417,0.28734033949149307,8,0.693767555301747,17.166987026965217,11.285038838097535,20,29494.09080585345,29522.542831718514,experiment,FIFO,0.28,0,variant_6
8380,INSPECTION_2_4,INSPECTION_2_4_LINE,29514.01679612044,0.20647185291454662,9,2.759003240022139,19.925990266987355,8.526035598075396,21,29494.09080585345,29522.542831718514,experiment,FIFO,0.28,0,variant_6
8380,INSPECTION_2_5,INSPECTION_2_5_LINE,29517.11373012244,2.620406282119802,10,3.0969340020019445,23.0229242689893,5.429101596073451,20,29494.09080585345,29522.542831718514,experiment,FIFO,0.28,0,variant_6
8380,INSPECTION_2_6,INSPECTION_2_6_LINE,29519.45921608127,0.17801388731095358,11,2.3454859588309773,25.368410227820277,3.083615637242474,17,29494.09080585345,29522.542831718514,experiment,FIFO,0.28,0,variant_6
8380,INSPECTION_2_7,INSPECTION_2_7_LINE,29522.542831718514,0.8146771201500087,12,3.083615637242474,28.45202586506275,0.0,14,29494.09080585345,29522.542831718514,experiment,FIFO,0.28,0,variant_6
8381,MOULDING_5,MOULDING_MACHINE_5,29501.928904849887,3.263669262523763,1,0.0,0.0,48.477002193874796,21,29501.928904849887,29550.40590704376,experiment,FIFO,0.28,0,variant_2
8381,ASSEMBLY_1_5,LINE_5_ASSEMBLY1,29504.590718016392,2.6618131665054534,2,2.6618131665054534,2.6618131665054534,45.81518902736934,21,29501.928904849887,29550.40590704376,experiment,FIFO,0.28,0,variant_2
8381,ASSEMBLY_2_1,ASSEMBLY2_LINE_1,29510.67255797724,6.081839960846992,3,6.081839960846992,8.743653127352445,39.73334906652235,20,29501.928904849887,29550.40590704376,experiment,FIFO,0.28,0,variant_2
8381,SORTING,SORTING_ROBOT_1,29511.186991076665,0.5144330994262418,4,0.5144330994262418,9.258086226778687,39.21891596709611,20,29501.928904849887,29550.40590704376,experiment,FIFO,0.28,0,variant_2
8381,PACKAGING_2,PACKAGING_LINE_2,29542.620404658788,31.43341358212274,5,31.43341358212274,40.691499808901426,7.78550238497337,20,29501.928904849887,29550.40590704376,experiment,FIFO,0.28,0,variant_2
8381,INSPECTION_1_1,INSPECTION_1_1_LINE,29543.9529140334,1.332509374613437,6,1.332509374613437,42.02400918351486,6.452993010359933,19,29501.928904849887,29550.40590704376,experiment,FIFO,0.28,0,variant_2
8381,INSPECTION_1_2,INSPECTION_1_2_LINE,29545.32120576598,1.3682917325786548,7,1.3682917325786548,43.39230091609352,5.084701277781278,20,29501.928904849887,29550.40590704376,experiment,FIFO,0.28,0,variant_2
8381,INSPECTION_1_3,INSPECTION_1_3_LINE,29545.485080703165,0.1638749371850281,8,0.1638749371850281,43.556175853278546,4.92082634059625,20,29501.928904849887,29550.40590704376,experiment,FIFO,0.28,0,variant_2
8381,INSPECTION_1_4,INSPECTION_1_4_LINE,29547.103550837182,1.618470134017116,9,1.618470134017116,45.17464598729566,3.302356206579134,19,29501.928904849887,29550.40590704376,experiment,FIFO,0.28,0,variant_2
8381,INSPECTION_1_5,INSPECTION_1_5_LINE,29547.163597659142,0.06004682195998612,10,0.06004682195998612,45.23469280925565,3.2423093846191477,19,29501.928904849887,29550.40590704376,experiment,FIFO,0.28,0,variant_2
8381,INSPECTION_1_6,INSPECTION_1_6_LINE,29550.00575368711,0.8000136334812851,11,2.842156027967576,48.076848837223224,0.4001533566515718,18,29501.928904849887,29550.40590704376,experiment,FIFO,0.28,0,variant_2
8381,INSPECTION_1_7,INSPECTION_1_7_LINE,29550.40590704376,0.4001533566515718,12,0.4001533566515718,48.477002193874796,0.0,17,29501.928904849887,29550.40590704376,experiment,FIFO,0.28,0,variant_2
8382,MOULDING_1,MOULDING_MACHINE_1,29510.592253871844,8.118752265465446,1,0.0,0.0,67.83120485204563,20,29510.592253871844,29578.42345872389,experiment,FIFO,0.28,0,variant_3
8382,ASSEMBLY_1_3,LINE_3_ASSEMBLY1,29558.26896478829,23.422190711855364,2,47.67671091644661,47.67671091644661,20.15449393559902,20,29510.592253871844,29578.42345872389,experiment,FIFO,0.28,0,variant_3
8382,ASSEMBLY_2_2,ASSEMBLY2_LINE_2,29560.200080358063,1.9311155697723734,3,1.9311155697723734,49.60782648621898,18.223378365826647,19,29510.592253871844,29578.42345872389,experiment,FIFO,0.28,0,variant_3
8382,SORTING,SORTING_ROBOT_1,29568.80292074065,0.7723709125893947,4,8.602840382587601,58.210666868806584,9.620537983239046,24,29510.592253871844,29578.42345872389,experiment,FIFO,0.28,0,variant_3
8382,PACKAGING_2,PACKAGING_LINE_2,29569.86443037527,1.0615096346191422,5,1.0615096346191422,59.272176503425726,8.559028348619904,24,29510.592253871844,29578.42345872389,experiment,FIFO,0.28,0,variant_3
8382,INSPECTION_1_1,INSPECTION_1_1_LINE,29573.297358063908,3.4329276886383013,6,3.4329276886383013,62.70510419206403,5.126100659981603,24,29510.592253871844,29578.42345872389,experiment,FIFO,0.28,0,variant_3
8382,INSPECTION_1_2,INSPECTION_1_2_LINE,29574.70981905156,1.4124609876525938,7,1.4124609876525938,64.11756517971662,3.713639672329009,24,29510.592253871844,29578.42345872389,experiment,FIFO,0.28,0,variant_3
8382,INSPECTION_1_3,INSPECTION_1_3_LINE,29576.65472982792,1.944910776357574,8,1.944910776357574,66.0624759560742,1.7687288959714351,23,29510.592253871844,29578.42345872389,experiment,FIFO,0.28,0,variant_3
8382,INSPECTION_1_4,INSPECTION_1_4_LINE,29577.189787025865,0.535057197947026,9,0.535057197947026,66.59753315402122,1.2336716980244091,23,29510.592253871844,29578.42345872389,experiment,FIFO,0.28,0,variant_3
8382,INSPECTION_1_5,INSPECTION_1_5_LINE,29577.56928026383,0.37949323796419776,10,0.37949323796419776,66.97702639198542,0.8541784600602114,22,29510.592253871844,29578.42345872389,experiment,FIFO,0.28,0,variant_3
8382,INSPECTION_1_6,INSPECTION_1_6_LINE,29577.76091590824,0.19163564440896153,11,0.19163564440896153,67.16866203639438,0.6625428156512498,22,29510.592253871844,29578.42345872389,experiment,FIFO,0.28,0,variant_3
8382,INSPECTION_1_7,INSPECTION_1_7_LINE,29578.42345872389,0.6625428156512498,12,0.6625428156512498,67.83120485204563,0.0,21,29510.592253871844,29578.42345872389,experiment,FIFO,0.28,0,variant_3
8383,MOULDING_3,MOULDING_MACHINE_3,29513.167332238903,10.060939413000597,1,0.0,0.0,44.94024880964207,21,29513.167332238903,29558.107581048545,experiment,FIFO,0.28,0,variant_4
8383,ASSEMBLY_1_4,LINE_4_ASSEMBLY1,29525.95035961709,12.783027378187398,2,12.783027378187398,12.783027378187398,32.15722143145467,16,29513.167332238903,29558.107581048545,experiment,FIFO,0.28,0,variant_4
8383,ASSEMBLY_2_1,ASSEMBLY2_LINE_1,29530.529971772707,3.6716949105175445,3,4.579612155615905,17.362639533803303,27.577609275838768,17,29513.167332238903,29558.107581048545,experiment,FIFO,0.28,0,variant_4
8383,SORTING,SORTING_ROBOT_1,29535.97153255796,0.5563563595715095,4,5.441560785253387,22.80420031905669,22.13604849058538,19,29513.167332238903,29558.107581048545,experiment,FIFO,0.28,0,variant_4
8383,PACKAGING_2,PACKAGING_LINE_2,29552.48359626454,1.2774206192843849,5,16.512063706581102,39.31626402563779,5.6239847840042785,18,29513.167332238903,29558.107581048545,experiment,FIFO,0.28,0,variant_4
8383,INSPECTION_2_1,INSPECTION_2_1_LINE,29552.53114915209,0.04755288755040965,6,0.04755288755040965,39.3638169131882,5.576431896453869,18,29513.167332238903,29558.107581048545,experiment,FIFO,0.28,0,variant_4
8383,INSPECTION_2_2,INSPECTION_2_2_LINE,29552.726362150664,0.1952129985729698,7,0.1952129985729698,39.55902991176117,5.381218897880899,18,29513.167332238903,29558.107581048545,experiment,FIFO,0.28,0,variant_4
8383,INSPECTION_2_3,INSPECTION_2_3_LINE,29553.29000179997,0.563639649306424,8,0.563639649306424,40.122669561067596,4.817579248574475,18,29513.167332238903,29558.107581048545,experiment,FIFO,0.28,0,variant_4
8383,INSPECTION_2_4,INSPECTION_2_4_LINE,29554.36753465122,1.0775328512499982,9,1.0775328512499982,41.200202412317594,3.740046397324477,19,29513.167332238903,29558.107581048545,experiment,FIFO,0.28,0,variant_4
8383,INSPECTION_2_5,INSPECTION_2_5_LINE,29554.82113515405,0.4536005028276122,10,0.4536005028276122,41.65380291514521,3.2864458944968646,19,29513.167332238903,29558.107581048545,experiment,FIFO,0.28,0,variant_4
8383,INSPECTION_2_6,INSPECTION_2_6_LINE,29555.481514417614,0.6603792635651189,11,0.6603792635651189,42.314182178710325,2.6260666309317457,19,29513.167332238903,29558.107581048545,experiment,FIFO,0.28,0,variant_4
8383,INSPECTION_2_7,INSPECTION_2_7_LINE,29558.107581048545,2.6260666309317457,12,2.6260666309317457,44.94024880964207,0.0,20,29513.167332238903,29558.107581048545,experiment,FIFO,0.28,0,variant_4
8384,MOULDING_2,MOULDING_MACHINE_2,29505.87373918285,1.9632003164188063,1,0.0,0.0,40.58072027016897,22,29505.87373918285,29546.45445945302,experiment,FIFO,0.28,0,variant_6
8384,ASSEMBLY_1_2,LINE_2_ASSEMBLY1,29509.410906610003,3.5371674271518714,2,3.5371674271518714,3.5371674271518714,37.043552843017096,19,29505.87373918285,29546.45445945302,experiment,FIFO,0.28,0,variant_6
8384,ASSEMBLY_2_2,ASSEMBLY2_LINE_2,29534.623837270698,7.368570691713103,3,25.212930660694838,28.75009808784671,11.830622182322259,19,29505.87373918285,29546.45445945302,experiment,FIFO,0.28,0,variant_6
8384,SORTING,SORTING_ROBOT_1,29539.78296539663,2.2586349905395764,4,5.159128125931602,33.90922621377831,6.671494056390657,19,29505.87373918285,29546.45445945302,experiment,FIFO,0.28,0,variant_6
8384,PACKAGING_3,PACKAGING_LINE_3,29540.173807220097,0.39084182346778107,5,0.39084182346778107,34.30006803724609,6.2806522329228756,19,29505.87373918285,29546.45445945302,experiment,FIFO,0.28,0,variant_6
8384,INSPECTION_2_1,INSPECTION_2_1_LINE,29540.37283292407,0.19902570397243835,6,0.19902570397243835,34.49909374121853,6.081626528950437,19,29505.87373918285,29546.45445945302,experiment,FIFO,0.28,0,variant_6
8384,INSPECTION_2_2,INSPECTION_2_2_LINE,29541.87412389212,1.5012909680517623,7,1.5012909680517623,36.00038470927029,4.580335560898675,20,29505.87373918285,29546.45445945302,experiment,FIFO,0.28,0,variant_6
8384,INSPECTION_2_3,INSPECTION_2_3_LINE,29542.227366206946,0.3532423148244561,8,0.3532423148244561,36.35362702409475,4.227093246074219,20,29505.87373918285,29546.45445945302,experiment,FIFO,0.28,0,variant_6
8384,INSPECTION_2_4,INSPECTION_2_4_LINE,29543.52392770542,1.2965614984750573,9,1.2965614984750573,37.650188522569806,2.9305317475991615,19,29505.87373918285,29546.45445945302,experiment,FIFO,0.28,0,variant_6
8384,INSPECTION_2_5,INSPECTION_2_5_LINE,29543.768422315938,0.24449461051699473,10,0.24449461051699473,37.8946831330868,2.6860371370821667,19,29505.87373918285,29546.45445945302,experiment,FIFO,0.28,0,variant_6
8384,INSPECTION_2_6,INSPECTION_2_6_LINE,29544.66273905332,0.8943167373836332,11,0.8943167373836332,38.788999870470434,1.7917203996985336,19,29505.87373918285,29546.45445945302,experiment,FIFO,0.28,0,variant_6
8384,INSPECTION_2_7,INSPECTION_2_7_LINE,29546.45445945302,1.7917203996985336,12,1.7917203996985336,40.58072027016897,0.0,19,29505.87373918285,29546.45445945302,experiment,FIFO,0.28,0,variant_6
8385,MOULDING_3,MOULDING_MACHINE_3,29514.804771965617,1.6374397267136374,1,0.0,0.0,108.38590986354393,21,29514.804771965617,29623.19068182916,experiment,FIFO,0.28,0,variant_6
8385,ASSEMBLY_1_3,LINE_3_ASSEMBLY1,29569.38848940606,11.119524617770367,2,54.58371744044416,54.58371744044416,53.80219242309977,24,29514.804771965617,29623.19068182916,experiment,FIFO,0.28,0,variant_6
8385,ASSEMBLY_2_1,ASSEMBLY2_LINE_1,29604.079981214683,1.9663352671195753,3,34.69149180862223,89.27520924906639,19.110700614477537,22,29514.804771965617,29623.19068182916,experiment,FIFO,0.28,0,variant_6
8385,SORTING,SORTING_ROBOT_1,29610.152451137623,1.1918433401660877,4,6.07246992293949,95.34767917200588,13.038230691538047,20,29514.804771965617,29623.19068182916,experiment,FIFO,0.28,0,variant_6
8385,PACKAGING_2,PACKAGING_LINE_2,29616.36664277309,6.214191635466705,5,6.214191635466705,101.56187080747259,6.824039056071342,21,29514.804771965617,29623.19068182916,experiment,FIFO,0.28,0,variant_6
8385,INSPECTION_1_1,INSPECTION_1_1_LINE,29617.418772394434,1.0521296213446476,6,1.0521296213446476,102.61400042881723,5.771909434726695,20,29514.804771965617,29623.19068182916,experiment,FIFO,0.28,0,variant_6
8385,INSPECTION_1_2,INSPECTION_1_2_LINE,29619.1991161266,1.780343732167239,7,1.780343732167239,104.39434416098447,3.9915657025594555,20,29514.804771965617,29623.19068182916,experiment,FIFO,0.28,0,variant_6
8385,INSPECTION_1_3,INSPECTION_1_3_LINE,29619.44457402744,0.2454579008372093,8,0.2454579008372093,104.63980206182168,3.7461078017222462,20,29514.804771965617,29623.19068182916,experiment,FIFO,0.28,0,variant_6
8385,INSPECTION_1_4,INSPECTION_1_4_LINE,29619.71811110177,0.2735370743321255,9,0.2735370743321255,104.91333913615381,3.4725707273901207,21,29514.804771965617,29623.19068182916,experiment,FIFO,0.28,0,variant_6
8385,INSPECTION_1_5,INSPECTION_1_5_LINE,29620.41136168107,0.6932505792974553,10,0.6932505792974553,105.60658971545126,2.7793201480926655,22,29514.804771965617,29623.19068182916,experiment,FIFO,0.28,0,variant_6
8385,INSPECTION_1_6,INSPECTION_1_6_LINE,29623.05916745984,2.647805778771726,11,2.647805778771726,108.25439549422299,0.1315143693209393,21,29514.804771965617,29623.19068182916,experiment,FIFO,0.28,0,variant_6
8385,INSPECTION_1_7,INSPECTION_1_7_LINE,29623.19068182916,0.1315143693209393,12,0.1315143693209393,108.38590986354393,0.0,20,29514.804771965617,29623.19068182916,experiment,FIFO,0.28,0,variant_6
8386,MOULDING_3,MOULDING_MACHINE_3,29527.854609271388,13.04983730577078,1,0.0,0.0,47.18170213903795,17,29527.854609271388,29575.036311410426,experiment,FIFO,0.28,0,variant_4
8386,ASSEMBLY_1_2,LINE_2_ASSEMBLY1,29540.90790795037,1.0220047329712543,2,13.053298678983992,13.053298678983992,34.12840346005396,19,29527.854609271388,29575.036311410426,experiment,FIFO,0.28,0,variant_4
8386,ASSEMBLY_2_1,ASSEMBLY2_LINE_1,29552.513742467203,3.52793212598408,3,11.605834516831237,24.65913319581523,22.522568943222723,18,29527.854609271388,29575.036311410426,experiment,FIFO,0.28,0,variant_4
8386,SORTING,SORTING_ROBOT_1,29566.582152161336,0.38200515029166127,4,14.068409694133152,38.72754288994838,8.454159249089571,21,29527.854609271388,29575.036311410426,experiment,FIFO,0.28,0,variant_4
8386,PACKAGING_1,PACKAGING_LINE_1,29567.83017024184,1.2480180805032433,5,1.2480180805032433,39.975560970451625,7.206141168586328,21,29527.854609271388,29575.036311410426,experiment,FIFO,0.28,0,variant_4
8386,INSPECTION_2_1,INSPECTION_2_1_LINE,29568.732103221755,0.9019329799157276,6,0.9019329799157276,40.87749395036735,6.3042081886706,24,29527.854609271388,29575.036311410426,experiment,FIFO,0.28,0,variant_4
8386,INSPECTION_2_2,INSPECTION_2_2_LINE,29569.263603571944,0.5315003501891624,7,0.5315003501891624,41.408994300556515,5.772707838481438,24,29527.854609271388,29575.036311410426,experiment,FIFO,0.28,0,variant_4
8386,INSPECTION_2_3,INSPECTION_2_3_LINE,29569.40536384159,0.1417602696456015,8,0.1417602696456015,41.550754570202116,5.630947568835836,24,29527.854609271388,29575.036311410426,experiment,FIFO,0.28,0,variant_4
8386,INSPECTION_2_4,INSPECTION_2_4_LINE,29570.62704013968,1.2216762980897329,9,1.2216762980897329,42.77243086829185,4.409271270746103,23,29527.854609271388,29575.036311410426,experiment,FIFO,0.28,0,variant_4
8386,INSPECTION_2_5,INSPECTION_2_5_LINE,29570.81021501621,0.1831748765289376,10,0.1831748765289376,42.95560574482079,4.226096394217166,24,29527.854609271388,29575.036311410426,experiment,FIFO,0.28,0,variant_4
8386,INSPECTION_2_6,INSPECTION_2_6_LINE,29574.46110567801,3.6508906618000765,11,3.6508906618000765,46.60649640662086,0.5752057324170892,24,29527.854609271388,29575.036311410426,experiment,FIFO,0.28,0,variant_4
8386,INSPECTION_2_7,INSPECTION_2_7_LINE,29575.036311410426,0.5752057324170892,12,0.5752057324170892,47.18170213903795,0.0,23,29527.854609271388,29575.036311410426,experiment,FIFO,0.28,0,variant_4
8387,MOULDING_5,MOULDING_MACHINE_5,29511.697568774434,2.50068005553112,1,0.0,0.0,31.73109050536732,20,29511.697568774434,29543.4286592798,experiment,FIFO,0.28,0,variant_6
8387,ASSEMBLY_1_2,LINE_2_ASSEMBLY1,29522.650048778745,10.952480004310928,2,10.952480004310928,10.952480004310928,20.77861050105639,14,29511.697568774434,29543.4286592798,experiment,FIFO,0.28,0,variant_6
8387,ASSEMBLY_2_1,ASSEMBLY2_LINE_1,29526.85827686219,4.208228083443828,3,4.208228083443828,15.160708087754756,16.570382417612564,16,29511.697568774434,29543.4286592798,experiment,FIFO,0.28,0,variant_6
8387,SORTING,SORTING_ROBOT_1,29533.35549777472,6.497220912529883,4,6.497220912529883,21.65792900028464,10.07316150508268,18,29511.697568774434,29543.4286592798,experiment,FIFO,0.28,0,variant_6
8387,PACKAGING_1,PACKAGING_LINE_1,29536.249328537066,2.8938307623466244,5,2.8938307623466244,24.551759762631264,7.179330742736056,19,29511.697568774434,29543.4286592798,experiment,FIFO,0.28,0,variant_6
8387,INSPECTION_2_1,INSPECTION_2_1_LINE,29537.504759722346,1.255431185280031,6,1.255431185280031,25.807190947911295,5.923899557456025,18,29511.697568774434,29543.4286592798,experiment,FIFO,0.28,0,variant_6
8387,INSPECTION_2_2,INSPECTION_2_2_LINE,29538.823748930623,1.318989208277344,7,1.318989208277344,27.12618015618864,4.604910349178681,19,29511.697568774434,29543.4286592798,experiment,FIFO,0.28,0,variant_6
8387,INSPECTION_2_3,INSPECTION_2_3_LINE,29540.293650081203,1.4699011505799717,8,1.4699011505799717,28.59608130676861,3.135009198598709,19,29511.697568774434,29543.4286592798,experiment,FIFO,0.28,0,variant_6
8387,INSPECTION_2_4,INSPECTION_2_4_LINE,29540.93076015895,0.637110077746911,9,0.637110077746911,29.23319138451552,2.497899120851798,19,29511.697568774434,29543.4286592798,experiment,FIFO,0.28,0,variant_6
8387,INSPECTION_2_5,INSPECTION_2_5_LINE,29541.6692044806,0.7384443216506043,10,0.7384443216506043,29.971635706166126,1.759454799201194,20,29511.697568774434,29543.4286592798,experiment,FIFO,0.28,0,variant_6
8387,INSPECTION_2_6,INSPECTION_2_6_LINE,29542.79376679972,1.1245623191207414,11,1.1245623191207414,31.096198025286867,0.6348924800804525,20,29511.697568774434,29543.4286592798,experiment,FIFO,0.28,0,variant_6
8387,INSPECTION_2_7,INSPECTION_2_7_LINE,29543.4286592798,0.6348924800804525,12,0.6348924800804525,31.73109050536732,0.0,19,29511.697568774434,29543.4286592798,experiment,FIFO,0.28,0,variant_6
8388,MOULDING_1,MOULDING_MACHINE_1,29523.673884233845,4.566575577904587,1,0.0,0.0,42.295149617581046,15,29523.673884233845,29565.969033851427,experiment,FIFO,0.28,0,variant_1
8388,ASSEMBLY_1_4,LINE_4_ASSEMBLY1,29531.106744900924,5.156385283833515,2,7.432860667078785,7.432860667078785,34.86228895050226,17,29523.673884233845,29565.969033851427,experiment,FIFO,0.28,0,variant_1
8388,ASSEMBLY_2_2,ASSEMBLY2_LINE_2,29541.93591138452,0.1601987899375672,3,10.829166483596055,18.26202715067484,24.033122466906207,20,29523.673884233845,29565.969033851427,experiment,FIFO,0.28,0,variant_1
8388,SORTING,SORTING_ROBOT_1,29554.153726871355,2.0714122986282746,4,12.217815486834297,30.479842637509137,11.81530698007191,18,29523.673884233845,29565.969033851427,experiment,FIFO,0.28,0,variant_1
8388,PACKAGING_2,PACKAGING_LINE_2,29561.90036597778,1.6053563718778605,5,7.746639106426301,38.22648174393544,4.068667873645609,20,29523.673884233845,29565.969033851427,experiment,FIFO,0.28,0,variant_1
8388,INSPECTION_1_1,INSPECTION_1_1_LINE,29562.726194541683,0.8258285639021778,6,0.8258285639021778,39.052310307837615,3.242839309743431,21,29523.673884233845,29565.969033851427,experiment,FIFO,0.28,0,variant_1
8388,INSPECTION_1_2,INSPECTION_1_2_LINE,29562.805634637967,0.07944009628408821,7,0.07944009628408821,39.1317504041217,3.1633992134593427,21,29523.673884233845,29565.969033851427,experiment,FIFO,0.28,0,variant_1
8388,INSPECTION_1_3,INSPECTION_1_3_LINE,29563.12788292752,0.322248289554409,8,0.322248289554409,39.45399869367611,2.8411509239049337,22,29523.673884233845,29565.969033851427,experiment,FIFO,0.28,0,variant_1
8388,INSPECTION_1_4,INSPECTION_1_4_LINE,29563.60599414518,0.4781112176569877,9,0.4781112176569877,39.9321099113331,2.363039706247946,22,29523.673884233845,29565.969033851427,experiment,FIFO,0.28,0,variant_1
8388,INSPECTION_1_5,INSPECTION_1_5_LINE,29564.37179754637,0.7658034011910786,10,0.7658034011910786,40.69791331252418,1.5972363050568674,22,29523.673884233845,29565.969033851427,experiment,FIFO,0.28,0,variant_1
8388,INSPECTION_1_6,INSPECTION_1_6_LINE,29564.566336926066,0.19453937969592516,11,0.19453937969592516,40.892452692220104,1.4026969253609423,22,29523.673884233845,29565.969033851427,experiment,FIFO,0.28,0,variant_1
8388,INSPECTION_1_7,INSPECTION_1_7_LINE,29565.969033851427,1.4026969253609423,12,1.4026969253609423,42.295149617581046,0.0,21,29523.673884233845,29565.969033851427,experiment,FIFO,0.28,0,variant_1
8389,MOULDING_2,MOULDING_MACHINE_2,29524.844716527805,3.162109254979441,1,0.0,0.0,52.65512284115903,16,29524.844716527805,29577.499839368964,experiment,FIFO,0.28,0,variant_5
8389,ASSEMBLY_1_2,LINE_2_ASSEMBLY1,29539.8859032174,15.041186689595634,2,15.041186689595634,15.041186689595634,37.613936151563394,19,29524.844716527805,29577.499839368964,experiment,FIFO,0.28,0,variant_5
8389,ASSEMBLY_2_2,ASSEMBLY2_LINE_2,29551.815824244488,9.87991285996759,3,11.929921027087403,26.971107716683036,25.68401512447599,18,29524.844716527805,29577.499839368964,experiment,FIFO,0.28,0,variant_5
8389,SORTING,SORTING_ROBOT_1,29566.200147011044,8.050480102043366,4,14.38432276655658,41.355430483239616,11.299692357919412,21,29524.844716527805,29577.499839368964,experiment,FIFO,0.28,0,variant_5
8389,PACKAGING_2,PACKAGING_LINE_2,29567.86335328994,1.6632062788958137,5,1.6632062788958137,43.01863676213543,9.636486079023598,22,29524.844716527805,29577.499839368964,experiment,FIFO,0.28,0,variant_5
8389,INSPECTION_1_1,INSPECTION_1_1_LINE,29568.485296693383,0.6219434034428559,6,0.6219434034428559,43.640580165578285,9.014542675580742,24,29524.844716527805,29577.499839368964,experiment,FIFO,0.28,0,variant_5
8389,INSPECTION_1_2,INSPECTION_1_2_LINE,29569.802628964488,1.317332271104533,7,1.317332271104533,44.95791243668282,7.697210404476209,24,29524.844716527805,29577.499839368964,experiment,FIFO,0.28,0,variant_5
8389,INSPECTION_1_3,INSPECTION_1_3_LINE,29572.68144557041,2.87881660592393,8,2.87881660592393,47.83672904260675,4.818393798552279,24,29524.844716527805,29577.499839368964,experiment,FIFO,0.28,0,variant_5
8389,INSPECTION_1_4,INSPECTION_1_4_LINE,29573.868629955035,1.1871843846238335,9,1.1871843846238335,49.02391342723058,3.6312094139284454,24,29524.844716527805,29577.499839368964,experiment,FIFO,0.28,0,variant_5
8389,INSPECTION_1_5,INSPECTION_1_5_LINE,29574.230065850406,0.36143589537095977,10,0.36143589537095977,49.38534932260154,3.2697735185574857,24,29524.844716527805,29577.499839368964,experiment,FIFO,0.28,0,variant_5
8389,INSPECTION_1_6,INSPECTION_1_6_LINE,29575.37112740214,1.1410615517343103,11,1.1410615517343103,50.52641087433585,2.1287119668231753,23,29524.844716527805,29577.499839368964,experiment,FIFO,0.28,0,variant_5
8389,INSPECTION_1_7,INSPECTION_1_7_LINE,29577.499839368964,2.1287119668231753,12,2.1287119668231753,52.65512284115903,0.0,22,29524.844716527805,29577.499839368964,experiment,FIFO,0.28,0,variant_5
8390,MOULDING_2,MOULDING_MACHINE_2,29538.160548413573,9.100230246811407,1,0.0,0.0,53.93784991848588,19,29538.160548413573,29592.09839833206,experiment,FIFO,0.28,0,variant_5
8390,ASSEMBLY_1_5,LINE_5_ASSEMBLY1,29552.37063250559,14.210084092017496,2,14.210084092017496,14.210084092017496,39.727765826468385,18,29538.160548413573,29592.09839833206,experiment,FIFO,0.28,0,variant_5
8390,ASSEMBLY_2_1,ASSEMBLY2_LINE_1,29574.18913099757,21.675388530366035,3,21.81849849197897,36.02858258399647,17.909267334489414,24,29538.160548413573,29592.09839833206,experiment,FIFO,0.28,0,variant_5
8390,SORTING,SORTING_ROBOT_1,29578.11746197796,3.928330980390456,4,3.928330980390456,39.95691356438692,13.980936354098958,22,29538.160548413573,29592.09839833206,experiment,FIFO,0.28,0,variant_5
8390,PACKAGING_1,PACKAGING_LINE_1,29582.67788354796,4.5604215700004715,5,4.5604215700004715,44.517335134387395,9.420514784098486,22,29538.160548413573,29592.09839833206,experiment,FIFO,0.28,0,variant_5
8390,INSPECTION_1_1,INSPECTION_1_1_LINE,29582.709155628643,0.03127208068326581,6,0.03127208068326581,44.54860721507066,9.38924270341522,22,29538.160548413573,29592.09839833206,experiment,FIFO,0.28,0,variant_5
8390,INSPECTION_1_2,INSPECTION_1_2_LINE,29583.320865703707,0.6117100750634563,7,0.6117100750634563,45.16031729013412,8.777532628351764,22,29538.160548413573,29592.09839833206,experiment,FIFO,0.28,0,variant_5
8390,INSPECTION_1_3,INSPECTION_1_3_LINE,29585.94525272069,2.6243870169819274,8,2.6243870169819274,47.784704307116044,6.153145611369837,21,29538.160548413573,29592.09839833206,experiment,FIFO,0.28,0,variant_5
8390,INSPECTION_1_4,INSPECTION_1_4_LINE,29588.25206724276,2.306814522071363,9,2.306814522071363,50.09151882918741,3.8463310892984737,22,29538.160548413573,29592.09839833206,experiment,FIFO,0.28,0,variant_5
8390,INSPECTION_1_5,INSPECTION_1_5_LINE,29590.73328997716,2.4812227344009443,10,2.4812227344009443,52.57274156358835,1.3651083548975294,21,29538.160548413573,29592.09839833206,experiment,FIFO,0.28,0,variant_5
8390,INSPECTION_1_6,INSPECTION_1_6_LINE,29592.05872730625,1.3254373290874355,11,1.3254373290874355,53.89817889267579,0.03967102581009385,22,29538.160548413573,29592.09839833206,experiment,FIFO,0.28,0,variant_5
8390,INSPECTION_1_7,INSPECTION_1_7_LINE,29592.09839833206,0.03967102581009385,12,0.03967102581009385,53.93784991848588,0.0,21,29538.160548413573,29592.09839833206,experiment,FIFO,0.28,0,variant_5
8391,MOULDING_3,MOULDING_MACHINE_3,29531.76060624466,2.628825249721558,1,0.0,0.0,77.77057413182047,18,29531.76060624466,29609.53118037648,experiment,FIFO,0.28,0,variant_5
8391,ASSEMBLY_1_3,LINE_3_ASSEMBLY1,29574.49865863821,5.110169232149929,2,42.73805239354988,42.73805239354988,35.03252173827059,24,29531.76060624466,29609.53118037648,experiment,FIFO,0.28,0,variant_5
8391,ASSEMBLY_2_2,ASSEMBLY2_LINE_2,29575.79710246169,1.29844382347801,3,1.29844382347801,44.03649621702789,33.73407791479258,23,29531.76060624466,29609.53118037648,experiment,FIFO,0.28,0,variant_5
8391,SORTING,SORTING_ROBOT_1,29580.275647370698,2.1581853927382326,4,4.478544909008633,48.51504112603652,29.255533005783946,21,29531.76060624466,29609.53118037648,experiment,FIFO,0.28,0,variant_5
8391,PACKAGING_3,PACKAGING_LINE_3,29595.13843546836,0.5147241570739425,5,14.862788097663724,63.377829223700246,14.392744908120221,21,29531.76060624466,29609.53118037648,experiment,FIFO,0.28,0,variant_5
8391,INSPECTION_1_1,INSPECTION_1_1_LINE,29596.27445898609,0.09558164287591353,6,1.1360235177271534,64.5138527414274,13.256721390393068,21,29531.76060624466,29609.53118037648,experiment,FIFO,0.28,0,variant_5
8391,INSPECTION_1_2,INSPECTION_1_2_LINE,29597.74789766721,0.7536943933482689,7,1.473438681121479,65.98729142254888,11.783282709271589,21,29531.76060624466,29609.53118037648,experiment,FIFO,0.28,0,variant_5
8391,INSPECTION_1_3,INSPECTION_1_3_LINE,29599.64386778212,0.2685314779046166,8,1.8959701149105967,67.88326153745948,9.887312594360992,23,29531.76060624466,29609.53118037648,experiment,FIFO,0.28,0,variant_5
8391,INSPECTION_1_4,INSPECTION_1_4_LINE,29602.65132122708,1.5863132119193324,9,3.0074534449595376,70.89071498241901,6.8798591494014545,22,29531.76060624466,29609.53118037648,experiment,FIFO,0.28,0,variant_5
8391,INSPECTION_1_5,INSPECTION_1_5_LINE,29603.070530504025,0.4192092769444571,10,0.4192092769444571,71.30992425936347,6.460649872456997,23,29531.76060624466,29609.53118037648,experiment,FIFO,0.28,0,variant_5
8391,INSPECTION_1_6,INSPECTION_1_6_LINE,29605.310700837585,2.240170333559945,11,2.240170333559945,73.55009459292341,4.220479538897052,20,29531.76060624466,29609.53118037648,experiment,FIFO,0.28,0,variant_5
8391,INSPECTION_1_7,INSPECTION_1_7_LINE,29609.53118037648,4.220479538897052,12,4.220479538897052,77.77057413182047,0.0,20,29531.76060624466,29609.53118037648,experiment,FIFO,0.28,0,variant_5
8392,MOULDING_5,MOULDING_MACHINE_5,29534.463211879603,3.0009205878341163,1,0.0,0.0,82.36549758151159,19,29534.463211879603,29616.828709461115,experiment,FIFO,0.28,0,variant_5
8392,ASSEMBLY_1_1,LINE_1_ASSEMBLY1,29563.0805440583,28.617332178695506,2,28.617332178695506,28.617332178695506,53.748165402816085,22,29534.463211879603,29616.828709461115,experiment,FIFO,0.28,0,variant_5
8392,ASSEMBLY_2_1,ASSEMBLY2_LINE_1,29595.54024039022,4.495756677115423,3,32.459696331919986,61.07702851061549,21.2884690708961,21,29534.463211879603,29616.828709461115,experiment,FIFO,0.28,0,variant_5
8392,SORTING,SORTING_ROBOT_1,29600.220846012904,4.0103950481025095,4,4.680605622685107,65.7576341333006,16.607863448210992,23,29534.463211879603,29616.828709461115,experiment,FIFO,0.28,0,variant_5
8392,PACKAGING_1,PACKAGING_LINE_1,29601.72117606332,1.5003300504176877,5,1.5003300504176877,67.25796418371829,15.107533397793304,23,29534.463211879603,29616.828709461115,experiment,FIFO,0.28,0,variant_5
8392,INSPECTION_1_1,INSPECTION_1_1_LINE,29603.99439789581,2.273221832489071,6,2.273221832489071,69.53118601620736,12.834311565304233,22,29534.463211879603,29616.828709461115,experiment,FIFO,0.28,0,variant_5
8392,INSPECTION_1_2,INSPECTION_1_2_LINE,29606.37998721221,2.385589316400001,7,2.385589316400001,71.91677533260736,10.448722248904232,21,29534.463211879603,29616.828709461115,experiment,FIFO,0.28,0,variant_5
8392,INSPECTION_1_3,INSPECTION_1_3_LINE,29607.64532930002,1.2653420878086763,8,1.2653420878086763,73.18211742041603,9.183380161095556,21,29534.463211879603,29616.828709461115,experiment,FIFO,0.28,0,variant_5
8392,INSPECTION_1_4,INSPECTION_1_4_LINE,29609.598568029483,1.9532387294639193,9,1.9532387294639193,75.13535614987995,7.230141431631637,20,29534.463211879603,29616.828709461115,experiment,FIFO,0.28,0,variant_5
8392,INSPECTION_1_5,INSPECTION_1_5_LINE,29611.50228090679,1.9037128773052245,10,1.9037128773052245,77.03906902718518,5.326428554326412,19,29534.463211879603,29616.828709461115,experiment,FIFO,0.28,0,variant_5
8392,INSPECTION_1_6,INSPECTION_1_6_LINE,29615.099779996894,0.8241635171652888,11,3.597499090104975,80.63656811729015,1.7289294642214372,22,29534.463211879603,29616.828709461115,experiment,FIFO,0.28,0,variant_5
8392,INSPECTION_1_7,INSPECTION_1_7_LINE,29616.828709461115,0.8606230965160648,12,1.7289294642214372,82.36549758151159,0.0,20,29534.463211879603,29616.828709461115,experiment,FIFO,0.28,0,variant_5
8393,MOULDING_2,MOULDING_MACHINE_2,29544.97121019449,6.810661780917144,1,0.0,0.0,49.30033883325086,20,29544.97121019449,29594.27154902774,experiment,FIFO,0.28,0,variant_2
8393,ASSEMBLY_1_4,LINE_4_ASSEMBLY1,29558.14517069496,13.173960500469548,2,13.173960500469548,13.173960500469548,36.126378332781314,20,29544.97121019449,29594.27154902774,experiment,FIFO,0.28,0,variant_2
8393,ASSEMBLY_2_1,ASSEMBLY2_LINE_1,29582.03143457996,7.842303582390741,3,23.886263885000517,37.060224385470065,12.240114447780797,22,29544.97121019449,29594.27154902774,experiment,FIFO,0.28,0,variant_2
8393,SORTING,SORTING_ROBOT_1,29582.31667163744,0.2852370574801171,4,0.2852370574801171,37.34546144295018,11.95487739030068,22,29544.97121019449,29594.27154902774,experiment,FIFO,0.28,0,variant_2
8393,PACKAGING_1,PACKAGING_LINE_1,29583.45691069658,0.7790271486192069,5,1.140239059139276,38.48570050208946,10.814638331161404,22,29544.97121019449,29594.27154902774,experiment,FIFO,0.28,0,variant_2
8393,INSPECTION_2_1,INSPECTION_2_1_LINE,29584.722641638324,1.2657309417445504,6,1.2657309417445504,39.75143144383401,9.548907389416854,22,29544.97121019449,29594.27154902774,experiment,FIFO,0.28,0,variant_2
8393,INSPECTION_2_2,INSPECTION_2_2_LINE,29588.54666633018,3.8240246918576304,7,3.8240246918576304,43.57545613569164,5.724882697559224,22,29544.97121019449,29594.27154902774,experiment,FIFO,0.28,0,variant_2
8393,INSPECTION_2_3,INSPECTION_2_3_LINE,29588.809667955324,0.26300162514235126,8,0.26300162514235126,43.83845776083399,5.4618810724168725,22,29544.97121019449,29594.27154902774,experiment,FIFO,0.28,0,variant_2
8393,INSPECTION_2_4,INSPECTION_2_4_LINE,29589.9002866146,1.0906186592765152,9,1.0906186592765152,44.929076420110505,4.371262413140357,21,29544.97121019449,29594.27154902774,experiment,FIFO,0.28,0,variant_2
8393,INSPECTION_2_5,INSPECTION_2_5_LINE,29590.23980710645,0.33952049184881616,10,0.33952049184881616,45.26859691195932,4.031741921291541,21,29544.97121019449,29594.27154902774,experiment,FIFO,0.28,0,variant_2
8393,INSPECTION_2_6,INSPECTION_2_6_LINE,29590.694918938407,0.4551118319577654,11,0.4551118319577654,45.723708743917086,3.5766300893337757,21,29544.97121019449,29594.27154902774,experiment,FIFO,0.28,0,variant_2
8393,INSPECTION_2_7,INSPECTION_2_7_LINE,29594.27154902774,3.5766300893337757,12,3.5766300893337757,49.30033883325086,0.0,21,29544.97121019449,29594.27154902774,experiment,FIFO,0.28,0,variant_2
8394,MOULDING_4,MOULDING_MACHINE_4,29551.407162610227,12.429145119345776,1,0.0,0.0,50.61886046446671,18,29551.407162610227,29602.026023074694,experiment,FIFO,0.28,0,variant_1
8394,ASSEMBLY_1_2,LINE_2_ASSEMBLY1,29551.91680802446,0.5096454142330913,2,0.5096454142330913,0.5096454142330913,50.109215050233615,18,29551.407162610227,29602.026023074694,experiment,FIFO,0.28,0,variant_1
8394,ASSEMBLY_2_2,ASSEMBLY2_LINE_2,29553.245808231582,1.32900020712259,3,1.32900020712259,1.8386456213556812,48.780214843111025,18,29551.407162610227,29602.026023074694,experiment,FIFO,0.28,0,variant_1
8394,SORTING,SORTING_ROBOT_1,29568.03054982806,1.4483976667252136,4,14.784741596478852,16.623387217834534,33.99547324663217,24,29551.407162610227,29602.026023074694,experiment,FIFO,0.28,0,variant_1
8394,PACKAGING_3,PACKAGING_LINE_3,29594.623711311287,2.988913078475889,5,26.59316148322614,43.216548701060674,7.402311763406033,21,29551.407162610227,29602.026023074694,experiment,FIFO,0.28,0,variant_1
8394,INSPECTION_2_1,INSPECTION_2_1_LINE,29595.6987064628,1.0749951515135763,6,1.0749951515135763,44.29154385257425,6.327316611892456,21,29551.407162610227,29602.026023074694,experiment,FIFO,0.28,0,variant_1
8394,INSPECTION_2_2,INSPECTION_2_2_LINE,29596.10336326482,0.4046568020203267,7,0.4046568020203267,44.69620065459458,5.92265980987213,21,29551.407162610227,29602.026023074694,experiment,FIFO,0.28,0,variant_1
8394,INSPECTION_2_3,INSPECTION_2_3_LINE,29596.139677207244,0.03631394242256647,8,0.03631394242256647,44.73251459701714,5.886345867449563,21,29551.407162610227,29602.026023074694,experiment,FIFO,0.28,0,variant_1
8394,INSPECTION_2_4,INSPECTION_2_4_LINE,29596.585750194867,0.44607298762275605,9,0.44607298762275605,45.1785875846399,5.440272879826807,21,29551.407162610227,29602.026023074694,experiment,FIFO,0.28,0,variant_1
8394,INSPECTION_2_5,INSPECTION_2_5_LINE,29599.87278659996,3.2870364050941134,10,3.2870364050941134,48.46562398973401,2.1532364747326938,23,29551.407162610227,29602.026023074694,experiment,FIFO,0.28,0,variant_1
8394,INSPECTION_2_6,INSPECTION_2_6_LINE,29600.91662650269,1.0438399027298146,11,1.0438399027298146,49.50946389246383,1.1093965720028791,23,29551.407162610227,29602.026023074694,experiment,FIFO,0.28,0,variant_1
8394,INSPECTION_2_7,INSPECTION_2_7_LINE,29602.026023074694,1.1093965720028791,12,1.1093965720028791,50.61886046446671,0.0,22,29551.407162610227,29602.026023074694,experiment,FIFO,0.28,0,variant_1
8395,MOULDING_5,MOULDING_MACHINE_5,29541.17310477588,1.7169067737195292,1,0.0,0.0,63.51488621276076,20,29541.17310477588,29604.68799098864,experiment,FIFO,0.28,0,variant_6
8395,ASSEMBLY_1_3,LINE_3_ASSEMBLY1,29587.19750604911,12.698847410898452,2,46.02440127322916,46.02440127322916,17.490484939531598,22,29541.17310477588,29604.68799098864,experiment,FIFO,0.28,0,variant_6
8395,ASSEMBLY_2_2,ASSEMBLY2_LINE_2,29587.656225108167,0.45871905905733,3,0.45871905905733,46.48312033228649,17.031765880474268,22,29541.17310477588,29604.68799098864,experiment,FIFO,0.28,0,variant_6
8395,SORTING,SORTING_ROBOT_1,29588.721905891616,1.065680783449352,4,1.065680783449352,47.54880111573584,15.966085097024916,22,29541.17310477588,29604.68799098864,experiment,FIFO,0.28,0,variant_6
8395,PACKAGING_3,PACKAGING_LINE_3,29595.82706339943,0.6886279310674581,5,7.105157507812692,54.65395862354853,8.860927589212224,21,29541.17310477588,29604.68799098864,experiment,FIFO,0.28,0,variant_6
8395,INSPECTION_2_1,INSPECTION_2_1_LINE,29596.30953194,0.48246854057288147,6,0.48246854057288147,55.136427164121415,8.378459048639343,21,29541.17310477588,29604.68799098864,experiment,FIFO,0.28,0,variant_6
8395,INSPECTION_2_2,INSPECTION_2_2_LINE,29597.272346847487,0.9628149074851535,7,0.9628149074851535,56.09924207160657,7.415644141154189,22,29541.17310477588,29604.68799098864,experiment,FIFO,0.28,0,variant_6
8395,INSPECTION_2_3,INSPECTION_2_3_LINE,29599.72630967888,2.453962831394165,8,2.453962831394165,58.55320490300073,4.961681309760024,23,29541.17310477588,29604.68799098864,experiment,FIFO,0.28,0,variant_6
8395,INSPECTION_2_4,INSPECTION_2_4_LINE,29599.86488426698,0.13857458809798118,9,0.13857458809798118,58.691779491098714,4.823106721662043,23,29541.17310477588,29604.68799098864,experiment,FIFO,0.28,0,variant_6
8395,INSPECTION_2_5,INSPECTION_2_5_LINE,29600.641682938283,0.76889633832252,10,0.7767986713042774,59.46857816240299,4.046308050357766,23,29541.17310477588,29604.68799098864,experiment,FIFO,0.28,0,variant_6
8395,INSPECTION_2_6,INSPECTION_2_6_LINE,29602.503692470407,1.587065967716626,11,1.8620095321239205,61.33058769452691,2.1842985182338452,22,29541.17310477588,29604.68799098864,experiment,FIFO,0.28,0,variant_6
8395,INSPECTION_2_7,INSPECTION_2_7_LINE,29604.68799098864,2.1842985182338452,12,2.1842985182338452,63.51488621276076,0.0,21,29541.17310477588,29604.68799098864,experiment,FIFO,0.28,0,variant_6
8396,MOULDING_4,MOULDING_MACHINE_4,29556.9163788206,5.50921621037196,1,0.0,0.0,53.309918147610006,20,29556.9163788206,29610.22629696821,experiment,FIFO,0.28,0,variant_6
8396,ASSEMBLY_1_2,LINE_2_ASSEMBLY1,29568.16553297556,11.249154154960706,2,11.249154154960706,11.249154154960706,42.0607639926493,24,29556.9163788206,29610.22629696821,experiment,FIFO,0.28,0,variant_6
8396,ASSEMBLY_2_1,ASSEMBLY2_LINE_1,29602.113645947564,6.573405557344813,3,33.94811297200431,45.197267126965016,8.11265102064499,22,29556.9163788206,29610.22629696821,experiment,FIFO,0.28,0,variant_6
8396,SORTING,SORTING_ROBOT_1,29603.69815708929,1.5845111417256703,4,1.5845111417256703,46.78177826869069,6.528139878919319,22,29556.9163788206,29610.22629696821,experiment,FIFO,0.28,0,variant_6
8396,PACKAGING_2,PACKAGING_LINE_2,29605.8730339069,2.1748768176112208,5,2.1748768176112208,48.95665508630191,4.353263061308098,21,29556.9163788206,29610.22629696821,experiment,FIFO,0.28,0,variant_6
8396,INSPECTION_2_1,INSPECTION_2_1_LINE,29606.14215281791,0.26911891100826324,6,0.26911891100826324,49.22577399731017,4.084144150299835,21,29556.9163788206,29610.22629696821,experiment,FIFO,0.28,0,variant_6
8396,INSPECTION_2_2,INSPECTION_2_2_LINE,29606.53036456879,0.3882117508801457,7,0.3882117508801457,49.613985748190316,3.6959323994196893,21,29556.9163788206,29610.22629696821,experiment,FIFO,0.28,0,variant_6
8396,INSPECTION_2_3,INSPECTION_2_3_LINE,29607.559571685404,1.029207116614998,8,1.029207116614998,50.643192864805314,2.6667252828046912,21,29556.9163788206,29610.22629696821,experiment,FIFO,0.28,0,variant_6
8396,INSPECTION_2_4,INSPECTION_2_4_LINE,29608.320292695484,0.7607210100795783,9,0.7607210100795783,51.40391387488489,1.906004272725113,21,29556.9163788206,29610.22629696821,experiment,FIFO,0.28,0,variant_6
8396,INSPECTION_2_5,INSPECTION_2_5_LINE,29609.437538295584,1.117245600100432,10,1.117245600100432,52.521159474985325,0.7887586726246809,21,29556.9163788206,29610.22629696821,experiment,FIFO,0.28,0,variant_6
8396,INSPECTION_2_6,INSPECTION_2_6_LINE,29609.890556471924,0.4530181763402652,11,0.4530181763402652,52.97417765132559,0.3357404962844157,20,29556.9163788206,29610.22629696821,experiment,FIFO,0.28,0,variant_6
8396,INSPECTION_2_7,INSPECTION_2_7_LINE,29610.22629696821,0.3357404962844157,12,0.3357404962844157,53.309918147610006,0.0,19,29556.9163788206,29610.22629696821,experiment,FIFO,0.28,0,variant_6
8397,MOULDING_5,MOULDING_MACHINE_5,29560.473381355976,17.426870116669306,1,0.0,0.0,100.75182163951467,20,29560.473381355976,29661.22520299549,experiment,FIFO,0.28,0,variant_1
8397,ASSEMBLY_1_3,LINE_3_ASSEMBLY1,29594.233344239587,1.6236878869858629,2,33.75996288361057,33.75996288361057,66.9918587559041,22,29560.473381355976,29661.22520299549,experiment,FIFO,0.28,0,variant_1
8397,ASSEMBLY_2_1,ASSEMBLY2_LINE_1,29620.929518395744,9.817060493704048,3,26.696174156157213,60.45613703976778,40.29568459974689,22,29560.473381355976,29661.22520299549,experiment,FIFO,0.28,0,variant_1
8397,SORTING,SORTING_ROBOT_1,29636.59494917048,0.3473826005210867,4,15.665430774737615,76.1215678145054,24.630253825009277,18,29560.473381355976,29661.22520299549,experiment,FIFO,0.28,0,variant_1
8397,PACKAGING_1,PACKAGING_LINE_1,29646.21554935476,0.23119659003350534,5,9.620600184280192,85.74216799878559,15.009653640729084,19,29560.473381355976,29661.22520299549,experiment,FIFO,0.28,0,variant_1
8397,INSPECTION_2_1,INSPECTION_2_1_LINE,29649.09331348897,1.997355177958525,6,2.8777641342094284,88.61993213299502,12.131889506519656,19,29560.473381355976,29661.22520299549,experiment,FIFO,0.28,0,variant_1
8397,INSPECTION_2_2,INSPECTION_2_2_LINE,29650.75828901796,0.42510266106182826,7,1.66497552898727,90.28490766198229,10.466913977532386,18,29560.473381355976,29661.22520299549,experiment,FIFO,0.28,0,variant_1
8397,INSPECTION_2_3,INSPECTION_2_3_LINE,29653.17495510109,0.696362608250638,8,2.4166660831324407,92.70157374511473,8.050247894399945,19,29560.473381355976,29661.22520299549,experiment,FIFO,0.28,0,variant_1
8397,INSPECTION_2_4,INSPECTION_2_4_LINE,29656.000506496035,2.7726024573021277,9,2.825551394944341,95.52712514005907,5.224696499455604,19,29560.473381355976,29661.22520299549,experiment,FIFO,0.28,0,variant_1
8397,INSPECTION_2_5,INSPECTION_2_5_LINE,29657.696945416148,1.6964389201129961,10,1.6964389201129961,97.22356406017207,3.5282575793426076,19,29560.473381355976,29661.22520299549,experiment,FIFO,0.28,0,variant_1
8397,INSPECTION_2_6,INSPECTION_2_6_LINE,29658.43576171221,0.7388162960633053,11,0.7388162960633053,97.96238035623537,2.7894412832793023,19,29560.473381355976,29661.22520299549,experiment,FIFO,0.28,0,variant_1
8397,INSPECTION_2_7,INSPECTION_2_7_LINE,29661.22520299549,2.7894412832793023,12,2.7894412832793023,100.75182163951467,0.0,19,29560.473381355976,29661.22520299549,experiment,FIFO,0.28,0,variant_1
8398,MOULDING_5,MOULDING_MACHINE_5,29567.852554376743,7.379173020766757,1,0.0,0.0,54.57459998568447,22,29567.852554376743,29622.427154362427,experiment,FIFO,0.28,0,variant_6
8398,ASSEMBLY_1_4,LINE_4_ASSEMBLY1,29572.437056024904,4.584501648161677,2,4.584501648161677,4.584501648161677,49.990098337522795,24,29567.852554376743,29622.427154362427,experiment,FIFO,0.28,0,variant_6
8398,ASSEMBLY_2_1,ASSEMBLY2_LINE_1,29609.25924960265,5.179268387964839,3,36.82219357774375,41.40669522590542,13.167904759779049,21,29567.852554376743,29622.427154362427,experiment,FIFO,0.28,0,variant_6
8398,SORTING,SORTING_ROBOT_1,29613.624020795545,3.383597233754699,4,4.364771192897024,45.77146641880245,8.803133566882025,21,29567.852554376743,29622.427154362427,experiment,FIFO,0.28,0,variant_6
8398,PACKAGING_3,PACKAGING_LINE_3,29614.14173875271,0.517717957165587,5,0.517717957165587,46.289184375968034,8.285415609716438,21,29567.852554376743,29622.427154362427,experiment,FIFO,0.28,0,variant_6
8398,INSPECTION_2_1,INSPECTION_2_1_LINE,29616.26481381669,2.12307506398065,6,2.12307506398065,48.412259439948684,6.162340545735788,21,29567.852554376743,29622.427154362427,experiment,FIFO,0.28,0,variant_6
8398,INSPECTION_2_2,INSPECTION_2_2_LINE,29617.97305449866,1.7082406819681637,7,1.7082406819681637,50.12050012191685,4.454099863767624,20,29567.852554376743,29622.427154362427,experiment,FIFO,0.28,0,variant_6
8398,INSPECTION_2_3,INSPECTION_2_3_LINE,29618.00729339992,0.03423890126214246,8,0.03423890126214246,50.15473902317899,4.419860962505481,20,29567.852554376743,29622.427154362427,experiment,FIFO,0.28,0,variant_6
8398,INSPECTION_2_4,INSPECTION_2_4_LINE,29618.630130838792,0.6228374388701923,9,0.6228374388701923,50.77757646204918,3.797023523635289,20,29567.852554376743,29622.427154362427,experiment,FIFO,0.28,0,variant_6
8398,INSPECTION_2_4,INSPECTION_2_4_LINE,29619.715016245613,1.0848854068208311,10,1.0848854068208311,51.862461868870014,2.712138116814458,21,29567.852554376743,29622.427154362427,experiment,FIFO,0.28,0,variant_6
8398,INSPECTION_2_5,INSPECTION_2_5_LINE,29620.00957454344,0.2945582978281891,11,0.2945582978281891,52.1570201666982,2.417579818986269,21,29567.852554376743,29622.427154362427,experiment,FIFO,0.28,0,variant_6
8398,INSPECTION_2_6,INSPECTION_2_6_LINE,29621.23806968506,1.2284951416186232,12,1.2284951416186232,53.385515308316826,1.1890846773676458,22,29567.852554376743,29622.427154362427,experiment,FIFO,0.28,0,variant_6
8398,INSPECTION_2_7,INSPECTION_2_7_LINE,29622.427154362427,1.1890846773676458,13,1.1890846773676458,54.57459998568447,0.0,21,29567.852554376743,29622.427154362427,experiment,FIFO,0.28,0,variant_6
8399,MOULDING_4,MOULDING_MACHINE_4,29562.660025797024,5.743646976425225,1,0.0,0.0,73.91025962492495,21,29562.660025797024,29636.57028542195,experiment,FIFO,0.28,0,variant_5
8399,ASSEMBLY_1_2,LINE_2_ASSEMBLY1,29585.30067461557,17.13514164001026,2,22.640648818545742,22.640648818545742,51.269610806379205,21,29562.660025797024,29636.57028542195,experiment,FIFO,0.28,0,variant_5
8399,ASSEMBLY_2_1,ASSEMBLY2_LINE_1,29611.11245790204,0.04448627010060591,3,25.811783286470018,48.45243210501576,25.457827519909188,19,29562.660025797024,29636.57028542195,experiment,FIFO,0.28,0,variant_5
8399,SORTING,SORTING_ROBOT_1,29627.887594012907,1.190066388957348,4,16.775136110867606,65.22756821588337,8.682691409041581,22,29562.660025797024,29636.57028542195,experiment,FIFO,0.28,0,variant_5
8399,PACKAGING_1,PACKAGING_LINE_1,29631.20089650383,1.2488419874389365,5,3.3133024909220694,68.54087070680544,5.369388918119512,21,29562.660025797024,29636.57028542195,experiment,FIFO,0.28,0,variant_5
8399,INSPECTION_2_1,INSPECTION_2_1_LINE,29631.84250504214,0.6416085383098107,6,0.6416085383098107,69.18247924511525,4.727780379809701,21,29562.660025797024,29636.57028542195,experiment,FIFO,0.28,0,variant_5
8399,INSPECTION_2_2,INSPECTION_2_2_LINE,29632.071100796755,0.22859575461552595,7,0.22859575461552595,69.41107499973077,4.499184625194175,21,29562.660025797024,29636.57028542195,experiment,FIFO,0.28,0,variant_5
8399,INSPECTION_2_3,INSPECTION_2_3_LINE,29633.05028148485,0.979180688096676,8,0.979180688096676,70.39025568782745,3.520003937097499,21,29562.660025797024,29636.57028542195,experiment,FIFO,0.28,0,variant_5
8399,INSPECTION_2_4,INSPECTION_2_4_LINE,29633.60866544904,0.5583839641876693,9,0.5583839641876693,70.94863965201512,2.96161997290983,21,29562.660025797024,29636.57028542195,experiment,FIFO,0.28,0,variant_5
8399,INSPECTION_2_5,INSPECTION_2_5_LINE,29634.752731967936,1.1440665188965795,10,1.1440665188965795,72.0927061709117,1.8175534540132503,20,29562.660025797024,29636.57028542195,experiment,FIFO,0.28,0,variant_5
8399,INSPECTION_2_6,INSPECTION_2_6_LINE,29634.770994719205,0.018262751269503497,11,0.018262751269503497,72.1109689221812,1.7992907027437468,20,29562.660025797024,29636.57028542195,experiment,FIFO,0.28,0,variant_5
8399,INSPECTION_2_7,INSPECTION_2_7_LINE,29636.57028542195,1.7992907027437468,12,1.7992907027437468,73.91025962492495,0.0,18,29562.660025797024,29636.57028542195,experiment,FIFO,0.28,0,variant_5
8400,MOULDING_4,MOULDING_MACHINE_4,29582.025136461503,19.36511066447929,1,0.0,0.0,120.59998132088367,22,29582.025136461503,29702.625117782387,experiment,FIFO,0.28,0,variant_3
8400,ASSEMBLY_1_3,LINE_3_ASSEMBLY1,29631.98331826351,32.59061627601841,2,49.95818180200513,49.95818180200513,70.64179951887854,21,29582.025136461503,29702.625117782387,experiment,FIFO,0.28,0,variant_3
8400,ASSEMBLY_2_2,ASSEMBLY2_LINE_2,29676.55552255125,25.060707769160217,3,44.57220428774235,94.53038608974748,26.06959523113619,16,29582.025136461503,29702.625117782387,experiment,FIFO,0.28,0,variant_3
8400,SORTING,SORTING_ROBOT_1,29683.880631102445,7.325108551194717,4,7.325108551194717,101.8554946409422,18.744486679941474,15,29582.025136461503,29702.625117782387,experiment,FIFO,0.28,0,variant_3
8400,PACKAGING_1,PACKAGING_LINE_1,29695.61430289633,11.73367179388515,5,11.73367179388515,113.58916643482735,7.010814886056323,16,29582.025136461503,29702.625117782387,experiment,FIFO,0.28,0,variant_3
8400,INSPECTION_2_1,INSPECTION_2_1_LINE,29696.30446973973,0.6901668434002204,6,0.6901668434002204,114.27933327822757,6.320648042656103,16,29582.025136461503,29702.625117782387,experiment,FIFO,0.28,0,variant_3
8400,INSPECTION_2_2,INSPECTION_2_2_LINE,29696.71869495638,0.4142252166493563,7,0.4142252166493563,114.69355849487692,5.906422826006747,16,29582.025136461503,29702.625117782387,experiment,FIFO,0.28,0,variant_3
8400,INSPECTION_2_3,INSPECTION_2_3_LINE,29699.362508484726,2.6438135283460724,8,2.6438135283460724,117.337372023223,3.262609297660674,18,29582.025136461503,29702.625117782387,experiment,FIFO,0.28,0,variant_3
8400,INSPECTION_2_4,INSPECTION_2_4_LINE,29699.575767017097,0.2132585323706735,9,0.2132585323706735,117.55063055559367,3.0493507652900007,18,29582.025136461503,29702.625117782387,experiment,FIFO,0.28,0,variant_3
8400,INSPECTION_2_5,INSPECTION_2_5_LINE,29699.74329428936,0.1675272722641239,10,0.1675272722641239,117.7181578278578,2.881823493025877,18,29582.025136461503,29702.625117782387,experiment,FIFO,0.28,0,variant_3
8400,INSPECTION_2_6,INSPECTION_2_6_LINE,29699.92646161801,0.18316732865059748,11,0.18316732865059748,117.90132515650839,2.6986561643752793,18,29582.025136461503,29702.625117782387,experiment,FIFO,0.28,0,variant_3
8400,INSPECTION_2_7,INSPECTION_2_7_LINE,29702.625117782387,2.6986561643752793,12,2.6986561643752793,120.59998132088367,0.0,18,29582.025136461503,29702.625117782387,experiment,FIFO,0.28,0,variant_3
8401,MOULDING_2,MOULDING_MACHINE_2,29554.346468906,1.1072347982226347,1,0.0,0.0,61.62161745860067,19,29554.346468906,29615.9680863646,experiment,FIFO,0.28,0,variant_3
8401,ASSEMBLY_1_5,LINE_5_ASSEMBLY1,29562.60464356384,8.258174657843483,2,8.258174657843483,8.258174657843483,53.363442800757184,20,29554.346468906,29615.9680863646,experiment,FIFO,0.28,0,variant_3
8401,ASSEMBLY_2_1,ASSEMBLY2_LINE_1,29591.044483713104,9.013049133143795,3,28.439840149261727,36.69801480710521,24.923602651495457,21,29554.346468906,29615.9680863646,experiment,FIFO,0.28,0,variant_3
8401,SORTING,SORTING_ROBOT_1,29596.2104509648,5.165967251698021,4,5.165967251698021,41.86398205880323,19.757635399797437,21,29554.346468906,29615.9680863646,experiment,FIFO,0.28,0,variant_3
8401,PACKAGING_2,PACKAGING_LINE_2,29599.154452858267,2.944001893465611,5,2.944001893465611,44.80798395226884,16.813633506331826,23,29554.346468906,29615.9680863646,experiment,FIFO,0.28,0,variant_3
8401,INSPECTION_1_1,INSPECTION_1_1_LINE,29600.60779700807,1.453344149802433,6,1.453344149802433,46.261328102071275,15.360289356529393,23,29554.346468906,29615.9680863646,experiment,FIFO,0.28,0,variant_3
8401,INSPECTION_1_2,INSPECTION_1_2_LINE,29603.190834494817,2.583037486747344,7,2.583037486747344,48.84436558881862,12.777251869782049,22,29554.346468906,29615.9680863646,experiment,FIFO,0.28,0,variant_3
8401,INSPECTION_1_3,INSPECTION_1_3_LINE,29603.70515649447,0.5143219996534754,8,0.5143219996534754,49.358687588472094,12.262929870128573,22,29554.346468906,29615.9680863646,experiment,FIFO,0.28,0,variant_3
8401,INSPECTION_1_4,INSPECTION_1_4_LINE,29605.403136746885,1.697980252414709,9,1.697980252414709,51.0566678408868,10.564949617713864,20,29554.346468906,29615.9680863646,experiment,FIFO,0.28,0,variant_3
8401,INSPECTION_1_5,INSPECTION_1_5_LINE,29605.58567796757,0.1825412206853798,10,0.1825412206853798,51.23920906157218,10.382408397028485,20,29554.346468906,29615.9680863646,experiment,FIFO,0.28,0,variant_3
8401,INSPECTION_1_6,INSPECTION_1_6_LINE,29614.27561647973,8.689938512157823,11,8.689938512157823,59.929147573730006,1.6924698848706612,21,29554.346468906,29615.9680863646,experiment,FIFO,0.28,0,variant_3
8401,INSPECTION_1_7,INSPECTION_1_7_LINE,29615.9680863646,1.6924698848706612,12,1.6924698848706612,61.62161745860067,0.0,21,29554.346468906,29615.9680863646,experiment,FIFO,0.28,0,variant_3
8402,MOULDING_3,MOULDING_MACHINE_3,29558.084741432147,2.9365177747240523,1,0.0,0.0,70.45617243418383,21,29558.084741432147,29628.54091386633,experiment,FIFO,0.28,0,variant_6
8402,ASSEMBLY_1_3,LINE_3_ASSEMBLY1,29592.6096563526,5.412150303491217,2,34.52491492045374,34.52491492045374,35.93125751373009,21,29558.084741432147,29628.54091386633,experiment,FIFO,0.28,0,variant_6
8402,ASSEMBLY_2_2,ASSEMBLY2_LINE_2,29602.529186933785,9.919530581184517,3,9.919530581184517,44.444445501638256,26.01172693254557,22,29558.084741432147,29628.54091386633,experiment,FIFO,0.28,0,variant_6
8402,SORTING,SORTING_ROBOT_1,29608.960607797457,5.262450708167307,4,6.431420863671519,50.875866365309776,19.58030606887405,21,29558.084741432147,29628.54091386633,experiment,FIFO,0.28,0,variant_6
8402,PACKAGING_1,PACKAGING_LINE_1,29614.887766475505,5.927158678048727,5,5.927158678048727,56.8030250433585,13.653147390825325,22,29558.084741432147,29628.54091386633,experiment,FIFO,0.28,0,variant_6
8402,INSPECTION_2_1,INSPECTION_2_1_LINE,29620.183490445383,3.9186766286911734,6,5.2957239698771446,62.09874901323565,8.35742342094818,21,29558.084741432147,29628.54091386633,experiment,FIFO,0.28,0,variant_6
8402,INSPECTION_2_2,INSPECTION_2_2_LINE,29620.79484620816,0.6113557627759292,7,0.6113557627759292,62.710104776011576,7.746067658172251,22,29558.084741432147,29628.54091386633,experiment,FIFO,0.28,0,variant_6
8402,INSPECTION_2_3,INSPECTION_2_3_LINE,29621.010633754355,0.21578754619622487,8,0.21578754619622487,62.9258923222078,7.530280111976026,22,29558.084741432147,29628.54091386633,experiment,FIFO,0.28,0,variant_6
8402,INSPECTION_2_4,INSPECTION_2_4_LINE,29622.25481070328,1.2441769489269063,9,1.2441769489269063,64.17006927113471,6.28610316304912,22,29558.084741432147,29628.54091386633,experiment,FIFO,0.28,0,variant_6
8402,INSPECTION_2_5,INSPECTION_2_5_LINE,29623.82796915608,1.5731584527966334,10,1.5731584527966334,65.74322772393134,4.712944710252486,21,29558.084741432147,29628.54091386633,experiment,FIFO,0.28,0,variant_6
8402,INSPECTION_2_6,INSPECTION_2_6_LINE,29624.79848494341,0.9705157873322605,11,0.9705157873322605,66.7137435112636,3.742428922920226,21,29558.084741432147,29628.54091386633,experiment,FIFO,0.28,0,variant_6
8402,INSPECTION_2_7,INSPECTION_2_7_LINE,29628.54091386633,3.742428922920226,12,3.742428922920226,70.45617243418383,0.0,21,29558.084741432147,29628.54091386633,experiment,FIFO,0.28,0,variant_6
8403,MOULDING_3,MOULDING_MACHINE_3,29563.07884492011,4.994103487963002,1,0.0,0.0,26.0827231295807,22,29563.07884492011,29589.16156804969,experiment,FIFO,0.28,0,variant_2
8403,ASSEMBLY_1_1,LINE_1_ASSEMBLY1,29563.53281207312,0.4522680148220388,2,0.4539671530110354,0.4539671530110354,25.628755976569664,22,29563.07884492011,29589.16156804969,experiment,FIFO,0.28,0,variant_2
8403,ASSEMBLY_2_2,ASSEMBLY2_LINE_2,29570.24557177744,6.7127597043181595,3,6.7127597043181595,7.166726857329195,18.915996272251505,23,29563.07884492011,29589.16156804969,experiment,FIFO,0.28,0,variant_2
8403,SORTING,SORTING_ROBOT_1,29571.18337868684,0.9378069094018429,4,0.9378069094018429,8.104533766731038,17.978189362849662,24,29563.07884492011,29589.16156804969,experiment,FIFO,0.28,0,variant_2
8403,PACKAGING_2,PACKAGING_LINE_2,29573.01532220808,1.8319435212397366,5,1.8319435212397366,9.936477287970774,16.146245841609925,24,29563.07884492011,29589.16156804969,experiment,FIFO,0.28,0,variant_2
8403,INSPECTION_2_1,INSPECTION_2_1_LINE,29574.56278178451,1.547459576428082,6,1.547459576428082,11.483936864398856,14.598786265181843,24,29563.07884492011,29589.16156804969,experiment,FIFO,0.28,0,variant_2
8403,INSPECTION_2_2,INSPECTION_2_2_LINE,29576.526882781185,1.9641009966762795,7,1.9641009966762795,13.448037861075136,12.634685268505564,23,29563.07884492011,29589.16156804969,experiment,FIFO,0.28,0,variant_2
8403,INSPECTION_2_3,INSPECTION_2_3_LINE,29579.97429672643,3.44741394524317,8,3.44741394524317,16.895451806318306,9.187271323262394,21,29563.07884492011,29589.16156804969,experiment,FIFO,0.28,0,variant_2
8403,INSPECTION_2_4,INSPECTION_2_4_LINE,29581.693989794418,1.719693067989283,9,1.719693067989283,18.61514487430759,7.467578255273111,21,29563.07884492011,29589.16156804969,experiment,FIFO,0.28,0,variant_2
8403,INSPECTION_2_5,INSPECTION_2_5_LINE,29585.45248960319,3.7584998087731947,10,3.7584998087731947,22.373644683080784,3.709078446499916,21,29563.07884492011,29589.16156804969,experiment,FIFO,0.28,0,variant_2
8403,INSPECTION_2_6,INSPECTION_2_6_LINE,29588.65410532516,3.2016157219695742,11,3.2016157219695742,25.575260405050358,0.5074627245303418,22,29563.07884492011,29589.16156804969,experiment,FIFO,0.28,0,variant_2
8403,INSPECTION_2_7,INSPECTION_2_7_LINE,29589.16156804969,0.5074627245303418,12,0.5074627245303418,26.0827231295807,0.0,21,29563.07884492011,29589.16156804969,experiment,FIFO,0.28,0,variant_2
8404,MOULDING_3,MOULDING_MACHINE_3,29567.89664490042,4.817799980308337,1,0.0,0.0,82.70620172385316,23,29567.89664490042,29650.60284662427,experiment,FIFO,0.28,0,variant_4
8404,ASSEMBLY_1_3,LINE_3_ASSEMBLY1,29599.39270198749,5.159357747903414,2,31.496057087071677,31.496057087071677,51.21014463678148,23,29567.89664490042,29650.60284662427,experiment,FIFO,0.28,0,variant_4
8404,ASSEMBLY_2_1,ASSEMBLY2_LINE_1,29621.21410710865,0.2845887129078619,3,21.82140512116166,53.31746220823334,29.388739515619818,22,29567.89664490042,29650.60284662427,experiment,FIFO,0.28,0,variant_4
8404,SORTING,SORTING_ROBOT_1,29640.458542875247,3.8635937047656626,4,19.244435766595416,72.56189797482875,10.144303749024402,18,29567.89664490042,29650.60284662427,experiment,FIFO,0.28,0,variant_4
8404,PACKAGING_3,PACKAGING_LINE_3,29640.644704911083,0.18616203583587776,5,0.18616203583587776,72.74806001066463,9.958141713188525,18,29567.89664490042,29650.60284662427,experiment,FIFO,0.28,0,variant_4
8404,INSPECTION_2_1,INSPECTION_2_1_LINE,29641.530955902217,0.8862509911341476,6,0.8862509911341476,73.63431100179878,9.071890722054377,19,29567.89664490042,29650.60284662427,experiment,FIFO,0.28,0,variant_4
8404,INSPECTION_2_2,INSPECTION_2_2_LINE,29645.18365535217,3.6526994499545253,7,3.6526994499545253,77.2870104517533,5.419191272099852,19,29567.89664490042,29650.60284662427,experiment,FIFO,0.28,0,variant_4
8404,INSPECTION_2_3,INSPECTION_2_3_LINE,29647.325066631234,2.141411279062595,8,2.141411279062595,79.4284217308159,3.2777799930372566,19,29567.89664490042,29650.60284662427,experiment,FIFO,0.28,0,variant_4
8404,INSPECTION_2_4,INSPECTION_2_4_LINE,29648.4743295041,1.1492628728665295,9,1.1492628728665295,80.57768460368243,2.128517120170727,19,29567.89664490042,29650.60284662427,experiment,FIFO,0.28,0,variant_4
8404,INSPECTION_2_5,INSPECTION_2_5_LINE,29648.91242176505,0.4380922609489062,10,0.4380922609489062,81.01577686463133,1.690424859221821,19,29567.89664490042,29650.60284662427,experiment,FIFO,0.28,0,variant_4
8404,INSPECTION_2_6,INSPECTION_2_6_LINE,29650.10306073616,1.1906389711111842,11,1.1906389711111842,82.20641583574252,0.49978588811063673,19,29567.89664490042,29650.60284662427,experiment,FIFO,0.28,0,variant_4
8404,INSPECTION_2_7,INSPECTION_2_7_LINE,29650.60284662427,0.49978588811063673,12,0.49978588811063673,82.70620172385316,0.0,18,29567.89664490042,29650.60284662427,experiment,FIFO,0.28,0,variant_4
8405,MOULDING_5,MOULDING_MACHINE_5,29570.7212485542,2.8686941774576553,1,0.0,0.0,63.90478463699037,24,29570.7212485542,29634.62603319119,experiment,FIFO,0.28,0,variant_4
8405,ASSEMBLY_1_4,LINE_4_ASSEMBLY1,29578.150969456,5.713913431096444,2,7.429720901800465,7.429720901800465,56.475063735189906,22,29570.7212485542,29634.62603319119,experiment,FIFO,0.28,0,variant_4
8405,ASSEMBLY_2_1,ASSEMBLY2_LINE_1,29611.06797163194,1.8087220292909478,3,32.91700217593825,40.346723077738716,23.558061559251655,19,29570.7212485542,29634.62603319119,experiment,FIFO,0.28,0,variant_4
8405,SORTING,SORTING_ROBOT_1,29626.69752762395,3.3447820632645744,4,15.629555992010864,55.97627906974958,7.928505567240791,22,29570.7212485542,29634.62603319119,experiment,FIFO,0.28,0,variant_4
8405,PACKAGING_1,PACKAGING_LINE_1,29629.95205451639,3.254526892440481,5,3.254526892440481,59.23080596219006,4.67397867480031,21,29570.7212485542,29634.62603319119,experiment,FIFO,0.28,0,variant_4
8405,INSPECTION_2_1,INSPECTION_2_1_LINE,29631.189008972822,1.2369544564317039,6,1.2369544564317039,60.467760418621765,3.437024218368606,21,29570.7212485542,29634.62603319119,experiment,FIFO,0.28,0,variant_4
8405,INSPECTION_2_2,INSPECTION_2_2_LINE,29631.332853880915,0.1438449080924329,7,0.1438449080924329,60.6116053267142,3.293179310276173,21,29570.7212485542,29634.62603319119,experiment,FIFO,0.28,0,variant_4
8405,INSPECTION_2_3,INSPECTION_2_3_LINE,29631.5591063554,0.22625247448377195,8,0.22625247448377195,60.83785780119797,3.066926835792401,21,29570.7212485542,29634.62603319119,experiment,FIFO,0.28,0,variant_4
8405,INSPECTION_2_4,INSPECTION_2_4_LINE,29631.93419600125,0.3750896458514035,9,0.3750896458514035,61.21294744704937,2.6918371899409976,21,29570.7212485542,29634.62603319119,experiment,FIFO,0.28,0,variant_4
8405,INSPECTION_2_5,INSPECTION_2_5_LINE,29632.99750607421,1.0633100729610305,10,1.0633100729610305,62.276257520010404,1.628527116979967,21,29570.7212485542,29634.62603319119,experiment,FIFO,0.28,0,variant_4
8405,INSPECTION_2_6,INSPECTION_2_6_LINE,29633.682852188194,0.6853461139835417,11,0.6853461139835417,62.961603633993946,0.9431810029964254,21,29570.7212485542,29634.62603319119,experiment,FIFO,0.28,0,variant_4
8405,INSPECTION_2_7,INSPECTION_2_7_LINE,29634.62603319119,0.9431810029964254,12,0.9431810029964254,63.90478463699037,0.0,20,29570.7212485542,29634.62603319119,experiment,FIFO,0.28,0,variant_4
8406,MOULDING_5,MOULDING_MACHINE_5,29586.88519147543,16.163942921230046,1,0.0,0.0,96.81418163179842,22,29586.88519147543,29683.69937310723,experiment,FIFO,0.28,0,variant_6
8406,ASSEMBLY_1_3,LINE_3_ASSEMBLY1,29634.4661742872,2.482856023692875,2,47.58098281177081,47.58098281177081,49.23319882002761,21,29586.88519147543,29683.69937310723,experiment,FIFO,0.28,0,variant_6
8406,ASSEMBLY_2_1,ASSEMBLY2_LINE_1,29666.288312102373,11.50864822152289,3,31.822137815172027,79.40312062694284,17.411061004855583,17,29586.88519147543,29683.69937310723,experiment,FIFO,0.28,0,variant_6
8406,SORTING,SORTING_ROBOT_1,29668.852469685407,2.5641575830341026,4,2.5641575830341026,81.96727820997694,14.84690342182148,17,29586.88519147543,29683.69937310723,experiment,FIFO,0.28,0,variant_6
8406,PACKAGING_3,PACKAGING_LINE_3,29671.807485590176,2.9550159047685156,5,2.9550159047685156,84.92229411474545,11.891887517052965,17,29586.88519147543,29683.69937310723,experiment,FIFO,0.28,0,variant_6
8406,INSPECTION_2_1,INSPECTION_2_1_LINE,29672.643013110646,0.8355275204703503,6,0.8355275204703503,85.7578216352158,11.056359996582614,17,29586.88519147543,29683.69937310723,experiment,FIFO,0.28,0,variant_6
8406,INSPECTION_2_2,INSPECTION_2_2_LINE,29675.1065669591,2.463553848454467,7,2.463553848454467,88.22137548367027,8.592806148128147,17,29586.88519147543,29683.69937310723,experiment,FIFO,0.28,0,variant_6
8406,INSPECTION_2_3,INSPECTION_2_3_LINE,29676.69393976008,1.5873728009792103,8,1.5873728009792103,89.80874828464948,7.005433347148937,16,29586.88519147543,29683.69937310723,experiment,FIFO,0.28,0,variant_6
8406,INSPECTION_2_4,INSPECTION_2_4_LINE,29682.677786218283,5.983846458202606,9,5.983846458202606,95.79259474285209,1.0215868889463309,16,29586.88519147543,29683.69937310723,experiment,FIFO,0.28,0,variant_6
8406,INSPECTION_2_5,INSPECTION_2_5_LINE,29683.16048931802,0.4827030997366819,10,0.4827030997366819,96.27529784258877,0.538883789209649,16,29586.88519147543,29683.69937310723,experiment,FIFO,0.28,0,variant_6
8406,INSPECTION_2_6,INSPECTION_2_6_LINE,29683.5717047166,0.4112153985806799,11,0.4112153985806799,96.68651324116945,0.12766839062896906,16,29586.88519147543,29683.69937310723,experiment,FIFO,0.28,0,variant_6
8406,INSPECTION_2_7,INSPECTION_2_7_LINE,29683.69937310723,0.12766839062896906,12,0.12766839062896906,96.81418163179842,0.0,15,29586.88519147543,29683.69937310723,experiment,FIFO,0.28,0,variant_6
8407,MOULDING_1,MOULDING_MACHINE_1,29568.01691881505,5.260096664947923,1,0.0,0.0,68.24371737892943,24,29568.01691881505,29636.26063619398,experiment,FIFO,0.28,0,variant_5
8407,ASSEMBLY_1_2,LINE_2_ASSEMBLY1,29595.06213066332,9.761456047748652,2,27.04521184826808,27.04521184826808,41.19850553066135,21,29568.01691881505,29636.26063619398,experiment,FIFO,0.28,0,variant_5
8407,ASSEMBLY_2_2,ASSEMBLY2_LINE_2,29609.51192181551,0.6673872712744924,3,14.4497911521903,41.49500300045838,26.74871437847105,21,29568.01691881505,29636.26063619398,experiment,FIFO,0.28,0,variant_5
8407,SORTING,SORTING_ROBOT_1,29623.352745560685,9.728724765140214,4,13.840823745176749,55.33582674563513,12.9078906332943,20,29568.01691881505,29636.26063619398,experiment,FIFO,0.28,0,variant_5
8407,PACKAGING_3,PACKAGING_LINE_3,29623.91527272346,0.5625271627759503,5,0.5625271627759503,55.89835390841108,12.34536347051835,21,29568.01691881505,29636.26063619398,experiment,FIFO,0.28,0,variant_5
8407,INSPECTION_1_1,INSPECTION_1_1_LINE,29624.441917743818,0.5266450203562272,6,0.5266450203562272,56.42499892876731,11.818718450162123,21,29568.01691881505,29636.26063619398,experiment,FIFO,0.28,0,variant_5
8407,INSPECTION_1_2,INSPECTION_1_2_LINE,29626.66963131984,2.227713576023234,7,2.227713576023234,58.65271250479054,9.59100487413889,22,29568.01691881505,29636.26063619398,experiment,FIFO,0.28,0,variant_5
8407,INSPECTION_1_3,INSPECTION_1_3_LINE,29629.30500920504,2.6353778851989773,8,2.6353778851989773,61.28809038998952,6.955626988939912,21,29568.01691881505,29636.26063619398,experiment,FIFO,0.28,0,variant_5
8407,INSPECTION_1_4,INSPECTION_1_4_LINE,29630.069454391425,0.7644451863852737,9,0.7644451863852737,62.052535576374794,6.191181802554638,21,29568.01691881505,29636.26063619398,experiment,FIFO,0.28,0,variant_5
8407,INSPECTION_1_5,INSPECTION_1_5_LINE,29630.251057796813,0.18160340538815944,10,0.18160340538815944,62.23413898176295,6.009578397166479,21,29568.01691881505,29636.26063619398,experiment,FIFO,0.28,0,variant_5
8407,INSPECTION_1_6,INSPECTION_1_6_LINE,29630.959274176188,0.7082163793747895,11,0.7082163793747895,62.94235536113774,5.301362017791689,21,29568.01691881505,29636.26063619398,experiment,FIFO,0.28,0,variant_5
8407,INSPECTION_1_7,INSPECTION_1_7_LINE,29636.26063619398,5.301362017791689,12,5.301362017791689,68.24371737892943,0.0,19,29568.01691881505,29636.26063619398,experiment,FIFO,0.28,0,variant_5
8408,MOULDING_5,MOULDING_MACHINE_5,29597.074641933887,10.189450458456122,1,0.0,0.0,57.94079391246123,22,29597.074641933887,29655.015435846348,experiment,FIFO,0.28,0,variant_3
8408,ASSEMBLY_1_5,LINE_5_ASSEMBLY1,29600.721954628643,3.6473126947566925,2,3.6473126947566925,3.6473126947566925,54.29348121770454,23,29597.074641933887,29655.015435846348,experiment,FIFO,0.28,0,variant_3
8408,ASSEMBLY_2_1,ASSEMBLY2_LINE_1,29625.73855787539,4.524450766737573,3,25.016603246745944,28.663915941502637,29.276877970958594,22,29597.074641933887,29655.015435846348,experiment,FIFO,0.28,0,variant_3
8408,SORTING,SORTING_ROBOT_1,29643.53588155329,3.077338678041997,4,17.79732367789984,46.46123961940248,11.479554293058754,18,29597.074641933887,29655.015435846348,experiment,FIFO,0.28,0,variant_3
8408,PACKAGING_2,PACKAGING_LINE_2,29644.373037585297,0.8371560320083518,5,0.8371560320083518,47.29839565141083,10.642398261050403,19,29597.074641933887,29655.015435846348,experiment,FIFO,0.28,0,variant_3
8408,INSPECTION_2_1,INSPECTION_2_1_LINE,29646.902266949768,2.529229364470666,6,2.529229364470666,49.827625015881495,8.113168896579737,19,29597.074641933887,29655.015435846348,experiment,FIFO,0.28,0,variant_3
8408,INSPECTION_2_2,INSPECTION_2_2_LINE,29648.00186370659,1.0995967568233027,7,1.0995967568233027,50.9272217727048,7.013572139756434,19,29597.074641933887,29655.015435846348,experiment,FIFO,0.28,0,variant_3
8408,INSPECTION_2_3,INSPECTION_2_3_LINE,29651.506427971308,3.504564264716464,8,3.504564264716464,54.43178603742126,3.50900787503997,18,29597.074641933887,29655.015435846348,experiment,FIFO,0.28,0,variant_3
8408,INSPECTION_2_4,INSPECTION_2_4_LINE,29651.6108245295,0.10439655819209293,9,0.10439655819209293,54.536182595613354,3.404611316847877,18,29597.074641933887,29655.015435846348,experiment,FIFO,0.28,0,variant_3
8408,INSPECTION_2_5,INSPECTION_2_5_LINE,29651.956455614003,0.3456310845031112,10,0.3456310845031112,54.881813680116466,3.0589802323447657,18,29597.074641933887,29655.015435846348,experiment,FIFO,0.28,0,variant_3
8408,INSPECTION_2_6,INSPECTION_2_6_LINE,29652.83557144572,0.8791158317180816,11,0.8791158317180816,55.76092951183455,2.179864400626684,19,29597.074641933887,29655.015435846348,experiment,FIFO,0.28,0,variant_3
8408,INSPECTION_2_7,INSPECTION_2_7_LINE,29655.015435846348,2.179864400626684,12,2.179864400626684,57.94079391246123,0.0,19,29597.074641933887,29655.015435846348,experiment,FIFO,0.28,0,variant_3
8409,MOULDING_5,MOULDING_MACHINE_5,29613.06408471708,15.989442783193226,1,0.0,0.0,63.231102064441075,21,29613.06408471708,29676.29518678152,experiment,FIFO,0.28,0,variant_2
8409,ASSEMBLY_1_1,LINE_1_ASSEMBLY1,29632.34210008195,11.427302480191429,2,19.278015364870953,19.278015364870953,43.95308669957012,21,29613.06408471708,29676.29518678152,experiment,FIFO,0.28,0,variant_2
8409,ASSEMBLY_2_1,ASSEMBLY2_LINE_1,29643.30527325308,1.94768684376686,3,10.96317317113062,30.241188536001573,32.9899135284395,19,29613.06408471708,29676.29518678152,experiment,FIFO,0.28,0,variant_2
8409,SORTING,SORTING_ROBOT_1,29656.0675805322,2.7058415904757567,4,12.762307279117522,43.003495815119095,20.22760624932198,19,29613.06408471708,29676.29518678152,experiment,FIFO,0.28,0,variant_2
8409,PACKAGING_2,PACKAGING_LINE_2,29662.635165393123,4.24753392139246,5,6.5675848609243985,49.57108067604349,13.660021388397581,18,29613.06408471708,29676.29518678152,experiment,FIFO,0.28,0,variant_2
8409,INSPECTION_1_1,INSPECTION_1_1_LINE,29666.948958309964,4.313792916840612,6,4.313792916840612,53.884873592884105,9.34622847155697,18,29613.06408471708,29676.29518678152,experiment,FIFO,0.28,0,variant_2
8409,INSPECTION_1_2,INSPECTION_1_2_LINE,29672.80890779827,5.859949488305574,7,5.859949488305574,59.74482308118968,3.4862789832513954,17,29613.06408471708,29676.29518678152,experiment,FIFO,0.28,0,variant_2
8409,INSPECTION_1_3,INSPECTION_1_3_LINE,29672.817748193465,0.008840395195875317,8,0.008840395195875317,59.753663476385555,3.47743858805552,17,29613.06408471708,29676.29518678152,experiment,FIFO,0.28,0,variant_2
8409,INSPECTION_1_4,INSPECTION_1_4_LINE,29673.05848360066,0.24073540719473385,9,0.24073540719473385,59.99439888358029,3.2367031808607862,17,29613.06408471708,29676.29518678152,experiment,FIFO,0.28,0,variant_2
8409,INSPECTION_1_5,INSPECTION_1_5_LINE,29673.74640335232,0.6879197516609565,10,0.6879197516609565,60.682318635241245,2.5487834291998297,17,29613.06408471708,29676.29518678152,experiment,FIFO,0.28,0,variant_2
8409,INSPECTION_1_6,INSPECTION_1_6_LINE,29676.09525258162,2.348849229299958,11,2.348849229299958,63.0311678645412,0.1999341998998716,17,29613.06408471708,29676.29518678152,experiment,FIFO,0.28,0,variant_2
8409,INSPECTION_1_7,INSPECTION_1_7_LINE,29676.29518678152,0.1999341998998716,12,0.1999341998998716,63.231102064441075,0.0,16,29613.06408471708,29676.29518678152,experiment,FIFO,0.28,0,variant_2
8410,MOULDING_3,MOULDING_MACHINE_3,29591.14031954332,0.7511878892801178,1,0.0,0.0,52.19923492060843,22,29591.14031954332,29643.339554463928,experiment,FIFO,0.28,0,variant_2
8410,ASSEMBLY_1_4,LINE_4_ASSEMBLY1,29601.42679560015,10.286476056829997,2,10.286476056829997,10.286476056829997,41.912758863778436,23,29591.14031954332,29643.339554463928,experiment,FIFO,0.28,0,variant_2
8410,ASSEMBLY_2_2,ASSEMBLY2_LINE_2,29618.92070837656,9.408786561052693,3,17.49391277641189,27.780388833241886,24.418846087366546,20,29591.14031954332,29643.339554463928,experiment,FIFO,0.28,0,variant_2
8410,SORTING,SORTING_ROBOT_1,29634.66895918789,6.7813651749820565,4,15.748250811328035,43.52863964456992,8.670595276038512,20,29591.14031954332,29643.339554463928,experiment,FIFO,0.28,0,variant_2
8410,PACKAGING_2,PACKAGING_LINE_2,29636.35819293888,1.689233750988933,5,1.689233750988933,45.217873395558854,6.981361525049579,19,29591.14031954332,29643.339554463928,experiment,FIFO,0.28,0,variant_2
8410,INSPECTION_2_1,INSPECTION_2_1_LINE,29639.340399856654,2.982206917775329,6,2.982206917775329,48.20008031333418,3.9991546072742494,17,29591.14031954332,29643.339554463928,experiment,FIFO,0.28,0,variant_2
8410,INSPECTION_2_2,INSPECTION_2_2_LINE,29639.414501356096,0.0741014994418947,7,0.0741014994418947,48.27418181277608,3.9250531078323547,17,29591.14031954332,29643.339554463928,experiment,FIFO,0.28,0,variant_2
8410,INSPECTION_2_3,INSPECTION_2_3_LINE,29640.729296068752,1.314794712656294,8,1.314794712656294,49.58897652543237,2.6102583951760607,18,29591.14031954332,29643.339554463928,experiment,FIFO,0.28,0,variant_2
8410,INSPECTION_2_4,INSPECTION_2_4_LINE,29641.265426689788,0.5361306210361363,9,0.5361306210361363,50.12510714646851,2.0741277741399244,19,29591.14031954332,29643.339554463928,experiment,FIFO,0.28,0,variant_2
8410,INSPECTION_2_5,INSPECTION_2_5_LINE,29641.49265786524,0.22723117545319838,10,0.22723117545319838,50.35233832192171,1.846896598686726,19,29591.14031954332,29643.339554463928,experiment,FIFO,0.28,0,variant_2
8410,INSPECTION_2_6,INSPECTION_2_6_LINE,29643.123147614668,1.6304897494264878,11,1.6304897494264878,51.982828071348194,0.21640684926023823,19,29591.14031954332,29643.339554463928,experiment,FIFO,0.28,0,variant_2
8410,INSPECTION_2_7,INSPECTION_2_7_LINE,29643.339554463928,0.21640684926023823,12,0.21640684926023823,52.19923492060843,0.0,18,29591.14031954332,29643.339554463928,experiment,FIFO,0.28,0,variant_2
8411,MOULDING_3,MOULDING_MACHINE_3,29592.693979452284,0.9545521410727815,1,0.0,0.0,45.888293634365255,22,29592.693979452284,29638.58227308665,experiment,FIFO,0.28,0,variant_2
8411,ASSEMBLY_1_1,LINE_1_ASSEMBLY1,29592.95765226457,0.2636728122852219,2,0.2636728122852219,0.2636728122852219,45.62462082208003,22,29592.693979452284,29638.58227308665,experiment,FIFO,0.28,0,variant_2
8411,ASSEMBLY_2_2,ASSEMBLY2_LINE_2,29608.844534544234,6.315347610448953,3,15.88688227966486,16.150555091950082,29.737738542415173,21,29592.693979452284,29638.58227308665,experiment,FIFO,0.28,0,variant_2
8411,SORTING,SORTING_ROBOT_1,29610.24042356179,0.08797242416767403,4,1.3958890175563283,17.54644410950641,28.341849524858844,19,29592.693979452284,29638.58227308665,experiment,FIFO,0.28,0,variant_2
8411,PACKAGING_1,PACKAGING_LINE_1,29624.772497464182,9.884730988676893,5,14.532073902391858,32.07851801189827,13.809775622466987,21,29592.693979452284,29638.58227308665,experiment,FIFO,0.28,0,variant_2
8411,INSPECTION_1_1,INSPECTION_1_1_LINE,29625.335946259675,0.5634487954921497,6,0.5634487954921497,32.64196680739042,13.246326826974837,21,29592.693979452284,29638.58227308665,experiment,FIFO,0.28,0,variant_2
8411,INSPECTION_1_2,INSPECTION_1_2_LINE,29627.96623189922,1.296600579378719,7,2.6302856395450362,35.272252446935454,10.6160411874298,22,29592.693979452284,29638.58227308665,experiment,FIFO,0.28,0,variant_2
8411,INSPECTION_1_3,INSPECTION_1_3_LINE,29630.443117723826,1.1381085187858844,8,2.4768858246061427,37.7491382715416,8.139155362823658,21,29592.693979452284,29638.58227308665,experiment,FIFO,0.28,0,variant_2
8411,INSPECTION_1_4,INSPECTION_1_4_LINE,29631.32149140775,0.8783736839250196,9,0.8783736839250196,38.627511955466616,7.260781678898638,21,29592.693979452284,29638.58227308665,experiment,FIFO,0.28,0,variant_2
8411,INSPECTION_1_5,INSPECTION_1_5_LINE,29632.31436015681,0.9928687490610173,10,0.9928687490610173,39.62038070452763,6.267912929837621,21,29592.693979452284,29638.58227308665,experiment,FIFO,0.28,0,variant_2
8411,INSPECTION_1_6,INSPECTION_1_6_LINE,29635.0262069607,2.7118468038897845,11,2.7118468038897845,42.33222750841742,3.5560661259478366,20,29592.693979452284,29638.58227308665,experiment,FIFO,0.28,0,variant_2
8411,INSPECTION_1_7,INSPECTION_1_7_LINE,29638.58227308665,2.3216368926696305,12,3.5560661259478366,45.888293634365255,0.0,17,29592.693979452284,29638.58227308665,experiment,FIFO,0.28,0,variant_2
8412,MOULDING_1,MOULDING_MACHINE_1,29597.841237529243,3.164515780226793,1,0.0,0.0,64.0801274696787,22,29597.841237529243,29661.92136499892,experiment,FIFO,0.28,0,variant_6
8412,ASSEMBLY_1_2,LINE_2_ASSEMBLY1,29605.13295532527,7.291717796026205,2,7.291717796026205,7.291717796026205,56.788409673652495,21,29597.841237529243,29661.92136499892,experiment,FIFO,0.28,0,variant_6
8412,ASSEMBLY_2_1,ASSEMBLY2_LINE_1,29639.43486837495,13.696310499559331,3,34.30191304967957,41.593630845705775,22.486496623972926,17,29597.841237529243,29661.92136499892,experiment,FIFO,0.28,0,variant_6
8412,SORTING,SORTING_ROBOT_1,29647.223129081285,0.13855212926864624,4,7.788260706336587,49.38189155204236,14.698235917636339,19,29597.841237529243,29661.92136499892,experiment,FIFO,0.28,0,variant_6
8412,PACKAGING_2,PACKAGING_LINE_2,29657.209037169203,9.985908087917778,5,9.985908087917778,59.36779963996014,4.712327829718561,19,29597.841237529243,29661.92136499892,experiment,FIFO,0.28,0,variant_6
8412,INSPECTION_2_1,INSPECTION_2_1_LINE,29657.99637140704,0.787334237837058,6,0.787334237837058,60.1551338777972,3.9249935918815027,19,29597.841237529243,29661.92136499892,experiment,FIFO,0.28,0,variant_6
8412,INSPECTION_2_2,INSPECTION_2_2_LINE,29658.37000095047,0.37362954342825105,7,0.37362954342825105,60.52876342122545,3.5513640484532516,19,29597.841237529243,29661.92136499892,experiment,FIFO,0.28,0,variant_6
8412,INSPECTION_2_3,INSPECTION_2_3_LINE,29659.833144841843,1.4631438913747843,8,1.4631438913747843,61.99190731260023,2.0882201570784673,19,29597.841237529243,29661.92136499892,experiment,FIFO,0.28,0,variant_6
8412,INSPECTION_2_4,INSPECTION_2_4_LINE,29661.01545999483,1.1823151529861207,9,1.1823151529861207,63.174222465586354,0.9059050040923466,20,29597.841237529243,29661.92136499892,experiment,FIFO,0.28,0,variant_6
8412,INSPECTION_2_5,INSPECTION_2_5_LINE,29661.23757769494,0.22211770011199405,10,0.22211770011199405,63.39634016569835,0.6837873039803526,19,29597.841237529243,29661.92136499892,experiment,FIFO,0.28,0,variant_6
8412,INSPECTION_2_6,INSPECTION_2_6_LINE,29661.80086905474,0.5632913597983134,11,0.5632913597983134,63.95963152549666,0.12049594418203924,18,29597.841237529243,29661.92136499892,experiment,FIFO,0.28,0,variant_6
8412,INSPECTION_2_7,INSPECTION_2_7_LINE,29661.92136499892,0.12049594418203924,12,0.12049594418203924,64.0801274696787,0.0,17,29597.841237529243,29661.92136499892,experiment,FIFO,0.28,0,variant_6
8413,MOULDING_5,MOULDING_MACHINE_5,29614.67156876036,1.607484043281147,1,0.0,0.0,42.6903573506861,22,29614.67156876036,29657.361926111047,experiment,FIFO,0.28,0,variant_2
8413,ASSEMBLY_1_5,LINE_5_ASSEMBLY1,29615.3827701144,0.7112013540390763,2,0.7112013540390763,0.7112013540390763,41.97915599664702,22,29614.67156876036,29657.361926111047,experiment,FIFO,0.28,0,variant_2
8413,ASSEMBLY_2_2,ASSEMBLY2_LINE_2,29619.40082404404,0.4801156674802769,3,4.01805392964161,4.729255283680686,37.96110206700541,20,29614.67156876036,29657.361926111047,experiment,FIFO,0.28,0,variant_2
8413,SORTING,SORTING_ROBOT_1,29636.24756656996,1.5786073820709134,4,16.84674252591867,21.575997809599357,21.114359541086742,20,29614.67156876036,29657.361926111047,experiment,FIFO,0.28,0,variant_2
8413,PACKAGING_1,PACKAGING_LINE_1,29645.984352764728,9.736786194767774,5,9.736786194767774,31.31278400436713,11.377573346318968,19,29614.67156876036,29657.361926111047,experiment,FIFO,0.28,0,variant_2
8413,INSPECTION_2_1,INSPECTION_2_1_LINE,29647.095958311013,0.19369136124441866,6,1.1116055462844088,32.42438955065154,10.26596780003456,19,29614.67156876036,29657.361926111047,experiment,FIFO,0.28,0,variant_2
8413,INSPECTION_2_2,INSPECTION_2_2_LINE,29650.333186356896,2.331322650305083,7,3.237228045883967,35.66161759653551,7.0287397541505925,19,29614.67156876036,29657.361926111047,experiment,FIFO,0.28,0,variant_2
8413,INSPECTION_2_3,INSPECTION_2_3_LINE,29652.47859249284,0.9721645215322496,8,2.145406135943631,37.80702373247914,4.8833336182069615,18,29614.67156876036,29657.361926111047,experiment,FIFO,0.28,0,variant_2
8413,INSPECTION_2_4,INSPECTION_2_4_LINE,29653.03114544071,0.5525529478691169,9,0.5525529478691169,38.359576680348255,4.330780670337845,19,29614.67156876036,29657.361926111047,experiment,FIFO,0.28,0,variant_2
8413,INSPECTION_2_4,INSPECTION_2_4_LINE,29653.227904038733,0.19675859802373452,10,0.19675859802373452,38.55633527837199,4.13402207231411,19,29614.67156876036,29657.361926111047,experiment,FIFO,0.28,0,variant_2
8413,INSPECTION_2_5,INSPECTION_2_5_LINE,29653.341016341667,0.11311230293358676,11,0.11311230293358676,38.669447581305576,4.020909769380523,19,29614.67156876036,29657.361926111047,experiment,FIFO,0.28,0,variant_2
8413,INSPECTION_2_6,INSPECTION_2_6_LINE,29653.406611503488,0.06559516182096559,12,0.06559516182096559,38.73504274312654,3.9553146075595578,19,29614.67156876036,29657.361926111047,experiment,FIFO,0.28,0,variant_2
8413,INSPECTION_2_7,INSPECTION_2_7_LINE,29657.361926111047,2.3464902646992414,13,3.9553146075595578,42.6903573506861,0.0,18,29614.67156876036,29657.361926111047,experiment,FIFO,0.28,0,variant_2
8414,MOULDING_1,MOULDING_MACHINE_1,29597.955313293474,0.11407576423152932,1,0.0,0.0,69.94727114049601,23,29597.955313293474,29667.90258443397,experiment,FIFO,0.28,0,variant_4
8414,ASSEMBLY_1_4,LINE_4_ASSEMBLY1,29607.153921931,5.727126330850297,2,9.198608637525467,9.198608637525467,60.74866250297055,21,29597.955313293474,29667.90258443397,experiment,FIFO,0.28,0,variant_4
8414,ASSEMBLY_2_1,ASSEMBLY2_LINE_1,29641.293773695987,1.858905321038037,3,34.139851764986815,43.33846040251228,26.60881073798373,19,29597.955313293474,29667.90258443397,experiment,FIFO,0.28,0,variant_4
8414,SORTING,SORTING_ROBOT_1,29648.32669827346,1.1035691921752004,4,7.03292457747375,50.37138497998603,19.57588616050998,19,29597.955313293474,29667.90258443397,experiment,FIFO,0.28,0,variant_4
8414,PACKAGING_2,PACKAGING_LINE_2,29658.38763147173,1.1785943025279266,5,10.060933198270504,60.43231817825654,9.514952962239477,19,29597.955313293474,29667.90258443397,experiment,FIFO,0.28,0,variant_4
8414,INSPECTION_1_1,INSPECTION_1_1_LINE,29658.6493457901,0.2617143183706503,6,0.2617143183706503,60.69403249662719,9.253238643868826,19,29597.955313293474,29667.90258443397,experiment,FIFO,0.28,0,variant_4
8414,INSPECTION_1_2,INSPECTION_1_2_LINE,29660.511564384786,1.8005863072139618,7,1.8622185946842365,62.556251091311424,7.39102004918459,19,29597.955313293474,29667.90258443397,experiment,FIFO,0.28,0,variant_4
8414,INSPECTION_1_3,INSPECTION_1_3_LINE,29660.608388133587,0.09682374880139832,8,0.09682374880139832,62.65307484011282,7.2941963003831916,20,29597.955313293474,29667.90258443397,experiment,FIFO,0.28,0,variant_4
8414,INSPECTION_1_4,INSPECTION_1_4_LINE,29661.09057760224,0.025212510328856297,9,0.4821894686538144,63.13526430876664,6.812006831729377,20,29597.955313293474,29667.90258443397,experiment,FIFO,0.28,0,variant_4
8414,INSPECTION_1_5,INSPECTION_1_5_LINE,29663.63182128886,0.9744157645145606,10,2.5412436866172357,65.67650799538387,4.2707631451121415,17,29597.955313293474,29667.90258443397,experiment,FIFO,0.28,0,variant_4
8414,INSPECTION_1_6,INSPECTION_1_6_LINE,29664.72621854852,0.18922920758268447,11,1.0943972596614913,66.77090525504536,3.1763658854506502,17,29597.955313293474,29667.90258443397,experiment,FIFO,0.28,0,variant_4
8414,INSPECTION_1_7,INSPECTION_1_7_LINE,29667.90258443397,0.9037291510430805,12,3.1763658854506502,69.94727114049601,0.0,17,29597.955313293474,29667.90258443397,experiment,FIFO,0.28,0,variant_4
8415,MOULDING_4,MOULDING_MACHINE_4,29602.6557564754,2.712531818269781,1,0.0,0.0,64.34309880752699,23,29602.6557564754,29666.998855282927,experiment,FIFO,0.28,0,variant_5
8415,ASSEMBLY_1_1,LINE_1_ASSEMBLY1,29616.1803074792,13.524551003800298,2,13.524551003800298,13.524551003800298,50.81854780372669,21,29602.6557564754,29666.998855282927,experiment,FIFO,0.28,0,variant_5
8415,ASSEMBLY_2_1,ASSEMBLY2_LINE_1,29641.357586409315,0.020135558526817476,3,25.17727893011397,38.70182993391427,25.641268873612717,19,29602.6557564754,29666.998855282927,experiment,FIFO,0.28,0,variant_5
8415,SORTING,SORTING_ROBOT_1,29653.361738941723,3.6830581654830894,4,12.004152532408625,50.705982466322894,13.637116341204091,19,29602.6557564754,29666.998855282927,experiment,FIFO,0.28,0,variant_5
8415,PACKAGING_3,PACKAGING_LINE_3,29657.67182678731,3.7869227006012807,5,4.3100878455879865,55.01607031191088,9.327028495616105,19,29602.6557564754,29666.998855282927,experiment,FIFO,0.28,0,variant_5
8415,INSPECTION_1_1,INSPECTION_1_1_LINE,29658.10266355389,0.4308367665798869,6,0.4308367665798869,55.44690707849077,8.896191729036218,19,29602.6557564754,29666.998855282927,experiment,FIFO,0.28,0,variant_5
8415,INSPECTION_1_2,INSPECTION_1_2_LINE,29658.71097807757,0.6083145236807468,7,0.6083145236807468,56.055221602171514,8.287877205355471,19,29602.6557564754,29666.998855282927,experiment,FIFO,0.28,0,variant_5
8415,INSPECTION_1_3,INSPECTION_1_3_LINE,29659.093015091512,0.2340119574801065,8,0.3820370139401348,56.43725861611165,7.9058401914153364,19,29602.6557564754,29666.998855282927,experiment,FIFO,0.28,0,variant_5
8415,INSPECTION_1_4,INSPECTION_1_4_LINE,29661.065365091912,1.2786777351429919,9,1.9723500004001835,58.40960861651183,5.933490191015153,20,29602.6557564754,29666.998855282927,experiment,FIFO,0.28,0,variant_5
8415,INSPECTION_1_5,INSPECTION_1_5_LINE,29662.657405524344,1.5920404324315314,10,1.5920404324315314,60.001649048943364,4.341449758583622,18,29602.6557564754,29666.998855282927,experiment,FIFO,0.28,0,variant_5
8415,INSPECTION_1_6,INSPECTION_1_6_LINE,29664.536989340937,1.8795838165933674,11,1.8795838165933674,61.88123286553673,2.461865941990254,17,29602.6557564754,29666.998855282927,experiment,FIFO,0.28,0,variant_5
8415,INSPECTION_1_7,INSPECTION_1_7_LINE,29666.998855282927,2.461865941990254,12,2.461865941990254,64.34309880752699,0.0,17,29602.6557564754,29666.998855282927,experiment,FIFO,0.28,0,variant_5
8416,MOULDING_4,MOULDING_MACHINE_4,29605.793124467746,1.251540140245197,1,0.0,0.0,56.871008182457444,21,29605.793124467746,29662.664132650203,experiment,FIFO,0.28,0,variant_2
8416,ASSEMBLY_1_2,LINE_2_ASSEMBLY1,29610.777386403075,4.984261935329414,2,4.984261935329414,4.984261935329414,51.88674624712803,19,29605.793124467746,29662.664132650203,experiment,FIFO,0.28,0,variant_2
8416,ASSEMBLY_2_1,ASSEMBLY2_LINE_1,29641.337450850788,0.04367715480111656,3,30.560064447712648,35.54432638304206,21.326681799415383,19,29605.793124467746,29662.664132650203,experiment,FIFO,0.28,0,variant_2
8416,SORTING,SORTING_ROBOT_1,29649.67868077624,1.3519825027797197,4,8.341229925452353,43.885556308494415,12.98545187396303,19,29605.793124467746,29662.664132650203,experiment,FIFO,0.28,0,variant_2
8416,PACKAGING_1,PACKAGING_LINE_1,29653.47211379999,3.793433023751277,5,3.793433023751277,47.67898933224569,9.192018850211753,19,29605.793124467746,29662.664132650203,experiment,FIFO,0.28,0,variant_2
8416,INSPECTION_1_1,INSPECTION_1_1_LINE,29653.92017737316,0.44806357316701906,6,0.44806357316701906,48.12705290541271,8.743955277044734,19,29605.793124467746,29662.664132650203,experiment,FIFO,0.28,0,variant_2
8416,INSPECTION_1_2,INSPECTION_1_2_LINE,29654.97224043317,1.0520630600112781,7,1.0520630600112781,49.17911596542399,7.691892217033455,20,29605.793124467746,29662.664132650203,experiment,FIFO,0.28,0,variant_2
8416,INSPECTION_1_3,INSPECTION_1_3_LINE,29658.85900313403,3.886762700862164,8,3.886762700862164,53.06587866628615,3.8051295161712915,19,29605.793124467746,29662.664132650203,experiment,FIFO,0.28,0,variant_2
8416,INSPECTION_1_4,INSPECTION_1_4_LINE,29659.78668735677,0.9276842227372981,9,0.9276842227372981,53.99356288902345,2.8774452934339934,19,29605.793124467746,29662.664132650203,experiment,FIFO,0.28,0,variant_2
8416,INSPECTION_1_5,INSPECTION_1_5_LINE,29660.90466117345,1.1179738166792959,10,1.1179738166792959,55.11153670570275,1.7594714767546975,20,29605.793124467746,29662.664132650203,experiment,FIFO,0.28,0,variant_2
8416,INSPECTION_1_6,INSPECTION_1_6_LINE,29661.57651981001,0.6718586365605006,11,0.6718586365605006,55.78339534226325,1.087612840194197,18,29605.793124467746,29662.664132650203,experiment,FIFO,0.28,0,variant_2
8416,INSPECTION_1_7,INSPECTION_1_7_LINE,29662.664132650203,1.087612840194197,12,1.087612840194197,56.871008182457444,0.0,17,29605.793124467746,29662.664132650203,experiment,FIFO,0.28,0,variant_2
8417,MOULDING_2,MOULDING_MACHINE_2,29619.544796106256,13.80365347582483,1,0.0,0.0,64.4661959703044,21,29619.544796106256,29684.01099207656,experiment,FIFO,0.28,0,variant_5
8417,ASSEMBLY_1_1,LINE_1_ASSEMBLY1,29634.280658277858,1.9385581959068077,2,14.735862171601184,14.735862171601184,49.730333798703214,21,29619.544796106256,29684.01099207656,experiment,FIFO,0.28,0,variant_5
8417,ASSEMBLY_2_1,ASSEMBLY2_LINE_1,29654.77966388085,11.474390627769026,3,20.49900560299284,35.23486777459402,29.231328195710375,19,29619.544796106256,29684.01099207656,experiment,FIFO,0.28,0,variant_5
8417,SORTING,SORTING_ROBOT_1,29657.252988873344,0.4565129098155012,4,2.473324992493872,37.708192767087894,26.758003203216504,19,29619.544796106256,29684.01099207656,experiment,FIFO,0.28,0,variant_5
8417,PACKAGING_1,PACKAGING_LINE_1,29671.953607187024,6.888531435230107,5,14.700618313680025,52.40881108076792,12.057384889536479,17,29619.544796106256,29684.01099207656,experiment,FIFO,0.28,0,variant_5
8417,INSPECTION_1_1,INSPECTION_1_1_LINE,29673.38013460904,1.426527422016079,6,1.426527422016079,53.835338502784,10.6308574675204,17,29619.544796106256,29684.01099207656,experiment,FIFO,0.28,0,variant_5
8417,INSPECTION_1_2,INSPECTION_1_2_LINE,29675.308133221944,1.0048109186755028,7,1.927998612904048,55.763337115688046,8.702858854616352,17,29619.544796106256,29684.01099207656,experiment,FIFO,0.28,0,variant_5
8417,INSPECTION_1_3,INSPECTION_1_3_LINE,29676.876340422463,0.05188701261795359,8,1.5682072005183727,57.33154431620642,7.134651654097979,16,29619.544796106256,29684.01099207656,experiment,FIFO,0.28,0,variant_5
8417,INSPECTION_1_4,INSPECTION_1_4_LINE,29677.18372838108,0.2450189841183601,9,0.3073879586154362,57.638932274821855,6.827263695482543,16,29619.544796106256,29684.01099207656,experiment,FIFO,0.28,0,variant_5
8417,INSPECTION_1_5,INSPECTION_1_5_LINE,29680.99349611471,2.3877494848093193,10,3.8097677336299967,61.44870000845185,3.0174959618525463,17,29619.544796106256,29684.01099207656,experiment,FIFO,0.28,0,variant_5
8417,INSPECTION_1_6,INSPECTION_1_6_LINE,29681.744792902304,0.7512967875954928,11,0.7512967875954928,62.199996796047344,2.2661991742570535,17,29619.544796106256,29684.01099207656,experiment,FIFO,0.28,0,variant_5
8417,INSPECTION_1_7,INSPECTION_1_7_LINE,29684.01099207656,1.6530388928804314,12,2.2661991742570535,64.4661959703044,0.0,14,29619.544796106256,29684.01099207656,experiment,FIFO,0.28,0,variant_5
8418,MOULDING_4,MOULDING_MACHINE_4,29612.5607372671,4.268807372674928,1,0.0,0.0,48.878772879619646,20,29612.5607372671,29661.43951014672,experiment,FIFO,0.28,0,variant_3
8418,ASSEMBLY_1_1,LINE_1_ASSEMBLY1,29620.91479760176,4.734490122558782,2,8.354060334659152,8.354060334659152,40.524712544960494,22,29612.5607372671,29661.43951014672,experiment,FIFO,0.28,0,variant_3
8418,ASSEMBLY_2_2,ASSEMBLY2_LINE_2,29638.00376004483,17.08896244307107,3,17.08896244307107,25.44302277773022,23.435750101889425,18,29612.5607372671,29661.43951014672,experiment,FIFO,0.28,0,variant_3
8418,SORTING,SORTING_ROBOT_1,29647.084576952017,3.548695398727432,4,9.08081690718609,34.52383968491631,14.354933194703335,19,29612.5607372671,29661.43951014672,experiment,FIFO,0.28,0,variant_3
8418,PACKAGING_3,PACKAGING_LINE_3,29653.88490408671,6.800327134693362,5,6.800327134693362,41.32416681960967,7.554606060009974,19,29612.5607372671,29661.43951014672,experiment,FIFO,0.28,0,variant_3
8418,INSPECTION_2_1,INSPECTION_2_1_LINE,29654.94190711573,1.057003029021871,6,1.057003029021871,42.381169848631544,6.4976030309881025,19,29612.5607372671,29661.43951014672,experiment,FIFO,0.28,0,variant_3
8418,INSPECTION_2_2,INSPECTION_2_2_LINE,29656.5936345692,1.6517274534671742,7,1.6517274534671742,44.03289730209872,4.845875577520928,19,29612.5607372671,29661.43951014672,experiment,FIFO,0.28,0,variant_3
8418,INSPECTION_2_3,INSPECTION_2_3_LINE,29656.83707539119,0.24344082199240802,8,0.24344082199240802,44.276338124091126,4.60243475552852,19,29612.5607372671,29661.43951014672,experiment,FIFO,0.28,0,variant_3
8418,INSPECTION_2_4,INSPECTION_2_4_LINE,29657.47911330476,0.6420379135670373,9,0.6420379135670373,44.91837603765816,3.960396841961483,18,29612.5607372671,29661.43951014672,experiment,FIFO,0.28,0,variant_3
8418,INSPECTION_2_5,INSPECTION_2_5_LINE,29657.92920294639,0.23225753024235019,10,0.45008964163207565,45.36846567929024,3.5103072003294074,19,29612.5607372671,29661.43951014672,experiment,FIFO,0.28,0,variant_3
8418,INSPECTION_2_6,INSPECTION_2_6_LINE,29658.836921804366,0.4011600921548961,11,0.9077188579758513,46.27618453726609,2.602588342353556,19,29612.5607372671,29661.43951014672,experiment,FIFO,0.28,0,variant_3
8418,INSPECTION_2_7,INSPECTION_2_7_LINE,29661.43951014672,0.2143071512291499,12,2.602588342353556,48.878772879619646,0.0,18,29612.5607372671,29661.43951014672,experiment,FIFO,0.28,0,variant_3
8419,MOULDING_3,MOULDING_MACHINE_3,29620.27469642658,0.6065148465895618,1,0.0,0.0,62.08325675710148,22,29620.27469642658,29682.35795318368,experiment,FIFO,0.28,0,variant_4
8419,ASSEMBLY_1_4,LINE_4_ASSEMBLY1,29622.49229748061,2.2176010540315474,2,2.2176010540315474,2.2176010540315474,59.86565570306993,21,29620.27469642658,29682.35795318368,experiment,FIFO,0.28,0,variant_4
8419,ASSEMBLY_2_2,ASSEMBLY2_LINE_2,29651.49481478209,13.491054737260129,3,29.00251730148011,31.22011835551166,30.863138401589822,18,29620.27469642658,29682.35795318368,experiment,FIFO,0.28,0,variant_4
8419,SORTING,SORTING_ROBOT_1,29656.79647596353,0.7288954313298746,4,5.301661181438249,36.52177953694991,25.561477220151573,19,29620.27469642658,29682.35795318368,experiment,FIFO,0.28,0,variant_4
8419,PACKAGING_1,PACKAGING_LINE_1,29665.065075751794,8.26859978826542,5,8.26859978826542,44.790379325215326,17.292877431886154,17,29620.27469642658,29682.35795318368,experiment,FIFO,0.28,0,variant_4
8419,INSPECTION_1_1,INSPECTION_1_1_LINE,29667.685284166528,0.7363258565637807,6,2.620208414733497,47.410587739948824,14.672669017152657,18,29620.27469642658,29682.35795318368,experiment,FIFO,0.28,0,variant_4
8419,INSPECTION_1_2,INSPECTION_1_2_LINE,29674.30332230327,1.4944145049994404,7,6.618038136741234,54.02862587669006,8.054630880411423,17,29620.27469642658,29682.35795318368,experiment,FIFO,0.28,0,variant_4
8419,INSPECTION_1_3,INSPECTION_1_3_LINE,29676.824453409845,2.521131106575922,8,2.521131106575922,56.54975698326598,5.533499773835501,16,29620.27469642658,29682.35795318368,experiment,FIFO,0.28,0,variant_4
8419,INSPECTION_1_4,INSPECTION_1_4_LINE,29676.93870939696,0.11425598711502971,9,0.11425598711502971,56.66401297038101,5.419243786720472,16,29620.27469642658,29682.35795318368,experiment,FIFO,0.28,0,variant_4
8419,INSPECTION_1_5,INSPECTION_1_5_LINE,29678.6057466299,1.6670372329390375,10,1.6670372329390375,58.331050203320046,3.752206553781434,16,29620.27469642658,29682.35795318368,experiment,FIFO,0.28,0,variant_4
8419,INSPECTION_1_6,INSPECTION_1_6_LINE,29680.243211754205,1.6374651243058906,11,1.6374651243058906,59.96851532762594,2.1147414294755436,17,29620.27469642658,29682.35795318368,experiment,FIFO,0.28,0,variant_4
8419,INSPECTION_1_7,INSPECTION_1_7_LINE,29682.35795318368,2.1147414294755436,12,2.1147414294755436,62.08325675710148,0.0,16,29620.27469642658,29682.35795318368,experiment,FIFO,0.28,0,variant_4
8420,MOULDING_4,MOULDING_MACHINE_4,29623.74668538193,1.8973145810014103,1,0.0,0.0,69.26592349107523,21,29623.74668538193,29693.012608873007,experiment,FIFO,0.28,0,variant_6
8420,ASSEMBLY_1_3,LINE_3_ASSEMBLY1,29649.51243705372,15.046262766518339,2,25.765751671788166,25.765751671788166,43.50017181928706,19,29623.74668538193,29693.012608873007,experiment,FIFO,0.28,0,variant_6
8420,ASSEMBLY_2_2,ASSEMBLY2_LINE_2,29678.73928610533,2.1837635540796327,3,29.22684905161077,54.99260072339894,14.27332276767629,16,29623.74668538193,29693.012608873007,experiment,FIFO,0.28,0,variant_6
8420,SORTING,SORTING_ROBOT_1,29684.21868281123,0.3380517087862245,4,5.4793967059013085,60.471997429300245,8.793926061774982,15,29623.74668538193,29693.012608873007,experiment,FIFO,0.28,0,variant_6
8420,PACKAGING_3,PACKAGING_LINE_3,29688.47663923713,4.257956425899465,5,4.257956425899465,64.72995385519971,4.535969635875517,15,29623.74668538193,29693.012608873007,experiment,FIFO,0.28,0,variant_6
8420,INSPECTION_1_1,INSPECTION_1_1_LINE,29689.59217089436,1.1155316572294396,6,1.1155316572294396,65.84548551242915,3.4204379786460777,16,29623.74668538193,29693.012608873007,experiment,FIFO,0.28,0,variant_6
8420,INSPECTION_1_2,INSPECTION_1_2_LINE,29690.66639909517,1.0742282008104667,7,1.0742282008104667,66.91971371323962,2.346209777835611,17,29623.74668538193,29693.012608873007,experiment,FIFO,0.28,0,variant_6
8420,INSPECTION_1_3,INSPECTION_1_3_LINE,29691.539827832064,0.873428736893402,8,0.873428736893402,67.79314245013302,1.472781040942209,17,29623.74668538193,29693.012608873007,experiment,FIFO,0.28,0,variant_6
8420,INSPECTION_1_4,INSPECTION_1_4_LINE,29691.88447992689,0.3446520948273246,9,0.3446520948273246,68.13779454496034,1.1281289461148845,17,29623.74668538193,29693.012608873007,experiment,FIFO,0.28,0,variant_6
8420,INSPECTION_1_5,INSPECTION_1_5_LINE,29692.19595587355,0.3114759466589021,10,0.3114759466589021,68.44927049161925,0.8166529994559824,17,29623.74668538193,29693.012608873007,experiment,FIFO,0.28,0,variant_6
8420,INSPECTION_1_6,INSPECTION_1_6_LINE,29692.270023814417,0.07406794086637092,11,0.07406794086637092,68.52333843248562,0.7425850585896114,17,29623.74668538193,29693.012608873007,experiment,FIFO,0.28,0,variant_6
8420,INSPECTION_1_7,INSPECTION_1_7_LINE,29693.012608873007,0.7425850585896114,12,0.7425850585896114,69.26592349107523,0.0,16,29623.74668538193,29693.012608873007,experiment,FIFO,0.28,0,variant_6
8421,MOULDING_5,MOULDING_MACHINE_5,29625.62844070791,0.0932751712789468,1,0.0,0.0,112.3381884452283,22,29625.62844070791,29737.96662915314,experiment,FIFO,0.28,0,variant_2
8421,ASSEMBLY_1_3,LINE_3_ASSEMBLY1,29687.11747369268,37.60503663896088,2,61.48903298476944,61.48903298476944,50.84915546045886,14,29625.62844070791,29737.96662915314,experiment,FIFO,0.28,0,variant_2
8421,ASSEMBLY_2_1,ASSEMBLY2_LINE_1,29709.302499473884,22.185025781203876,3,22.185025781203876,83.67405876597331,28.664129679254984,21,29625.62844070791,29737.96662915314,experiment,FIFO,0.28,0,variant_2
8421,SORTING,SORTING_ROBOT_1,29709.54517761122,0.2426781373360427,4,0.2426781373360427,83.91673690330936,28.42145154191894,21,29625.62844070791,29737.96662915314,experiment,FIFO,0.28,0,variant_2
8421,PACKAGING_3,PACKAGING_LINE_3,29719.77516633091,8.096440035500564,5,10.229988719689572,94.14672562299893,18.19146282222937,20,29625.62844070791,29737.96662915314,experiment,FIFO,0.28,0,variant_2
8421,INSPECTION_2_1,INSPECTION_2_1_LINE,29727.84745800592,0.2641196115509956,6,8.072291675009183,102.21901729800811,10.119171147220186,21,29625.62844070791,29737.96662915314,experiment,FIFO,0.28,0,variant_2
8421,INSPECTION_2_2,INSPECTION_2_2_LINE,29728.67256470473,0.789733598492603,7,0.8251066988123057,103.04412399682042,9.29406444840788,21,29625.62844070791,29737.96662915314,experiment,FIFO,0.28,0,variant_2
8421,INSPECTION_2_3,INSPECTION_2_3_LINE,29729.73160071318,0.8022443807858508,8,1.059036008449766,104.10316000527018,8.235028439958114,21,29625.62844070791,29737.96662915314,experiment,FIFO,0.28,0,variant_2
8421,INSPECTION_2_4,INSPECTION_2_4_LINE,29732.986952017018,0.6204493004624965,9,3.2553513038365054,107.35851130910669,4.979677136121609,21,29625.62844070791,29737.96662915314,experiment,FIFO,0.28,0,variant_2
8421,INSPECTION_2_5,INSPECTION_2_5_LINE,29736.7665762151,3.7796241980831837,10,3.7796241980831837,111.13813550718987,1.200052938038425,20,29625.62844070791,29737.96662915314,experiment,FIFO,0.28,0,variant_2
8421,INSPECTION_2_6,INSPECTION_2_6_LINE,29737.06222540708,0.2956491919794644,11,0.2956491919794644,111.43378469916934,0.9044037460589607,19,29625.62844070791,29737.96662915314,experiment,FIFO,0.28,0,variant_2
8421,INSPECTION_2_7,INSPECTION_2_7_LINE,29737.96662915314,0.9044037460589607,12,0.9044037460589607,112.3381884452283,0.0,18,29625.62844070791,29737.96662915314,experiment,FIFO,0.28,0,variant_2
8422,MOULDING_5,MOULDING_MACHINE_5,29640.76975986221,7.479371931785863,1,0.0,0.0,45.577016212318995,19,29640.76975986221,29686.34677607453,experiment,FIFO,0.28,0,variant_4
8422,ASSEMBLY_1_1,LINE_1_ASSEMBLY1,29643.0646165711,2.2948567088897107,2,2.2948567088897107,2.2948567088897107,43.282159503429284,19,29640.76975986221,29686.34677607453,experiment,FIFO,0.28,0,variant_4
8422,ASSEMBLY_2_1,ASSEMBLY2_LINE_1,29666.53528387855,0.24697177617781563,3,23.47066730745064,25.76552401634035,19.811492195978644,18,29640.76975986221,29686.34677607453,experiment,FIFO,0.28,0,variant_4
8422,SORTING,SORTING_ROBOT_1,29674.35529098545,5.502821300044161,4,7.820007106900448,33.5855311232408,11.991485089078196,17,29640.76975986221,29686.34677607453,experiment,FIFO,0.28,0,variant_4
8422,PACKAGING_2,PACKAGING_LINE_2,29679.21518853631,4.859897550857568,5,4.859897550857568,38.445428674098366,7.131587538220629,16,29640.76975986221,29686.34677607453,experiment,FIFO,0.28,0,variant_4
8422,INSPECTION_1_1,INSPECTION_1_1_LINE,29679.255384576336,0.04019604002678534,6,0.04019604002678534,38.48562471412515,7.091391498193843,16,29640.76975986221,29686.34677607453,experiment,FIFO,0.28,0,variant_4
8422,INSPECTION_1_2,INSPECTION_1_2_LINE,29679.94609311185,0.6907085355123854,7,0.6907085355123854,39.17633324963754,6.400682962681458,17,29640.76975986221,29686.34677607453,experiment,FIFO,0.28,0,variant_4
8422,INSPECTION_1_3,INSPECTION_1_3_LINE,29680.28041123818,0.3343181263298902,8,0.3343181263298902,39.51065137596743,6.066364836351568,17,29640.76975986221,29686.34677607453,experiment,FIFO,0.28,0,variant_4
8422,INSPECTION_1_4,INSPECTION_1_4_LINE,29680.90565507592,0.6252438377414364,9,0.6252438377414364,40.135895213708864,5.441120998610131,17,29640.76975986221,29686.34677607453,experiment,FIFO,0.28,0,variant_4
8422,INSPECTION_1_5,INSPECTION_1_5_LINE,29681.369211300287,0.3757151855788834,10,0.463556224367494,40.59945143807636,4.977564774242637,17,29640.76975986221,29686.34677607453,experiment,FIFO,0.28,0,variant_4
8422,INSPECTION_1_6,INSPECTION_1_6_LINE,29682.847989162507,1.1031962602028216,11,1.478777862219431,42.07822930029579,3.4987869120232062,16,29640.76975986221,29686.34677607453,experiment,FIFO,0.28,0,variant_4
8422,INSPECTION_1_7,INSPECTION_1_7_LINE,29686.34677607453,2.3357839979689743,12,3.4987869120232062,45.577016212318995,0.0,14,29640.76975986221,29686.34677607453,experiment,FIFO,0.28,0,variant_4
8423,MOULDING_2,MOULDING_MACHINE_2,29652.73360015245,15.957354326357745,1,0.0,0.0,42.79065109375733,19,29652.73360015245,29695.524251246206,experiment,FIFO,0.28,0,variant_6
8423,ASSEMBLY_1_1,LINE_1_ASSEMBLY1,29654.83049431664,2.096894164191326,2,2.096894164191326,2.096894164191326,40.69375692956601,19,29652.73360015245,29695.524251246206,experiment,FIFO,0.28,0,variant_6
8423,ASSEMBLY_2_2,ASSEMBLY2_LINE_2,29683.285675415664,4.546389310333325,3,28.45518109902332,30.552075263214647,12.238575830542686,16,29652.73360015245,29695.524251246206,experiment,FIFO,0.28,0,variant_6
8423,SORTING,SORTING_ROBOT_1,29691.36302413701,6.974065540460288,4,8.077348721344606,38.62942398455925,4.16122710919808,17,29652.73360015245,29695.524251246206,experiment,FIFO,0.28,0,variant_6
8423,PACKAGING_3,PACKAGING_LINE_3,29692.15503310821,0.7920089712024492,5,0.7920089712024492,39.4214329557617,3.369218137995631,17,29652.73360015245,29695.524251246206,experiment,FIFO,0.28,0,variant_6
8423,INSPECTION_1_1,INSPECTION_1_1_LINE,29692.30780025753,0.15276714932042523,6,0.15276714932042523,39.57420010508213,3.2164509886752057,17,29652.73360015245,29695.524251246206,experiment,FIFO,0.28,0,variant_6
8423,INSPECTION_1_2,INSPECTION_1_2_LINE,29692.742968321752,0.4351680642212159,7,0.4351680642212159,40.00936816930334,2.78128292445399,17,29652.73360015245,29695.524251246206,experiment,FIFO,0.28,0,variant_6
8423,INSPECTION_1_3,INSPECTION_1_3_LINE,29693.49111142681,0.7481431050582614,8,0.7481431050582614,40.757511274361605,2.0331398193957284,16,29652.73360015245,29695.524251246206,experiment,FIFO,0.28,0,variant_6
8423,INSPECTION_1_4,INSPECTION_1_4_LINE,29693.61700165118,0.12589022436804953,9,0.12589022436804953,40.883401498729654,1.9072495950276789,16,29652.73360015245,29695.524251246206,experiment,FIFO,0.28,0,variant_6
8423,INSPECTION_1_5,INSPECTION_1_5_LINE,29693.747757519664,0.1307558684857213,10,0.1307558684857213,41.014157367215375,1.7764937265419576,16,29652.73360015245,29695.524251246206,experiment,FIFO,0.28,0,variant_6
8423,INSPECTION_1_6,INSPECTION_1_6_LINE,29694.02754571024,0.27978819057534565,11,0.27978819057534565,41.29394555779072,1.496705535966612,16,29652.73360015245,29695.524251246206,experiment,FIFO,0.28,0,variant_6
8423,INSPECTION_1_7,INSPECTION_1_7_LINE,29695.524251246206,1.496705535966612,12,1.496705535966612,42.79065109375733,0.0,16,29652.73360015245,29695.524251246206,experiment,FIFO,0.28,0,variant_6
8424,MOULDING_3,MOULDING_MACHINE_3,29640.01674398917,0.2810569487592147,1,0.0,0.0,46.050651428860874,18,29640.01674398917,29686.06739541803,experiment,FIFO,0.28,0,variant_1
8424,ASSEMBLY_1_5,LINE_5_ASSEMBLY1,29659.762971543805,19.74622755463497,2,19.74622755463497,19.74622755463497,26.304423874225904,19,29640.01674398917,29686.06739541803,experiment,FIFO,0.28,0,variant_1
8424,ASSEMBLY_2_1,ASSEMBLY2_LINE_1,29669.407940988403,2.872657109852298,3,9.644969444598246,29.391196999233216,16.659454429627658,17,29640.01674398917,29686.06739541803,experiment,FIFO,0.28,0,variant_1
8424,SORTING,SORTING_ROBOT_1,29675.87809763253,1.522806647077232,4,6.470156644125382,35.8613536433586,10.189297785502276,17,29640.01674398917,29686.06739541803,experiment,FIFO,0.28,0,variant_1
8424,PACKAGING_3,PACKAGING_LINE_3,29680.12129889106,4.243201258530462,5,4.243201258530462,40.10455490188906,5.9460965269718145,17,29640.01674398917,29686.06739541803,experiment,FIFO,0.28,0,variant_1
8424,INSPECTION_2_1,INSPECTION_2_1_LINE,29680.555533271563,0.43423438050376717,6,0.43423438050376717,40.53878928239283,5.511862146468047,17,29640.01674398917,29686.06739541803,experiment,FIFO,0.28,0,variant_1
8424,INSPECTION_2_2,INSPECTION_2_2_LINE,29680.92953035862,0.3739970870556135,7,0.3739970870556135,40.91278636944844,5.137865059412434,17,29640.01674398917,29686.06739541803,experiment,FIFO,0.28,0,variant_1
8424,INSPECTION_2_2,INSPECTION_2_2_LINE,29682.268400319244,1.3388699606257433,8,1.3388699606257433,42.251656330074184,3.7989950987866905,17,29640.01674398917,29686.06739541803,experiment,FIFO,0.28,0,variant_1
8424,INSPECTION_2_3,INSPECTION_2_3_LINE,29684.11487697948,1.8464766602373857,9,1.8464766602373857,44.09813299031157,1.9525184385493048,14,29640.01674398917,29686.06739541803,experiment,FIFO,0.28,0,variant_1
8424,INSPECTION_2_4,INSPECTION_2_4_LINE,29684.381672345065,0.26679536558367545,10,0.26679536558367545,44.364928355895245,1.6857230729656294,15,29640.01674398917,29686.06739541803,experiment,FIFO,0.28,0,variant_1
8424,INSPECTION_2_5,INSPECTION_2_5_LINE,29684.70726790176,0.32559555669286055,11,0.32559555669286055,44.690523912588105,1.3601275162727688,16,29640.01674398917,29686.06739541803,experiment,FIFO,0.28,0,variant_1
8424,INSPECTION_2_6,INSPECTION_2_6_LINE,29684.90018845016,0.1929205484011618,12,0.1929205484011618,44.88344446098927,1.167206967871607,16,29640.01674398917,29686.06739541803,experiment,FIFO,0.28,0,variant_1
8424,INSPECTION_2_7,INSPECTION_2_7_LINE,29686.06739541803,1.167206967871607,13,1.167206967871607,46.050651428860874,0.0,15,29640.01674398917,29686.06739541803,experiment,FIFO,0.28,0,variant_1
8425,MOULDING_4,MOULDING_MACHINE_4,29644.082913394483,3.799371225770301,1,0.0,0.0,92.9312032101625,19,29644.082913394483,29737.014116604645,experiment,FIFO,0.28,0,variant_5
8425,ASSEMBLY_1_3,LINE_3_ASSEMBLY1,29690.703781528264,3.586307835583284,2,46.62086813378119,46.62086813378119,46.31033507638131,17,29644.082913394483,29737.014116604645,experiment,FIFO,0.28,0,variant_5
8425,ASSEMBLY_2_1,ASSEMBLY2_LINE_1,29713.575965292832,4.273465818947443,3,22.872183764568035,69.49305189834922,23.43815131181327,19,29644.082913394483,29737.014116604645,experiment,FIFO,0.28,0,variant_5
8425,SORTING,SORTING_ROBOT_1,29720.244523650348,2.4607808830296563,4,6.668558357516304,76.16161025586553,16.769592954296968,20,29644.082913394483,29737.014116604645,experiment,FIFO,0.28,0,variant_5
8425,PACKAGING_3,PACKAGING_LINE_3,29730.48711530692,10.242591656573495,5,10.242591656573495,86.40420191243902,6.527001297723473,21,29644.082913394483,29737.014116604645,experiment,FIFO,0.28,0,variant_5
8425,INSPECTION_1_1,INSPECTION_1_1_LINE,29730.568970418622,0.08185511170086102,6,0.08185511170086102,86.48605702413988,6.445146186022612,21,29644.082913394483,29737.014116604645,experiment,FIFO,0.28,0,variant_5
8425,INSPECTION_1_2,INSPECTION_1_2_LINE,29731.907641344274,1.338670925651968,7,1.338670925651968,87.82472794979185,5.106475260370644,21,29644.082913394483,29737.014116604645,experiment,FIFO,0.28,0,variant_5
8425,INSPECTION_1_3,INSPECTION_1_3_LINE,29732.469116486733,0.5614751424582209,8,0.5614751424582209,88.38620309225007,4.545000117912423,21,29644.082913394483,29737.014116604645,experiment,FIFO,0.28,0,variant_5
8425,INSPECTION_1_4,INSPECTION_1_4_LINE,29733.38757489156,0.9184584048271063,9,0.9184584048271063,89.30466149707718,3.6265417130853166,21,29644.082913394483,29737.014116604645,experiment,FIFO,0.28,0,variant_5
8425,INSPECTION_1_5,INSPECTION_1_5_LINE,29733.758406173896,0.37083128233643947,10,0.37083128233643947,89.67549277941362,3.255710430748877,21,29644.082913394483,29737.014116604645,experiment,FIFO,0.28,0,variant_5
8425,INSPECTION_1_6,INSPECTION_1_6_LINE,29736.388377442094,2.6299712681975507,11,2.6299712681975507,92.30546404761117,0.6257391625513264,20,29644.082913394483,29737.014116604645,experiment,FIFO,0.28,0,variant_5
8425,INSPECTION_1_7,INSPECTION_1_7_LINE,29737.014116604645,0.6257391625513264,12,0.6257391625513264,92.9312032101625,0.0,19,29644.082913394483,29737.014116604645,experiment,FIFO,0.28,0,variant_5
8426,MOULDING_3,MOULDING_MACHINE_3,29660.549820403343,13.381872508420201,1,0.0,0.0,50.94446804625841,20,29660.549820403343,29711.4942884496,experiment,FIFO,0.28,0,variant_1
8426,MOULDING_3,MOULDING_MACHINE_3,29661.16272143369,0.6129010303484392,2,0.6129010303484392,0.6129010303484392,50.33156701590997,20,29660.549820403343,29711.4942884496,experiment,FIFO,0.28,0,variant_1
8426,ASSEMBLY_1_4,LINE_4_ASSEMBLY1,29666.08722986763,4.924508433938172,3,4.924508433938172,5.537409464286611,45.407058581971796,17,29660.549820403343,29711.4942884496,experiment,FIFO,0.28,0,variant_1
8426,ASSEMBLY_2_1,ASSEMBLY2_LINE_1,29682.748891255425,13.34095026702198,4,16.661661387795903,22.199070852082514,28.745397194175894,16,29660.549820403343,29711.4942884496,experiment,FIFO,0.28,0,variant_1
8426,SORTING,SORTING_ROBOT_1,29684.388958596548,0.1702757853163348,5,1.6400673411226308,23.839138193205144,27.105329853053263,15,29660.549820403343,29711.4942884496,experiment,FIFO,0.28,0,variant_1
8426,PACKAGING_1,PACKAGING_LINE_1,29699.8523103232,4.238007426869444,6,15.463351726652036,39.30248991985718,11.641978126401227,18,29660.549820403343,29711.4942884496,experiment,FIFO,0.28,0,variant_1
8426,INSPECTION_2_1,INSPECTION_2_1_LINE,29701.56806361732,1.715753294120077,7,1.715753294120077,41.01824321397726,9.92622483228115,19,29660.549820403343,29711.4942884496,experiment,FIFO,0.28,0,variant_1
8426,INSPECTION_2_2,INSPECTION_2_2_LINE,29702.189702683707,0.621639066386706,8,0.621639066386706,41.63988228036396,9.304585765894444,19,29660.549820403343,29711.4942884496,experiment,FIFO,0.28,0,variant_1
8426,INSPECTION_2_3,INSPECTION_2_3_LINE,29702.221359884432,0.03165720072502154,9,0.03165720072502154,41.671539481088985,9.272928565169423,19,29660.549820403343,29711.4942884496,experiment,FIFO,0.28,0,variant_1
8426,INSPECTION_2_4,INSPECTION_2_4_LINE,29704.464368912475,2.2430090280431614,10,2.2430090280431614,43.914548509132146,7.029919537126261,19,29660.549820403343,29711.4942884496,experiment,FIFO,0.28,0,variant_1
8426,INSPECTION_2_5,INSPECTION_2_5_LINE,29707.65542130693,3.191052394453436,11,3.191052394453436,47.10560090358558,3.838867142672825,20,29660.549820403343,29711.4942884496,experiment,FIFO,0.28,0,variant_1
8426,INSPECTION_2_6,INSPECTION_2_6_LINE,29708.27094191304,0.6155206061121135,12,0.6155206061121135,47.721121509697696,3.2233465365607117,21,29660.549820403343,29711.4942884496,experiment,FIFO,0.28,0,variant_1
8426,INSPECTION_2_7,INSPECTION_2_7_LINE,29711.4942884496,3.2233465365607117,13,3.2233465365607117,50.94446804625841,0.0,20,29660.549820403343,29711.4942884496,experiment,FIFO,0.28,0,variant_1
8427,MOULDING_2,MOULDING_MACHINE_2,29654.953231403284,2.2196312508349365,1,0.0,0.0,57.612376104658324,20,29654.953231403284,29712.565607507942,experiment,FIFO,0.28,0,variant_1
8427,ASSEMBLY_1_5,LINE_5_ASSEMBLY1,29661.721842229188,1.9588706853828626,2,6.768610825904034,6.768610825904034,50.84376527875429,18,29654.953231403284,29712.565607507942,experiment,FIFO,0.28,0,variant_1
8427,ASSEMBLY_2_2,ASSEMBLY2_LINE_2,29692.6154443207,9.329768905037781,3,30.893602091513458,37.66221291741749,19.950163187240832,17,29654.953231403284,29712.565607507942,experiment,FIFO,0.28,0,variant_1
8427,SORTING,SORTING_ROBOT_1,29696.72267289086,4.10722857015935,4,4.10722857015935,41.76944148757684,15.842934617081482,16,29654.953231403284,29712.565607507942,experiment,FIFO,0.28,0,variant_1
8427,PACKAGING_2,PACKAGING_LINE_2,29700.680936536857,3.9582636459963396,5,3.9582636459963396,45.72770513357318,11.884670971085143,19,29654.953231403284,29712.565607507942,experiment,FIFO,0.28,0,variant_1
8427,INSPECTION_1_1,INSPECTION_1_1_LINE,29703.25276877869,2.5718322418324533,6,2.5718322418324533,48.299537375405635,9.31283872925269,18,29654.953231403284,29712.565607507942,experiment,FIFO,0.28,0,variant_1
8427,INSPECTION_1_2,INSPECTION_1_2_LINE,29706.150761191187,2.8979924124978425,7,2.8979924124978425,51.19752978790348,6.414846316754847,19,29654.953231403284,29712.565607507942,experiment,FIFO,0.28,0,variant_1
8427,INSPECTION_1_3,INSPECTION_1_3_LINE,29707.1612115493,1.010450358113303,8,1.010450358113303,52.20798014601678,5.404395958641544,20,29654.953231403284,29712.565607507942,experiment,FIFO,0.28,0,variant_1
8427,INSPECTION_1_4,INSPECTION_1_4_LINE,29708.692986726164,1.531775176863448,9,1.531775176863448,53.73975532288023,3.872620781778096,21,29654.953231403284,29712.565607507942,experiment,FIFO,0.28,0,variant_1
8427,INSPECTION_1_5,INSPECTION_1_5_LINE,29709.21959036753,0.5266036413668189,10,0.5266036413668189,54.26635896424705,3.346017140411277,21,29654.953231403284,29712.565607507942,experiment,FIFO,0.28,0,variant_1
8427,INSPECTION_1_6,INSPECTION_1_6_LINE,29711.36487507506,2.1452847075306636,11,2.1452847075306636,56.41164367177771,1.2007324328806135,21,29654.953231403284,29712.565607507942,experiment,FIFO,0.28,0,variant_1
8427,INSPECTION_1_7,INSPECTION_1_7_LINE,29712.565607507942,1.2007324328806135,12,1.2007324328806135,57.612376104658324,0.0,19,29654.953231403284,29712.565607507942,experiment,FIFO,0.28,0,variant_1
8428,MOULDING_5,MOULDING_MACHINE_5,29661.92684313928,7.812795036381431,1,0.0,0.0,84.13663925386936,18,29661.92684313928,29746.06348239315,experiment,FIFO,0.28,0,variant_1
8428,ASSEMBLY_1_3,LINE_3_ASSEMBLY1,29692.96399465721,2.2602131289459066,2,31.037151517928578,31.037151517928578,53.099487735940784,17,29661.92684313928,29746.06348239315,experiment,FIFO,0.28,0,variant_1
8428,ASSEMBLY_2_2,ASSEMBLY2_LINE_2,29725.50074232108,12.509172952853987,3,32.53674766387121,63.57389918179979,20.562740072069573,21,29661.92684313928,29746.06348239315,experiment,FIFO,0.28,0,variant_1
8428,SORTING,SORTING_ROBOT_1,29732.78376354953,0.06701274901206489,4,7.2830212284497975,70.85692041024959,13.279718843619776,21,29661.92684313928,29746.06348239315,experiment,FIFO,0.28,0,variant_1
8428,PACKAGING_2,PACKAGING_LINE_2,29734.15712356132,1.3733600117884635,5,1.3733600117884635,72.23028042203805,11.906358831831312,20,29661.92684313928,29746.06348239315,experiment,FIFO,0.28,0,variant_1
8428,INSPECTION_2_1,INSPECTION_2_1_LINE,29734.272233368985,0.1151098076661583,6,0.1151098076661583,72.34539022970421,11.791249024165154,20,29661.92684313928,29746.06348239315,experiment,FIFO,0.28,0,variant_1
8428,INSPECTION_2_2,INSPECTION_2_2_LINE,29735.596547283887,1.3243139149017225,7,1.3243139149017225,73.66970414460593,10.466935109263432,20,29661.92684313928,29746.06348239315,experiment,FIFO,0.28,0,variant_1
8428,INSPECTION_2_3,INSPECTION_2_3_LINE,29737.04045090743,0.9112282448295446,8,1.4439036235417007,75.11360776814763,9.02303148572173,19,29661.92684313928,29746.06348239315,experiment,FIFO,0.28,0,variant_1
8428,INSPECTION_2_4,INSPECTION_2_4_LINE,29739.07283906458,0.6620513435009343,9,2.0323881571530364,77.14599592530067,6.990643328568694,17,29661.92684313928,29746.06348239315,experiment,FIFO,0.28,0,variant_1
8428,INSPECTION_2_5,INSPECTION_2_5_LINE,29741.91697901972,1.7631617217557505,10,2.844139955137507,79.99013588043817,4.146503373431187,15,29661.92684313928,29746.06348239315,experiment,FIFO,0.28,0,variant_1
8428,INSPECTION_2_5,INSPECTION_2_5_LINE,29743.08514843086,1.168169411139388,11,1.168169411139388,81.15830529157756,2.9783339622917993,15,29661.92684313928,29746.06348239315,experiment,FIFO,0.28,0,variant_1
8428,INSPECTION_2_6,INSPECTION_2_6_LINE,29743.942739550283,0.857591119423887,12,0.857591119423887,82.01589641100145,2.1207428428679123,15,29661.92684313928,29746.06348239315,experiment,FIFO,0.28,0,variant_1
8428,INSPECTION_2_6,INSPECTION_2_6_LINE,29744.62674679857,0.6840072482882533,13,0.6840072482882533,82.6999036592897,1.436735594579659,15,29661.92684313928,29746.06348239315,experiment,FIFO,0.28,0,variant_1
8428,INSPECTION_2_7,INSPECTION_2_7_LINE,29746.06348239315,1.436735594579659,14,1.436735594579659,84.13663925386936,0.0,13,29661.92684313928,29746.06348239315,experiment,FIFO,0.28,0,variant_1
8429,MOULDING_5,MOULDING_MACHINE_5,29667.268911540083,5.342068400801509,1,0.0,0.0,73.50540116343836,18,29667.268911540083,29740.77431270352,experiment,FIFO,0.28,0,variant_6
8429,ASSEMBLY_1_2,LINE_2_ASSEMBLY1,29686.809791097567,12.316832138105383,2,19.540879557484004,19.540879557484004,53.96452160595436,14,29667.268911540083,29740.77431270352,experiment,FIFO,0.28,0,variant_6
8429,ASSEMBLY_2_2,ASSEMBLY2_LINE_2,29712.36474177731,13.433701366611785,3,25.554950679743342,45.09583023722735,28.409570926211018,20,29667.268911540083,29740.77431270352,experiment,FIFO,0.28,0,variant_6
8429,SORTING,SORTING_ROBOT_1,29716.15174098933,3.7869992120213283,4,3.7869992120213283,48.882829449248675,24.62257171418969,19,29667.268911540083,29740.77431270352,experiment,FIFO,0.28,0,variant_6
8429,PACKAGING_3,PACKAGING_LINE_3,29720.18431664368,0.4091503127710894,5,4.032575654349785,52.91540510359846,20.589996059839905,20,29667.268911540083,29740.77431270352,experiment,FIFO,0.28,0,variant_6
8429,INSPECTION_2_1,INSPECTION_2_1_LINE,29729.258387996724,1.4109299908050161,6,9.07407135304311,61.98947645664157,11.515924706796795,21,29667.268911540083,29740.77431270352,experiment,FIFO,0.28,0,variant_6
8429,INSPECTION_2_1,INSPECTION_2_1_LINE,29729.529924026803,0.2715360300790053,7,0.2715360300790053,62.261012486720574,11.24438867671779,21,29667.268911540083,29740.77431270352,experiment,FIFO,0.28,0,variant_6
8429,INSPECTION_2_2,INSPECTION_2_2_LINE,29731.536728848187,2.0068048213834118,8,2.0068048213834118,64.26781730810399,9.237583855334378,21,29667.268911540083,29740.77431270352,experiment,FIFO,0.28,0,variant_6
8429,INSPECTION_2_3,INSPECTION_2_3_LINE,29734.67636191023,3.139633062044595,9,3.139633062044595,67.40745037014858,6.097950793289783,20,29667.268911540083,29740.77431270352,experiment,FIFO,0.28,0,variant_6
8429,INSPECTION_2_4,INSPECTION_2_4_LINE,29735.84283370624,1.166471796008409,10,1.166471796008409,68.57392216615699,4.931478997281374,20,29667.268911540083,29740.77431270352,experiment,FIFO,0.28,0,variant_6
8429,INSPECTION_2_5,INSPECTION_2_5_LINE,29737.690693573823,0.9241173587215599,11,1.8478598675828835,70.42178203373987,3.0836191296984907,19,29667.268911540083,29740.77431270352,experiment,FIFO,0.28,0,variant_6
8429,INSPECTION_2_6,INSPECTION_2_6_LINE,29738.106946494085,0.4162529202621954,12,0.4162529202621954,70.83803495400207,2.6673662094362953,18,29667.268911540083,29740.77431270352,experiment,FIFO,0.28,0,variant_6
8429,INSPECTION_2_7,INSPECTION_2_7_LINE,29740.77431270352,2.6673662094362953,13,2.6673662094362953,73.50540116343836,0.0,16,29667.268911540083,29740.77431270352,experiment,FIFO,0.28,0,variant_6
8430,MOULDING_1,MOULDING_MACHINE_1,29657.603631829417,1.395642162511649,1,0.0,0.0,63.06847497880517,19,29657.603631829417,29720.672106808222,experiment,FIFO,0.28,0,variant_1
8430,ASSEMBLY_1_2,LINE_2_ASSEMBLY1,29674.49295895946,16.889327130043966,2,16.889327130043966,16.889327130043966,46.179147848761204,17,29657.603631829417,29720.672106808222,experiment,FIFO,0.28,0,variant_1
8430,ASSEMBLY_2_2,ASSEMBLY2_LINE_2,29698.9310404107,4.87927508602661,3,24.43808145123694,41.327408581280906,21.741066397524264,17,29657.603631829417,29720.672106808222,experiment,FIFO,0.28,0,variant_1
8430,SORTING,SORTING_ROBOT_1,29706.48897619809,6.919783821074816,4,7.557935787390306,48.88534436867121,14.183130610133958,19,29657.603631829417,29720.672106808222,experiment,FIFO,0.28,0,variant_1
8430,PACKAGING_3,PACKAGING_LINE_3,29711.67872629541,5.189750097320939,5,5.189750097320939,54.07509446599215,8.993380512813019,20,29657.603631829417,29720.672106808222,experiment,FIFO,0.28,0,variant_1
8430,INSPECTION_2_1,INSPECTION_2_1_LINE,29713.03116644609,1.352440150680195,6,1.352440150680195,55.42753461667235,7.640940362132824,19,29657.603631829417,29720.672106808222,experiment,FIFO,0.28,0,variant_1
8430,INSPECTION_2_2,INSPECTION_2_2_LINE,29714.614451500467,1.583285054377484,7,1.583285054377484,57.01081967104983,6.05765530775534,19,29657.603631829417,29720.672106808222,experiment,FIFO,0.28,0,variant_1
8430,INSPECTION_2_3,INSPECTION_2_3_LINE,29716.281016773624,1.6665652731571754,8,1.6665652731571754,58.677384944207006,4.3910900345981645,19,29657.603631829417,29720.672106808222,experiment,FIFO,0.28,0,variant_1
8430,INSPECTION_2_4,INSPECTION_2_4_LINE,29718.423419210263,2.142402436638804,9,2.142402436638804,60.81978738084581,2.2486875979593606,19,29657.603631829417,29720.672106808222,experiment,FIFO,0.28,0,variant_1
8430,INSPECTION_2_5,INSPECTION_2_5_LINE,29719.099265756144,0.6758465458806313,10,0.6758465458806313,61.49563392672644,1.5728410520787293,20,29657.603631829417,29720.672106808222,experiment,FIFO,0.28,0,variant_1
8430,INSPECTION_2_6,INSPECTION_2_6_LINE,29720.21351772701,1.1142519708664622,11,1.1142519708664622,62.6098858975929,0.45858908121226705,20,29657.603631829417,29720.672106808222,experiment,FIFO,0.28,0,variant_1
8430,INSPECTION_2_7,INSPECTION_2_7_LINE,29720.672106808222,0.45858908121226705,12,0.45858908121226705,63.06847497880517,0.0,19,29657.603631829417,29720.672106808222,experiment,FIFO,0.28,0,variant_1
8431,MOULDING_5,MOULDING_MACHINE_5,29689.7975602824,22.528648742318182,1,0.0,0.0,51.50480397501087,17,29689.7975602824,29741.30236425741,experiment,FIFO,0.28,0,variant_5
8431,ASSEMBLY_1_4,LINE_4_ASSEMBLY1,29692.29699075925,2.4994304768479196,2,2.4994304768479196,2.4994304768479196,49.00537349816295,17,29689.7975602824,29741.30236425741,experiment,FIFO,0.28,0,variant_5
8431,ASSEMBLY_2_1,ASSEMBLY2_LINE_1,29724.01367058425,6.195487442466401,3,31.71667982500003,34.21611030184795,17.288693673162925,22,29689.7975602824,29741.30236425741,experiment,FIFO,0.28,0,variant_5
8431,SORTING,SORTING_ROBOT_1,29730.75800757197,0.3589591660820588,4,6.744336987721908,40.960447289569856,10.544356685441016,21,29689.7975602824,29741.30236425741,experiment,FIFO,0.28,0,variant_5
8431,PACKAGING_3,PACKAGING_LINE_3,29732.26033021865,1.2789406503397913,5,1.5023226466801134,42.46276993624997,9.042034038760903,21,29689.7975602824,29741.30236425741,experiment,FIFO,0.28,0,variant_5
8431,INSPECTION_2_1,INSPECTION_2_1_LINE,29732.32731033778,0.06698011912885704,6,0.06698011912885704,42.52975005537883,8.975053919632046,21,29689.7975602824,29741.30236425741,experiment,FIFO,0.28,0,variant_5
8431,INSPECTION_2_2,INSPECTION_2_2_LINE,29733.75864158557,1.4313312477897853,7,1.4313312477897853,43.96108130316861,7.543722671842261,21,29689.7975602824,29741.30236425741,experiment,FIFO,0.28,0,variant_5
8431,INSPECTION_2_3,INSPECTION_2_3_LINE,29736.1292226626,1.4528607523679966,8,2.370581077029783,46.331662380198395,5.173141594812478,20,29689.7975602824,29741.30236425741,experiment,FIFO,0.28,0,variant_5
8431,INSPECTION_2_4,INSPECTION_2_4_LINE,29738.41078772108,2.2815650584816467,9,2.2815650584816467,48.61322743868004,2.891576536330831,17,29689.7975602824,29741.30236425741,experiment,FIFO,0.28,0,variant_5
8431,INSPECTION_2_5,INSPECTION_2_5_LINE,29740.153817297964,1.743029576882691,10,1.743029576882691,50.35625701556273,1.1485469594481401,17,29689.7975602824,29741.30236425741,experiment,FIFO,0.28,0,variant_5
8431,INSPECTION_2_6,INSPECTION_2_6_LINE,29741.09968904441,0.9458717464476649,11,0.9458717464476649,51.3021287620104,0.2026752130004752,16,29689.7975602824,29741.30236425741,experiment,FIFO,0.28,0,variant_5
8431,INSPECTION_2_7,INSPECTION_2_7_LINE,29741.30236425741,0.2026752130004752,12,0.2026752130004752,51.50480397501087,0.0,15,29689.7975602824,29741.30236425741,experiment,FIFO,0.28,0,variant_5
8432,MOULDING_3,MOULDING_MACHINE_3,29666.36499824923,3.0606664198858198,1,0.0,0.0,58.91321051219347,18,29666.36499824923,29725.278208761425,experiment,FIFO,0.28,0,variant_6
8432,ASSEMBLY_1_4,LINE_4_ASSEMBLY1,29669.22354925853,2.8585510092998447,2,2.8585510092998447,2.8585510092998447,56.05465950289363,17,29666.36499824923,29725.278208761425,experiment,FIFO,0.28,0,variant_6
8432,ASSEMBLY_2_2,ASSEMBLY2_LINE_2,29694.05176532467,1.436321003970079,3,24.828216066140158,27.686767075440002,31.22644343675347,16,29666.36499824923,29725.278208761425,experiment,FIFO,0.28,0,variant_6
8432,SORTING,SORTING_ROBOT_1,29699.569192377014,2.846519486152829,4,5.5174270523421,33.2041941277821,25.70901638441137,18,29666.36499824923,29725.278208761425,experiment,FIFO,0.28,0,variant_6
8432,PACKAGING_2,PACKAGING_LINE_2,29709.27661882325,8.59568228639182,5,9.707426446235331,42.911620574017434,16.00158993817604,21,29666.36499824923,29725.278208761425,experiment,FIFO,0.28,0,variant_6
8432,PACKAGING_2,PACKAGING_LINE_2,29713.81312083225,4.536502008999378,6,4.536502008999378,47.44812258301681,11.465087929176661,19,29666.36499824923,29725.278208761425,experiment,FIFO,0.28,0,variant_6
8432,INSPECTION_2_1,INSPECTION_2_1_LINE,29714.518480059127,0.7053592268784996,7,0.7053592268784996,48.15348180989531,10.759728702298162,19,29666.36499824923,29725.278208761425,experiment,FIFO,0.28,0,variant_6
8432,INSPECTION_2_2,INSPECTION_2_2_LINE,29716.063926994568,1.449475494100625,8,1.5454469354408502,49.69892874533616,9.214281766857312,19,29666.36499824923,29725.278208761425,experiment,FIFO,0.28,0,variant_6
8432,INSPECTION_2_3,INSPECTION_2_3_LINE,29716.61728336945,0.3362665958266007,9,0.5533563748831511,50.25228512021931,8.66092539197416,19,29666.36499824923,29725.278208761425,experiment,FIFO,0.28,0,variant_6
8432,INSPECTION_2_4,INSPECTION_2_4_LINE,29721.04951792701,2.626098716747947,10,4.43223455756015,54.68451967777946,4.22869083441401,19,29666.36499824923,29725.278208761425,experiment,FIFO,0.28,0,variant_6
8432,INSPECTION_2_5,INSPECTION_2_5_LINE,29721.61717539207,0.5676574650606199,11,0.5676574650606199,55.25217714284008,3.6610333693533903,20,29666.36499824923,29725.278208761425,experiment,FIFO,0.28,0,variant_6
8432,INSPECTION_2_6,INSPECTION_2_6_LINE,29723.586368319808,1.9691929277360032,12,1.9691929277360032,57.221370070576086,1.6918404416173871,22,29666.36499824923,29725.278208761425,experiment,FIFO,0.28,0,variant_6
8432,INSPECTION_2_7,INSPECTION_2_7_LINE,29725.278208761425,1.6918404416173871,13,1.6918404416173871,58.91321051219347,0.0,21,29666.36499824923,29725.278208761425,experiment,FIFO,0.28,0,variant_6
8433,MOULDING_5,MOULDING_MACHINE_5,29694.429128684304,4.6315684019027685,1,0.0,0.0,62.3542605788607,17,29694.429128684304,29756.783389263164,experiment,FIFO,0.28,0,variant_4
8433,ASSEMBLY_1_1,LINE_1_ASSEMBLY1,29706.599289092293,3.8834888957098883,2,12.170160407989897,12.170160407989897,50.184100170870806,19,29694.429128684304,29756.783389263164,experiment,FIFO,0.28,0,variant_4
8433,ASSEMBLY_2_2,ASSEMBLY2_LINE_2,29740.04322254386,4.096493557612121,3,33.44393345156641,45.614093859556306,16.740166719304398,17,29694.429128684304,29756.783389263164,experiment,FIFO,0.28,0,variant_4
8433,SORTING,SORTING_ROBOT_1,29741.132188433225,1.088965889364772,4,1.088965889364772,46.70305974892108,15.651200829939626,16,29694.429128684304,29756.783389263164,experiment,FIFO,0.28,0,variant_4
8433,PACKAGING_3,PACKAGING_LINE_3,29744.661731792767,3.5295433595420036,5,3.5295433595420036,50.23260310846308,12.121657470397622,15,29694.429128684304,29756.783389263164,experiment,FIFO,0.28,0,variant_4
8433,INSPECTION_2_1,INSPECTION_2_1_LINE,29745.41188066139,0.7501488686248194,6,0.7501488686248194,50.9827519770879,11.371508601772803,14,29694.429128684304,29756.783389263164,experiment,FIFO,0.28,0,variant_4
8433,INSPECTION_2_2,INSPECTION_2_2_LINE,29749.71977586576,4.307895204368833,7,4.307895204368833,55.290647181456734,7.063613397403969,13,29694.429128684304,29756.783389263164,experiment,FIFO,0.28,0,variant_4
8433,INSPECTION_2_3,INSPECTION_2_3_LINE,29750.124961078505,0.405185212744982,8,0.405185212744982,55.695832394201716,6.6584281846589874,13,29694.429128684304,29756.783389263164,experiment,FIFO,0.28,0,variant_4
8433,INSPECTION_2_4,INSPECTION_2_4_LINE,29750.70694705028,0.5819859717739746,9,0.5819859717739746,56.27781836597569,6.076442212885013,13,29694.429128684304,29756.783389263164,experiment,FIFO,0.28,0,variant_4
8433,INSPECTION_2_5,INSPECTION_2_5_LINE,29750.93128663276,0.22433958248075214,10,0.22433958248075214,56.50215794845644,5.852102630404261,13,29694.429128684304,29756.783389263164,experiment,FIFO,0.28,0,variant_4
8433,INSPECTION_2_6,INSPECTION_2_6_LINE,29756.63924889656,5.707962263801164,11,5.707962263801164,62.21012021225761,0.14414036660309648,12,29694.429128684304,29756.783389263164,experiment,FIFO,0.28,0,variant_4
8433,INSPECTION_2_7,INSPECTION_2_7_LINE,29756.783389263164,0.14414036660309648,12,0.14414036660309648,62.3542605788607,0.0,11,29694.429128684304,29756.783389263164,experiment,FIFO,0.28,0,variant_4
8434,MOULDING_4,MOULDING_MACHINE_4,29679.560126811542,0.29753147196606733,1,0.0,0.0,54.47847515554895,17,29679.560126811542,29734.03860196709,experiment,FIFO,0.28,0,variant_3
8434,ASSEMBLY_1_5,LINE_5_ASSEMBLY1,29690.641302586864,11.081175775321753,2,11.081175775321753,11.081175775321753,43.397299380227196,17,29679.560126811542,29734.03860196709,experiment,FIFO,0.28,0,variant_3
8434,ASSEMBLY_2_2,ASSEMBLY2_LINE_2,29712.991569368227,0.6268275909169461,3,22.350266781362734,33.43144255668449,21.04703259886446,19,29679.560126811542,29734.03860196709,experiment,FIFO,0.28,0,variant_3
8434,SORTING,SORTING_ROBOT_1,29717.78374276732,1.6320017779871705,4,4.792173399091553,38.22361595577604,16.25485919977291,19,29679.560126811542,29734.03860196709,experiment,FIFO,0.28,0,variant_3
8434,PACKAGING_2,PACKAGING_LINE_2,29718.6342107164,0.8504679490797571,5,0.8504679490797571,39.0740839048558,15.404391250693152,20,29679.560126811542,29734.03860196709,experiment,FIFO,0.28,0,variant_3
8434,INSPECTION_2_1,INSPECTION_2_1_LINE,29727.58333839437,8.949127677969955,6,8.949127677969955,48.02321158282575,6.455263572723197,21,29679.560126811542,29734.03860196709,experiment,FIFO,0.28,0,variant_3
8434,INSPECTION_2_2,INSPECTION_2_2_LINE,29727.88283110624,0.29949271187069826,7,0.29949271187069826,48.32270429469645,6.155770860852499,21,29679.560126811542,29734.03860196709,experiment,FIFO,0.28,0,variant_3
8434,INSPECTION_2_3,INSPECTION_2_3_LINE,29728.929356332395,1.0465252261565183,8,1.0465252261565183,49.36922952085297,5.109245634695981,21,29679.560126811542,29734.03860196709,experiment,FIFO,0.28,0,variant_3
8434,INSPECTION_2_4,INSPECTION_2_4_LINE,29732.366502716555,3.4371463841598597,9,3.4371463841598597,52.80637590501283,1.672099250536121,21,29679.560126811542,29734.03860196709,experiment,FIFO,0.28,0,variant_3
8434,INSPECTION_2_5,INSPECTION_2_5_LINE,29732.80236847071,0.4358657541561115,10,0.4358657541561115,53.24224165916894,1.2362334963800095,21,29679.560126811542,29734.03860196709,experiment,FIFO,0.28,0,variant_3
8434,INSPECTION_2_6,INSPECTION_2_6_LINE,29733.88109885476,1.078730384047958,11,1.078730384047958,54.3209720432169,0.1575031123320514,21,29679.560126811542,29734.03860196709,experiment,FIFO,0.28,0,variant_3
8434,INSPECTION_2_7,INSPECTION_2_7_LINE,29734.03860196709,0.1575031123320514,12,0.1575031123320514,54.47847515554895,0.0,20,29679.560126811542,29734.03860196709,experiment,FIFO,0.28,0,variant_3
8435,MOULDING_2,MOULDING_MACHINE_2,29684.62562493784,1.9936993421579245,1,0.0,0.0,99.67554930358892,16,29684.62562493784,29784.301174241427,experiment,FIFO,0.28,0,variant_3
8435,ASSEMBLY_1_5,LINE_5_ASSEMBLY1,29714.41687106196,0.9881187429200509,2,29.791246124121244,29.791246124121244,69.88430317946768,19,29684.62562493784,29784.301174241427,experiment,FIFO,0.28,0,variant_3
8435,ASSEMBLY_2_2,ASSEMBLY2_LINE_2,29762.587126286133,9.717212794319494,3,48.17025522417316,77.9615013482944,21.714047955294518,10,29684.62562493784,29784.301174241427,experiment,FIFO,0.28,0,variant_3
8435,SORTING,SORTING_ROBOT_1,29765.974915864725,3.3877895785917644,4,3.3877895785917644,81.34929092688617,18.326258376702754,9,29684.62562493784,29784.301174241427,experiment,FIFO,0.28,0,variant_3
8435,PACKAGING_2,PACKAGING_LINE_2,29776.057169413445,8.321728792074282,5,10.082253548720473,91.43154447560664,8.24400482798228,8,29684.62562493784,29784.301174241427,experiment,FIFO,0.28,0,variant_3
8435,INSPECTION_1_1,INSPECTION_1_1_LINE,29779.038623421893,2.981454008448054,6,2.981454008448054,94.4129984840547,5.262550819534226,7,29684.62562493784,29784.301174241427,experiment,FIFO,0.28,0,variant_3
8435,INSPECTION_1_2,INSPECTION_1_2_LINE,29780.55103685256,1.512413430667948,7,1.512413430667948,95.92541191472264,3.7501373888662783,7,29684.62562493784,29784.301174241427,experiment,FIFO,0.28,0,variant_3
8435,INSPECTION_1_3,INSPECTION_1_3_LINE,29780.87512405652,0.3240872039605165,8,0.3240872039605165,96.24949911868316,3.426050184905762,7,29684.62562493784,29784.301174241427,experiment,FIFO,0.28,0,variant_3
8435,INSPECTION_1_4,INSPECTION_1_4_LINE,29780.9234715064,0.04834744987965678,9,0.04834744987965678,96.29784656856282,3.377702735026105,7,29684.62562493784,29784.301174241427,experiment,FIFO,0.28,0,variant_3
8435,INSPECTION_1_5,INSPECTION_1_5_LINE,29781.81862686005,0.8951553536498977,10,0.8951553536498977,97.19300192221272,2.4825473813762073,8,29684.62562493784,29784.301174241427,experiment,FIFO,0.28,0,variant_3
8435,INSPECTION_1_6,INSPECTION_1_6_LINE,29783.20991744628,1.3912905862271145,11,1.3912905862271145,98.58429250843983,1.0912567951490928,8,29684.62562493784,29784.301174241427,experiment,FIFO,0.28,0,variant_3
8435,INSPECTION_1_7,INSPECTION_1_7_LINE,29784.301174241427,1.0912567951490928,12,1.0912567951490928,99.67554930358892,0.0,7,29684.62562493784,29784.301174241427,experiment,FIFO,0.28,0,variant_3
8436,MOULDING_3,MOULDING_MACHINE_3,29684.12713031518,1.1322288587980438,1,0.0,0.0,91.93852810556928,15,29684.12713031518,29776.06565842075,experiment,FIFO,0.28,0,variant_6
8436,ASSEMBLY_1_5,LINE_5_ASSEMBLY1,29713.42875231904,22.787449732175446,2,29.301622003858938,29.301622003858938,62.63690610171034,19,29684.12713031518,29776.06565842075,experiment,FIFO,0.28,0,variant_6
8436,ASSEMBLY_2_2,ASSEMBLY2_LINE_2,29752.869913491813,12.826690947953466,3,39.44116117277372,68.74278317663266,23.19574492893662,13,29684.12713031518,29776.06565842075,experiment,FIFO,0.28,0,variant_6
8436,SORTING,SORTING_ROBOT_1,29754.913746749786,2.0438332579724374,4,2.0438332579724374,70.7866164346051,21.151911670964182,12,29684.12713031518,29776.06565842075,experiment,FIFO,0.28,0,variant_6
8436,PACKAGING_2,PACKAGING_LINE_2,29767.73544062137,12.821693871585012,5,12.821693871585012,83.6083103061901,8.33021779937917,9,29684.12713031518,29776.06565842075,experiment,FIFO,0.28,0,variant_6
8436,INSPECTION_2_1,INSPECTION_2_1_LINE,29772.45412133828,4.718680716909148,6,4.718680716909148,88.32699102309925,3.611537082470022,8,29684.12713031518,29776.06565842075,experiment,FIFO,0.28,0,variant_6
8436,INSPECTION_2_2,INSPECTION_2_2_LINE,29772.653456189844,0.19933485156434472,7,0.19933485156434472,88.5263258746636,3.4122022309056774,8,29684.12713031518,29776.06565842075,experiment,FIFO,0.28,0,variant_6
8436,INSPECTION_2_3,INSPECTION_2_3_LINE,29773.36659051408,0.7131343242363073,8,0.7131343242363073,89.2394601988999,2.69906790666937,8,29684.12713031518,29776.06565842075,experiment,FIFO,0.28,0,variant_6
8436,INSPECTION_2_4,INSPECTION_2_4_LINE,29773.48069225808,0.11410174399861717,9,0.11410174399861717,89.35356194289852,2.584966162670753,8,29684.12713031518,29776.06565842075,experiment,FIFO,0.28,0,variant_6
8436,INSPECTION_2_5,INSPECTION_2_5_LINE,29774.98866848146,1.5079762233799556,10,1.5079762233799556,90.86153816627848,1.0769899392907973,8,29684.12713031518,29776.06565842075,experiment,FIFO,0.28,0,variant_6
8436,INSPECTION_2_6,INSPECTION_2_6_LINE,29775.888155371274,0.8994868898153072,11,0.8994868898153072,91.76102505609379,0.17750304947549012,8,29684.12713031518,29776.06565842075,experiment,FIFO,0.28,0,variant_6
8436,INSPECTION_2_7,INSPECTION_2_7_LINE,29776.06565842075,0.17750304947549012,12,0.17750304947549012,91.93852810556928,0.0,7,29684.12713031518,29776.06565842075,experiment,FIFO,0.28,0,variant_6
8437,MOULDING_3,MOULDING_MACHINE_3,29688.762732727457,4.635602412276057,1,0.0,0.0,49.42319670388679,16,29688.762732727457,29738.185929431344,experiment,FIFO,0.28,0,variant_3
8437,ASSEMBLY_1_2,LINE_2_ASSEMBLY1,29691.060995261032,2.2982625335753255,2,2.2982625335753255,2.2982625335753255,47.12493417031146,17,29688.762732727457,29738.185929431344,experiment,FIFO,0.28,0,variant_3
8437,ASSEMBLY_2_1,ASSEMBLY2_LINE_1,29717.818183141782,4.242217848950531,3,26.75718788075028,29.055450414325605,20.367746289561182,19,29688.762732727457,29738.185929431344,experiment,FIFO,0.28,0,variant_3
8437,SORTING,SORTING_ROBOT_1,29730.39904840589,10.154524755540479,4,12.58086526410625,41.636315678431856,7.786881025454932,21,29688.762732727457,29738.185929431344,experiment,FIFO,0.28,0,variant_3
8437,PACKAGING_3,PACKAGING_LINE_3,29730.98138956831,0.49427426138936426,5,0.5823411624223809,42.21865684085424,7.204539863032551,21,29688.762732727457,29738.185929431344,experiment,FIFO,0.28,0,variant_3
8437,INSPECTION_1_1,INSPECTION_1_1_LINE,29732.82126619048,1.8398766221689584,6,1.8398766221689584,44.058533463023196,5.364663240863592,21,29688.762732727457,29738.185929431344,experiment,FIFO,0.28,0,variant_3
8437,INSPECTION_1_2,INSPECTION_1_2_LINE,29732.916246548324,0.0949803578441788,7,0.0949803578441788,44.153513820867374,5.269682883019414,21,29688.762732727457,29738.185929431344,experiment,FIFO,0.28,0,variant_3
8437,INSPECTION_1_3,INSPECTION_1_3_LINE,29735.72179807745,2.805551529127115,8,2.805551529127115,46.95906534999449,2.4641313538922986,20,29688.762732727457,29738.185929431344,experiment,FIFO,0.28,0,variant_3
8437,INSPECTION_1_4,INSPECTION_1_4_LINE,29736.825170475546,1.103372398094507,9,1.103372398094507,48.062437748088996,1.3607589557977917,20,29688.762732727457,29738.185929431344,experiment,FIFO,0.28,0,variant_3
8437,INSPECTION_1_5,INSPECTION_1_5_LINE,29736.862846121203,0.03767564565714565,10,0.03767564565714565,48.10011339374614,1.323083310140646,20,29688.762732727457,29738.185929431344,experiment,FIFO,0.28,0,variant_3
8437,INSPECTION_1_6,INSPECTION_1_6_LINE,29737.897146046656,1.0342999254535243,11,1.0342999254535243,49.134413319199666,0.2887833846871217,19,29688.762732727457,29738.185929431344,experiment,FIFO,0.28,0,variant_3
8437,INSPECTION_1_7,INSPECTION_1_7_LINE,29738.185929431344,0.2887833846871217,12,0.2887833846871217,49.42319670388679,0.0,17,29688.762732727457,29738.185929431344,experiment,FIFO,0.28,0,variant_3
8438,MOULDING_2,MOULDING_MACHINE_2,29688.138690413743,3.185266732416494,1,0.0,0.0,65.78312388827908,15,29688.138690413743,29753.921814302023,experiment,FIFO,0.28,0,variant_2
8438,ASSEMBLY_1_1,LINE_1_ASSEMBLY1,29702.715800196584,14.577109782840125,2,14.577109782840125,14.577109782840125,51.20601410543895,18,29688.138690413743,29753.921814302023,experiment,FIFO,0.28,0,variant_2
8438,ASSEMBLY_2_1,ASSEMBLY2_LINE_1,29726.38235255204,2.0168522230669623,3,23.66655235545477,38.243662138294894,27.539461749984184,21,29688.138690413743,29753.921814302023,experiment,FIFO,0.28,0,variant_2
8438,SORTING,SORTING_ROBOT_1,29734.158239775017,1.3744762254864327,4,7.775887222978781,46.019549361273675,19.763574527005403,20,29688.138690413743,29753.921814302023,experiment,FIFO,0.28,0,variant_2
8438,PACKAGING_1,PACKAGING_LINE_1,29744.86766974712,10.709429972102953,5,10.709429972102953,56.72897933337663,9.05414455490245,15,29688.138690413743,29753.921814302023,experiment,FIFO,0.28,0,variant_2
8438,INSPECTION_1_1,INSPECTION_1_1_LINE,29745.94120194712,1.0735322000000451,6,1.0735322000000451,57.80251153337667,7.980612354902405,14,29688.138690413743,29753.921814302023,experiment,FIFO,0.28,0,variant_2
8438,INSPECTION_1_2,INSPECTION_1_2_LINE,29746.639152327905,0.697950380785187,7,0.697950380785187,58.50046191416186,7.282661974117218,13,29688.138690413743,29753.921814302023,experiment,FIFO,0.28,0,variant_2
8438,INSPECTION_1_3,INSPECTION_1_3_LINE,29746.97015273839,0.3310004104860127,8,0.3310004104860127,58.83146232464787,6.951661563631205,13,29688.138690413743,29753.921814302023,experiment,FIFO,0.28,0,variant_2
8438,INSPECTION_1_4,INSPECTION_1_4_LINE,29748.21708687793,1.2469341395371885,9,1.2469341395371885,60.07839646418506,5.704727424094017,13,29688.138690413743,29753.921814302023,experiment,FIFO,0.28,0,variant_2
8438,INSPECTION_1_5,INSPECTION_1_5_LINE,29748.85338461517,0.6362977372409659,10,0.6362977372409659,60.71469420142603,5.068429686853051,13,29688.138690413743,29753.921814302023,experiment,FIFO,0.28,0,variant_2
8438,INSPECTION_1_6,INSPECTION_1_6_LINE,29750.33476122769,1.4813766125189431,11,1.4813766125189431,62.19607081394497,3.587053074334108,13,29688.138690413743,29753.921814302023,experiment,FIFO,0.28,0,variant_2
8438,INSPECTION_1_7,INSPECTION_1_7_LINE,29753.921814302023,3.587053074334108,12,3.587053074334108,65.78312388827908,0.0,12,29688.138690413743,29753.921814302023,experiment,FIFO,0.28,0,variant_2
8439,MOULDING_3,MOULDING_MACHINE_3,29698.983449383068,10.220716655610886,1,0.0,0.0,63.92507027453394,18,29698.983449383068,29762.9085196576,experiment,FIFO,0.28,0,variant_2
8439,ASSEMBLY_1_3,LINE_3_ASSEMBLY1,29699.730635761865,0.7471863787977782,2,0.7471863787977782,0.7471863787977782,63.17788389573616,18,29698.983449383068,29762.9085196576,experiment,FIFO,0.28,0,variant_2
8439,ASSEMBLY_2_2,ASSEMBLY2_LINE_2,29735.946728986248,10.445986665166856,3,36.21609322438235,36.963279603180126,26.96179067135381,20,29698.983449383068,29762.9085196576,experiment,FIFO,0.28,0,variant_2
8439,SORTING,SORTING_ROBOT_1,29737.32261711285,1.3029607868011226,4,1.375888126603968,38.339167729784094,25.585902544749842,19,29698.983449383068,29762.9085196576,experiment,FIFO,0.28,0,variant_2
8439,PACKAGING_1,PACKAGING_LINE_1,29754.07607820176,4.156957133389369,5,16.753461088908807,55.0926288186929,8.832441455841035,12,29698.983449383068,29762.9085196576,experiment,FIFO,0.28,0,variant_2
8439,INSPECTION_2_1,INSPECTION_2_1_LINE,29755.178866730934,1.1027885291732673,6,1.1027885291732673,56.19541734786617,7.729652926667768,12,29698.983449383068,29762.9085196576,experiment,FIFO,0.28,0,variant_2
8439,INSPECTION_2_2,INSPECTION_2_2_LINE,29758.34887791557,3.170011184636678,7,3.170011184636678,59.36542853250285,4.55964174203109,11,29698.983449383068,29762.9085196576,experiment,FIFO,0.28,0,variant_2
8439,INSPECTION_2_3,INSPECTION_2_3_LINE,29759.27997732537,0.9310994097977527,8,0.9310994097977527,60.2965279423006,3.628542332233337,11,29698.983449383068,29762.9085196576,experiment,FIFO,0.28,0,variant_2
8439,INSPECTION_2_4,INSPECTION_2_4_LINE,29759.682090645165,0.40211331979662646,9,0.40211331979662646,60.698641262097226,3.2264290124367108,11,29698.983449383068,29762.9085196576,experiment,FIFO,0.28,0,variant_2
8439,INSPECTION_2_5,INSPECTION_2_5_LINE,29760.5987605132,0.9166698680346599,10,0.9166698680346599,61.615311130131886,2.309759144402051,11,29698.983449383068,29762.9085196576,experiment,FIFO,0.28,0,variant_2
8439,INSPECTION_2_6,INSPECTION_2_6_LINE,29760.81327575317,0.21451523997166078,11,0.21451523997166078,61.82982637010355,2.09524390443039,11,29698.983449383068,29762.9085196576,experiment,FIFO,0.28,0,variant_2
8439,INSPECTION_2_7,INSPECTION_2_7_LINE,29762.9085196576,1.3183082049581571,12,2.09524390443039,63.92507027453394,0.0,9,29698.983449383068,29762.9085196576,experiment,FIFO,0.28,0,variant_2
8440,MOULDING_3,MOULDING_MACHINE_3,29700.48246352816,1.4990141450907686,1,0.0,0.0,91.02586627864002,19,29700.48246352816,29791.5083298068,experiment,FIFO,0.28,0,variant_6
8440,ASSEMBLY_1_3,LINE_3_ASSEMBLY1,29721.627940423223,21.14547689506435,2,21.14547689506435,21.14547689506435,69.88038938357568,20,29700.48246352816,29791.5083298068,experiment,FIFO,0.28,0,variant_6
8440,ASSEMBLY_2_2,ASSEMBLY2_LINE_2,29762.657122645807,0.06999635967440554,3,41.029182222584495,62.174659117648844,28.85120716099118,10,29700.48246352816,29791.5083298068,experiment,FIFO,0.28,0,variant_6
8440,SORTING,SORTING_ROBOT_1,29773.973717814155,7.998801949430344,4,11.316595168347703,73.49125428599655,17.534611992643477,8,29700.48246352816,29791.5083298068,experiment,FIFO,0.28,0,variant_6
8440,PACKAGING_2,PACKAGING_LINE_2,29778.3723389654,2.315169551955478,5,4.398621151245607,77.88987543724215,13.13599084139787,7,29700.48246352816,29791.5083298068,experiment,FIFO,0.28,0,variant_6
8440,INSPECTION_1_1,INSPECTION_1_1_LINE,29782.85532772109,3.8167042991954077,6,4.482988755687984,82.37286419293014,8.653002085709886,8,29700.48246352816,29791.5083298068,experiment,FIFO,0.28,0,variant_6
8440,INSPECTION_1_2,INSPECTION_1_2_LINE,29783.64320947577,0.7878817546807113,7,0.7878817546807113,83.16074594761085,7.865120331029175,8,29700.48246352816,29791.5083298068,experiment,FIFO,0.28,0,variant_6
8440,INSPECTION_1_3,INSPECTION_1_3_LINE,29786.204471475816,2.561262000046554,8,2.561262000046554,85.7220079476574,5.303858330982621,7,29700.48246352816,29791.5083298068,experiment,FIFO,0.28,0,variant_6
8440,INSPECTION_1_4,INSPECTION_1_4_LINE,29789.164208942984,2.959737467168452,9,2.959737467168452,88.68174541482585,2.344120863814169,8,29700.48246352816,29791.5083298068,experiment,FIFO,0.28,0,variant_6
8440,INSPECTION_1_5,INSPECTION_1_5_LINE,29789.833782629205,0.6695736862202466,10,0.6695736862202466,89.3513191010461,1.6745471775939222,8,29700.48246352816,29791.5083298068,experiment,FIFO,0.28,0,variant_6
8440,INSPECTION_1_6,INSPECTION_1_6_LINE,29790.90304545273,1.0692628235265147,11,1.0692628235265147,90.42058192457262,0.6052843540674075,8,29700.48246352816,29791.5083298068,experiment,FIFO,0.28,0,variant_6
8440,INSPECTION_1_7,INSPECTION_1_7_LINE,29791.5083298068,0.6052843540674075,12,0.6052843540674075,91.02586627864002,0.0,7,29700.48246352816,29791.5083298068,experiment,FIFO,0.28,0,variant_6
8441,MOULDING_2,MOULDING_MACHINE_2,29697.029126519206,1.5115561239763338,1,0.0,0.0,48.20744010087219,17,29697.029126519206,29745.23656662008,experiment,FIFO,0.28,0,variant_3
8441,ASSEMBLY_1_2,LINE_2_ASSEMBLY1,29699.00110717117,1.9719806519642589,2,1.9719806519642589,1.9719806519642589,46.23545944890793,18,29697.029126519206,29745.23656662008,experiment,FIFO,0.28,0,variant_3
8441,ASSEMBLY_2_1,ASSEMBLY2_LINE_1,29724.36550032897,0.35182974472263595,3,25.364393157800805,27.336373809765064,20.871066291107127,22,29697.029126519206,29745.23656662008,experiment,FIFO,0.28,0,variant_3
8441,SORTING,SORTING_ROBOT_1,29732.71675080052,1.9587432285479736,4,8.351250471547246,35.68762428131231,12.51981581955988,21,29697.029126519206,29745.23656662008,experiment,FIFO,0.28,0,variant_3
8441,PACKAGING_3,PACKAGING_LINE_3,29733.14048499828,0.4237341977604956,5,0.4237341977604956,36.111358479072805,12.096081621799385,21,29697.029126519206,29745.23656662008,experiment,FIFO,0.28,0,variant_3
8441,INSPECTION_1_1,INSPECTION_1_1_LINE,29734.275244823944,1.1347598256652418,6,1.1347598256652418,37.24611830473805,10.961321796134143,20,29697.029126519206,29745.23656662008,experiment,FIFO,0.28,0,variant_3
8441,INSPECTION_1_2,INSPECTION_1_2_LINE,29735.47723091632,1.2019860923755914,7,1.2019860923755914,38.44810439711364,9.759335703758552,20,29697.029126519206,29745.23656662008,experiment,FIFO,0.28,0,variant_3
8441,INSPECTION_1_3,INSPECTION_1_3_LINE,29737.595481273824,1.8736831963724399,8,2.1182503575037117,40.56635475461735,7.64108534625484,19,29697.029126519206,29745.23656662008,experiment,FIFO,0.28,0,variant_3
8441,INSPECTION_1_4,INSPECTION_1_4_LINE,29737.807279090903,0.21179781707905931,9,0.21179781707905931,40.77815257169641,7.429287529175781,19,29697.029126519206,29745.23656662008,experiment,FIFO,0.28,0,variant_3
8441,INSPECTION_1_5,INSPECTION_1_5_LINE,29741.16770613918,3.3604270482755965,10,3.3604270482755965,44.138579619972006,4.0688604809001845,16,29697.029126519206,29745.23656662008,experiment,FIFO,0.28,0,variant_3
8441,INSPECTION_1_6,INSPECTION_1_6_LINE,29744.710139787552,3.5424336483738443,11,3.5424336483738443,47.68101326834585,0.5264268325263401,15,29697.029126519206,29745.23656662008,experiment,FIFO,0.28,0,variant_3
8441,INSPECTION_1_7,INSPECTION_1_7_LINE,29745.23656662008,0.5264268325263401,12,0.5264268325263401,48.20744010087219,0.0,14,29697.029126519206,29745.23656662008,experiment,FIFO,0.28,0,variant_3
8442,MOULDING_4,MOULDING_MACHINE_4,29703.31960188732,0.17016157543912414,1,0.0,0.0,67.54501195090779,19,29703.31960188732,29770.86461383823,experiment,FIFO,0.28,0,variant_6
8442,ASSEMBLY_1_1,LINE_1_ASSEMBLY1,29734.75490415818,28.155615065887105,2,31.43530227086012,31.43530227086012,36.10970968004767,20,29703.31960188732,29770.86461383823,experiment,FIFO,0.28,0,variant_6
8442,ASSEMBLY_2_1,ASSEMBLY2_LINE_1,29753.213140535823,4.451455742782855,3,18.458236377642606,49.89353864850273,17.651473302405066,13,29703.31960188732,29770.86461383823,experiment,FIFO,0.28,0,variant_6
8442,SORTING,SORTING_ROBOT_1,29755.02232193592,0.10857518613556749,4,1.8091814000981685,51.702720048600895,15.842291902306897,12,29703.31960188732,29770.86461383823,experiment,FIFO,0.28,0,variant_6
8442,PACKAGING_1,PACKAGING_LINE_1,29764.13941482409,9.117092888169282,5,9.117092888169282,60.81981293677018,6.7251990141376154,9,29703.31960188732,29770.86461383823,experiment,FIFO,0.28,0,variant_6
8442,INSPECTION_1_1,INSPECTION_1_1_LINE,29765.16587031141,1.0264554873210727,6,1.0264554873210727,61.84626842409125,5.698743526816543,9,29703.31960188732,29770.86461383823,experiment,FIFO,0.28,0,variant_6
8442,INSPECTION_1_2,INSPECTION_1_2_LINE,29766.090188727103,0.9243184156912321,7,0.9243184156912321,62.77058683978248,4.774425111125311,9,29703.31960188732,29770.86461383823,experiment,FIFO,0.28,0,variant_6
8442,INSPECTION_1_3,INSPECTION_1_3_LINE,29769.0386328732,2.948444146095426,8,2.948444146095426,65.71903098587791,1.8259809650298848,9,29703.31960188732,29770.86461383823,experiment,FIFO,0.28,0,variant_6
8442,INSPECTION_1_4,INSPECTION_1_4_LINE,29770.47132333977,1.4326904665722395,9,1.4326904665722395,67.15172145245015,0.3932904984576453,9,29703.31960188732,29770.86461383823,experiment,FIFO,0.28,0,variant_6
8442,INSPECTION_1_5,INSPECTION_1_5_LINE,29770.65136060166,0.1800372618890833,10,0.1800372618890833,67.33175871433923,0.213253236568562,9,29703.31960188732,29770.86461383823,experiment,FIFO,0.28,0,variant_6
8442,INSPECTION_1_6,INSPECTION_1_6_LINE,29770.815405662543,0.16404506088292692,11,0.16404506088292692,67.49580377522216,0.04920817568563507,9,29703.31960188732,29770.86461383823,experiment,FIFO,0.28,0,variant_6
8442,INSPECTION_1_7,INSPECTION_1_7_LINE,29770.86461383823,0.04920817568563507,12,0.04920817568563507,67.54501195090779,0.0,8,29703.31960188732,29770.86461383823,experiment,FIFO,0.28,0,variant_6
8443,MOULDING_5,MOULDING_MACHINE_5,29706.95981120301,2.3525326905801194,1,0.0,0.0,101.06279934225313,20,29706.95981120301,29808.022610545264,experiment,FIFO,0.28,0,variant_3
8443,ASSEMBLY_1_3,LINE_3_ASSEMBLY1,29723.60555320597,1.9776127827462915,2,16.645742002958286,16.645742002958286,84.41705733929484,22,29706.95981120301,29808.022610545264,experiment,FIFO,0.28,0,variant_3
8443,ASSEMBLY_2_2,ASSEMBLY2_LINE_2,29765.19826679147,2.5411441456635657,3,41.59271358550177,58.238455588460056,42.82434375379307,9,29706.95981120301,29808.022610545264,experiment,FIFO,0.28,0,variant_3
8443,SORTING,SORTING_ROBOT_1,29781.77190948953,7.798191675374255,4,16.573642698058393,74.81209828651845,26.25070105573468,8,29706.95981120301,29808.022610545264,experiment,FIFO,0.28,0,variant_3
8443,PACKAGING_3,PACKAGING_LINE_3,29793.57235775511,11.800448265581508,5,11.800448265581508,86.61254655209996,14.450252790153172,7,29706.95981120301,29808.022610545264,experiment,FIFO,0.28,0,variant_3
8443,PACKAGING_3,PACKAGING_LINE_3,29799.348713759675,4.757840809073969,6,5.77635600456415,92.3889025566641,8.673896785589022,7,29706.95981120301,29808.022610545264,experiment,FIFO,0.28,0,variant_3
8443,INSPECTION_2_1,INSPECTION_2_1_LINE,29799.68461065452,0.3358968948450638,7,0.3358968948450638,92.72479945150917,8.337999890743959,7,29706.95981120301,29808.022610545264,experiment,FIFO,0.28,0,variant_3
8443,INSPECTION_2_2,INSPECTION_2_2_LINE,29800.836296894147,0.842010011383536,8,1.1516862396274519,93.87648569113662,7.186313651116507,7,29706.95981120301,29808.022610545264,experiment,FIFO,0.28,0,variant_3
8443,INSPECTION_2_3,INSPECTION_2_3_LINE,29802.09112213756,1.1054004399520636,9,1.2548252434135065,95.13131093455013,5.931488407703,7,29706.95981120301,29808.022610545264,experiment,FIFO,0.28,0,variant_3
8443,INSPECTION_2_4,INSPECTION_2_4_LINE,29802.436553141924,0.3454310043634905,10,0.3454310043634905,95.47674193891362,5.58605740333951,7,29706.95981120301,29808.022610545264,experiment,FIFO,0.28,0,variant_3
8443,INSPECTION_2_5,INSPECTION_2_5_LINE,29804.02197696989,1.585423827964405,11,1.585423827964405,97.06216576687802,4.0006335753751046,7,29706.95981120301,29808.022610545264,experiment,FIFO,0.28,0,variant_3
8443,INSPECTION_2_6,INSPECTION_2_6_LINE,29806.40010775908,2.3781307891913457,12,2.3781307891913457,99.44029655606937,1.6225027861837589,6,29706.95981120301,29808.022610545264,experiment,FIFO,0.28,0,variant_3
8443,INSPECTION_2_7,INSPECTION_2_7_LINE,29808.022610545264,1.6225027861837589,13,1.6225027861837589,101.06279934225313,0.0,5,29706.95981120301,29808.022610545264,experiment,FIFO,0.28,0,variant_3
8444,MOULDING_1,MOULDING_MACHINE_1,29708.17719396421,1.2520693217265944,1,0.0,0.0,53.41301748843398,21,29708.17719396421,29761.590211452643,experiment,FIFO,0.28,0,variant_2
8444,ASSEMBLY_1_5,LINE_5_ASSEMBLY1,29716.850953150708,2.434082088748255,2,8.6737591864985,8.6737591864985,44.73925830193548,19,29708.17719396421,29761.590211452643,experiment,FIFO,0.28,0,variant_2
8444,ASSEMBLY_2_1,ASSEMBLY2_LINE_1,29732.14024010613,5.757887554093031,3,15.28928695542345,23.96304614192195,29.44997134651203,21,29708.17719396421,29761.590211452643,experiment,FIFO,0.28,0,variant_2
8444,SORTING,SORTING_ROBOT_1,29736.01965632605,1.8614165510334715,4,3.8794162199192215,27.84246236184117,25.570555126592808,20,29708.17719396421,29761.590211452643,experiment,FIFO,0.28,0,variant_2
8444,PACKAGING_1,PACKAGING_LINE_1,29749.91912106837,5.051451321251079,5,13.89946474232056,41.74192710416173,11.671090384272247,13,29708.17719396421,29761.590211452643,experiment,FIFO,0.28,0,variant_2
8444,INSPECTION_2_1,INSPECTION_2_1_LINE,29751.493702712243,1.5745816438720794,6,1.5745816438720794,43.31650874803381,10.096508740400168,13,29708.17719396421,29761.590211452643,experiment,FIFO,0.28,0,variant_2
8444,INSPECTION_2_2,INSPECTION_2_2_LINE,29753.476987287675,1.9832845754317532,7,1.9832845754317532,45.299793323465565,8.113224164968415,13,29708.17719396421,29761.590211452643,experiment,FIFO,0.28,0,variant_2
8444,INSPECTION_2_3,INSPECTION_2_3_LINE,29753.64116896747,0.1641816797964566,8,0.1641816797964566,45.46397500326202,7.949042485171958,13,29708.17719396421,29761.590211452643,experiment,FIFO,0.28,0,variant_2
8444,INSPECTION_2_4,INSPECTION_2_4_LINE,29754.004807051017,0.36363808354508365,9,0.36363808354508365,45.827613086807105,7.5854044016268745,12,29708.17719396421,29761.590211452643,experiment,FIFO,0.28,0,variant_2
8444,INSPECTION_2_5,INSPECTION_2_5_LINE,29756.138444321023,2.1336372700061474,10,2.1336372700061474,47.96125035681325,5.451767131620727,12,29708.17719396421,29761.590211452643,experiment,FIFO,0.28,0,variant_2
8444,INSPECTION_2_6,INSPECTION_2_6_LINE,29757.192204337924,0.5529554413624282,11,1.0537600169009238,49.015010373714176,4.398007114719803,11,29708.17719396421,29761.590211452643,experiment,FIFO,0.28,0,variant_2
8444,INSPECTION_2_6,INSPECTION_2_6_LINE,29757.19835600097,0.006151663044875022,12,0.006151663044875022,49.02116203675905,4.391855451674928,11,29708.17719396421,29761.590211452643,experiment,FIFO,0.28,0,variant_2
8444,INSPECTION_2_7,INSPECTION_2_7_LINE,29761.590211452643,4.391855451674928,13,4.391855451674928,53.41301748843398,0.0,10,29708.17719396421,29761.590211452643,experiment,FIFO,0.28,0,variant_2
8445,MOULDING_5,MOULDING_MACHINE_5,29718.423728775106,8.312275509775645,1,0.0,0.0,48.182742225486436,20,29718.423728775106,29766.606471000592,experiment,FIFO,0.28,0,variant_2
8445,ASSEMBLY_1_3,LINE_3_ASSEMBLY1,29724.47648352005,0.8709303140822158,2,6.05275474494556,6.05275474494556,42.129987480540876,22,29718.423728775106,29766.606471000592,experiment,FIFO,0.28,0,variant_2
8445,ASSEMBLY_2_1,ASSEMBLY2_LINE_1,29748.76168479304,16.621444686908944,3,24.28520127298907,30.33795601793463,17.844786207551806,13,29718.423728775106,29766.606471000592,experiment,FIFO,0.28,0,variant_2
8445,SORTING,SORTING_ROBOT_1,29749.568151844484,0.8064670514431782,4,0.8064670514431782,31.144423069377808,17.038319156108628,13,29718.423728775106,29766.606471000592,experiment,FIFO,0.28,0,variant_2
8445,PACKAGING_3,PACKAGING_LINE_3,29760.07681366219,10.508661817704706,5,10.508661817704706,41.653084887082514,6.529657338403922,11,29718.423728775106,29766.606471000592,experiment,FIFO,0.28,0,variant_2
8445,INSPECTION_2_1,INSPECTION_2_1_LINE,29761.102832886994,1.0260192248060775,6,1.0260192248060775,42.67910411188859,5.5036381135978445,11,29718.423728775106,29766.606471000592,experiment,FIFO,0.28,0,variant_2
8445,INSPECTION_2_2,INSPECTION_2_2_LINE,29762.19591782571,1.0930849387150374,7,1.0930849387150374,43.77218905060363,4.410553174882807,10,29718.423728775106,29766.606471000592,experiment,FIFO,0.28,0,variant_2
8445,INSPECTION_2_3,INSPECTION_2_3_LINE,29762.45725401341,0.26133618770109024,8,0.26133618770109024,44.03352523830472,4.149216987181717,10,29718.423728775106,29766.606471000592,experiment,FIFO,0.28,0,variant_2
8445,INSPECTION_2_4,INSPECTION_2_4_LINE,29763.727072560418,1.2698185470071621,9,1.2698185470071621,45.30334378531188,2.8793984401745547,9,29718.423728775106,29766.606471000592,experiment,FIFO,0.28,0,variant_2
8445,INSPECTION_2_5,INSPECTION_2_5_LINE,29765.44287592536,1.7158033649429854,10,1.7158033649429854,47.01914715025487,1.1635950752315694,9,29718.423728775106,29766.606471000592,experiment,FIFO,0.28,0,variant_2
8445,INSPECTION_2_6,INSPECTION_2_6_LINE,29765.769951354087,0.32707542872594786,11,0.32707542872594786,47.346222578980814,0.8365196465056215,9,29718.423728775106,29766.606471000592,experiment,FIFO,0.28,0,variant_2
8445,INSPECTION_2_7,INSPECTION_2_7_LINE,29766.606471000592,0.8365196465056215,12,0.8365196465056215,48.182742225486436,0.0,8,29718.423728775106,29766.606471000592,experiment,FIFO,0.28,0,variant_2
8446,MOULDING_5,MOULDING_MACHINE_5,29721.8000208368,3.3762920616936754,1,0.0,0.0,77.3521234139589,21,29721.8000208368,29799.15214425076,experiment,FIFO,0.28,0,variant_5
8446,ASSEMBLY_1_1,LINE_1_ASSEMBLY1,29737.914571022528,3.1596668643469457,2,16.11455018572815,16.11455018572815,61.23757322823076,19,29721.8000208368,29799.15214425076,experiment,FIFO,0.28,0,variant_5
8446,ASSEMBLY_2_1,ASSEMBLY2_LINE_1,29777.699010354987,24.48586981916378,3,39.78443933245944,55.89898951818759,21.453133895771316,7,29721.8000208368,29799.15214425076,experiment,FIFO,0.28,0,variant_5
8446,SORTING,SORTING_ROBOT_1,29784.12951499581,2.357605506280379,4,6.430504640822619,62.32949415901021,15.022629254948697,8,29721.8000208368,29799.15214425076,experiment,FIFO,0.28,0,variant_5
8446,PACKAGING_3,PACKAGING_LINE_3,29794.5908729506,1.0185151954901812,5,10.46135795479131,72.79085211380152,4.561271300157387,7,29721.8000208368,29799.15214425076,experiment,FIFO,0.28,0,variant_5
8446,INSPECTION_1_1,INSPECTION_1_1_LINE,29796.311461811496,1.7205888608950772,6,1.7205888608950772,74.5114409746966,2.8406824392623093,7,29721.8000208368,29799.15214425076,experiment,FIFO,0.28,0,variant_5
8446,INSPECTION_1_2,INSPECTION_1_2_LINE,29797.020602115284,0.7091403037884447,7,0.7091403037884447,75.22058127848504,2.1315421354738646,7,29721.8000208368,29799.15214425076,experiment,FIFO,0.28,0,variant_5
8446,INSPECTION_1_3,INSPECTION_1_3_LINE,29797.254502664047,0.23390054876290378,8,0.23390054876290378,75.45448182724795,1.8976415867109608,7,29721.8000208368,29799.15214425076,experiment,FIFO,0.28,0,variant_5
8446,INSPECTION_1_4,INSPECTION_1_4_LINE,29797.67021707349,0.41571440944244387,9,0.41571440944244387,75.87019623669039,1.481927177268517,8,29721.8000208368,29799.15214425076,experiment,FIFO,0.28,0,variant_5
8446,INSPECTION_1_5,INSPECTION_1_5_LINE,29797.801023865413,0.13080679192353273,10,0.13080679192353273,76.00100302861392,1.3511203853449842,8,29721.8000208368,29799.15214425076,experiment,FIFO,0.28,0,variant_5
8446,INSPECTION_1_6,INSPECTION_1_6_LINE,29798.488643189496,0.6876193240823341,11,0.6876193240823341,76.68862235269626,0.6635010612626502,8,29721.8000208368,29799.15214425076,experiment,FIFO,0.28,0,variant_5
8446,INSPECTION_1_7,INSPECTION_1_7_LINE,29799.15214425076,0.6635010612626502,12,0.6635010612626502,77.3521234139589,0.0,7,29721.8000208368,29799.15214425076,experiment,FIFO,0.28,0,variant_5
8447,MOULDING_2,MOULDING_MACHINE_2,29721.2677580954,4.595394953532377,1,0.0,0.0,104.11147305135455,20,29721.2677580954,29825.379231146755,experiment,FIFO,0.28,0,variant_6
8447,ASSEMBLY_1_4,LINE_4_ASSEMBLY1,29746.14484935866,24.87709126326081,2,24.87709126326081,24.87709126326081,79.23438178809374,13,29721.2677580954,29825.379231146755,experiment,FIFO,0.28,0,variant_6
8447,ASSEMBLY_2_1,ASSEMBLY2_LINE_1,29803.919795478178,6.174454808289738,3,57.774946119516244,82.65203738277705,21.4594356685775,7,29721.2677580954,29825.379231146755,experiment,FIFO,0.28,0,variant_6
8447,SORTING,SORTING_ROBOT_1,29814.37829471397,10.45849923579226,4,10.45849923579226,93.11053661856931,11.000936432785238,6,29721.2677580954,29825.379231146755,experiment,FIFO,0.28,0,variant_6
8447,PACKAGING_3,PACKAGING_LINE_3,29816.87969643989,2.5014017259200045,5,2.5014017259200045,95.61193834448932,8.499534706865234,5,29721.2677580954,29825.379231146755,experiment,FIFO,0.28,0,variant_6
8447,INSPECTION_1_1,INSPECTION_1_1_LINE,29817.82186528875,0.9421688488619111,6,0.9421688488619111,96.55410719335123,7.5573658580033225,6,29721.2677580954,29825.379231146755,experiment,FIFO,0.28,0,variant_6
8447,INSPECTION_1_2,INSPECTION_1_2_LINE,29818.73311097953,0.9112456907787418,7,0.9112456907787418,97.46535288412997,6.646120167224581,6,29721.2677580954,29825.379231146755,experiment,FIFO,0.28,0,variant_6
8447,INSPECTION_1_3,INSPECTION_1_3_LINE,29819.44434761954,0.7112366400106112,8,0.7112366400106112,98.17658952414058,5.9348835272139695,6,29721.2677580954,29825.379231146755,experiment,FIFO,0.28,0,variant_6
8447,INSPECTION_1_4,INSPECTION_1_4_LINE,29820.018780774284,0.5744331547430193,9,0.5744331547430193,98.7510226788836,5.36045037247095,6,29721.2677580954,29825.379231146755,experiment,FIFO,0.28,0,variant_6
8447,INSPECTION_1_5,INSPECTION_1_5_LINE,29822.15695146628,2.1381706919964927,10,2.1381706919964927,100.8891933708801,3.2222796804744576,7,29721.2677580954,29825.379231146755,experiment,FIFO,0.28,0,variant_6
8447,INSPECTION_1_6,INSPECTION_1_6_LINE,29824.789569576817,2.6326181105359865,11,2.6326181105359865,103.52181148141608,0.5896615699384711,8,29721.2677580954,29825.379231146755,experiment,FIFO,0.28,0,variant_6
8447,INSPECTION_1_7,INSPECTION_1_7_LINE,29825.379231146755,0.5896615699384711,12,0.5896615699384711,104.11147305135455,0.0,7,29721.2677580954,29825.379231146755,experiment,FIFO,0.28,0,variant_6
8448,MOULDING_4,MOULDING_MACHINE_4,29723.15766137556,6.065240455489402,1,0.0,0.0,93.17158503955943,22,29723.15766137556,29816.32924641512,experiment,FIFO,0.28,0,variant_1
8448,ASSEMBLY_1_1,LINE_1_ASSEMBLY1,29740.221827016165,2.307255993637227,2,17.064165640604188,17.064165640604188,76.10741939895524,17,29723.15766137556,29816.32924641512,experiment,FIFO,0.28,0,variant_1
8448,ASSEMBLY_2_1,ASSEMBLY2_LINE_1,29797.745340669888,20.046330314900842,3,57.52351365372306,74.58767929432724,18.583905745232187,8,29723.15766137556,29816.32924641512,experiment,FIFO,0.28,0,variant_1
8448,SORTING,SORTING_ROBOT_1,29799.11279080851,1.3674501386230986,4,1.3674501386230986,75.95512943295034,17.216455606609088,8,29723.15766137556,29816.32924641512,experiment,FIFO,0.28,0,variant_1
8448,PACKAGING_1,PACKAGING_LINE_1,29805.299722365293,6.1869315567819285,5,6.1869315567819285,82.14206098973227,11.02952404982716,6,29723.15766137556,29816.32924641512,experiment,FIFO,0.28,0,variant_1
8448,INSPECTION_1_1,INSPECTION_1_1_LINE,29808.40482551649,3.10510315119609,6,3.10510315119609,85.24716414092836,7.92442089863107,5,29723.15766137556,29816.32924641512,experiment,FIFO,0.28,0,variant_1
8448,INSPECTION_1_2,INSPECTION_1_2_LINE,29813.248269980104,4.843444463615015,7,4.843444463615015,90.09060860454338,3.080976435016055,6,29723.15766137556,29816.32924641512,experiment,FIFO,0.28,0,variant_1
8448,INSPECTION_1_3,INSPECTION_1_3_LINE,29814.01403799749,0.7657680173870176,8,0.7657680173870176,90.8563766219304,2.3152084176290373,6,29723.15766137556,29816.32924641512,experiment,FIFO,0.28,0,variant_1
8448,INSPECTION_1_4,INSPECTION_1_4_LINE,29814.37916953829,0.36513154079875676,9,0.36513154079875676,91.22150816272915,1.9500768768302805,6,29723.15766137556,29816.32924641512,experiment,FIFO,0.28,0,variant_1
8448,INSPECTION_1_5,INSPECTION_1_5_LINE,29814.63005827636,0.2508887380718079,10,0.2508887380718079,91.47239690080096,1.6991881387584726,6,29723.15766137556,29816.32924641512,experiment,FIFO,0.28,0,variant_1
8448,INSPECTION_1_6,INSPECTION_1_6_LINE,29814.84796717708,0.21790890071861213,11,0.21790890071861213,91.69030580151957,1.4812792380398605,6,29723.15766137556,29816.32924641512,experiment,FIFO,0.28,0,variant_1
8448,INSPECTION_1_7,INSPECTION_1_7_LINE,29816.32924641512,1.4812792380398605,12,1.4812792380398605,93.17158503955943,0.0,5,29723.15766137556,29816.32924641512,experiment,FIFO,0.28,0,variant_1
8449,MOULDING_4,MOULDING_MACHINE_4,29766.700176522605,2.183825117186643,1,0.0,0.0,38.47745327764642,9,29766.700176522605,29805.17762980025,experiment,FIFO,0.28,0,variant_3
8449,ASSEMBLY_1_1,LINE_1_ASSEMBLY1,29773.01277948076,6.312602958154457,2,6.312602958154457,6.312602958154457,32.16485031949196,8,29766.700176522605,29805.17762980025,experiment,FIFO,0.28,0,variant_3
8449,ASSEMBLY_2_2,ASSEMBLY2_LINE_2,29782.31034941117,9.297569930411555,3,9.297569930411555,15.610172888566012,22.867280389080406,8,29766.700176522605,29805.17762980025,experiment,FIFO,0.28,0,variant_3
8449,ASSEMBLY_2_2,ASSEMBLY2_LINE_2,29791.271636035297,8.961286624125933,4,8.961286624125933,24.571459512691945,13.905993764954474,8,29766.700176522605,29805.17762980025,experiment,FIFO,0.28,0,variant_3
8449,SORTING,SORTING_ROBOT_1,29795.843841148468,4.572205113170639,5,4.572205113170639,29.143664625862584,9.333788651783834,7,29766.700176522605,29805.17762980025,experiment,FIFO,0.28,0,variant_3
8449,PACKAGING_2,PACKAGING_LINE_2,29797.37377433396,1.5299331854912452,6,1.5299331854912452,30.67359781135383,7.803855466292589,7,29766.700176522605,29805.17762980025,experiment,FIFO,0.28,0,variant_3
8449,INSPECTION_2_1,INSPECTION_2_1_LINE,29799.04235812526,1.668583791302808,7,1.668583791302808,32.34218160265664,6.135271674989781,8,29766.700176522605,29805.17762980025,experiment,FIFO,0.28,0,variant_3
8449,INSPECTION_2_2,INSPECTION_2_2_LINE,29799.994286882764,0.9519287575021735,8,0.9519287575021735,33.29411036015881,5.183342917487607,7,29766.700176522605,29805.17762980025,experiment,FIFO,0.28,0,variant_3
8449,INSPECTION_2_3,INSPECTION_2_3_LINE,29800.98572169761,0.991434814844979,9,0.991434814844979,34.28554517500379,4.191908102642628,7,29766.700176522605,29805.17762980025,experiment,FIFO,0.28,0,variant_3
8449,INSPECTION_2_4,INSPECTION_2_4_LINE,29801.188517271832,0.20279557422327343,10,0.20279557422327343,34.48834074922706,3.989112528419355,7,29766.700176522605,29805.17762980025,experiment,FIFO,0.28,0,variant_3
8449,INSPECTION_2_5,INSPECTION_2_5_LINE,29801.82685896545,0.6383416936187132,11,0.6383416936187132,35.12668244284578,3.3507708348006418,7,29766.700176522605,29805.17762980025,experiment,FIFO,0.28,0,variant_3
8449,INSPECTION_2_6,INSPECTION_2_6_LINE,29802.733477956182,0.9066189907316584,12,0.9066189907316584,36.033301433577435,2.4441518440689833,7,29766.700176522605,29805.17762980025,experiment,FIFO,0.28,0,variant_3
8449,INSPECTION_2_7,INSPECTION_2_7_LINE,29805.17762980025,2.4441518440689833,13,2.4441518440689833,38.47745327764642,0.0,6,29766.700176522605,29805.17762980025,experiment,FIFO,0.28,0,variant_3
8450,MOULDING_2,MOULDING_MACHINE_2,29781.076731746536,11.130356911242416,1,0.0,0.0,47.540446018843795,8,29781.076731746536,29828.61717776538,experiment,FIFO,0.28,0,variant_6
8450,ASSEMBLY_1_1,LINE_1_ASSEMBLY1,29802.058993661085,20.98226191454887,2,20.98226191454887,20.98226191454887,26.558184104294924,7,29781.076731746536,29828.61717776538,experiment,FIFO,0.28,0,variant_6
8450,ASSEMBLY_2_2,ASSEMBLY2_LINE_2,29814.76154788384,12.70255422275659,3,12.70255422275659,33.68481613730546,13.855629881538334,6,29781.076731746536,29828.61717776538,experiment,FIFO,0.28,0,variant_6
8450,SORTING,SORTING_ROBOT_1,29821.09318327582,2.8141144729816006,4,6.331635391979944,40.016451529285405,7.52399448955839,7,29781.076731746536,29828.61717776538,experiment,FIFO,0.28,0,variant_6
8450,PACKAGING_3,PACKAGING_LINE_3,29822.609717247808,1.516533971986064,5,1.516533971986064,41.53298550127147,6.007460517572326,7,29781.076731746536,29828.61717776538,experiment,FIFO,0.28,0,variant_6
8450,INSPECTION_1_1,INSPECTION_1_1_LINE,29823.89600780382,1.286290556014137,6,1.286290556014137,42.819276057285606,4.721169961558189,7,29781.076731746536,29828.61717776538,experiment,FIFO,0.28,0,variant_6
8450,INSPECTION_1_2,INSPECTION_1_2_LINE,29824.484752644414,0.5887448405919713,7,0.5887448405919713,43.40802089787758,4.132425120966218,8,29781.076731746536,29828.61717776538,experiment,FIFO,0.28,0,variant_6
8450,INSPECTION_1_3,INSPECTION_1_3_LINE,29824.48632935469,0.0015767102777317632,8,0.0015767102777317632,43.40959760815531,4.130848410688486,8,29781.076731746536,29828.61717776538,experiment,FIFO,0.28,0,variant_6
8450,INSPECTION_1_4,INSPECTION_1_4_LINE,29827.47800229889,2.9916729441974894,9,2.9916729441974894,46.4012705523528,1.1391754664909968,8,29781.076731746536,29828.61717776538,experiment,FIFO,0.28,0,variant_6
8450,INSPECTION_1_5,INSPECTION_1_5_LINE,29827.644797950943,0.16679565205413383,10,0.16679565205413383,46.56806620440693,0.9723798144368629,8,29781.076731746536,29828.61717776538,experiment,FIFO,0.28,0,variant_6
8450,INSPECTION_1_6,INSPECTION_1_6_LINE,29828.0083372802,0.363539329257037,11,0.363539329257037,46.93160553366397,0.6088404851798259,8,29781.076731746536,29828.61717776538,experiment,FIFO,0.28,0,variant_6
8450,INSPECTION_1_7,INSPECTION_1_7_LINE,29828.61717776538,0.6088404851798259,12,0.6088404851798259,47.540446018843795,0.0,6,29781.076731746536,29828.61717776538,experiment,FIFO,0.28,0,variant_6
8451,MOULDING_2,MOULDING_MACHINE_2,29786.787535902,5.710804155463848,1,0.0,0.0,41.53315364431546,8,29786.787535902,29828.320689546315,experiment,FIFO,0.28,0,variant_2
8451,ASSEMBLY_1_2,LINE_2_ASSEMBLY1,29792.929131699708,6.141595797707851,2,6.141595797707851,6.141595797707851,35.39155784660761,7,29786.787535902,29828.320689546315,experiment,FIFO,0.28,0,variant_2
8451,ASSEMBLY_2_1,ASSEMBLY2_LINE_1,29813.720353841083,9.800558362905576,3,20.79122214137533,26.93281793908318,14.600335705232283,6,29786.787535902,29828.320689546315,experiment,FIFO,0.28,0,variant_2
8451,SORTING,SORTING_ROBOT_1,29818.27906880284,3.9007740888700937,4,4.5587149617567775,31.491532900839957,10.041620743475505,6,29786.787535902,29828.320689546315,experiment,FIFO,0.28,0,variant_2
8451,PACKAGING_2,PACKAGING_LINE_2,29823.08408230345,4.805013500608766,5,4.805013500608766,36.29654640144872,5.236607242866739,7,29786.787535902,29828.320689546315,experiment,FIFO,0.28,0,variant_2
8451,INSPECTION_2_1,INSPECTION_2_1_LINE,29823.37290953944,0.2888272359923576,6,0.2888272359923576,36.58537363744108,4.947780006874382,7,29786.787535902,29828.320689546315,experiment,FIFO,0.28,0,variant_2
8451,INSPECTION_2_2,INSPECTION_2_2_LINE,29824.43648456029,1.0635750208493846,7,1.0635750208493846,37.648948658290465,3.884204986024997,8,29786.787535902,29828.320689546315,experiment,FIFO,0.28,0,variant_2
8451,INSPECTION_2_3,INSPECTION_2_3_LINE,29824.663098478253,0.2266139179628226,8,0.2266139179628226,37.87556257625329,3.6575910680621746,8,29786.787535902,29828.320689546315,experiment,FIFO,0.28,0,variant_2
8451,INSPECTION_2_4,INSPECTION_2_4_LINE,29824.92021137021,0.25711289195533027,9,0.25711289195533027,38.13267546820862,3.4004781761068443,8,29786.787535902,29828.320689546315,experiment,FIFO,0.28,0,variant_2
8451,INSPECTION_2_5,INSPECTION_2_5_LINE,29825.58078789652,0.6605765263120702,10,0.6605765263120702,38.79325199452069,2.739901649794774,7,29786.787535902,29828.320689546315,experiment,FIFO,0.28,0,variant_2
8451,INSPECTION_2_6,INSPECTION_2_6_LINE,29828.067227918626,2.4864400221049436,11,2.4864400221049436,41.27969201662563,0.2534616276898305,8,29786.787535902,29828.320689546315,experiment,FIFO,0.28,0,variant_2
8451,INSPECTION_2_7,INSPECTION_2_7_LINE,29828.320689546315,0.2534616276898305,12,0.2534616276898305,41.53315364431546,0.0,7,29786.787535902,29828.320689546315,experiment,FIFO,0.28,0,variant_2
8452,MOULDING_5,MOULDING_MACHINE_5,29797.472359083866,1.2160423254608759,1,0.0,0.0,44.22206678408111,8,29797.472359083866,29841.694425867947,experiment,FIFO,0.28,0,variant_4
8452,ASSEMBLY_1_5,LINE_5_ASSEMBLY1,29799.622534222788,2.15017513892235,2,2.15017513892235,2.15017513892235,42.07189164515876,7,29797.472359083866,29841.694425867947,experiment,FIFO,0.28,0,variant_4
8452,ASSEMBLY_2_1,ASSEMBLY2_LINE_1,29824.1711807597,10.450826918615348,3,24.548646536910383,26.698821675832733,17.523245108248375,8,29797.472359083866,29841.694425867947,experiment,FIFO,0.28,0,variant_4
8452,SORTING,SORTING_ROBOT_1,29830.10148803093,2.429258713931631,4,5.930307271231868,32.6291289470646,11.592937837016507,7,29797.472359083866,29841.694425867947,experiment,FIFO,0.28,0,variant_4
8452,PACKAGING_2,PACKAGING_LINE_2,29830.471077564525,0.3695895335949899,5,0.3695895335949899,32.99871848065959,11.223348303421517,7,29797.472359083866,29841.694425867947,experiment,FIFO,0.28,0,variant_4
8452,INSPECTION_1_1,INSPECTION_1_1_LINE,29830.825120922465,0.35404335794009967,6,0.35404335794009967,33.35276183859969,10.869304945481417,7,29797.472359083866,29841.694425867947,experiment,FIFO,0.28,0,variant_4
8452,INSPECTION_1_2,INSPECTION_1_2_LINE,29835.50870151749,3.6716615907571395,7,4.683580595024978,38.03634243362467,6.185724350456439,7,29797.472359083866,29841.694425867947,experiment,FIFO,0.28,0,variant_4
8452,INSPECTION_1_3,INSPECTION_1_3_LINE,29837.608285581715,2.099584064224473,8,2.099584064224473,40.13592649784914,4.0861402862319665,7,29797.472359083866,29841.694425867947,experiment,FIFO,0.28,0,variant_4
8452,INSPECTION_1_4,INSPECTION_1_4_LINE,29838.36213641326,0.7538508315446961,9,0.7538508315446961,40.88977732939384,3.3322894546872703,7,29797.472359083866,29841.694425867947,experiment,FIFO,0.28,0,variant_4
8452,INSPECTION_1_5,INSPECTION_1_5_LINE,29838.36742211094,0.005285697679937584,10,0.005285697679937584,40.895063027073775,3.3270037570073328,7,29797.472359083866,29841.694425867947,experiment,FIFO,0.28,0,variant_4
8452,INSPECTION_1_6,INSPECTION_1_6_LINE,29841.43089136797,3.0634692570311017,11,3.0634692570311017,43.95853228410488,0.263534499976231,11,29797.472359083866,29841.694425867947,experiment,FIFO,0.28,0,variant_4
8452,INSPECTION_1_7,INSPECTION_1_7_LINE,29841.694425867947,0.263534499976231,12,0.263534499976231,44.22206678408111,0.0,11,29797.472359083866,29841.694425867947,experiment,FIFO,0.28,0,variant_4
8453,MOULDING_1,MOULDING_MACHINE_1,29812.437305911106,14.706192422294407,1,0.0,0.0,23.757598375494126,6,29812.437305911106,29836.1949042866,experiment,FIFO,0.28,0,variant_6
8453,ASSEMBLY_1_1,LINE_1_ASSEMBLY1,29812.571817612257,0.1345117011514958,2,0.1345117011514958,0.1345117011514958,23.62308667434263,6,29812.437305911106,29836.1949042866,experiment,FIFO,0.28,0,variant_6
8453,ASSEMBLY_2_2,ASSEMBLY2_LINE_2,29819.76694149407,5.005393610226747,3,7.195123881811014,7.32963558296251,16.427962792531616,6,29812.437305911106,29836.1949042866,experiment,FIFO,0.28,0,variant_6
8453,SORTING,SORTING_ROBOT_1,29826.569060387465,5.475877111643058,4,6.802118893396255,14.131754476358765,9.625843899135361,7,29812.437305911106,29836.1949042866,experiment,FIFO,0.28,0,variant_6
8453,PACKAGING_1,PACKAGING_LINE_1,29828.0974826124,1.528422224935639,5,1.528422224935639,15.660176701294404,8.097421674199722,8,29812.437305911106,29836.1949042866,experiment,FIFO,0.28,0,variant_6
8453,INSPECTION_2_1,INSPECTION_2_1_LINE,29828.70799174943,0.6105091370300215,6,0.6105091370300215,16.270685838324425,7.486912537169701,6,29812.437305911106,29836.1949042866,experiment,FIFO,0.28,0,variant_6
8453,INSPECTION_2_2,INSPECTION_2_2_LINE,29829.678217879795,0.9702261303646083,7,0.9702261303646083,17.240911968689034,6.516686406805093,7,29812.437305911106,29836.1949042866,experiment,FIFO,0.28,0,variant_6
8453,INSPECTION_2_3,INSPECTION_2_3_LINE,29829.814011329727,0.13579344993195264,8,0.13579344993195264,17.376705418620986,6.38089295687314,7,29812.437305911106,29836.1949042866,experiment,FIFO,0.28,0,variant_6
8453,INSPECTION_2_4,INSPECTION_2_4_LINE,29834.23746416531,4.423452835584612,9,4.423452835584612,21.8001582542056,1.9574401212885277,7,29812.437305911106,29836.1949042866,experiment,FIFO,0.28,0,variant_6
8453,INSPECTION_2_5,INSPECTION_2_5_LINE,29835.22629846374,0.9888342984268093,10,0.9888342984268093,22.788992552632408,0.9686058228617185,7,29812.437305911106,29836.1949042866,experiment,FIFO,0.28,0,variant_6
8453,INSPECTION_2_6,INSPECTION_2_6_LINE,29836.024408503497,0.7981100397591945,11,0.7981100397591945,23.587102592391602,0.170495783102524,7,29812.437305911106,29836.1949042866,experiment,FIFO,0.28,0,variant_6
8453,INSPECTION_2_7,INSPECTION_2_7_LINE,29836.1949042866,0.170495783102524,12,0.170495783102524,23.757598375494126,0.0,6,29812.437305911106,29836.1949042866,experiment,FIFO,0.28,0,variant_6
8454,MOULDING_1,MOULDING_MACHINE_1,29820.06483220786,6.223256571236561,1,0.0,0.0,30.95676532150901,7,29820.06483220786,29851.02159752937,experiment,FIFO,0.28,0,variant_1
8454,ASSEMBLY_1_1,LINE_1_ASSEMBLY1,29833.286457171307,13.221624963447539,2,13.221624963447539,13.221624963447539,17.73514035806147,7,29820.06483220786,29851.02159752937,experiment,FIFO,0.28,0,variant_1
8454,ASSEMBLY_2_2,ASSEMBLY2_LINE_2,29833.36477928987,0.07832211856293725,3,0.07832211856293725,13.299947082010476,17.656818239498534,7,29820.06483220786,29851.02159752937,experiment,FIFO,0.28,0,variant_1
8454,SORTING,SORTING_ROBOT_1,29836.097905720475,2.733126430604898,4,2.733126430604898,16.033073512615374,14.923691808893636,7,29820.06483220786,29851.02159752937,experiment,FIFO,0.28,0,variant_1
8454,PACKAGING_3,PACKAGING_LINE_3,29843.847466777443,7.74956105696765,5,7.74956105696765,23.782634569583024,7.174130751925986,12,29820.06483220786,29851.02159752937,experiment,FIFO,0.28,0,variant_1
8454,INSPECTION_1_1,INSPECTION_1_1_LINE,29845.864232817643,2.0167660402003094,6,2.0167660402003094,25.799400609783333,5.157364711725677,11,29820.06483220786,29851.02159752937,experiment,FIFO,0.28,0,variant_1
8454,INSPECTION_1_2,INSPECTION_1_2_LINE,29846.49182108417,0.627588266528619,7,0.627588266528619,26.426988876311952,4.529776445197058,11,29820.06483220786,29851.02159752937,experiment,FIFO,0.28,0,variant_1
8454,INSPECTION_1_3,INSPECTION_1_3_LINE,29848.25576722592,1.7639461417493294,8,1.7639461417493294,28.190935018061282,2.7658303034477285,11,29820.06483220786,29851.02159752937,experiment,FIFO,0.28,0,variant_1
8454,INSPECTION_1_4,INSPECTION_1_4_LINE,29848.308944802386,0.05317757646480459,9,0.05317757646480459,28.244112594526086,2.712652726982924,11,29820.06483220786,29851.02159752937,experiment,FIFO,0.28,0,variant_1
8454,INSPECTION_1_5,INSPECTION_1_5_LINE,29848.32273260676,0.013787804375169799,10,0.013787804375169799,28.257900398901256,2.698864922607754,11,29820.06483220786,29851.02159752937,experiment,FIFO,0.28,0,variant_1
8454,INSPECTION_1_6,INSPECTION_1_6_LINE,29848.6086697406,0.28593713383816066,11,0.28593713383816066,28.543837532739417,2.4129277887695935,11,29820.06483220786,29851.02159752937,experiment,FIFO,0.28,0,variant_1
8454,INSPECTION_1_7,INSPECTION_1_7_LINE,29851.02159752937,2.4129277887695935,12,2.4129277887695935,30.95676532150901,0.0,10,29820.06483220786,29851.02159752937,experiment,FIFO,0.28,0,variant_1
8455,MOULDING_4,MOULDING_MACHINE_4,29817.2030913995,2.840477823250694,1,0.0,0.0,19.580775304424606,6,29817.2030913995,29836.783866703925,experiment,FIFO,0.28,0,variant_1
8455,ASSEMBLY_1_2,LINE_2_ASSEMBLY1,29819.845844532178,2.6427531326771714,2,2.6427531326771714,2.6427531326771714,16.938022171747434,6,29817.2030913995,29836.783866703925,experiment,FIFO,0.28,0,variant_1
8455,ASSEMBLY_2_2,ASSEMBLY2_LINE_2,29820.60186940847,0.7560248762929405,3,0.7560248762929405,3.398778008970112,16.181997295454494,7,29817.2030913995,29836.783866703925,experiment,FIFO,0.28,0,variant_1
8455,SORTING,SORTING_ROBOT_1,29827.672229317,1.1031689295341494,4,7.070359908528189,10.469137917498301,9.111637386926304,8,29817.2030913995,29836.783866703925,experiment,FIFO,0.28,0,variant_1
8455,PACKAGING_3,PACKAGING_LINE_3,29828.2856038107,0.6133744936996663,5,0.6133744936996663,11.082512411197968,8.498262893226638,8,29817.2030913995,29836.783866703925,experiment,FIFO,0.28,0,variant_1
8455,INSPECTION_1_1,INSPECTION_1_1_LINE,29829.4143466538,1.1287428431023727,6,1.1287428431023727,12.21125525430034,7.369520050124265,7,29817.2030913995,29836.783866703925,experiment,FIFO,0.28,0,variant_1
8455,INSPECTION_1_2,INSPECTION_1_2_LINE,29831.837039926733,2.42269327293252,7,2.42269327293252,14.63394852723286,4.946826777191745,7,29817.2030913995,29836.783866703925,experiment,FIFO,0.28,0,variant_1
8455,INSPECTION_1_3,INSPECTION_1_3_LINE,29832.480824199825,0.6437842730920238,8,0.6437842730920238,15.277732800324884,4.3030425040997216,7,29817.2030913995,29836.783866703925,experiment,FIFO,0.28,0,variant_1
8455,INSPECTION_1_4,INSPECTION_1_4_LINE,29833.103035063545,0.6222108637193742,9,0.6222108637193742,15.899943664044258,3.6808316403803474,7,29817.2030913995,29836.783866703925,experiment,FIFO,0.28,0,variant_1
8455,INSPECTION_1_5,INSPECTION_1_5_LINE,29833.30219203777,0.19915697422402445,10,0.19915697422402445,16.099100638268283,3.481674666156323,7,29817.2030913995,29836.783866703925,experiment,FIFO,0.28,0,variant_1
8455,INSPECTION_1_6,INSPECTION_1_6_LINE,29835.63719092244,2.334998884671222,11,2.334998884671222,18.434099522939505,1.1466757814851007,7,29817.2030913995,29836.783866703925,experiment,FIFO,0.28,0,variant_1
8455,INSPECTION_1_7,INSPECTION_1_7_LINE,29836.783866703925,1.1466757814851007,12,1.1466757814851007,19.580775304424606,0.0,5,29817.2030913995,29836.783866703925,experiment,FIFO,0.28,0,variant_1
8456,MOULDING_2,MOULDING_MACHINE_2,29837.006382499647,19.60894273984377,1,0.0,0.0,28.70663862172296,6,29837.006382499647,29865.71302112137,experiment,FIFO,0.28,0,variant_6
8456,ASSEMBLY_1_3,LINE_3_ASSEMBLY1,29841.85833964856,4.851957148912334,2,4.851957148912334,4.851957148912334,23.854681472810626,11,29837.006382499647,29865.71302112137,experiment,FIFO,0.28,0,variant_6
8456,ASSEMBLY_2_1,ASSEMBLY2_LINE_1,29850.296963220862,8.438623572303186,3,8.438623572303186,13.29058072121552,15.41605790050744,11,29837.006382499647,29865.71302112137,experiment,FIFO,0.28,0,variant_6
8456,SORTING,SORTING_ROBOT_1,29855.377997655058,5.081034434195317,4,5.081034434195317,18.371615155410836,10.335023466312123,11,29837.006382499647,29865.71302112137,experiment,FIFO,0.28,0,variant_6
8456,PACKAGING_2,PACKAGING_LINE_2,29858.348720343216,2.9707226881582756,5,2.9707226881582756,21.342337843569112,7.364300778153847,10,29837.006382499647,29865.71302112137,experiment,FIFO,0.28,0,variant_6
8456,INSPECTION_1_1,INSPECTION_1_1_LINE,29858.84315315839,0.4944328151723312,6,0.4944328151723312,21.836770658741443,6.869867962981516,10,29837.006382499647,29865.71302112137,experiment,FIFO,0.28,0,variant_6
8456,INSPECTION_1_2,INSPECTION_1_2_LINE,29861.259273611253,2.4161204528645612,7,2.4161204528645612,24.252891111606004,4.453747510116955,10,29837.006382499647,29865.71302112137,experiment,FIFO,0.28,0,variant_6
8456,INSPECTION_1_3,INSPECTION_1_3_LINE,29862.07308745209,0.8138138408357918,8,0.8138138408357918,25.066704952441796,3.639933669281163,10,29837.006382499647,29865.71302112137,experiment,FIFO,0.28,0,variant_6
8456,INSPECTION_1_4,INSPECTION_1_4_LINE,29862.29167237909,0.21858492700266652,9,0.21858492700266652,25.285289879444463,3.4213487422784965,10,29837.006382499647,29865.71302112137,experiment,FIFO,0.28,0,variant_6
8456,INSPECTION_1_5,INSPECTION_1_5_LINE,29864.383094613386,2.0914222342944413,10,2.0914222342944413,27.376712113738904,1.3299265079840552,10,29837.006382499647,29865.71302112137,experiment,FIFO,0.28,0,variant_6
8456,INSPECTION_1_6,INSPECTION_1_6_LINE,29864.399972283773,0.016877670386747923,11,0.016877670386747923,27.393589784125652,1.3130488375973073,10,29837.006382499647,29865.71302112137,experiment,FIFO,0.28,0,variant_6
8456,INSPECTION_1_7,INSPECTION_1_7_LINE,29865.71302112137,1.3130488375973073,12,1.3130488375973073,28.70663862172296,0.0,9,29837.006382499647,29865.71302112137,experiment,FIFO,0.28,0,variant_6
8457,MOULDING_3,MOULDING_MACHINE_3,29824.03073153083,5.695380017659772,1,0.0,0.0,21.50636059491808,8,29824.03073153083,29845.53709212575,experiment,FIFO,0.28,0,variant_3
8457,ASSEMBLY_1_2,LINE_2_ASSEMBLY1,29824.997120077333,0.9663885465015483,2,0.9663885465015483,0.9663885465015483,20.53997204841653,8,29824.03073153083,29845.53709212575,experiment,FIFO,0.28,0,variant_3
8457,ASSEMBLY_2_2,ASSEMBLY2_LINE_2,29825.263913278784,0.2667932014519465,3,0.2667932014519465,1.2331817479534948,20.273178846964583,8,29824.03073153083,29845.53709212575,experiment,FIFO,0.28,0,variant_3
8457,SORTING,SORTING_ROBOT_1,29830.13788785565,0.03639982471941039,4,4.873974576865294,6.107156324818789,15.39920427009929,7,29824.03073153083,29845.53709212575,experiment,FIFO,0.28,0,variant_3
8457,PACKAGING_2,PACKAGING_LINE_2,29835.0873026064,4.6162250418747135,5,4.949414750750293,11.056571075569082,10.449789519348997,7,29824.03073153083,29845.53709212575,experiment,FIFO,0.28,0,variant_3
8457,INSPECTION_2_1,INSPECTION_2_1_LINE,29837.604209215217,2.516906608816498,6,2.516906608816498,13.57347768438558,7.9328829105324985,7,29824.03073153083,29845.53709212575,experiment,FIFO,0.28,0,variant_3
8457,INSPECTION_2_2,INSPECTION_2_2_LINE,29838.870975750284,1.2667665350672905,7,1.2667665350672905,14.84024421945287,6.666116375465208,8,29824.03073153083,29845.53709212575,experiment,FIFO,0.28,0,variant_3
8457,INSPECTION_2_3,INSPECTION_2_3_LINE,29839.75312320623,0.882147455944505,8,0.882147455944505,15.722391675397375,5.783968919520703,11,29824.03073153083,29845.53709212575,experiment,FIFO,0.28,0,variant_3
8457,INSPECTION_2_4,INSPECTION_2_4_LINE,29840.253853650927,0.500730444699002,9,0.500730444699002,16.223122120096377,5.283238474821701,11,29824.03073153083,29845.53709212575,experiment,FIFO,0.28,0,variant_3
8457,INSPECTION_2_5,INSPECTION_2_5_LINE,29840.447314137848,0.19346048692023032,10,0.19346048692023032,16.416582607016608,5.089777987901471,11,29824.03073153083,29845.53709212575,experiment,FIFO,0.28,0,variant_3
8457,INSPECTION_2_6,INSPECTION_2_6_LINE,29842.18142944896,1.7341153111119638,11,1.7341153111119638,18.15069791812857,3.355662676789507,11,29824.03073153083,29845.53709212575,experiment,FIFO,0.28,0,variant_3
8457,INSPECTION_2_7,INSPECTION_2_7_LINE,29845.53709212575,3.355662676789507,12,3.355662676789507,21.50636059491808,0.0,11,29824.03073153083,29845.53709212575,experiment,FIFO,0.28,0,variant_3
8458,MOULDING_3,MOULDING_MACHINE_3,29826.888018614947,2.857287084116251,1,0.0,0.0,30.55340101442198,8,29826.888018614947,29857.44141962937,experiment,FIFO,0.28,0,variant_2
8458,ASSEMBLY_1_3,LINE_3_ASSEMBLY1,29833.69786313868,6.809844523733773,2,6.809844523733773,6.809844523733773,23.743556490688206,7,29826.888018614947,29857.44141962937,experiment,FIFO,0.28,0,variant_2
8458,ASSEMBLY_2_2,ASSEMBLY2_LINE_2,29834.39873862524,0.7008754865601077,3,0.7008754865601077,7.5107200102938805,23.0426810041281,7,29826.888018614947,29857.44141962937,experiment,FIFO,0.28,0,variant_2
8458,SORTING,SORTING_ROBOT_1,29844.099887790177,8.001982069701626,4,9.701149164935487,17.211869175229367,13.341531839192612,12,29826.888018614947,29857.44141962937,experiment,FIFO,0.28,0,variant_2
8458,PACKAGING_3,PACKAGING_LINE_3,29845.632850687663,1.5329628974868683,5,1.5329628974868683,18.744832072716235,11.808568941705744,11,29826.888018614947,29857.44141962937,experiment,FIFO,0.28,0,variant_2
8458,INSPECTION_2_1,INSPECTION_2_1_LINE,29845.82065496279,0.18780427512683673,6,0.18780427512683673,18.932636347843072,11.620764666578907,11,29826.888018614947,29857.44141962937,experiment,FIFO,0.28,0,variant_2
8458,INSPECTION_2_2,INSPECTION_2_2_LINE,29849.19694749312,3.3762925303308293,7,3.3762925303308293,22.3089288781739,8.244472136248078,11,29826.888018614947,29857.44141962937,experiment,FIFO,0.28,0,variant_2
8458,INSPECTION_2_3,INSPECTION_2_3_LINE,29849.636620026624,0.43967253350274405,8,0.43967253350274405,22.748601411676646,7.804799602745334,11,29826.888018614947,29857.44141962937,experiment,FIFO,0.28,0,variant_2
8458,INSPECTION_2_4,INSPECTION_2_4_LINE,29850.69574561426,1.059125587635208,9,1.059125587635208,23.807726999311853,6.745674015110126,11,29826.888018614947,29857.44141962937,experiment,FIFO,0.28,0,variant_2
8458,INSPECTION_2_5,INSPECTION_2_5_LINE,29854.188675882982,3.492930268723285,10,3.492930268723285,27.30065726803514,3.252743746386841,10,29826.888018614947,29857.44141962937,experiment,FIFO,0.28,0,variant_2
8458,INSPECTION_2_6,INSPECTION_2_6_LINE,29856.11477154969,1.9260956667094433,11,1.9260956667094433,29.22675293474458,1.3266480796773976,11,29826.888018614947,29857.44141962937,experiment,FIFO,0.28,0,variant_2
8458,INSPECTION_2_7,INSPECTION_2_7_LINE,29857.44141962937,1.3266480796773976,12,1.3266480796773976,30.55340101442198,0.0,10,29826.888018614947,29857.44141962937,experiment,FIFO,0.28,0,variant_2
8459,MOULDING_3,MOULDING_MACHINE_3,29829.0128859785,2.1248673635527666,1,0.0,0.0,52.377992675123096,7,29829.0128859785,29881.390878653623,experiment,FIFO,0.28,0,variant_5
8459,ASSEMBLY_1_1,LINE_1_ASSEMBLY1,29849.49790375721,16.211446585901285,2,20.485017778708425,20.485017778708425,31.89297489641467,11,29829.0128859785,29881.390878653623,experiment,FIFO,0.28,0,variant_5
8459,ASSEMBLY_2_2,ASSEMBLY2_LINE_2,29853.14486642201,2.7999989072086464,3,3.646962664803141,24.131980443511566,28.24601223161153,10,29829.0128859785,29881.390878653623,experiment,FIFO,0.28,0,variant_5
8459,SORTING,SORTING_ROBOT_1,29871.62832382729,8.739583894181123,4,18.483457405280205,42.61543784879177,9.762554826331325,11,29829.0128859785,29881.390878653623,experiment,FIFO,0.28,0,variant_5
8459,PACKAGING_3,PACKAGING_LINE_3,29872.30415956361,0.675835736317822,5,0.675835736317822,43.29127358510959,9.086719090013503,11,29829.0128859785,29881.390878653623,experiment,FIFO,0.28,0,variant_5
8459,INSPECTION_1_1,INSPECTION_1_1_LINE,29872.670938716143,0.36677915253312676,6,0.36677915253312676,43.65805273764272,8.719939937480376,11,29829.0128859785,29881.390878653623,experiment,FIFO,0.28,0,variant_5
8459,INSPECTION_1_2,INSPECTION_1_2_LINE,29872.96451719765,0.2935784815090301,7,0.2935784815090301,43.95163121915175,8.426361455971346,11,29829.0128859785,29881.390878653623,experiment,FIFO,0.28,0,variant_5
8459,INSPECTION_1_3,INSPECTION_1_3_LINE,29873.49424240215,0.5297252044983907,8,0.5297252044983907,44.48135642365014,7.896636251472955,11,29829.0128859785,29881.390878653623,experiment,FIFO,0.28,0,variant_5
8459,INSPECTION_1_4,INSPECTION_1_4_LINE,29873.7435991254,0.24935672324863845,9,0.24935672324863845,44.73071314689878,7.647279528224317,11,29829.0128859785,29881.390878653623,experiment,FIFO,0.28,0,variant_5
8459,INSPECTION_1_5,INSPECTION_1_5_LINE,29877.256511429,3.5129123036022065,10,3.5129123036022065,48.243625450500986,4.13436722462211,11,29829.0128859785,29881.390878653623,experiment,FIFO,0.28,0,variant_5
8459,INSPECTION_1_5,INSPECTION_1_5_LINE,29877.514534163583,0.25802273458248237,11,0.25802273458248237,48.50164818508347,3.876344490039628,11,29829.0128859785,29881.390878653623,experiment,FIFO,0.28,0,variant_5
8459,INSPECTION_1_6,INSPECTION_1_6_LINE,29880.48879458079,2.9742604172060965,12,2.9742604172060965,51.475908602289564,0.9020840728335315,14,29829.0128859785,29881.390878653623,experiment,FIFO,0.28,0,variant_5
8459,INSPECTION_1_7,INSPECTION_1_7_LINE,29881.390878653623,0.9020840728335315,13,0.9020840728335315,52.377992675123096,0.0,13,29829.0128859785,29881.390878653623,experiment,FIFO,0.28,0,variant_5
8460,MOULDING_5,MOULDING_MACHINE_5,29839.47918418285,13.330816482077353,1,0.0,0.0,47.448275199796626,10,29839.47918418285,29886.927459382645,experiment,FIFO,0.28,0,variant_2
8460,ASSEMBLY_1_5,LINE_5_ASSEMBLY1,29844.990732312675,5.511548129827133,2,5.511548129827133,5.511548129827133,41.93672706996949,12,29839.47918418285,29886.927459382645,experiment,FIFO,0.28,0,variant_2
8460,ASSEMBLY_2_1,ASSEMBLY2_LINE_1,29855.09235143432,4.795388213457045,3,10.101619121644035,15.613167251471168,31.835107948325458,11,29839.47918418285,29886.927459382645,experiment,FIFO,0.28,0,variant_2
8460,SORTING,SORTING_ROBOT_1,29872.57241984095,0.9440960136598733,4,17.4800684066322,33.09323565810337,14.355039541693259,11,29839.47918418285,29886.927459382645,experiment,FIFO,0.28,0,variant_2
8460,PACKAGING_2,PACKAGING_LINE_2,29875.24186039707,2.669440556117479,5,2.669440556117479,35.762676214220846,11.68559898557578,11,29839.47918418285,29886.927459382645,experiment,FIFO,0.28,0,variant_2
8460,INSPECTION_2_1,INSPECTION_2_1_LINE,29875.49509477703,0.25323437996121356,6,0.25323437996121356,36.01591059418206,11.432364605614566,11,29839.47918418285,29886.927459382645,experiment,FIFO,0.28,0,variant_2
8460,INSPECTION_2_1,INSPECTION_2_1_LINE,29877.04644991486,1.551355137828068,7,1.551355137828068,37.56726573201013,9.881009467786498,11,29839.47918418285,29886.927459382645,experiment,FIFO,0.28,0,variant_2
8460,INSPECTION_2_2,INSPECTION_2_2_LINE,29877.15466721244,0.10821729758026777,8,0.10821729758026777,37.675483029590396,9.77279217020623,11,29839.47918418285,29886.927459382645,experiment,FIFO,0.28,0,variant_2
8460,INSPECTION_2_3,INSPECTION_2_3_LINE,29880.26145405749,3.106786845051829,9,3.106786845051829,40.782269874642225,6.666005325154401,14,29839.47918418285,29886.927459382645,experiment,FIFO,0.28,0,variant_2
8460,INSPECTION_2_4,INSPECTION_2_4_LINE,29882.3198266106,2.05837255311053,10,2.05837255311053,42.840642427752755,4.607632772043871,14,29839.47918418285,29886.927459382645,experiment,FIFO,0.28,0,variant_2
8460,INSPECTION_2_5,INSPECTION_2_5_LINE,29885.429291535493,3.109464924891654,11,3.109464924891654,45.95010735264441,1.4981678471522173,15,29839.47918418285,29886.927459382645,experiment,FIFO,0.28,0,variant_2
8460,INSPECTION_2_6,INSPECTION_2_6_LINE,29885.60112644904,0.1718349135480821,12,0.1718349135480821,46.12194226619249,1.3263329336041352,15,29839.47918418285,29886.927459382645,experiment,FIFO,0.28,0,variant_2
8460,INSPECTION_2_7,INSPECTION_2_7_LINE,29886.927459382645,0.9415747248131083,13,1.3263329336041352,47.448275199796626,0.0,13,29839.47918418285,29886.927459382645,experiment,FIFO,0.28,0,variant_2
8461,MOULDING_2,MOULDING_MACHINE_2,29838.598420133247,1.5920376335998299,1,0.0,0.0,56.425829037438234,8,29838.598420133247,29895.024249170685,experiment,FIFO,0.28,0,variant_2
8461,ASSEMBLY_1_1,LINE_1_ASSEMBLY1,29856.875055447268,5.4654861104463635,2,18.276635314021405,18.276635314021405,38.14919372341683,11,29838.598420133247,29895.024249170685,experiment,FIFO,0.28,0,variant_2
8461,ASSEMBLY_2_2,ASSEMBLY2_LINE_2,29860.44688141508,1.7686364122164377,3,3.5718259678105824,21.848461281831987,34.57736775560625,10,29838.598420133247,29895.024249170685,experiment,FIFO,0.28,0,variant_2
8461,SORTING,SORTING_ROBOT_1,29889.845979411817,3.503257421678427,4,29.39909799673842,51.24755927857041,5.1782697588678275,12,29838.598420133247,29895.024249170685,experiment,FIFO,0.28,0,variant_2
8461,PACKAGING_3,PACKAGING_LINE_3,29890.582933845904,0.736954434087238,5,0.736954434087238,51.984513712657645,4.441315324780589,12,29838.598420133247,29895.024249170685,experiment,FIFO,0.28,0,variant_2
8461,INSPECTION_2_1,INSPECTION_2_1_LINE,29890.65628455526,0.07335070935732801,6,0.07335070935732801,52.05786442201497,4.367964615423261,12,29838.598420133247,29895.024249170685,experiment,FIFO,0.28,0,variant_2
8461,INSPECTION_2_2,INSPECTION_2_2_LINE,29893.11821480836,2.4619302530991263,7,2.4619302530991263,54.5197946751141,1.9060343623241351,12,29838.598420133247,29895.024249170685,experiment,FIFO,0.28,0,variant_2
8461,INSPECTION_2_3,INSPECTION_2_3_LINE,29893.38419929152,0.2659844831578084,8,0.2659844831578084,54.78577915827191,1.6400498791663267,12,29838.598420133247,29895.024249170685,experiment,FIFO,0.28,0,variant_2
8461,INSPECTION_2_4,INSPECTION_2_4_LINE,29893.775403474363,0.3912041828443762,9,0.3912041828443762,55.176983341116284,1.2488456963219505,12,29838.598420133247,29895.024249170685,experiment,FIFO,0.28,0,variant_2
8461,INSPECTION_2_5,INSPECTION_2_5_LINE,29894.135902630533,0.36049915616968065,10,0.36049915616968065,55.537482497285964,0.8883465401522699,12,29838.598420133247,29895.024249170685,experiment,FIFO,0.28,0,variant_2
8461,INSPECTION_2_6,INSPECTION_2_6_LINE,29894.380783455985,0.2448808254521282,11,0.2448808254521282,55.78236332273809,0.6434657147001417,11,29838.598420133247,29895.024249170685,experiment,FIFO,0.28,0,variant_2
8461,INSPECTION_2_7,INSPECTION_2_7_LINE,29895.024249170685,0.6434657147001417,12,0.6434657147001417,56.425829037438234,0.0,10,29838.598420133247,29895.024249170685,experiment,FIFO,0.28,0,variant_2
8462,MOULDING_4,MOULDING_MACHINE_4,29841.56074298304,11.32930787791338,1,0.0,0.0,57.89125554477505,12,29841.56074298304,29899.451998527817,experiment,FIFO,0.28,0,variant_6
8462,ASSEMBLY_1_2,LINE_2_ASSEMBLY1,29865.202849684538,23.642106701496232,2,23.642106701496232,23.642106701496232,34.24914884327882,10,29841.56074298304,29899.451998527817,experiment,FIFO,0.28,0,variant_6
8462,ASSEMBLY_2_2,ASSEMBLY2_LINE_2,29880.74786732881,15.545017644271866,3,15.545017644271866,39.1871243457681,18.70413119900695,14,29841.56074298304,29899.451998527817,experiment,FIFO,0.28,0,variant_6
8462,SORTING,SORTING_ROBOT_1,29890.7032340572,0.5483590504009044,4,9.9553667283908,49.1424910741589,8.748764470616152,12,29841.56074298304,29899.451998527817,experiment,FIFO,0.28,0,variant_6
8462,PACKAGING_3,PACKAGING_LINE_3,29893.90810684816,3.2048727909605077,5,3.2048727909605077,52.347363865119405,5.543891679655644,12,29841.56074298304,29899.451998527817,experiment,FIFO,0.28,0,variant_6
8462,INSPECTION_1_1,INSPECTION_1_1_LINE,29895.17924373174,1.2711368835807662,6,1.2711368835807662,53.61850074870017,4.272754796074878,10,29841.56074298304,29899.451998527817,experiment,FIFO,0.28,0,variant_6
8462,INSPECTION_1_2,INSPECTION_1_2_LINE,29895.893053742784,0.7138100110423693,7,0.7138100110423693,54.33231075974254,3.5589447850325087,10,29841.56074298304,29899.451998527817,experiment,FIFO,0.28,0,variant_6
8462,INSPECTION_1_3,INSPECTION_1_3_LINE,29896.73990413793,0.8468503951444291,8,0.8468503951444291,55.17916115488697,2.7120943898880796,11,29841.56074298304,29899.451998527817,experiment,FIFO,0.28,0,variant_6
8462,INSPECTION_1_4,INSPECTION_1_4_LINE,29898.00011858324,1.2602144453121582,9,1.2602144453121582,56.43937560019913,1.4518799445759214,11,29841.56074298304,29899.451998527817,experiment,FIFO,0.28,0,variant_6
8462,INSPECTION_1_5,INSPECTION_1_5_LINE,29898.351464621344,0.3513460381036566,10,0.3513460381036566,56.790721638302784,1.1005339064722648,11,29841.56074298304,29899.451998527817,experiment,FIFO,0.28,0,variant_6
8462,INSPECTION_1_6,INSPECTION_1_6_LINE,29899.216060989544,0.8645963681992725,11,0.8645963681992725,57.65531800650206,0.23593753827299224,10,29841.56074298304,29899.451998527817,experiment,FIFO,0.28,0,variant_6
8462,INSPECTION_1_7,INSPECTION_1_7_LINE,29899.451998527817,0.23593753827299224,12,0.23593753827299224,57.89125554477505,0.0,9,29841.56074298304,29899.451998527817,experiment,FIFO,0.28,0,variant_6
8463,MOULDING_2,MOULDING_MACHINE_2,29839.097132052462,0.498711919215566,1,0.0,0.0,59.691096027421736,9,29839.097132052462,29898.788228079884,experiment,FIFO,0.28,0,variant_2
8463,ASSEMBLY_1_1,LINE_1_ASSEMBLY1,29857.053406596,0.1783511487301439,2,17.956274543535983,17.956274543535983,41.73482148388575,11,29839.097132052462,29898.788228079884,experiment,FIFO,0.28,0,variant_2
8463,ASSEMBLY_2_1,ASSEMBLY2_LINE_1,29861.95832261954,4.3884434037681785,3,4.9049160235408635,22.861190567076846,36.82990546034489,10,29839.097132052462,29898.788228079884,experiment,FIFO,0.28,0,variant_2
8463,SORTING,SORTING_ROBOT_1,29890.1548750068,0.30889559498245944,4,28.196552387260454,51.0577429543373,8.633353073084436,12,29839.097132052462,29898.788228079884,experiment,FIFO,0.28,0,variant_2
8463,PACKAGING_1,PACKAGING_LINE_1,29890.98365005696,0.8287750501622213,5,0.8287750501622213,51.88651800449952,7.804578022922215,12,29839.097132052462,29898.788228079884,experiment,FIFO,0.28,0,variant_2
8463,INSPECTION_2_1,INSPECTION_2_1_LINE,29891.506576808148,0.522926751185878,6,0.522926751185878,52.4094447556854,7.281651271736337,12,29839.097132052462,29898.788228079884,experiment,FIFO,0.28,0,variant_2
8463,INSPECTION_2_2,INSPECTION_2_2_LINE,29894.7187251551,1.6005103467396111,7,3.2121483469527448,55.621593102638144,4.069502924783592,11,29839.097132052462,29898.788228079884,experiment,FIFO,0.28,0,variant_2
8463,INSPECTION_2_3,INSPECTION_2_3_LINE,29895.22740317976,0.5086780246601847,8,0.5086780246601847,56.13027112729833,3.560824900123407,10,29839.097132052462,29898.788228079884,experiment,FIFO,0.28,0,variant_2
8463,INSPECTION_2_4,INSPECTION_2_4_LINE,29895.43785877069,0.21045559092817712,9,0.21045559092817712,56.340726718226506,3.35036930919523,10,29839.097132052462,29898.788228079884,experiment,FIFO,0.28,0,variant_2
8463,INSPECTION_2_5,INSPECTION_2_5_LINE,29895.86343619511,0.4255774244229542,10,0.4255774244229542,56.76630414264946,2.924791884772276,10,29839.097132052462,29898.788228079884,experiment,FIFO,0.28,0,variant_2
8463,INSPECTION_2_6,INSPECTION_2_6_LINE,29898.07033832461,2.2069021294992126,11,2.2069021294992126,58.97320627214867,0.7178897552730632,11,29839.097132052462,29898.788228079884,experiment,FIFO,0.28,0,variant_2
8463,INSPECTION_2_7,INSPECTION_2_7_LINE,29898.788228079884,0.7178897552730632,12,0.7178897552730632,59.691096027421736,0.0,10,29839.097132052462,29898.788228079884,experiment,FIFO,0.28,0,variant_2
8464,MOULDING_3,MOULDING_MACHINE_3,29837.046718858983,3.5293710540754546,1,0.0,0.0,52.641354183291696,7,29837.046718858983,29889.688073042274,experiment,FIFO,0.28,0,variant_4
8464,ASSEMBLY_1_1,LINE_1_ASSEMBLY1,29851.40956933682,1.9116655796133273,2,14.362850477838947,14.362850477838947,38.27850370545275,10,29837.046718858983,29889.688073042274,experiment,FIFO,0.28,0,variant_4
8464,ASSEMBLY_2_1,ASSEMBLY2_LINE_1,29857.56987921577,2.4775277814514993,3,6.160309878949192,20.52316035678814,32.11819382650356,10,29837.046718858983,29889.688073042274,experiment,FIFO,0.28,0,variant_4
8464,SORTING,SORTING_ROBOT_1,29884.23360854364,11.661188702688378,4,26.663729327869078,47.18688968465722,5.454464498634479,14,29837.046718858983,29889.688073042274,experiment,FIFO,0.28,0,variant_4
8464,PACKAGING_1,PACKAGING_LINE_1,29885.102054949904,0.868446406264411,5,0.868446406264411,48.05533609092163,4.586018092370068,15,29837.046718858983,29889.688073042274,experiment,FIFO,0.28,0,variant_4
8464,INSPECTION_1_1,INSPECTION_1_1_LINE,29885.426273791363,0.3242188414587872,6,0.3242188414587872,48.379554932380415,4.261799250911281,15,29837.046718858983,29889.688073042274,experiment,FIFO,0.28,0,variant_4
8464,INSPECTION_1_2,INSPECTION_1_2_LINE,29885.50735907384,0.08108528247612412,7,0.08108528247612412,48.46064021485654,4.180713968435157,15,29837.046718858983,29889.688073042274,experiment,FIFO,0.28,0,variant_4
8464,INSPECTION_1_3,INSPECTION_1_3_LINE,29887.67956947145,2.172210397609888,8,2.172210397609888,50.63285061246643,2.008503570825269,13,29837.046718858983,29889.688073042274,experiment,FIFO,0.28,0,variant_4
8464,INSPECTION_1_4,INSPECTION_1_4_LINE,29889.1345192154,1.454949743951147,9,1.454949743951147,52.087800356417574,0.553553826874122,13,29837.046718858983,29889.688073042274,experiment,FIFO,0.28,0,variant_4
8464,INSPECTION_1_5,INSPECTION_1_5_LINE,29889.365139403024,0.23062018762357184,10,0.23062018762357184,52.318420544041146,0.3229336392505502,13,29837.046718858983,29889.688073042274,experiment,FIFO,0.28,0,variant_4
8464,INSPECTION_1_6,INSPECTION_1_6_LINE,29889.52713790948,0.1619985064571665,11,0.1619985064571665,52.48041905049831,0.16093513279338367,13,29837.046718858983,29889.688073042274,experiment,FIFO,0.28,0,variant_4
8464,INSPECTION_1_7,INSPECTION_1_7_LINE,29889.688073042274,0.16093513279338367,12,0.16093513279338367,52.641354183291696,0.0,12,29837.046718858983,29889.688073042274,experiment,FIFO,0.28,0,variant_4
8465,MOULDING_4,MOULDING_MACHINE_4,29843.046984619406,1.4862416363648663,1,0.0,0.0,42.938900038425345,12,29843.046984619406,29885.98588465783,experiment,FIFO,0.28,0,variant_1
8465,ASSEMBLY_1_4,LINE_4_ASSEMBLY1,29848.179452458982,5.132467839575838,2,5.132467839575838,5.132467839575838,37.80643219884951,11,29843.046984619406,29885.98588465783,experiment,FIFO,0.28,0,variant_1
8465,ASSEMBLY_2_2,ASSEMBLY2_LINE_2,29850.344867514803,2.165415055820631,3,2.165415055820631,7.297882895396469,35.641017143028876,11,29843.046984619406,29885.98588465783,experiment,FIFO,0.28,0,variant_1
8465,SORTING,SORTING_ROBOT_1,29862.88873993311,7.5107422780529305,4,12.543872418307728,19.841755313704198,23.097144724721147,10,29843.046984619406,29885.98588465783,experiment,FIFO,0.28,0,variant_1
8465,PACKAGING_3,PACKAGING_LINE_3,29863.115470203,0.22673026988923084,5,0.22673026988923084,20.06848558359343,22.870414454831916,10,29843.046984619406,29885.98588465783,experiment,FIFO,0.28,0,variant_1
8465,INSPECTION_2_1,INSPECTION_2_1_LINE,29864.788306195154,1.6728359921544325,6,1.6728359921544325,21.74132157574786,21.197578462677484,10,29843.046984619406,29885.98588465783,experiment,FIFO,0.28,0,variant_1
8465,INSPECTION_2_2,INSPECTION_2_2_LINE,29867.99306597787,3.204759782714973,7,3.204759782714973,24.946081358462834,17.99281867996251,9,29843.046984619406,29885.98588465783,experiment,FIFO,0.28,0,variant_1
8465,INSPECTION_2_3,INSPECTION_2_3_LINE,29874.900881612743,6.907815634873259,8,6.907815634873259,31.853896993336093,11.085003045089252,11,29843.046984619406,29885.98588465783,experiment,FIFO,0.28,0,variant_1
8465,INSPECTION_2_4,INSPECTION_2_4_LINE,29877.7217592406,2.820877627858863,9,2.820877627858863,34.674774621194956,8.264125417230389,11,29843.046984619406,29885.98588465783,experiment,FIFO,0.28,0,variant_1
8465,INSPECTION_2_5,INSPECTION_2_5_LINE,29880.48435664569,2.762597405089764,10,2.762597405089764,37.43737202628472,5.501528012140625,14,29843.046984619406,29885.98588465783,experiment,FIFO,0.28,0,variant_1
8465,INSPECTION_2_6,INSPECTION_2_6_LINE,29881.72105885017,1.2367022044782061,11,1.2367022044782061,38.674074230762926,4.264825807662419,14,29843.046984619406,29885.98588465783,experiment,FIFO,0.28,0,variant_1
8465,INSPECTION_2_7,INSPECTION_2_7_LINE,29885.98588465783,4.264825807662419,12,4.264825807662419,42.938900038425345,0.0,14,29843.046984619406,29885.98588465783,experiment,FIFO,0.28,0,variant_1
8466,MOULDING_1,MOULDING_MACHINE_1,29839.49736251121,1.6766758364028647,1,0.0,0.0,54.65362783276214,11,29839.49736251121,29894.150990343973,experiment,FIFO,0.28,0,variant_5
8466,ASSEMBLY_1_3,LINE_3_ASSEMBLY1,29855.464799661524,13.606460012964817,2,15.967437150313344,15.967437150313344,38.686190682448796,11,29839.49736251121,29894.150990343973,experiment,FIFO,0.28,0,variant_5
8466,ASSEMBLY_2_2,ASSEMBLY2_LINE_2,29858.678245002862,3.213445341338229,3,3.213445341338229,19.180882491651573,35.47274534111057,10,29839.49736251121,29894.150990343973,experiment,FIFO,0.28,0,variant_5
8466,SORTING,SORTING_ROBOT_1,29886.34272199014,2.109113446498668,4,27.66447698727643,46.845359478928,7.808268353834137,14,29839.49736251121,29894.150990343973,experiment,FIFO,0.28,0,variant_5
8466,PACKAGING_1,PACKAGING_LINE_1,29886.42637757731,0.08365558717196109,5,0.08365558717196109,46.929015066099964,7.724612766662176,14,29839.49736251121,29894.150990343973,experiment,FIFO,0.28,0,variant_5
8466,INSPECTION_1_1,INSPECTION_1_1_LINE,29886.9310823594,0.5047047820880834,6,0.5047047820880834,47.43371984818805,7.2199079845740926,13,29839.49736251121,29894.150990343973,experiment,FIFO,0.28,0,variant_5
8466,INSPECTION_1_2,INSPECTION_1_2_LINE,29889.55351096252,2.6224286031210795,7,2.6224286031210795,50.05614845130913,4.597479381453013,13,29839.49736251121,29894.150990343973,experiment,FIFO,0.28,0,variant_5
8466,INSPECTION_1_3,INSPECTION_1_3_LINE,29890.980838442567,1.4273274800470972,8,1.4273274800470972,51.483475931356224,3.170151901405916,12,29839.49736251121,29894.150990343973,experiment,FIFO,0.28,0,variant_5
8466,INSPECTION_1_4,INSPECTION_1_4_LINE,29891.028393412933,0.04755497036603629,9,0.04755497036603629,51.53103090172226,3.1225969310398796,12,29839.49736251121,29894.150990343973,experiment,FIFO,0.28,0,variant_5
8466,INSPECTION_1_5,INSPECTION_1_5_LINE,29893.86709501292,2.838701599986962,10,2.838701599986962,54.36973250170922,0.28389533105291775,12,29839.49736251121,29894.150990343973,experiment,FIFO,0.28,0,variant_5
8466,INSPECTION_1_6,INSPECTION_1_6_LINE,29894.036194738288,0.16909972536814166,11,0.16909972536814166,54.538832227077364,0.11479560568477609,12,29839.49736251121,29894.150990343973,experiment,FIFO,0.28,0,variant_5
8466,INSPECTION_1_7,INSPECTION_1_7_LINE,29894.150990343973,0.11479560568477609,12,0.11479560568477609,54.65362783276214,0.0,11,29839.49736251121,29894.150990343973,experiment,FIFO,0.28,0,variant_5
8467,MOULDING_1,MOULDING_MACHINE_1,29870.40636987526,24.07788563993381,1,0.0,0.0,34.23825998838947,11,29870.40636987526,29904.64462986365,experiment,FIFO,0.28,0,variant_3
8467,ASSEMBLY_1_3,LINE_3_ASSEMBLY1,29870.534445791,0.12807591573800892,2,0.12807591573800892,0.12807591573800892,34.110184072651464,11,29870.40636987526,29904.64462986365,experiment,FIFO,0.28,0,variant_3
8467,ASSEMBLY_2_2,ASSEMBLY2_LINE_2,29881.338758132573,0.5908908037636138,3,10.804312341573677,10.932388257311686,23.305871731077787,14,29870.40636987526,29904.64462986365,experiment,FIFO,0.28,0,variant_3
8467,SORTING,SORTING_ROBOT_1,29891.168711773906,0.4654777167052089,4,9.829953641332395,20.76234189864408,13.475918089745392,12,29870.40636987526,29904.64462986365,experiment,FIFO,0.28,0,variant_3
8467,PACKAGING_1,PACKAGING_LINE_1,29897.344499096493,6.175787322586984,5,6.175787322586984,26.938129221231065,7.300130767158407,11,29870.40636987526,29904.64462986365,experiment,FIFO,0.28,0,variant_3
8467,INSPECTION_1_1,INSPECTION_1_1_LINE,29901.181544908453,3.8370458119607065,6,3.8370458119607065,30.775175033191772,3.4630849551977008,10,29870.40636987526,29904.64462986365,experiment,FIFO,0.28,0,variant_3
8467,INSPECTION_1_2,INSPECTION_1_2_LINE,29901.89628008952,0.7147351810672262,7,0.7147351810672262,31.489910214258998,2.7483497741304745,11,29870.40636987526,29904.64462986365,experiment,FIFO,0.28,0,variant_3
8467,INSPECTION_1_3,INSPECTION_1_3_LINE,29902.12810722266,0.23182713313872227,8,0.23182713313872227,31.72173734739772,2.5165226409917523,11,29870.40636987526,29904.64462986365,experiment,FIFO,0.28,0,variant_3
8467,INSPECTION_1_4,INSPECTION_1_4_LINE,29903.18846110821,1.0603538855502848,9,1.0603538855502848,32.782091232948005,1.4561687554414675,12,29870.40636987526,29904.64462986365,experiment,FIFO,0.28,0,variant_3
8467,INSPECTION_1_5,INSPECTION_1_5_LINE,29904.06170503707,0.8732439288614842,10,0.8732439288614842,33.65533516180949,0.5829248265799833,12,29870.40636987526,29904.64462986365,experiment,FIFO,0.28,0,variant_3
8467,INSPECTION_1_6,INSPECTION_1_6_LINE,29904.220709847425,0.15900481035350822,11,0.15900481035350822,33.814339972163,0.4239200162264751,12,29870.40636987526,29904.64462986365,experiment,FIFO,0.28,0,variant_3
8467,INSPECTION_1_7,INSPECTION_1_7_LINE,29904.64462986365,0.4239200162264751,12,0.4239200162264751,34.23825998838947,0.0,11,29870.40636987526,29904.64462986365,experiment,FIFO,0.28,0,variant_3
8468,MOULDING_2,MOULDING_MACHINE_2,29854.2579611672,0.9184770560714242,1,0.0,0.0,82.07718754911912,11,29854.2579611672,29936.33514871632,experiment,FIFO,0.28,0,variant_4
8468,ASSEMBLY_1_1,LINE_1_ASSEMBLY1,29879.46210027043,22.40869367443156,2,25.204139103228954,25.204139103228954,56.87304844589016,13,29854.2579611672,29936.33514871632,experiment,FIFO,0.28,0,variant_4
8468,ASSEMBLY_2_2,ASSEMBLY2_LINE_2,29923.42760909185,12.699429405467527,3,43.96550882142037,69.16964792464933,12.907539624469791,16,29854.2579611672,29936.33514871632,experiment,FIFO,0.28,0,variant_4
8468,SORTING,SORTING_ROBOT_1,29929.821064129388,6.393455037537933,4,6.393455037537933,75.56310296218726,6.514084586931858,17,29854.2579611672,29936.33514871632,experiment,FIFO,0.28,0,variant_4
8468,PACKAGING_1,PACKAGING_LINE_1,29930.09029964431,0.26923551492291153,5,0.26923551492291153,75.83233847711017,6.244849072008947,17,29854.2579611672,29936.33514871632,experiment,FIFO,0.28,0,variant_4
8468,INSPECTION_1_1,INSPECTION_1_1_LINE,29930.829389930368,0.739090286057035,6,0.739090286057035,76.5714287631672,5.505758785951912,17,29854.2579611672,29936.33514871632,experiment,FIFO,0.28,0,variant_4
8468,INSPECTION_1_2,INSPECTION_1_2_LINE,29932.0411596956,1.2117697652320203,7,1.2117697652320203,77.78319852839923,4.293989020719891,17,29854.2579611672,29936.33514871632,experiment,FIFO,0.28,0,variant_4
8468,INSPECTION_1_3,INSPECTION_1_3_LINE,29933.33492210968,1.2937624140795378,8,1.2937624140795378,79.07696094247876,3.0002266066403536,16,29854.2579611672,29936.33514871632,experiment,FIFO,0.28,0,variant_4
8468,INSPECTION_1_4,INSPECTION_1_4_LINE,29934.18194656585,0.8470244561685831,9,0.8470244561685831,79.92398539864735,2.1532021504717704,16,29854.2579611672,29936.33514871632,experiment,FIFO,0.28,0,variant_4
8468,INSPECTION_1_5,INSPECTION_1_5_LINE,29934.462802961803,0.2808563959551975,10,0.2808563959551975,80.20484179460254,1.872345754516573,16,29854.2579611672,29936.33514871632,experiment,FIFO,0.28,0,variant_4
8468,INSPECTION_1_6,INSPECTION_1_6_LINE,29934.81795871008,0.35515574827513774,11,0.35515574827513774,80.55999754287768,1.5171900062414352,15,29854.2579611672,29936.33514871632,experiment,FIFO,0.28,0,variant_4
8468,INSPECTION_1_7,INSPECTION_1_7_LINE,29936.33514871632,1.5171900062414352,12,1.5171900062414352,82.07718754911912,0.0,14,29854.2579611672,29936.33514871632,experiment,FIFO,0.28,0,variant_4
8469,MOULDING_4,MOULDING_MACHINE_4,29868.773082003845,5.2828483171942935,1,0.0,0.0,63.5715484514767,10,29868.773082003845,29932.34463045532,experiment,FIFO,0.28,0,variant_2
8469,ASSEMBLY_1_5,LINE_5_ASSEMBLY1,29870.849149998707,2.07606799486166,2,2.07606799486166,2.07606799486166,61.49548045661504,11,29868.773082003845,29932.34463045532,experiment,FIFO,0.28,0,variant_2
8469,ASSEMBLY_2_2,ASSEMBLY2_LINE_2,29910.728179686383,29.38942155380937,3,39.87902968767594,41.9550976825376,21.616450768939103,11,29868.773082003845,29932.34463045532,experiment,FIFO,0.28,0,variant_2
8469,SORTING,SORTING_ROBOT_1,29915.968560042555,2.0192027349949058,4,5.240380356171954,47.19547803870955,16.37607041276715,12,29868.773082003845,29932.34463045532,experiment,FIFO,0.28,0,variant_2
8469,PACKAGING_2,PACKAGING_LINE_2,29916.62182865662,0.6532686140672013,5,0.6532686140672013,47.848746652776754,15.722801798699948,12,29868.773082003845,29932.34463045532,experiment,FIFO,0.28,0,variant_2
8469,INSPECTION_2_1,INSPECTION_2_1_LINE,29917.61872658423,0.9968979276090977,6,0.9968979276090977,48.84564458038585,14.72590387109085,12,29868.773082003845,29932.34463045532,experiment,FIFO,0.28,0,variant_2
8469,INSPECTION_2_2,INSPECTION_2_2_LINE,29921.250339888167,3.6316133039363194,7,3.6316133039363194,52.47725788432217,11.09429056715453,16,29868.773082003845,29932.34463045532,experiment,FIFO,0.28,0,variant_2
8469,INSPECTION_2_3,INSPECTION_2_3_LINE,29922.341720674773,1.0913807866054412,8,1.0913807866054412,53.56863867092761,10.00290978054909,16,29868.773082003845,29932.34463045532,experiment,FIFO,0.28,0,variant_2
8469,INSPECTION_2_4,INSPECTION_2_4_LINE,29924.5212511034,2.1795304286279134,9,2.1795304286279134,55.748169099555525,7.823379351921176,16,29868.773082003845,29932.34463045532,experiment,FIFO,0.28,0,variant_2
8469,INSPECTION_2_5,INSPECTION_2_5_LINE,29925.752992340706,1.2317412373049592,10,1.2317412373049592,56.979910336860485,6.591638114616217,17,29868.773082003845,29932.34463045532,experiment,FIFO,0.28,0,variant_2
8469,INSPECTION_2_6,INSPECTION_2_6_LINE,29930.72151287139,4.968520530685055,11,4.968520530685055,61.94843086754554,1.6231175839311618,17,29868.773082003845,29932.34463045532,experiment,FIFO,0.28,0,variant_2
8469,INSPECTION_2_7,INSPECTION_2_7_LINE,29932.34463045532,1.6231175839311618,12,1.6231175839311618,63.5715484514767,0.0,16,29868.773082003845,29932.34463045532,experiment,FIFO,0.28,0,variant_2
8470,MOULDING_1,MOULDING_MACHINE_1,29878.3779392356,7.971569360339345,1,0.0,0.0,56.32456076160088,13,29878.3779392356,29934.7024999972,experiment,FIFO,0.28,0,variant_4
8470,ASSEMBLY_1_4,LINE_4_ASSEMBLY1,29885.704874386764,7.3269351511626155,2,7.3269351511626155,7.3269351511626155,48.99762561043826,15,29878.3779392356,29934.7024999972,experiment,FIFO,0.28,0,variant_4
8470,ASSEMBLY_2_1,ASSEMBLY2_LINE_1,29900.671037329943,14.96616294317937,3,14.96616294317937,22.293098094341985,34.03146266725889,10,29878.3779392356,29934.7024999972,experiment,FIFO,0.28,0,variant_4
8470,SORTING,SORTING_ROBOT_1,29911.8512706865,11.180233356557437,4,11.180233356557437,33.47333145089942,22.851229310701456,12,29878.3779392356,29934.7024999972,experiment,FIFO,0.28,0,variant_4
8470,PACKAGING_3,PACKAGING_LINE_3,29921.612469813743,9.761199127242435,5,9.761199127242435,43.23453057814186,13.090030183459021,16,29878.3779392356,29934.7024999972,experiment,FIFO,0.28,0,variant_4
8470,INSPECTION_2_1,INSPECTION_2_1_LINE,29921.63348971924,0.02101990549635957,6,0.02101990549635957,43.25555048363822,13.069010277962661,16,29878.3779392356,29934.7024999972,experiment,FIFO,0.28,0,variant_4
8470,INSPECTION_2_2,INSPECTION_2_2_LINE,29921.7365824966,0.10309277736087097,7,0.10309277736087097,43.35864326099909,12.96591750060179,16,29878.3779392356,29934.7024999972,experiment,FIFO,0.28,0,variant_4
8470,INSPECTION_2_3,INSPECTION_2_3_LINE,29922.99487318361,0.6531525088357739,8,1.2582906870084116,44.6169339480075,11.707626813593379,16,29878.3779392356,29934.7024999972,experiment,FIFO,0.28,0,variant_4
8470,INSPECTION_2_4,INSPECTION_2_4_LINE,29925.23822366447,0.7169725610692694,9,2.243350480861409,46.86028442886891,9.46427633273197,17,29878.3779392356,29934.7024999972,experiment,FIFO,0.28,0,variant_4
8470,INSPECTION_2_5,INSPECTION_2_5_LINE,29926.090926199504,0.33793385879835114,10,0.8527025350340409,47.71298696390295,8.611573797697929,17,29878.3779392356,29934.7024999972,experiment,FIFO,0.28,0,variant_4
8470,INSPECTION_2_6,INSPECTION_2_6_LINE,29933.282697109506,2.561184238114947,11,7.191770910001651,54.9047578739046,1.419802887696278,16,29878.3779392356,29934.7024999972,experiment,FIFO,0.28,0,variant_4
8470,INSPECTION_2_7,INSPECTION_2_7_LINE,29934.7024999972,1.419802887696278,12,1.419802887696278,56.32456076160088,0.0,15,29878.3779392356,29934.7024999972,experiment,FIFO,0.28,0,variant_4
8471,MOULDING_1,MOULDING_MACHINE_1,29881.524632944813,3.1466937092118314,1,0.0,0.0,62.283197412234585,14,29881.524632944813,29943.807830357047,experiment,FIFO,0.28,0,variant_4
8471,ASSEMBLY_1_3,LINE_3_ASSEMBLY1,29894.12562533373,0.624986041450029,2,12.600992388917803,12.600992388917803,49.68220502331678,12,29881.524632944813,29943.807830357047,experiment,FIFO,0.28,0,variant_4
8471,ASSEMBLY_2_1,ASSEMBLY2_LINE_1,29902.363679373128,1.6926420431846054,3,8.238054039396957,20.83904642831476,41.444150983919826,11,29881.524632944813,29943.807830357047,experiment,FIFO,0.28,0,variant_4
8471,SORTING,SORTING_ROBOT_1,29913.94935730756,2.0980866210593376,4,11.58567793443217,32.42472436274693,29.858473049487657,12,29881.524632944813,29943.807830357047,experiment,FIFO,0.28,0,variant_4
8471,PACKAGING_3,PACKAGING_LINE_3,29940.491851287446,18.87938147370369,5,26.542493979886785,58.967218342633714,3.3159790696008713,14,29881.524632944813,29943.807830357047,experiment,FIFO,0.28,0,variant_4
8471,INSPECTION_2_1,INSPECTION_2_1_LINE,29940.706528411192,0.21467712374578696,6,0.21467712374578696,59.1818954663795,3.1013019458550843,15,29881.524632944813,29943.807830357047,experiment,FIFO,0.28,0,variant_4
8471,INSPECTION_2_2,INSPECTION_2_2_LINE,29941.16445290901,0.45792449781947653,7,0.45792449781947653,59.63981996419898,2.643377448035608,15,29881.524632944813,29943.807830357047,experiment,FIFO,0.28,0,variant_4
8471,INSPECTION_2_3,INSPECTION_2_3_LINE,29941.324565111816,0.16011220280415728,8,0.16011220280415728,59.799932167003135,2.4832652452314505,15,29881.524632944813,29943.807830357047,experiment,FIFO,0.28,0,variant_4
8471,INSPECTION_2_4,INSPECTION_2_4_LINE,29942.95347317649,1.6289080646747607,9,1.6289080646747607,61.428840231677896,0.8543571805566899,16,29881.524632944813,29943.807830357047,experiment,FIFO,0.28,0,variant_4
8471,INSPECTION_2_5,INSPECTION_2_5_LINE,29943.037751655927,0.0842784794367617,10,0.0842784794367617,61.51311871111466,0.7700787011199282,16,29881.524632944813,29943.807830357047,experiment,FIFO,0.28,0,variant_4
8471,INSPECTION_2_6,INSPECTION_2_6_LINE,29943.70797164382,0.6702199878927786,11,0.6702199878927786,62.183338699007436,0.09985871322714956,16,29881.524632944813,29943.807830357047,experiment,FIFO,0.28,0,variant_4
8471,INSPECTION_2_7,INSPECTION_2_7_LINE,29943.807830357047,0.09985871322714956,12,0.09985871322714956,62.283197412234585,0.0,15,29881.524632944813,29943.807830357047,experiment,FIFO,0.28,0,variant_4
8472,MOULDING_2,MOULDING_MACHINE_2,29878.1371080131,4.1112942501749785,1,0.0,0.0,89.61413350315706,12,29878.1371080131,29967.751241516256,experiment,FIFO,0.28,0,variant_5
8472,ASSEMBLY_1_1,LINE_1_ASSEMBLY1,29889.538572673748,10.076472403317894,2,11.401464660648344,11.401464660648344,78.21266884250872,13,29878.1371080131,29967.751241516256,experiment,FIFO,0.28,0,variant_5
8472,ASSEMBLY_2_2,ASSEMBLY2_LINE_2,29926.51073001457,3.0831209227180807,3,36.97215734082056,48.3736220014689,41.24051150168816,17,29878.1371080131,29967.751241516256,experiment,FIFO,0.28,0,variant_5
8472,SORTING,SORTING_ROBOT_1,29930.07793883082,0.2568747014302062,4,3.5672088162500586,51.94083081771896,37.6733026854381,17,29878.1371080131,29967.751241516256,experiment,FIFO,0.28,0,variant_5
8472,PACKAGING_3,PACKAGING_LINE_3,29955.81172315616,2.6201454469919554,5,25.73378432534082,77.67461514305978,11.939518360097281,17,29878.1371080131,29967.751241516256,experiment,FIFO,0.28,0,variant_5
8472,INSPECTION_1_1,INSPECTION_1_1_LINE,29956.49294685792,0.6812237017620646,6,0.6812237017620646,78.35583884482185,11.258294658335217,17,29878.1371080131,29967.751241516256,experiment,FIFO,0.28,0,variant_5
8472,INSPECTION_1_2,INSPECTION_1_2_LINE,29959.08262853736,2.58968167943749,7,2.58968167943749,80.94552052425934,8.668612978897727,17,29878.1371080131,29967.751241516256,experiment,FIFO,0.28,0,variant_5
8472,INSPECTION_1_3,INSPECTION_1_3_LINE,29960.0098168266,0.927188289242622,8,0.927188289242622,81.87270881350196,7.741424689655105,16,29878.1371080131,29967.751241516256,experiment,FIFO,0.28,0,variant_5
8472,INSPECTION_1_4,INSPECTION_1_4_LINE,29963.15114683559,3.1413300089880067,9,3.1413300089880067,85.01403882248997,4.600094680667098,15,29878.1371080131,29967.751241516256,experiment,FIFO,0.28,0,variant_5
8472,INSPECTION_1_5,INSPECTION_1_5_LINE,29965.916536560977,2.7653897253876494,10,2.7653897253876494,87.77942854787761,1.8347049552794488,14,29878.1371080131,29967.751241516256,experiment,FIFO,0.28,0,variant_5
8472,INSPECTION_1_6,INSPECTION_1_6_LINE,29967.61992174285,1.7033851818741823,11,1.7033851818741823,89.4828137297518,0.13131977340526646,15,29878.1371080131,29967.751241516256,experiment,FIFO,0.28,0,variant_5
8472,INSPECTION_1_7,INSPECTION_1_7_LINE,29967.751241516256,0.13131977340526646,12,0.13131977340526646,89.61413350315706,0.0,14,29878.1371080131,29967.751241516256,experiment,FIFO,0.28,0,variant_5
8473,MOULDING_3,MOULDING_MACHINE_3,29879.816114694622,5.679255193535937,1,0.0,0.0,96.89146883227659,14,29879.816114694622,29976.7075835269,experiment,FIFO,0.28,0,variant_4
8473,ASSEMBLY_1_3,LINE_3_ASSEMBLY1,29893.50063929228,13.68452459765831,2,13.68452459765831,13.68452459765831,83.20694423461828,12,29879.816114694622,29976.7075835269,experiment,FIFO,0.28,0,variant_4
8473,ASSEMBLY_2_2,ASSEMBLY2_LINE_2,29928.728588019178,2.2178580046092975,3,35.22794872689701,48.91247332455532,47.978995507721265,17,29879.816114694622,29976.7075835269,experiment,FIFO,0.28,0,variant_4
8473,SORTING,SORTING_ROBOT_1,29933.745790593235,3.6678517624168308,4,5.017202574057592,53.92967589861291,42.96179293366367,16,29879.816114694622,29976.7075835269,experiment,FIFO,0.28,0,variant_4
8473,PACKAGING_1,PACKAGING_LINE_1,29961.147987527514,27.402196934279345,5,27.402196934279345,81.33187283289226,15.559595999384328,16,29879.816114694622,29976.7075835269,experiment,FIFO,0.28,0,variant_4
8473,INSPECTION_2_1,INSPECTION_2_1_LINE,29967.24760202644,0.41399069499675534,6,6.099614498925803,87.43148733181806,9.459981500458525,15,29879.816114694622,29976.7075835269,experiment,FIFO,0.28,0,variant_4
8473,INSPECTION_2_2,INSPECTION_2_2_LINE,29967.50204459957,0.25444257312847185,7,0.25444257312847185,87.68592990494653,9.205538927330053,15,29879.816114694622,29976.7075835269,experiment,FIFO,0.28,0,variant_4
8473,INSPECTION_2_3,INSPECTION_2_3_LINE,29969.029796956027,1.5277523564582225,8,1.5277523564582225,89.21368226140476,7.677786570871831,13,29879.816114694622,29976.7075835269,experiment,FIFO,0.28,0,variant_4
8473,INSPECTION_2_4,INSPECTION_2_4_LINE,29970.90239920724,0.8053252539612004,9,1.872602251212811,91.08628451261757,5.80518431965902,13,29879.816114694622,29976.7075835269,experiment,FIFO,0.28,0,variant_4
8473,INSPECTION_2_5,INSPECTION_2_5_LINE,29974.20434754706,3.3019483398202283,10,3.3019483398202283,94.3882328524378,2.5032359798387915,12,29879.816114694622,29976.7075835269,experiment,FIFO,0.28,0,variant_4
8473,INSPECTION_2_6,INSPECTION_2_6_LINE,29974.88082110031,0.6764735532487975,11,0.6764735532487975,95.0647064056866,1.826762426589994,12,29879.816114694622,29976.7075835269,experiment,FIFO,0.28,0,variant_4
8473,INSPECTION_2_7,INSPECTION_2_7_LINE,29976.7075835269,1.826762426589994,12,1.826762426589994,96.89146883227659,0.0,11,29879.816114694622,29976.7075835269,experiment,FIFO,0.28,0,variant_4
8474,MOULDING_4,MOULDING_MACHINE_4,29885.000616165893,1.162257358810166,1,0.0,0.0,67.52563978654871,15,29885.000616165893,29952.52625595244,experiment,FIFO,0.28,0,variant_2
8474,ASSEMBLY_1_4,LINE_4_ASSEMBLY1,29900.161861219487,14.456986832723487,2,15.16124505359403,15.16124505359403,52.36439473295468,9,29885.000616165893,29952.52625595244,experiment,FIFO,0.28,0,variant_2
8474,ASSEMBLY_2_1,ASSEMBLY2_LINE_1,29907.62932605297,5.265646679843485,3,7.467464833483973,22.628709887078003,44.896929899470706,11,29885.000616165893,29952.52625595244,experiment,FIFO,0.28,0,variant_2
8474,ASSEMBLY_2_1,ASSEMBLY2_LINE_1,29911.214837291154,3.585511238183244,4,3.585511238183244,26.214221125261247,41.31141866128746,11,29885.000616165893,29952.52625595244,experiment,FIFO,0.28,0,variant_2
8474,SORTING,SORTING_ROBOT_1,29918.78917791836,2.8206178758046008,5,7.574340627204947,33.788561752466194,33.737078034082515,13,29885.000616165893,29952.52625595244,experiment,FIFO,0.28,0,variant_2
8474,PACKAGING_3,PACKAGING_LINE_3,29944.43567243218,3.943821144734102,6,25.64649451382138,59.435056266287575,8.090583520261134,15,29885.000616165893,29952.52625595244,experiment,FIFO,0.28,0,variant_2
8474,INSPECTION_2_1,INSPECTION_2_1_LINE,29945.0177835204,0.5821110882206995,7,0.5821110882206995,60.017167354508274,7.508472432040435,15,29885.000616165893,29952.52625595244,experiment,FIFO,0.28,0,variant_2
8474,INSPECTION_2_2,INSPECTION_2_2_LINE,29945.516663307004,0.4988797866026289,8,0.4988797866026289,60.5160471411109,7.009592645437806,15,29885.000616165893,29952.52625595244,experiment,FIFO,0.28,0,variant_2
8474,INSPECTION_2_3,INSPECTION_2_3_LINE,29945.795053223643,0.2783899166388437,9,0.2783899166388437,60.79443705774975,6.731202728798962,15,29885.000616165893,29952.52625595244,experiment,FIFO,0.28,0,variant_2
8474,INSPECTION_2_4,INSPECTION_2_4_LINE,29945.96203169638,0.16697847273826483,10,0.16697847273826483,60.96141553048801,6.564224256060697,15,29885.000616165893,29952.52625595244,experiment,FIFO,0.28,0,variant_2
8474,INSPECTION_2_5,INSPECTION_2_5_LINE,29946.01032857224,0.04829687585879583,11,0.04829687585879583,61.00971240634681,6.5159273802019015,15,29885.000616165893,29952.52625595244,experiment,FIFO,0.28,0,variant_2
8474,INSPECTION_2_6,INSPECTION_2_6_LINE,29951.90735701073,5.897028438488633,12,5.897028438488633,66.90674084483544,0.6188989417132689,17,29885.000616165893,29952.52625595244,experiment,FIFO,0.28,0,variant_2
8474,INSPECTION_2_7,INSPECTION_2_7_LINE,29952.52625595244,0.6188989417132689,13,0.6188989417132689,67.52563978654871,0.0,16,29885.000616165893,29952.52625595244,experiment,FIFO,0.28,0,variant_2
8475,MOULDING_1,MOULDING_MACHINE_1,29895.91320648892,6.667061036303494,1,0.0,0.0,66.80511293285963,11,29895.91320648892,29962.71831942178,experiment,FIFO,0.28,0,variant_2
8475,ASSEMBLY_1_2,LINE_2_ASSEMBLY1,29910.52964643696,14.616439948040352,2,14.616439948040352,14.616439948040352,52.18867298481928,11,29895.91320648892,29962.71831942178,experiment,FIFO,0.28,0,variant_2
8475,ASSEMBLY_2_1,ASSEMBLY2_LINE_1,29922.791790949475,11.576953658321145,3,12.262144512515079,26.87858446055543,39.9265284723042,16,29895.91320648892,29962.71831942178,experiment,FIFO,0.28,0,variant_2
8475,SORTING,SORTING_ROBOT_1,29923.31185358144,0.5200626319638104,4,0.5200626319638104,27.39864709251924,39.40646584034039,16,29895.91320648892,29962.71831942178,experiment,FIFO,0.28,0,variant_2
8475,PACKAGING_3,PACKAGING_LINE_3,29953.191577709167,8.755905276986596,5,29.879724127727968,57.27837122024721,9.52674171261242,17,29895.91320648892,29962.71831942178,experiment,FIFO,0.28,0,variant_2
8475,INSPECTION_2_1,INSPECTION_2_1_LINE,29953.220837163808,0.02925945464085089,6,0.02925945464085089,57.30763067488806,9.49748225797157,17,29895.91320648892,29962.71831942178,experiment,FIFO,0.28,0,variant_2
8475,INSPECTION_2_2,INSPECTION_2_2_LINE,29954.743640477165,1.5228033133571444,7,1.5228033133571444,58.830433988245204,7.974678944614425,17,29895.91320648892,29962.71831942178,experiment,FIFO,0.28,0,variant_2
8475,INSPECTION_2_3,INSPECTION_2_3_LINE,29955.87713133316,0.8933126390475081,8,1.1334908559947507,59.963924844239955,6.841188088619674,17,29895.91320648892,29962.71831942178,experiment,FIFO,0.28,0,variant_2
8475,INSPECTION_2_4,INSPECTION_2_4_LINE,29957.736964842272,0.8901232522002829,9,1.8598335091119225,61.82375835335188,4.981354579507752,17,29895.91320648892,29962.71831942178,experiment,FIFO,0.28,0,variant_2
8475,INSPECTION_2_5,INSPECTION_2_5_LINE,29960.623855079724,2.8868902374524623,10,2.8868902374524623,64.71064859080434,2.0944643420552893,16,29895.91320648892,29962.71831942178,experiment,FIFO,0.28,0,variant_2
8475,INSPECTION_2_6,INSPECTION_2_6_LINE,29960.625660793183,0.0018057134584523737,11,0.0018057134584523737,64.71245430426279,2.092658628596837,16,29895.91320648892,29962.71831942178,experiment,FIFO,0.28,0,variant_2
8475,INSPECTION_2_7,INSPECTION_2_7_LINE,29962.71831942178,2.092658628596837,12,2.092658628596837,66.80511293285963,0.0,15,29895.91320648892,29962.71831942178,experiment,FIFO,0.28,0,variant_2
8476,MOULDING_2,MOULDING_MACHINE_2,29901.45639439942,7.151443995291629,1,0.0,0.0,78.43022879649652,11,29901.45639439942,29979.88662319592,experiment,FIFO,0.28,0,variant_6
8476,ASSEMBLY_1_1,LINE_1_ASSEMBLY1,29933.939273652104,4.930798636025429,2,32.482879252682324,32.482879252682324,45.9473495438142,16,29901.45639439942,29979.88662319592,experiment,FIFO,0.28,0,variant_6
8476,ASSEMBLY_2_2,ASSEMBLY2_LINE_2,29958.91577130409,2.7690254577864835,3,24.9764976519873,57.459376904669625,20.970851891826896,17,29901.45639439942,29979.88662319592,experiment,FIFO,0.28,0,variant_6
8476,SORTING,SORTING_ROBOT_1,29969.944327870537,5.599956737616594,4,11.028556566445332,68.48793347111496,9.942295325381565,13,29901.45639439942,29979.88662319592,experiment,FIFO,0.28,0,variant_6
8476,PACKAGING_3,PACKAGING_LINE_3,29971.613075282068,1.6687474115315126,5,1.6687474115315126,70.15668088264647,8.273547913850052,13,29901.45639439942,29979.88662319592,experiment,FIFO,0.28,0,variant_6
8476,INSPECTION_2_1,INSPECTION_2_1_LINE,29972.68012970115,1.0670544190834335,6,1.0670544190834335,71.2237353017299,7.206493494766619,12,29901.45639439942,29979.88662319592,experiment,FIFO,0.28,0,variant_6
8476,INSPECTION_2_2,INSPECTION_2_2_LINE,29975.90860455604,3.2284748548881907,7,3.2284748548881907,74.4522101566181,3.978018639878428,12,29901.45639439942,29979.88662319592,experiment,FIFO,0.28,0,variant_6
8476,INSPECTION_2_3,INSPECTION_2_3_LINE,29976.23385892659,0.32525437054937356,8,0.32525437054937356,74.77746452716747,3.6527642693290545,12,29901.45639439942,29979.88662319592,experiment,FIFO,0.28,0,variant_6
8476,INSPECTION_2_4,INSPECTION_2_4_LINE,29976.719036937284,0.4851780106946535,9,0.4851780106946535,75.26264253786212,3.167586258634401,11,29901.45639439942,29979.88662319592,experiment,FIFO,0.28,0,variant_6
8476,INSPECTION_2_5,INSPECTION_2_5_LINE,29977.92960137062,1.2105644333350938,10,1.2105644333350938,76.47320697119721,1.9570218252993072,11,29901.45639439942,29979.88662319592,experiment,FIFO,0.28,0,variant_6
8476,INSPECTION_2_6,INSPECTION_2_6_LINE,29978.10339453345,0.1737931628304068,11,0.1737931628304068,76.64700013402762,1.7832286624689004,11,29901.45639439942,29979.88662319592,experiment,FIFO,0.28,0,variant_6
8476,INSPECTION_2_7,INSPECTION_2_7_LINE,29979.88662319592,1.2407864193446585,12,1.7832286624689004,78.43022879649652,0.0,9,29901.45639439942,29979.88662319592,experiment,FIFO,0.28,0,variant_6
8477,MOULDING_2,MOULDING_MACHINE_2,29902.40451130216,0.9481169027385477,1,0.0,0.0,65.72715773767413,12,29902.40451130216,29968.131669039834,experiment,FIFO,0.28,0,variant_5
8477,ASSEMBLY_1_5,LINE_5_ASSEMBLY1,29918.82800417765,16.42349287548859,2,16.42349287548859,16.42349287548859,49.30366486218554,14,29902.40451130216,29968.131669039834,experiment,FIFO,0.28,0,variant_5
8477,ASSEMBLY_2_2,ASSEMBLY2_LINE_2,29941.15921156247,3.2411867913288006,3,22.331207384821028,38.75470026030962,26.972457477364514,15,29902.40451130216,29968.131669039834,experiment,FIFO,0.28,0,variant_5
8477,SORTING,SORTING_ROBOT_1,29950.46591070421,0.09155340571305715,4,9.306699141739955,48.061399402049574,17.66575833562456,16,29902.40451130216,29968.131669039834,experiment,FIFO,0.28,0,variant_5
8477,PACKAGING_3,PACKAGING_LINE_3,29961.16494542981,2.2940053521415393,5,10.699034725599631,58.760434127649205,6.966723610024928,16,29902.40451130216,29968.131669039834,experiment,FIFO,0.28,0,variant_5
8477,INSPECTION_1_1,INSPECTION_1_1_LINE,29962.447391168786,1.2824457389760937,6,1.2824457389760937,60.0428798666253,5.684277871048835,16,29902.40451130216,29968.131669039834,experiment,FIFO,0.28,0,variant_5
8477,INSPECTION_1_2,INSPECTION_1_2_LINE,29963.1645613384,0.7171701696133823,7,0.7171701696133823,60.76005003623868,4.967107701435452,15,29902.40451130216,29968.131669039834,experiment,FIFO,0.28,0,variant_5
8477,INSPECTION_1_3,INSPECTION_1_3_LINE,29963.74905219687,0.5844908584695077,8,0.5844908584695077,61.34454089470819,4.382616842965945,15,29902.40451130216,29968.131669039834,experiment,FIFO,0.28,0,variant_5
8477,INSPECTION_1_4,INSPECTION_1_4_LINE,29964.319103650527,0.5700514536583796,9,0.5700514536583796,61.91459234836657,3.812565389307565,15,29902.40451130216,29968.131669039834,experiment,FIFO,0.28,0,variant_5
8477,INSPECTION_1_5,INSPECTION_1_5_LINE,29967.40288538009,1.4863488191112992,10,3.0837817295614514,64.99837407792802,0.7287836597461137,15,29902.40451130216,29968.131669039834,experiment,FIFO,0.28,0,variant_5
8477,INSPECTION_1_6,INSPECTION_1_6_LINE,29967.90591366707,0.28599192421825137,11,0.5030282869811344,65.50140236490915,0.22575537276497926,14,29902.40451130216,29968.131669039834,experiment,FIFO,0.28,0,variant_5
8477,INSPECTION_1_7,INSPECTION_1_7_LINE,29968.131669039834,0.22575537276497926,12,0.22575537276497926,65.72715773767413,0.0,13,29902.40451130216,29968.131669039834,experiment,FIFO,0.28,0,variant_5
8478,MOULDING_3,MOULDING_MACHINE_3,29900.53062534757,0.7084298471272632,1,0.0,0.0,83.5777621466732,10,29900.53062534757,29984.10838749424,experiment,FIFO,0.28,0,variant_3
8478,ASSEMBLY_1_1,LINE_1_ASSEMBLY1,29929.00847501608,28.477849668510316,2,28.477849668510316,28.477849668510316,55.09991247816288,17,29900.53062534757,29984.10838749424,experiment,FIFO,0.28,0,variant_3
8478,ASSEMBLY_2_2,ASSEMBLY2_LINE_2,29945.717598948424,4.55838738595412,3,16.709123932345392,45.18697360085571,38.390788545817486,15,29900.53062534757,29984.10838749424,experiment,FIFO,0.28,0,variant_3
8478,SORTING,SORTING_ROBOT_1,29962.904960047643,8.351821944263065,4,17.187361099218833,62.37433470007454,21.203427446598653,15,29900.53062534757,29984.10838749424,experiment,FIFO,0.28,0,variant_3
8478,PACKAGING_2,PACKAGING_LINE_2,29964.76955015885,1.250432801192801,5,1.8645901112067804,64.23892481128132,19.338837335391872,15,29900.53062534757,29984.10838749424,experiment,FIFO,0.28,0,variant_3
8478,INSPECTION_1_1,INSPECTION_1_1_LINE,29966.45262736042,0.8302282435797679,6,1.6830772015709954,65.92200201285232,17.655760133820877,14,29900.53062534757,29984.10838749424,experiment,FIFO,0.28,0,variant_3
8478,INSPECTION_1_2,INSPECTION_1_2_LINE,29966.9683544312,0.5157270707786665,7,0.5157270707786665,66.43772908363098,17.14003306304221,14,29900.53062534757,29984.10838749424,experiment,FIFO,0.28,0,variant_3
8478,INSPECTION_1_3,INSPECTION_1_3_LINE,29967.78511320741,0.651452572310518,8,0.8167587762109179,67.2544878598419,16.323274286831293,14,29900.53062534757,29984.10838749424,experiment,FIFO,0.28,0,variant_3
8478,INSPECTION_1_4,INSPECTION_1_4_LINE,29972.50571237204,0.49942064753122395,9,4.720599164629675,71.97508702447158,11.602675122201617,12,29900.53062534757,29984.10838749424,experiment,FIFO,0.28,0,variant_3
8478,INSPECTION_1_5,INSPECTION_1_5_LINE,29976.68347580665,0.9734102237889601,10,4.177763434610824,76.1528504590824,7.424911687590793,12,29900.53062534757,29984.10838749424,experiment,FIFO,0.28,0,variant_3
8478,INSPECTION_1_6,INSPECTION_1_6_LINE,29983.15449733289,2.9578911733988207,11,6.471021526238474,82.62387198532087,0.9538901613523194,8,29900.53062534757,29984.10838749424,experiment,FIFO,0.28,0,variant_3
8478,INSPECTION_1_7,INSPECTION_1_7_LINE,29984.10838749424,0.9538901613523194,12,0.9538901613523194,83.5777621466732,0.0,7,29900.53062534757,29984.10838749424,experiment,FIFO,0.28,0,variant_3
8479,MOULDING_3,MOULDING_MACHINE_3,29918.90720347476,15.993547423808195,1,0.0,0.0,45.92237249793834,15,29918.90720347476,29964.829575972697,experiment,FIFO,0.28,0,variant_1
8479,ASSEMBLY_1_4,LINE_4_ASSEMBLY1,29919.41091907108,0.5037155963218538,2,0.5037155963218538,0.5037155963218538,45.41865690161649,15,29918.90720347476,29964.829575972697,experiment,FIFO,0.28,0,variant_1
8479,ASSEMBLY_2_1,ASSEMBLY2_LINE_1,29933.373442329885,10.581651380409312,3,13.96252325880414,14.466238855125994,31.456133642812347,16,29918.90720347476,29964.829575972697,experiment,FIFO,0.28,0,variant_1
8479,SORTING,SORTING_ROBOT_1,29937.29456090553,3.5487703122962557,4,3.9211185756466875,18.38735743077268,27.53501506716566,14,29918.90720347476,29964.829575972697,experiment,FIFO,0.28,0,variant_1
8479,PACKAGING_3,PACKAGING_LINE_3,29957.00437744765,1.1926542914916354,5,19.70981654211937,38.09717397289205,7.825198525046289,17,29918.90720347476,29964.829575972697,experiment,FIFO,0.28,0,variant_1
8479,INSPECTION_2_1,INSPECTION_2_1_LINE,29957.77941197864,0.7750345309905242,6,0.7750345309905242,38.872208503882575,7.050163994055765,17,29918.90720347476,29964.829575972697,experiment,FIFO,0.28,0,variant_1
8479,INSPECTION_2_2,INSPECTION_2_2_LINE,29957.82502039514,0.045608416497998405,7,0.045608416497998405,38.917816920380574,7.004555577557767,17,29918.90720347476,29964.829575972697,experiment,FIFO,0.28,0,variant_1
8479,INSPECTION_2_3,INSPECTION_2_3_LINE,29958.10567934264,0.28065894750034204,8,0.28065894750034204,39.198475867880916,6.723896630057425,17,29918.90720347476,29964.829575972697,experiment,FIFO,0.28,0,variant_1
8479,INSPECTION_2_4,INSPECTION_2_4_LINE,29961.0925265068,2.986847164160281,9,2.986847164160281,42.1853230320412,3.737049465897144,16,29918.90720347476,29964.829575972697,experiment,FIFO,0.28,0,variant_1
8479,INSPECTION_2_5,INSPECTION_2_5_LINE,29961.616544066423,0.5240175596227346,10,0.5240175596227346,42.70934059166393,3.2130319062744093,16,29918.90720347476,29964.829575972697,experiment,FIFO,0.28,0,variant_1
8479,INSPECTION_2_6,INSPECTION_2_6_LINE,29962.24704634268,0.6305022762571753,11,0.6305022762571753,43.33984286792111,2.582529630017234,16,29918.90720347476,29964.829575972697,experiment,FIFO,0.28,0,variant_1
8479,INSPECTION_2_7,INSPECTION_2_7_LINE,29964.829575972697,2.11125655091746,12,2.582529630017234,45.92237249793834,0.0,14,29918.90720347476,29964.829575972697,experiment,FIFO,0.28,0,variant_1
8480,MOULDING_1,MOULDING_MACHINE_1,29911.77054850708,6.423535349993472,1,0.0,0.0,66.87528826949347,12,29911.77054850708,29978.645836776574,experiment,FIFO,0.28,0,variant_4
8480,ASSEMBLY_1_3,LINE_3_ASSEMBLY1,29914.227671457626,2.457122950545454,2,2.457122950545454,2.457122950545454,64.41816531894801,12,29911.77054850708,29978.645836776574,experiment,FIFO,0.28,0,variant_4
8480,ASSEMBLY_2_2,ASSEMBLY2_LINE_2,29937.91802477114,9.189436751963513,3,23.690353313515516,26.14747626406097,40.7278120054325,14,29911.77054850708,29978.645836776574,experiment,FIFO,0.28,0,variant_4
8480,SORTING,SORTING_ROBOT_1,29941.594210098287,3.676185327145504,4,3.676185327145504,29.823661591206474,37.05162667828699,15,29911.77054850708,29978.645836776574,experiment,FIFO,0.28,0,variant_4
8480,PACKAGING_1,PACKAGING_LINE_1,29961.680724895115,0.5327373676009302,5,20.08651479682885,49.910176388035325,16.965111881458142,16,29911.77054850708,29978.645836776574,experiment,FIFO,0.28,0,variant_4
8480,INSPECTION_2_1,INSPECTION_2_1_LINE,29967.291145922187,0.04354389574655215,6,5.610421027071425,55.52059741510675,11.354690854386718,15,29911.77054850708,29978.645836776574,experiment,FIFO,0.28,0,variant_4
8480,INSPECTION_2_2,INSPECTION_2_2_LINE,29968.064784233626,0.5627396340569248,7,0.7736383114388445,56.294235726545594,10.581052542947873,14,29911.77054850708,29978.645836776574,experiment,FIFO,0.28,0,variant_4
8480,INSPECTION_2_3,INSPECTION_2_3_LINE,29969.805167314506,0.7753703584785399,8,1.7403830808798375,58.03461880742543,8.840669462068036,13,29911.77054850708,29978.645836776574,experiment,FIFO,0.28,0,variant_4
8480,INSPECTION_2_4,INSPECTION_2_4_LINE,29973.926231931004,3.023832723763917,9,4.121064616498188,62.15568342392362,4.719604845569847,12,29911.77054850708,29978.645836776574,experiment,FIFO,0.28,0,variant_4
8480,INSPECTION_2_5,INSPECTION_2_5_LINE,29974.440210566085,0.2358630190246913,10,0.5139786350810027,62.66966205900462,4.205626210488845,12,29911.77054850708,29978.645836776574,experiment,FIFO,0.28,0,variant_4
8480,INSPECTION_2_6,INSPECTION_2_6_LINE,29976.14650308972,1.2656819894109503,11,1.7062925236350566,64.37595458263968,2.499333686853788,12,29911.77054850708,29978.645836776574,experiment,FIFO,0.28,0,variant_4
8480,INSPECTION_2_7,INSPECTION_2_7_LINE,29978.645836776574,1.9382532496747444,12,2.499333686853788,66.87528826949347,0.0,10,29911.77054850708,29978.645836776574,experiment,FIFO,0.28,0,variant_4
8481,MOULDING_5,MOULDING_MACHINE_5,29920.01081544979,6.73703512850625,1,0.0,0.0,70.4743968071125,16,29920.01081544979,29990.485212256903,experiment,FIFO,0.28,0,variant_6
8481,ASSEMBLY_1_2,LINE_2_ASSEMBLY1,29930.86832974917,10.857514299379545,2,10.857514299379545,10.857514299379545,59.61688250773295,17,29920.01081544979,29990.485212256903,experiment,FIFO,0.28,0,variant_6
8481,ASSEMBLY_2_2,ASSEMBLY2_LINE_2,29956.146745846305,10.429146897880855,3,25.27841609713505,36.135930396514595,34.3384664105979,17,29920.01081544979,29990.485212256903,experiment,FIFO,0.28,0,variant_6
8481,SORTING,SORTING_ROBOT_1,29964.34437113292,1.4394110852772428,4,8.19762528661522,44.333555683129816,26.140841123982682,15,29920.01081544979,29990.485212256903,experiment,FIFO,0.28,0,variant_6
8481,PACKAGING_1,PACKAGING_LINE_1,29966.07871675508,1.7343456221606175,5,1.7343456221606175,46.067901305290434,24.406495501822064,14,29920.01081544979,29990.485212256903,experiment,FIFO,0.28,0,variant_6
8481,INSPECTION_1_1,INSPECTION_1_1_LINE,29967.36417468651,0.9115473260899307,6,1.2854579314298462,47.35335923672028,23.121037570392218,15,29920.01081544979,29990.485212256903,experiment,FIFO,0.28,0,variant_6
8481,INSPECTION_1_2,INSPECTION_1_2_LINE,29971.551296883725,4.187122197214194,7,4.187122197214194,51.540481433934474,18.933915373178024,13,29920.01081544979,29990.485212256903,experiment,FIFO,0.28,0,variant_6
8481,INSPECTION_1_3,INSPECTION_1_3_LINE,29972.613929851475,1.0626329677506874,8,1.0626329677506874,52.60311440168516,17.871282405427337,12,29920.01081544979,29990.485212256903,experiment,FIFO,0.28,0,variant_6
8481,INSPECTION_1_4,INSPECTION_1_4_LINE,29974.33995854772,1.7260286962446116,9,1.7260286962446116,54.32914309792977,16.145253709182725,12,29920.01081544979,29990.485212256903,experiment,FIFO,0.28,0,variant_6
8481,INSPECTION_1_5,INSPECTION_1_5_LINE,29980.65080158073,3.9673257740796544,10,6.310843033010315,60.63998613094009,9.83441067617241,9,29920.01081544979,29990.485212256903,experiment,FIFO,0.28,0,variant_6
8481,INSPECTION_1_6,INSPECTION_1_6_LINE,29988.86369189361,5.709194560720789,11,8.212890312879608,68.8528764438197,1.6215203632928024,6,29920.01081544979,29990.485212256903,experiment,FIFO,0.28,0,variant_6
8481,INSPECTION_1_7,INSPECTION_1_7_LINE,29989.2745505694,0.41085867579022306,12,0.41085867579022306,69.26373511960992,1.2106616875025793,6,29920.01081544979,29990.485212256903,experiment,FIFO,0.28,0,variant_6
8481,INSPECTION_1_7,INSPECTION_1_7_LINE,29990.485212256903,1.2106616875025793,13,1.2106616875025793,70.4743968071125,0.0,5,29920.01081544979,29990.485212256903,experiment,FIFO,0.28,0,variant_6
8482,MOULDING_2,MOULDING_MACHINE_2,29918.303430345328,3.6885165908533963,1,0.0,0.0,74.16784010071206,13,29918.303430345328,29992.47127044604,experiment,FIFO,0.28,0,variant_2
8482,ASSEMBLY_1_1,LINE_1_ASSEMBLY1,29936.798955766364,2.8596821142600675,2,18.49552542103629,18.49552542103629,55.672314679675765,14,29918.303430345328,29992.47127044604,experiment,FIFO,0.28,0,variant_2
8482,ASSEMBLY_2_2,ASSEMBLY2_LINE_2,29961.702258451955,2.7864871478632267,3,24.90330268559046,43.39882810662675,30.769011994085304,16,29918.303430345328,29992.47127044604,experiment,FIFO,0.28,0,variant_2
8482,SORTING,SORTING_ROBOT_1,29971.931343423632,0.6241495965514332,4,10.229084971677366,53.62791307830412,20.539927022407937,12,29918.303430345328,29992.47127044604,experiment,FIFO,0.28,0,variant_2
8482,PACKAGING_3,PACKAGING_LINE_3,29973.09139523136,1.1600518077284505,5,1.1600518077284505,54.78796488603257,19.379875214679487,12,29918.303430345328,29992.47127044604,experiment,FIFO,0.28,0,variant_2
8482,INSPECTION_2_1,INSPECTION_2_1_LINE,29974.385198126325,1.0453464973252267,6,1.293802894964756,56.081767780997325,18.08607231971473,12,29918.303430345328,29992.47127044604,experiment,FIFO,0.28,0,variant_2
8482,INSPECTION_2_2,INSPECTION_2_2_LINE,29979.609928631497,2.2140092061417818,7,5.224730505171465,61.30649828616879,12.861341814543266,10,29918.303430345328,29992.47127044604,experiment,FIFO,0.28,0,variant_2
8482,INSPECTION_2_3,INSPECTION_2_3_LINE,29979.740013748986,0.13008511748921592,8,0.13008511748921592,61.436583403658005,12.73125669705405,10,29918.303430345328,29992.47127044604,experiment,FIFO,0.28,0,variant_2
8482,INSPECTION_2_4,INSPECTION_2_4_LINE,29979.83565670577,0.09564295678501367,9,0.09564295678501367,61.53222636044302,12.635613740269036,10,29918.303430345328,29992.47127044604,experiment,FIFO,0.28,0,variant_2
8482,INSPECTION_2_5,INSPECTION_2_5_LINE,29983.336592037434,0.29952557505021105,10,3.5009353316636407,65.03316169210666,9.134678408605396,8,29918.303430345328,29992.47127044604,experiment,FIFO,0.28,0,variant_2
8482,INSPECTION_2_6,INSPECTION_2_6_LINE,29988.29332881107,2.018646883978363,11,4.956736773634475,69.98989846574113,4.177941634970921,6,29918.303430345328,29992.47127044604,experiment,FIFO,0.28,0,variant_2
8482,INSPECTION_2_7,INSPECTION_2_7_LINE,29992.47127044604,4.177941634970921,12,4.177941634970921,74.16784010071206,0.0,4,29918.303430345328,29992.47127044604,experiment,FIFO,0.28,0,variant_2
8483,MOULDING_4,MOULDING_MACHINE_4,29918.81723531653,0.9145948461882654,1,0.0,0.0,40.27798800247547,14,29918.81723531653,29959.095223319004,experiment,FIFO,0.28,0,variant_3
8483,ASSEMBLY_1_3,LINE_3_ASSEMBLY1,29925.56781681743,6.750581500902626,2,6.750581500902626,6.750581500902626,33.52740650157284,17,29918.81723531653,29959.095223319004,experiment,FIFO,0.28,0,variant_3
8483,ASSEMBLY_2_1,ASSEMBLY2_LINE_1,29939.74483603253,6.371393702644127,3,14.177019215097971,20.927600716000597,19.35038728647487,14,29918.81723531653,29959.095223319004,experiment,FIFO,0.28,0,variant_3
8483,SORTING,SORTING_ROBOT_1,29942.709917617653,1.1157075193659693,4,2.9650815851236985,23.892682301124296,16.38530570135117,16,29918.81723531653,29959.095223319004,experiment,FIFO,0.28,0,variant_3
8483,PACKAGING_2,PACKAGING_LINE_2,29948.498798208097,5.788880590444023,5,5.788880590444023,29.68156289156832,10.596425110907148,16,29918.81723531653,29959.095223319004,experiment,FIFO,0.28,0,variant_3
8483,INSPECTION_2_1,INSPECTION_2_1_LINE,29949.09890652143,0.6001083133342036,6,0.6001083133342036,30.281671204902523,9.996316797572945,16,29918.81723531653,29959.095223319004,experiment,FIFO,0.28,0,variant_3
8483,INSPECTION_2_2,INSPECTION_2_2_LINE,29949.19819777023,0.09929124880000018,7,0.09929124880000018,30.380962453702523,9.897025548772945,16,29918.81723531653,29959.095223319004,experiment,FIFO,0.28,0,variant_3
8483,INSPECTION_2_3,INSPECTION_2_3_LINE,29954.983818694112,5.785620923881652,8,5.785620923881652,36.166583377584175,4.111404624891293,17,29918.81723531653,29959.095223319004,experiment,FIFO,0.28,0,variant_3
8483,INSPECTION_2_4,INSPECTION_2_4_LINE,29956.84684159007,1.8630228959591477,9,1.8630228959591477,38.02960627354332,2.248381728932145,17,29918.81723531653,29959.095223319004,experiment,FIFO,0.28,0,variant_3
8483,INSPECTION_2_5,INSPECTION_2_5_LINE,29957.35827906037,0.5114374702970963,10,0.5114374702970963,38.54104374384042,1.7369442586350488,17,29918.81723531653,29959.095223319004,experiment,FIFO,0.28,0,variant_3
8483,INSPECTION_2_6,INSPECTION_2_6_LINE,29958.700979312816,1.3427002524476848,11,1.3427002524476848,39.8837439962881,0.394244006187364,17,29918.81723531653,29959.095223319004,experiment,FIFO,0.28,0,variant_3
8483,INSPECTION_2_7,INSPECTION_2_7_LINE,29959.095223319004,0.394244006187364,12,0.394244006187364,40.27798800247547,0.0,16,29918.81723531653,29959.095223319004,experiment,FIFO,0.28,0,variant_3
8484,MOULDING_5,MOULDING_MACHINE_5,29950.97030809256,27.807750318490434,1,0.0,0.0,45.735762518528645,17,29950.97030809256,29996.70607061109,experiment,FIFO,0.28,0,variant_3
8484,ASSEMBLY_1_1,LINE_1_ASSEMBLY1,29955.40700768405,2.5426624042920594,2,4.436699591489742,4.436699591489742,41.299062927038904,17,29950.97030809256,29996.70607061109,experiment,FIFO,0.28,0,variant_3
8484,ASSEMBLY_2_1,ASSEMBLY2_LINE_1,29974.560148630608,5.634019931861985,3,19.15314094655696,23.5898405380467,22.145921980481944,12,29950.97030809256,29996.70607061109,experiment,FIFO,0.28,0,variant_3
8484,SORTING,SORTING_ROBOT_1,29985.021869979348,3.2920338795156567,4,10.461721348739957,34.05156188678666,11.684200631741987,7,29950.97030809256,29996.70607061109,experiment,FIFO,0.28,0,variant_3
8484,PACKAGING_1,PACKAGING_LINE_1,29988.03957325598,3.017703276633256,5,3.017703276633256,37.069265163419914,8.666497355108731,6,29950.97030809256,29996.70607061109,experiment,FIFO,0.28,0,variant_3
8484,INSPECTION_2_1,INSPECTION_2_1_LINE,29990.081174471987,2.0416012160058017,6,2.0416012160058017,39.110866379425715,6.62489613910293,6,29950.97030809256,29996.70607061109,experiment,FIFO,0.28,0,variant_3
8484,INSPECTION_2_2,INSPECTION_2_2_LINE,29991.165347361934,1.0841728899467853,7,1.0841728899467853,40.1950392693725,5.5407232491561444,5,29950.97030809256,29996.70607061109,experiment,FIFO,0.28,0,variant_3
8484,INSPECTION_2_3,INSPECTION_2_3_LINE,29991.546880246,0.38153288406465435,8,0.38153288406465435,40.576572153437155,5.15919036509149,5,29950.97030809256,29996.70607061109,experiment,FIFO,0.28,0,variant_3
8484,INSPECTION_2_4,INSPECTION_2_4_LINE,29993.05038516585,1.5035049198522756,9,1.5035049198522756,42.08007707328943,3.6556854452392145,2,29950.97030809256,29996.70607061109,experiment,FIFO,0.28,0,variant_3
8484,INSPECTION_2_5,INSPECTION_2_5_LINE,29993.50714667373,0.45676150788131054,10,0.45676150788131054,42.53683858117074,3.198923937357904,2,29950.97030809256,29996.70607061109,experiment,FIFO,0.28,0,variant_3
8484,INSPECTION_2_6,INSPECTION_2_6_LINE,29996.54381016647,3.0366634927377163,11,3.0366634927377163,45.57350207390846,0.16226044462018763,1,29950.97030809256,29996.70607061109,experiment,FIFO,0.28,0,variant_3
8484,INSPECTION_2_7,INSPECTION_2_7_LINE,29996.70607061109,0.16226044462018763,12,0.16226044462018763,45.735762518528645,0.0,0,29950.97030809256,29996.70607061109,experiment,FIFO,0.28,0,variant_3
8485,MOULDING_4,MOULDING_MACHINE_4,29924.942568785387,1.4927867477490508,1,0.0,0.0,46.87590781117251,17,29924.942568785387,29971.81847659656,experiment,FIFO,0.28,0,variant_5
8485,ASSEMBLY_1_5,LINE_5_ASSEMBLY1,29929.42725046049,4.484681675101456,2,4.484681675101456,4.484681675101456,42.391226136071054,17,29924.942568785387,29971.81847659656,experiment,FIFO,0.28,0,variant_5
8485,ASSEMBLY_2_1,ASSEMBLY2_LINE_1,29940.842258455992,1.0974224234632857,3,11.415007995503402,15.899689670604857,30.976218140567653,15,29924.942568785387,29971.81847659656,experiment,FIFO,0.28,0,variant_5
8485,SORTING,SORTING_ROBOT_1,29950.374357298497,7.664439680844225,4,9.532098842504638,25.431788513109495,21.444119298063015,16,29924.942568785387,29971.81847659656,experiment,FIFO,0.28,0,variant_5
8485,PACKAGING_3,PACKAGING_LINE_3,29958.870940077668,1.8665626300171425,5,8.496582779171149,33.928371292280644,12.947536518891866,17,29924.942568785387,29971.81847659656,experiment,FIFO,0.28,0,variant_5
8485,INSPECTION_2_1,INSPECTION_2_1_LINE,29966.833611331444,7.962671253775625,6,7.962671253775625,41.89104254605627,4.984865265116241,14,29924.942568785387,29971.81847659656,experiment,FIFO,0.28,0,variant_5
8485,INSPECTION_2_2,INSPECTION_2_2_LINE,29967.041084176195,0.20747284475146444,7,0.20747284475146444,42.098515390807734,4.777392420364777,14,29924.942568785387,29971.81847659656,experiment,FIFO,0.28,0,variant_5
8485,INSPECTION_2_3,INSPECTION_2_3_LINE,29967.12083190036,0.0797477241649176,8,0.0797477241649176,42.17826311497265,4.697644696199859,15,29924.942568785387,29971.81847659656,experiment,FIFO,0.28,0,variant_5
8485,INSPECTION_2_4,INSPECTION_2_4_LINE,29970.09707395328,2.9762420529186784,9,2.9762420529186784,45.15450516789133,1.7214026432811806,13,29924.942568785387,29971.81847659656,experiment,FIFO,0.28,0,variant_5
8485,INSPECTION_2_5,INSPECTION_2_5_LINE,29970.62934503024,0.5322710769614787,10,0.5322710769614787,45.68677624485281,1.189131566319702,13,29924.942568785387,29971.81847659656,experiment,FIFO,0.28,0,variant_5
8485,INSPECTION_2_6,INSPECTION_2_6_LINE,29971.48631577552,0.8569707452807052,11,0.8569707452807052,46.54374699013351,0.3321608210389968,13,29924.942568785387,29971.81847659656,experiment,FIFO,0.28,0,variant_5
8485,INSPECTION_2_7,INSPECTION_2_7_LINE,29971.81847659656,0.3321608210389968,12,0.3321608210389968,46.87590781117251,0.0,12,29924.942568785387,29971.81847659656,experiment,FIFO,0.28,0,variant_5
8486,MOULDING_3,MOULDING_MACHINE_3,29952.63636653488,25.241898041709646,1,0.0,0.0,40.02853385904018,17,29952.63636653488,29992.66490039392,experiment,FIFO,0.28,0,variant_6
8486,ASSEMBLY_1_5,LINE_5_ASSEMBLY1,29953.19186801496,0.5555014800811477,2,0.5555014800811477,0.5555014800811477,39.47303237895903,17,29952.63636653488,29992.66490039392,experiment,FIFO,0.28,0,variant_6
8486,ASSEMBLY_2_2,ASSEMBLY2_LINE_2,29968.86251145985,7.1602530078962445,3,15.67064344488972,16.226144924970868,23.802388934069313,13,29952.63636653488,29992.66490039392,experiment,FIFO,0.28,0,variant_6
8486,SORTING,SORTING_ROBOT_1,29976.98226095921,5.0509175355764455,4,8.119749499357567,24.345894424328435,15.682639434711746,11,29952.63636653488,29992.66490039392,experiment,FIFO,0.28,0,variant_6
8486,PACKAGING_1,PACKAGING_LINE_1,29979.81579724183,2.8335362826219352,5,2.8335362826219352,27.17943070695037,12.84910315208981,10,29952.63636653488,29992.66490039392,experiment,FIFO,0.28,0,variant_6
8486,INSPECTION_2_1,INSPECTION_2_1_LINE,29981.368539426407,1.5527421845763456,6,1.5527421845763456,28.732172891526716,11.296360967513465,8,29952.63636653488,29992.66490039392,experiment,FIFO,0.28,0,variant_6
8486,INSPECTION_2_2,INSPECTION_2_2_LINE,29981.566854457484,0.1983150310770725,7,0.1983150310770725,28.93048792260379,11.098045936436392,8,29952.63636653488,29992.66490039392,experiment,FIFO,0.28,0,variant_6
8486,INSPECTION_2_3,INSPECTION_2_3_LINE,29981.570383802875,0.003529345391143579,8,0.003529345391143579,28.934017267994932,11.094516591045249,8,29952.63636653488,29992.66490039392,experiment,FIFO,0.28,0,variant_6
8486,INSPECTION_2_4,INSPECTION_2_4_LINE,29981.958372774003,0.38798897112792474,9,0.38798897112792474,29.322006239122857,10.706527619917324,8,29952.63636653488,29992.66490039392,experiment,FIFO,0.28,0,variant_6
8486,INSPECTION_2_5,INSPECTION_2_5_LINE,29984.311948287843,0.9753562504083675,10,2.353575513840042,31.6755817529629,8.352952106077282,7,29952.63636653488,29992.66490039392,experiment,FIFO,0.28,0,variant_6
8486,INSPECTION_2_6,INSPECTION_2_6_LINE,29989.206748104225,0.9134192931560392,11,4.894799816382147,36.570381569345045,3.4581522896951356,6,29952.63636653488,29992.66490039392,experiment,FIFO,0.28,0,variant_6
8486,INSPECTION_2_7,INSPECTION_2_7_LINE,29992.66490039392,0.1936299478802539,12,3.4581522896951356,40.02853385904018,0.0,3,29952.63636653488,29992.66490039392,experiment,FIFO,0.28,0,variant_6
8488,MOULDING_2,MOULDING_MACHINE_2,29940.625623349668,8.489104829684948,1,0.0,0.0,40.61301079545592,15,29940.625623349668,29981.238634145124,experiment,FIFO,0.28,0,variant_6
8488,ASSEMBLY_1_3,LINE_3_ASSEMBLY1,29944.177218196022,3.551594846354419,2,3.551594846354419,3.551594846354419,37.0614159491015,15,29940.625623349668,29981.238634145124,experiment,FIFO,0.28,0,variant_6
8488,ASSEMBLY_2_1,ASSEMBLY2_LINE_1,29944.819859845706,0.6426416496833554,3,0.6426416496833554,4.1942364960377745,36.418774299418146,15,29940.625623349668,29981.238634145124,experiment,FIFO,0.28,0,variant_6
8488,SORTING,SORTING_ROBOT_1,29954.55313810338,4.087227399169933,4,9.733278257674101,13.927514753711876,26.685496041744045,17,29940.625623349668,29981.238634145124,experiment,FIFO,0.28,0,variant_6
8488,PACKAGING_2,PACKAGING_LINE_2,29963.519117357657,8.965979254277045,5,8.965979254277045,22.89349400798892,17.719516787467,15,29940.625623349668,29981.238634145124,experiment,FIFO,0.28,0,variant_6
8488,INSPECTION_1_1,INSPECTION_1_1_LINE,29965.62239911684,2.1032817591840285,6,2.1032817591840285,24.99677576717295,15.616235028282972,14,29940.625623349668,29981.238634145124,experiment,FIFO,0.28,0,variant_6
8488,INSPECTION_1_2,INSPECTION_1_2_LINE,29966.25103791541,0.6286387985674082,7,0.6286387985674082,25.625414565740357,14.987596229715564,14,29940.625623349668,29981.238634145124,experiment,FIFO,0.28,0,variant_6
8488,INSPECTION_1_3,INSPECTION_1_3_LINE,29967.1336606351,0.882622719691426,8,0.882622719691426,26.508037285431783,14.104973510024138,15,29940.625623349668,29981.238634145124,experiment,FIFO,0.28,0,variant_6
8488,INSPECTION_1_4,INSPECTION_1_4_LINE,29972.00629172451,4.872631089408969,9,4.872631089408969,31.380668374840752,9.232342420615169,12,29940.625623349668,29981.238634145124,experiment,FIFO,0.28,0,variant_6
8488,INSPECTION_1_5,INSPECTION_1_5_LINE,29975.71006558286,3.703773858353088,10,3.703773858353088,35.08444223319384,5.52856856226208,12,29940.625623349668,29981.238634145124,experiment,FIFO,0.28,0,variant_6
8488,INSPECTION_1_6,INSPECTION_1_6_LINE,29980.19660615949,4.486540576628613,11,4.486540576628613,39.57098280982245,1.0420279856334673,9,29940.625623349668,29981.238634145124,experiment,FIFO,0.28,0,variant_6
8488,INSPECTION_1_7,INSPECTION_1_7_LINE,29981.238634145124,1.0420279856334673,12,1.0420279856334673,40.61301079545592,0.0,8,29940.625623349668,29981.238634145124,experiment,FIFO,0.28,0,variant_6
8490,MOULDING_2,MOULDING_MACHINE_2,29942.699920741547,2.0742973918786447,1,0.0,0.0,44.74268507567467,16,29942.699920741547,29987.44260581722,experiment,FIFO,0.28,0,variant_6
8490,ASSEMBLY_1_3,LINE_3_ASSEMBLY1,29952.651648213963,8.474430017940904,2,9.951727472416678,9.951727472416678,34.79095760325799,17,29942.699920741547,29987.44260581722,experiment,FIFO,0.28,0,variant_6
8490,ASSEMBLY_2_1,ASSEMBLY2_LINE_1,29959.302246596857,6.650598382893804,3,6.650598382893804,16.602325855310482,28.14035922036419,16,29942.699920741547,29987.44260581722,experiment,FIFO,0.28,0,variant_6
8490,SORTING,SORTING_ROBOT_1,29971.30719382708,1.3628659565438284,4,12.004947230223479,28.60727308553396,16.13541199014071,13,29942.699920741547,29987.44260581722,experiment,FIFO,0.28,0,variant_6
8490,PACKAGING_1,PACKAGING_LINE_1,29971.927007824423,0.6198139973421348,5,0.6198139973421348,29.227087082876096,15.515597992798575,12,29942.699920741547,29987.44260581722,experiment,FIFO,0.28,0,variant_6
8490,INSPECTION_2_1,INSPECTION_2_1_LINE,29973.339851629,0.6597219278482953,6,1.4128438045772782,30.639930887453374,14.102754188221297,12,29942.699920741547,29987.44260581722,experiment,FIFO,0.28,0,variant_6
8490,INSPECTION_2_2,INSPECTION_2_2_LINE,29977.395919425355,1.4873148693150142,7,4.05606779635491,34.695998683808284,10.046686391866388,11,29942.699920741547,29987.44260581722,experiment,FIFO,0.28,0,variant_6
8490,INSPECTION_2_3,INSPECTION_2_3_LINE,29978.351146657536,0.9552272321816417,8,0.9552272321816417,35.651225915989926,9.091459159684746,11,29942.699920741547,29987.44260581722,experiment,FIFO,0.28,0,variant_6
8490,INSPECTION_2_4,INSPECTION_2_4_LINE,29979.623183365456,1.2720367079200514,9,1.2720367079200514,36.92326262390998,7.819422451764694,10,29942.699920741547,29987.44260581722,experiment,FIFO,0.28,0,variant_6
8490,INSPECTION_2_5,INSPECTION_2_5_LINE,29983.037066462384,3.413883096927748,10,3.413883096927748,40.337145720837725,4.405539354836947,8,29942.699920741547,29987.44260581722,experiment,FIFO,0.28,0,variant_6
8490,INSPECTION_2_6,INSPECTION_2_6_LINE,29986.27468192709,3.237615464706323,11,3.237615464706323,43.57476118554405,1.1679238901306235,7,29942.699920741547,29987.44260581722,experiment,FIFO,0.28,0,variant_6
8490,INSPECTION_2_7,INSPECTION_2_7_LINE,29987.44260581722,1.1679238901306235,12,1.1679238901306235,44.74268507567467,0.0,6,29942.699920741547,29987.44260581722,experiment,FIFO,0.28,0,variant_6
8492,MOULDING_1,MOULDING_MACHINE_1,29948.299765113607,2.4882024014295894,1,0.0,0.0,44.47831406487603,16,29948.299765113607,29992.778079178483,experiment,FIFO,0.28,0,variant_1
8492,ASSEMBLY_1_1,LINE_1_ASSEMBLY1,29952.86434527976,4.564580166152155,2,4.564580166152155,4.564580166152155,39.913733898723876,17,29948.299765113607,29992.778079178483,experiment,FIFO,0.28,0,variant_1
8492,ASSEMBLY_2_1,ASSEMBLY2_LINE_1,29968.926128698746,9.62388210188874,3,16.061783418987034,20.626363585139188,23.851950479736843,13,29948.299765113607,29992.778079178483,experiment,FIFO,0.28,0,variant_1
8492,SORTING,SORTING_ROBOT_1,29981.729836099832,4.747575140623667,4,12.803707401086285,33.43007098622547,11.048243078650557,8,29948.299765113607,29992.778079178483,experiment,FIFO,0.28,0,variant_1
8492,PACKAGING_1,PACKAGING_LINE_1,29982.90537318663,1.1755370867977035,5,1.1755370867977035,34.60560807302318,9.872705991852854,8,29948.299765113607,29992.778079178483,experiment,FIFO,0.28,0,variant_1
8492,INSPECTION_1_1,INSPECTION_1_1_LINE,29983.55127985027,0.6459066636416537,6,0.6459066636416537,35.25151473666483,9.2267993282112,8,29948.299765113607,29992.778079178483,experiment,FIFO,0.28,0,variant_1
8492,INSPECTION_1_2,INSPECTION_1_2_LINE,29984.864890279205,1.3136104289333161,7,1.3136104289333161,36.56512516559815,7.913188899277884,7,29948.299765113607,29992.778079178483,experiment,FIFO,0.28,0,variant_1
8492,INSPECTION_1_3,INSPECTION_1_3_LINE,29985.15619195244,0.2913016732345568,8,0.2913016732345568,36.856426838832704,7.621887226043327,7,29948.299765113607,29992.778079178483,experiment,FIFO,0.28,0,variant_1
8492,INSPECTION_1_4,INSPECTION_1_4_LINE,29986.5858711402,1.4296791877604846,9,1.4296791877604846,38.28610602659319,6.192208038282843,7,29948.299765113607,29992.778079178483,experiment,FIFO,0.28,0,variant_1
8492,INSPECTION_1_5,INSPECTION_1_5_LINE,29986.914504596945,0.3286334567455924,10,0.3286334567455924,38.61473948333878,5.86357458153725,7,29948.299765113607,29992.778079178483,experiment,FIFO,0.28,0,variant_1
8492,INSPECTION_1_6,INSPECTION_1_6_LINE,29989.431769820745,0.5680779271351639,11,2.517265223799768,41.13200470713855,3.346309357737482,6,29948.299765113607,29992.778079178483,experiment,FIFO,0.28,0,variant_1
8492,INSPECTION_1_7,INSPECTION_1_7_LINE,29992.778079178483,2.2928669215798436,12,3.346309357737482,44.47831406487603,0.0,2,29948.299765113607,29992.778079178483,experiment,FIFO,0.28,0,variant_1
8494,MOULDING_2,MOULDING_MACHINE_2,29967.11536142752,0.09725283188890899,1,0.0,0.0,28.86559190880871,15,29967.11536142752,29995.98095333633,experiment,FIFO,0.28,0,variant_3
8494,ASSEMBLY_1_5,LINE_5_ASSEMBLY1,29976.684023597845,2.936061663880537,2,9.568662170324387,9.568662170324387,19.296929738484323,12,29967.11536142752,29995.98095333633,experiment,FIFO,0.28,0,variant_3
8494,ASSEMBLY_2_2,ASSEMBLY2_LINE_2,29977.033429317125,0.3494057192801847,3,0.3494057192801847,9.918067889604572,18.94752401920414,11,29967.11536142752,29995.98095333633,experiment,FIFO,0.28,0,variant_3
8494,SORTING,SORTING_ROBOT_1,29985.349839090984,0.3279691116367758,4,8.31640977385905,18.234477663463622,10.631114245345088,7,29967.11536142752,29995.98095333633,experiment,FIFO,0.28,0,variant_3
8494,PACKAGING_3,PACKAGING_LINE_3,29989.453719349043,4.10388025805878,5,4.10388025805878,22.3383579215224,6.5272339872863085,6,29967.11536142752,29995.98095333633,experiment,FIFO,0.28,0,variant_3
8494,INSPECTION_1_1,INSPECTION_1_1_LINE,29989.46750850143,0.013789152388199,6,0.013789152388199,22.3521470739106,6.5134448348981095,6,29967.11536142752,29995.98095333633,experiment,FIFO,0.28,0,variant_3
8494,INSPECTION_1_2,INSPECTION_1_2_LINE,29989.91205030727,0.44454180583852576,7,0.44454180583852576,22.796688879749126,6.068903029059584,6,29967.11536142752,29995.98095333633,experiment,FIFO,0.28,0,variant_3
8494,INSPECTION_1_3,INSPECTION_1_3_LINE,29990.09808917634,0.1860388690693071,8,0.1860388690693071,22.982727748818434,5.882864159990277,6,29967.11536142752,29995.98095333633,experiment,FIFO,0.28,0,variant_3
8494,INSPECTION_1_4,INSPECTION_1_4_LINE,29990.571111361365,0.4730221850259113,9,0.4730221850259113,23.455749933844345,5.409841974964365,5,29967.11536142752,29995.98095333633,experiment,FIFO,0.28,0,variant_3
8494,INSPECTION_1_5,INSPECTION_1_5_LINE,29994.068087592168,3.4969762308028294,10,3.4969762308028294,26.952726164647174,1.912865744161536,2,29967.11536142752,29995.98095333633,experiment,FIFO,0.28,0,variant_3
8494,INSPECTION_1_6,INSPECTION_1_6_LINE,29995.75508505281,1.686997460641578,11,1.686997460641578,28.639723625288752,0.2258682835199579,2,29967.11536142752,29995.98095333633,experiment,FIFO,0.28,0,variant_3
8494,INSPECTION_1_7,INSPECTION_1_7_LINE,29995.98095333633,0.2258682835199579,12,0.2258682835199579,28.86559190880871,0.0,1,29967.11536142752,29995.98095333633,experiment,FIFO,0.28,0,variant_3
